61041        -7.2        7.0
61042        -6.5        7.0
61043        -6.3        7.0
61044        -6.8        7.0
61045        -6.7        7.0
61046        -4.7        7.0
61047        -4.5        7.0
61048        -3.5        7.0
61049        -2.4        7.0
61050        -2.4        7.0
61051        -2.3        7.0
61052        -5.1        7.0
61053        -1.7        7.0
61054        -0.3        7.0
61055         2.1        7.0
61056         1.8        7.0
61057         2.4        7.0
61058         3.1        7.0
61059         2.5        7.0
61060         2.6        7.0
61061         0.8        7.0
61062         1.2        7.0
61063         1.6        7.0
61064         0.2        7.0
61065         0.6        7.0
61066         0.3        7.0
61067        -1.0        7.0
61068         4.8        7.0
61069         0.0        7.0
61070        -1.5        7.0
