61041        -0.5        5.0
61042         2.0        5.0
61043        -1.0        5.0
61044        -0.6        5.0
61045         0.3        5.0
61046        -1.1        5.0
61047        -1.7        5.0
61048        -0.3        5.0
61049        -1.1        5.0
61050        -1.7        5.0
61051        -2.2        5.0
61052        -2.0        5.0
61053        -1.3        5.0
61054        -0.4        5.0
61055        -0.4        5.0
61056        -0.8        5.0
61057         0.0        5.0
61058         2.9        5.0
61059        -1.4        5.0
61060         0.0        5.0
61061         2.7        5.0
61062         0.4        5.0
61063         0.5        5.0
61064         1.2        5.0
61065         0.6        5.0
61066         0.6        5.0
61067         2.0        5.0
61068         3.0        5.0
61069         1.6        5.0
61070         2.6        5.0
61071         3.2        5.0
