CGGTTS     GENERIC DATA FORMAT VERSION = 2E
REV DATE = 2026-01-01                    
RCVR = POLARX5-TR                    R2CGGTTS v8.8    
CH = 99 
IMS = POLARX5-TR                    
LAB = PTB                           
X = +3844059.67 m 
Y =  +709661.67 m 
Z = +5023129.80 m 
FRAME = ITRF
COMMENTS = TGD applied
INT DLY =   33.0 ns (BDS B1C),   32.5 ns (BDS B2a)
CAB DLY =  205.7 ns 
REF DLY =   56.2 ns
REF = UTC(PTB)                      
CKSUM = A4

SAT CL  MJD  STTIME TRKL ELV AZTH   REFSV      SRSV     REFSYS    SRSYS  DSG IOE MDTR SMDT MDIO SMDI MSIO SMSI ISG FR HC FRC CK
             hhmmss  s  .1dg .1dg    .1ns     .1ps/s     .1ns    .1ps/s .1ns     .1ns.1ps/s.1ns.1ps/s.1ns.1ps/s.1ns
C21 FF 61057 000600  780 451  657    +8899853    -61           1     -7   22   0  114  +13   93   +4   93    4  13  0  0 L3B 95
C28 FF 61057 000600  780 271 3119    -4722919    +11          -7    +56   21   0  177  -28   86  -43   86  -43  13  0  0 L3B 01
C33 FF 61057 000600  780 237 2480    +9520075    -14           6    +47   26   0  200  -47  128  -49  128  -49  14  0  0 L3B 0E
C34 FF 61057 000600  780 194 1806    -8644269    -84         -34     -6   16   0  241  +79  164  +15  164   15  10  0  0 L3B 17
C39 FF 61057 000600  780 275  461     +181416    +14          -8     +9   20   0  174   +2   75  -12   75  -12  13  0  0 L3B 9D
C42 FF 61057 000600  780 807 2536    +9173346    -42          -3     +1   15   0   82   -2   88   -5   88   -5   8  0  0 L3B 93
C43 FF 61057 000600  780 508 2386    -1298491     -8         -22     +0   18   0  104   +6  109   -2  109   -2  11  0  0 L3B C2
C45 FF 61057 000600  780 152  754    +6492670   +269           4    +85   61   0  305  -62  103  -63  103  -63  36  0  0 L3B 0F
C21 FF 61057 002200  780 390  681    +8899804    -64           3    -10   20   0  128  +17   91   +0   91    0  12  0  0 L3B 97
C28 FF 61057 002200  780 313 3073    -4722962    -90          -6    -45   18   0  156  -18   86  +32   86   32  10  0  0 L3B ED
C33 FF 61057 002200  780 295 2521    +9520017    -83           7    -22   21   0  164  -30  116   +8  116    8  13  0  0 L3B C6
C34 FF 61057 002200  780 130 1801    -8644326    -54         -16    +25   17   0  353 +168  159  -15  159  -15  10  0  0 L3B 37
C39 FF 61057 002200  780 271  440     +181413    +20         -15    +15   21   0  176   +4   78  -11   78  -11  13  0  0 L3B B2
C42 FF 61057 002200  780 866 2907    +9173309    -51           2     -8   16   0   81   +0   83   +4   83    4   9  0  0 L3B 74
C43 FF 61057 002200  780 462 2306    -1298492     -6         -15     +2   20   0  112  +10  110   +7  110    7  12  0  0 L3B A9
C45 FF 61057 002200  780 180  696    +6492855   +151          12    -33   29   0  260  -34   86  +10   86   10  17  0  0 L3B EF
C21 FF 61057 003800  780 331  709    +8899748    -50          -1     +4   24   0  148  +24   97   +0   97    0  14  0  0 L3B AA
C26 FF 61057 003800  780 133 1203    +5826844    +74         -17    +18   64   0  349 -136  150  -15  150  -15  38  0  0 L3B 3F
C28 FF 61057 003800  780 346 3014    -4723006     -3          -7    +41   27   0  142  -11   87  -25   87  -25  16  0  0 L3B DF
C33 FF 61057 003800  780 353 2564    +9519952    -48           1    +13   19   0  140  -21  109  -13  109  -13  12  0  0 L3B 03
C39 FF 61057 003800  780 263  421     +181443    +22          10    +17   17   0  181   +6   64  -14   64  -14   9  0  0 L3B A2
C42 FF 61057 003800  780 849  353    +9173265    -55          -1    -12   15   0   81   +1   85   +9   85    9   8  0  0 L3B 8E
C43 FF 61057 003800  780 409 2244    -1298498    -19         -13    -10   13   0  123  +14  118  +16  118   16   7  0  0 L3B 07
C45 FF 61057 003800  780 199  635    +6493026   +142           6    -43   32   0  236  -17   84  +22   84   22  19  0  0 L3B E6
C21 FF 61057 005400  780 273  741    +8899707    -12          10    +41   19   0  175  +34   94  -28   94  -28  11  0  0 L3B F5
C26 FF 61057 005400  780 184 1161    +5826905    +47          -9     -9   23   0  255  -70  143   +2  143    2  14  0  0 L3B D2
C28 FF 61057 005400  780 370 2944    -4723043    -56          -1    -11   18   0  134   -6   85   +7   85    7  10  0  0 L3B B3
C33 FF 61057 005400  780 412 2610    +9519894    -71           1     -9   16   0  123  -15  105   +0  105    0   9  0  0 L3B A5
C39 FF 61057 005400  780 252  404     +181457    -31          19    -36   16   0  189   +9   63  +33   63   33  10  0  0 L3B B5
C42 FF 61057 005400  780 787  564    +9173212    -52         -13     -9   13   0   82   +2   92   +3   92    3   8  0  0 L3B 7F
C43 FF 61057 005400  780 350 2196    -1298497    +13          -5    +21   20   0  140  +22  121   -8  121   -8  12  0  0 L3B DB
C45 FF 61057 005400  780 208  571    +6493205   +178           7     -7   26   0  225   -5   81   +2   81    2  16  0  0 L3B 94
C21 FF 61057 011000  780 217  775    +8899665    -11           7    +42   22   1  216  +53   96  -13   96  -13  14  0  0 L3B DF
C26 FF 61057 011000  780 234 1115    +5826949    +32         -20    -24   28   1  203  -41  144   +0  144    0  16  0  0 L3B DB
C27 FF 61057 011000  780 143 3252    -5829727    -14          -2    +34   25   1  323  -94  102  -26  102  -26  15  0  0 L3B 09
C28 FF 61057 011000  780 381 2866    -4723095    +26         -11    +71   21   1  131   -1   93  -41   93  -41  12  0  0 L3B E6
C33 FF 61057 011000  780 471 2658    +9519831    -69          -4     -7   17   1  110  -11  102   +2  102    2   9  0  0 L3B B3
C39 FF 61057 011000  780 238  391     +181451    -29           7    -35   21   1  199  +12   71  +18   71   18  13  0  0 L3B B3
C42 FF 61057 011000  780 724  653    +9173174    -99          -9    -56   17   1   85   +3   89  +35   89   35  10  0  0 L3B CF
C43 FF 61057 011000  780 289 2158    -1298506    -23          -4    -15   20   1  166  +33  132  +20  132   20  12  0  0 L3B EF
C45 FF 61057 011000  780 208  508    +6493383   +194           4     +9   32   1  226   +6   83   -4   83   -4  19  0  0 L3B A7
C21 FF 61057 012600  780 163  811    +8899605    -15          -2    +38   24   1  284  +91  113  -16  113  -16  15  0  0 L3B 04
C26 FF 61057 012600  780 280 1061    +5826993    +74         -30    +18   21   1  172  -25  137  -19  137  -19  13  0  0 L3B 2E
C27 FF 61057 012600  780 183 3211    -5829779    -66          -8    -18   27   1  256  -50  100   -2  100   -2  16  0  0 L3B F7
C28 FF 61057 012600  780 378 2785    -4723150     +1         -24    +45   24   1  132   +3  103  -31  103  -31  14  0  0 L3B ED
C33 FF 61057 012600  780 531 2709    +9519780    -77           5    -16   30   1  101   -8   94   +3   94    3  17  0  0 L3B B0
C39 FF 61057 012600  780 222  381     +181444    +11          -5     +6   29   1  212  +16   79   -1   79   -1  17  0  0 L3B 91
C42 FF 61057 012600  780 661  718    +9173129   -111         -13    -68   23   1   88   +4   92  +41   92   41  13  0  0 L3B D9
C43 FF 61057 012600  780 228 2128    -1298517    -43          -8    -35   23   1  207  +54  145  +36  145   36  14  0  0 L3B 10
C45 FF 61057 012600  780 197  447    +6493555   +158          -2    -27   36   1  238  +19   91  +31   91   31  21  0  0 L3B F8
C21 FF 61057 014200  780 110  847    +8899541    -71         -15    -18   34   1  411 +188  132  +20  132   20  19  0  0 L3B 15
C24 FF 61057 014200  780 144 1467      +57879   +289          16     -2   25   1  323 -131  159  -17  159  -17  15  0  0 L3B 1D
C26 FF 61057 014200  780 320  999    +5827044    +59         -32     +3   21   1  152  -16  128  -13  128  -13  12  0  0 L3B FE
C27 FF 61057 014200  780 215 3162    -5829831    -53         -14     -5   24   1  220  -28   92  +12   92   12  13  0  0 L3B DD
C28 FF 61057 014200  780 362 2705    -4723182    -54         -13     -9   23   1  136   +7   99  +10   99   10  14  0  0 L3B D9
C33 FF 61057 014200  780 592 2765    +9519709    -69          -8     -7   21   1   94   -6   98   +1   98    1  11  0  0 L3B B0
C39 FF 61057 014200  780 204  374     +181471    +28          16    +23   12   1  230  +21   68  -11   68  -11   7  0  0 L3B AE
C41 FF 61057 014200  780 107 2688    +9453872    +36           7    +53   41   1  430 -207  136  -47  136  -47  26  0  0 L3B 2C
C42 FF 61057 014200  780 600  774    +9173087    -69         -14    -26   19   1   93   +6   92  +12   92   12  11  0  0 L3B C9
C43 FF 61057 014200  780 167 2101    -1298510    -14           8     -6   23   1  277  +98  146  +15  146   15  16  0  0 L3B EC
C45 FF 61057 014200  780 176  392    +6493733   +174          -1    -12   15   1  264  +37  102  +27  102   27  10  0  0 L3B FD
C24 FF 61057 015800  780 203 1438      +58146   +263           5    -28   24   1  232  -67  146   -1  146   -1  14  0  0 L3B CF
C26 FF 61057 015800  780 351  929    +5827121    +90          -9    +33   19   1  140  -10  105  -28  105  -28  12  0  0 L3B 00
C27 FF 61057 015800  780 238 3105    -5829884    -68         -21    -20   22   1  199  -15   92   +5   92    5  14  0  0 L3B ED
C28 FF 61057 015800  780 335 2632    -4723232    -78         -20    -33   25   1  146  +13  108  +20  108   20  14  0  0 L3B 0C
C33 FF 61057 015800  780 653 2827    +9519652    -38          -6    +23   17   1   89   -5   95  -12   95  -12   9  0  0 L3B E3
C39 FF 61057 015800  780 184  371     +181449    +32         -10    +27   34   1  253  +27   95   -6   95   -6  20  0  0 L3B C6
C41 FF 61057 015800  780 159 2726    +9453881    -16          32     +1   26   1  293  -97  109   -9  109   -9  17  0  0 L3B 07
C42 FF 61057 015800  780 539  825    +9173057    -76          -2    -33   16   1  100   +8   86  +19   86   19   9  0  0 L3B CD
C43 FF 61057 015800  780 108 2076    -1298532    -23          -6    -15   29   1  421 +221  164   +4  164    4  19  0  0 L3B F8
C45 FF 61057 015800  780 146  342    +6493883   +147         -29    -38   46   1  315  +70  135  +28  135   28  27  0  0 L3B 38
C24 FF 61057 021400  780 263 1406      +58435   +303           8    +11   21   2  182  -40  127  -19  127  -19  12  0  0 L3B E5
C26 FF 61057 021400  780 372  852    +5827166    +69         -32    +12   19   2  133   -5   98  -16   98  -16  11  0  0 L3B F5
C27 FF 61057 021400  780 251 3041    -5829935    -60         -21    -12   30   2  189   -6   90   +1   90    1  18  0  0 L3B BD
C28 FF 61057 021400  780 298 2567    -4723284    -17         -31    +28   20   2  162  +21  120   -6  120   -6  12  0  0 L3B FA
C33 FF 61057 021400  780 714 2902    +9519607    -47          -3    +13   17   2   85   -3   86  -10   86  -10  10  0  0 L3B CF
C39 FF 61057 021400  780 163  371     +181456    -44         -10    -50   22   2  283  +36   99  +41   99   41  14  0  0 L3B D8
C41 FF 61057 021400  780 213 2764    +9453848     +5          13    +22   28   2  222  -56  103  -27  103  -27  17  0  0 L3B 04
C42 FF 61057 021400  780 479  873    +9173017    -78           0    -35   24   2  109  +10   86  +21   86   21  14  0  0 L3B CD
C45 FF 61057 021400  780 110  301    +6494076   +253         -18    +68   28   2  413 +145  131  -23  131  -23  17  0  0 L3B 2A
C24 FF 61057 023000  780 323 1368      +58711   +331           4    +40   19   2  151  -25  123  -29  123  -29  12  0  0 L3B E3
C26 FF 61057 023000  780 380  771    +5827232    +75         -20    +18   23   2  131   +0   82  -16   82  -16  13  0  0 L3B D2
C27 FF 61057 023000  780 254 2975    -5829963    -77          -2    -28   32   2  188   +2   77  +17   77   17  20  0  0 L3B F8
C28 FF 61057 023000  780 254 2510    -4723323    -72         -28    -28   21   2  187  +33  129  +30  129   30  11  0  0 L3B 0E
C33 FF 61057 023000  780 776 3009    +9519550    -75          -2    -15   14   2   83   -2   84   +6   84    6   8  0  0 L3B 9D
C39 FF 61057 023000  780 142  374     +181440   -120         -30   -126   30   2  324  +50  115  +69  115   69  17  0  0 L3B 08
C41 FF 61057 023000  780 268 2801    +9453820     -1           0    +16   24   2  179  -36  103  -21  103  -21  14  0  0 L3B DD
C42 FF 61057 023000  780 420  920    +9172967    -63          -8    -20   24   2  120  +14   93  +13   93   13  14  0  0 L3B C7
C24 FF 61057 024600  780 380 1320      +58983   +276          -4    -15   22   2  131  -17  122   -3  122   -3  13  0  0 L3B CD
C26 FF 61057 024600  780 374  691    +5827273    +94         -35    +37   22   2  133   +4   88  -21   88  -21  12  0  0 L3B F2
C27 FF 61057 024600  780 245 2907    -5830016    -30          -9    +18   23   2  194  +11   83   -5   83   -5  14  0  0 L3B D3
C28 FF 61057 024600  780 205 2461    -4723375    -50         -37     -5   26   2  228  +54  145  +11  145   11  15  0  0 L3B 06
C33 FF 61057 024600  780 833 3235    +9519490    -36          -4    +24   15   2   81   -1   83  -17   83  -17   8  0  0 L3B CE
C39 FF 61057 024600  780 119  381     +181443    -16         -32    -21   21   2  381  +70  120  +25  120   25  12  0  0 L3B DC
C41 FF 61057 024600  780 325 2836    +9453808     +0           5    +17   20   2  151  -25   94  -20   94  -20  12  0  0 L3B CD
C42 FF 61057 024600  780 362  965    +9172935    -33           1    +10   17   2  136  +19   92   +4   92    4  11  0  0 L3B A6
C24 FF 61057 030200  780 433 1260      +59267   +298         -11     +5   19   3  118  -11  106  -15  106  -15  11  0  0 L3B F1
C25 FF 61057 030200  780 101 1789    -9649098   +105         -11     +9   26   3  458 -277  166   +5  166    5  17  0  0 L3B 27
C26 FF 61057 030200  780 356  617    +5827325    +87         -32    +31   34   3  138   +8   90  -14   90  -14  19  0  0 L3B EA
C27 FF 61057 030200  780 226 2842    -5830072    -59         -10    -10   28   3  209  +21   91  +25   91   25  17  0  0 L3B F2
C28 FF 61057 030200  780 154 2417    -4723426    -64         -40    -19   34   3  300  +99  164  +27  164   27  19  0  0 L3B 28
C33 FF 61057 030200  780 857  363    +9519444    -70          16     -9   18   3   81   +0   76   +7   76    7  10  0  0 L3B 91
C41 FF 61057 030200  780 383 2870    +9453777    -50         -15    -34   23   3  130  -18   92  +14   92   14  13  0  0 L3B FA
C42 FF 61057 030200  780 305 1009    +9172896    +18          11    +62   19   3  158  +27   98  -30   98  -30  11  0  0 L3B 00
C24 FF 61057 031800  780 478 1185      +59540   +245         -19    -48   14   3  109   -7   98  +12   98   12   8  0  0 L3B DF
C25 FF 61057 031800  780 164 1782    -9649013    +98         -18     +1   19   3  286 -112  168  -15  168  -15  12  0  0 L3B 42
C26 FF 61057 031800  780 326  554    +5827379    -26         -32    -83   23   3  149  +15   94  +58   94   58  13  0  0 L3B 0C
C27 FF 61057 031800  780 198 2782    -5830106    -43           3     +6   23   3  236  +37   91   +9   91    9  14  0  0 L3B B6
C30 FF 61057 031800  780 105 3313    -3664362    -77           1     +5   32   3  430  -61  113   +0  113    0  19  0  0 L3B AA
C33 FF 61057 031800  780 812  865    +9519379    -55           9     +6   15   3   82   +1   80   -3   80   -3   9  0  0 L3B 81
C41 FF 61057 031800  780 443 2901    +9453780    -19           3     -3   20   3  116  -13   78   +4   78    4  12  0  0 L3B A5
C42 FF 61057 031800  780 249 1051    +9172864    -12          21    +32   23   3  191  +41  101  -11  101  -11  14  0  0 L3B F7
C24 FF 61057 033400  780 512 1091      +59806   +290         -34     -3   17   3  104   -4   98   -3   98   -3  10  0  0 L3B AA
C25 FF 61057 033400  780 229 1776    -9648921   +100         -19     +3   18   3  208  -59  147  -27  147  -27  11  0  0 L3B 41
C26 FF 61057 033400  780 287  503    +5827442    +51         -24     -6   25   3  167  +23   95   +7   95    7  15  0  0 L3B C2
C27 FF 61057 033400  780 163 2726    -5830142     -7          14    +42   24   3  285  +65  102  -17  102  -17  13  0  0 L3B 00
C30 FF 61057 033400  780 116 3257    -3664456    -94         -15    -13   30   3  392  -21  119   +1  119    1  20  0  0 L3B EE
C33 FF 61057 033400  780 751 1025    +9519323   -104          12    -43   16   3   84   +3   77  +23   77   23   9  0  0 L3B C9
C41 FF 61057 033400  780 505 2927    +9453752    -15          -9     +2   16   3  105  -10   83   +1   83    1   9  0  0 L3B 9D
C42 FF 61057 033400  780 193 1091    +9172829    -70          28    -26   28   3  242  +68  106  +32  106   32  18  0  0 L3B 18
C24 FF 61057 035000  780 530  984      +60099   +294         -21     +2   21   3  101   -1   88   -5   88   -5  12  0  0 L3B 94
C25 FF 61057 035000  780 296 1769    -9648819   +100         -11     +4   14   3  164  -36  129  -12  129  -12   9  0  0 L3B 27
C26 FF 61057 035000  780 242  463    +5827507    +74         -13    +18   21   3  196  +37   94  -13   94  -13  13  0  0 L3B FA
C27 FF 61057 035000  780 122 2675    -5830192    -64          11    -15   23   3  373 +127  120  +24  120   24  15  0  0 L3B 0E
C30 FF 61057 035000  780 117 3200    -3664554    -92         -35    -11   32   3  387  +10  126   +0  126    0  18  0  0 L3B E1
C33 FF 61057 035000  780 686 1112    +9519273    -72          20    -11   14   3   87   +4   75  +13   75   13   8  0  0 L3B B8
C41 FF 61057 035000  780 568 2947    +9453728    -21         -17     -5   15   3   97   -7   87   -1   87   -1   8  0  0 L3B BF
C42 FF 61057 035000  780 138 1130    +9172782    -89          23    -45   38   3  333 +130  123  +44  123   44  25  0  0 L3B 1D
C24 FF 61057 040600  780 530  873      +60382   +283         -19     -9   19   4  101   +1   83   +4   83    4  11  0  0 L3B 86
C25 FF 61057 040600  780 365 1760    -9648732    +89         -14     -7   19   4  136  -23  124   -4  124   -4  11  0  0 L3B 01
C26 FF 61057 040600  780 192  435    +5827548    +73         -27    +17   28   4  243  +64  107   -6  107   -6  17  0  0 L3B 06
C30 FF 61057 040600  780 110 3143    -3664634    -19         -36    +62   34   4  413  +45  127  -40  127  -40  20  0  0 L3B 18
C33 FF 61057 040600  780 620 1176    +9519207    -68           7     -8   23   4   91   +6   82  +11   82   11  13  0  0 L3B A7
C41 FF 61057 040600  780 633 2955    +9453716    -33          -8    -16   16   4   90   -5   84   +7   84    7   9  0  0 L3B AC
C24 FF 61057 042200  780 512  771      +60662   +334         -20    +41   20   4  104   +4   83  -24   83  -24  11  0  0 L3B B2
C25 FF 61057 042200  780 435 1747    -9648636   +101         -10     +5   24   4  118  -16  115   -4  115   -4  15  0  0 L3B 00
C26 FF 61057 042200  780 139  416    +5827617    +86         -11    +30   28   4  330 +125   99  -19   99  -19  16  0  0 L3B 1F
C32 FF 61057 042200  780 142 2991    +9618263    -68          15    -13   27   4  328 -130   91   -3   91   -3  18  0  0 L3B F3
C33 FF 61057 042200  780 554 1228    +9519137    -32          -7    +28   21   4   98   +8   92  -13   92  -13  11  0  0 L3B D9
C41 FF 61057 042200  780 699 2942    +9453702     -2          -6    +15   14   4   86   -4   82  -12   82  -12   8  0  0 L3B B8
C24 FF 61057 043800  780 480  686      +60943   +305         -19    +13   22   4  109   +7   83   -7   83   -7  12  0  0 L3B B6
C25 FF 61057 043800  780 504 1725    -9648547    +59         -14    -38   18   4  105  -11  110  +11  110   11  11  0  0 L3B 12
C32 FF 61057 043800  780 199 3012    +9618214    -31          19    +25   22   4  237  -68   82  -30   82  -30  13  0  0 L3B FD
C33 FF 61057 043800  780 488 1273    +9519093    -14           8    +46   17   4  107  +11   88  -22   88  -22   9  0  0 L3B F2
C41 FF 61057 043800  780 763 2876    +9453684    -29          -8    -12   12   4   83   -2   82   +5   82    5   7  0  0 L3B AD
C23 FF 61057 050600  780 199 2038    +5076006    -80         -13     -9   25   5  237  -76  140  -11  140  -11  15  0  0 L3B 11
C24 FF 61057 050600  780 399  588      +61447   +295           2     +3   19   5  126  +14   77   +0   77    0  11  0  0 L3B 8A
C25 FF 61057 050600  780 622 1644    -9648381    +80         -14    -17   16   5   91   -6   94   +0   94    0   9  0  0 L3B B2
C32 FF 61057 050600  780 302 3035    +9618105    -64          14     -8   22   5  160  -30   81   +5   81    5  13  0  0 L3B A7
C33 FF 61057 050600  780 373 1341    +9519008    -42          20    +18   21   5  133  +21   92   -4   92   -4  12  0  0 L3B C5
C41 FF 61057 050600  780 831 2263    +9453660    -10           9     +8   10   5   81   +0   82   -1   82   -1   6  0  0 L3B 71
C23 FF 61057 052200  780 265 2052    +5075938    -93         -13    -22   26   5  181  -44  135   +1  135    1  17  0  0 L3B F4
C24 FF 61057 052200  780 345  556      +61711   +278         -13    -13   23   5  142  +21   88   +9   88    9  13  0  0 L3B B6
C25 FF 61057 052200  780 680 1546    -9648294   +111         -21    +15   15   5   87   -3   94  -13   94  -13   8  0  0 L3B F4
C32 FF 61057 052200  780 363 3038    +9618059    -85          22    -29   21   5  136  -21   75  +17   75   17  13  0  0 L3B FA
C33 FF 61057 052200  780 308 1374    +9518950    -24          19    +35   25   5  157  +31  104  -10  104  -10  14  0  0 L3B 0E
C40 FF 61057 052200  780 104  681    +2003223    +37           9     +7   25   5  434 -122   96   -5   96   -5  15  0  0 L3B AB
C41 FF 61057 052200  780 792 1862    +9453627    -28          -8    -10   14   5   82   +2   93   +2   93    2   8  0  0 L3B 9C
C23 FF 61057 053800  780 331 2069    +5075883    -76           0     -5   15   5  148  -28  115   -5  115   -5   9  0  0 L3B D4
C24 FF 61057 053800  780 288  538      +61990   +311         -15    +19   19   5  167  +31   93   -3   93   -3  11  0  0 L3B CC
C25 FF 61057 053800  780 723 1380    -9648197    +78         -16    -19   15   5   85   -2   88   +9   88    9   8  0  0 L3B DB
C32 FF 61057 053800  780 425 3030    +9618004    -60          21     -4   20   5  120  -15   73   -2   73   -2  11  0  0 L3B A7
C33 FF 61057 053800  780 244 1404    +9518881    -95           8    -36   22   5  195  +49  120  +31  120   31  13  0  0 L3B 04
C40 FF 61057 053800  780 134  667    +2003242    +67          -1    +37   26   5  344  -72  103  -19  103  -19  17  0  0 L3B 00
C41 FF 61057 053800  780 727 1730    +9453617    -40           0    -22   16   5   85   +3   90  +17   90   17  10  0  0 L3B B7
C23 FF 61057 055400  780 399 2086    +5075814    -77          -1     -7   23   5  126  -19  111   -2  111   -2  13  0  0 L3B E2
C24 FF 61057 055400  780 231  530      +62278   +294          -7     +3   19   5  204  +49   95   +5   95    5  11  0  0 L3B 94
C25 FF 61057 055400  780 737 1148    -9648119   +117         -31    +20   22   5   84   +0   94  -13   94  -13  13  0  0 L3B FB
C32 FF 61057 055400  780 485 3007    +9617942    -39          12    +17   15   5  108  -10   79   -9   79   -9   9  0  0 L3B E7
C33 FF 61057 055400  780 180 1431    +9518826    -23          10    +37   25   5  258  +88  136   +0  136    0  15  0  0 L3B ED
C40 FF 61057 055400  780 161  651    +2003275    +14           3    -17   26   5  288  -46   99   +7   99    7  15  0  0 L3B B7
C41 FF 61057 055400  780 656 1687    +9453599    -18          -1     -1   16   5   89   +5   94   +4   94    4   9  0  0 L3B A8
C23 FF 61057 061000  780 468 2105    +5075743   -131          -9    -61   21   6  111  -13  104  +26  104   26  13  0  0 L3B 04
C24 FF 61057 061000  780 174  531      +62553   +322         -10    +30   19   6  268  +86  113   -4  113   -4  13  0  0 L3B CB
C25 FF 61057 061000  780 717  929    -9648010   +117         -30    +19   12   6   85   +2   89   -3   89   -3   7  0  0 L3B C1
C32 FF 61057 061000  780 542 2961    +9617876    -34          -5    +21   19   6  100   -7   87  -13   87  -13  11  0  0 L3B ED
C33 FF 61057 061000  780 118 1455    +9518773    -93          20    -33   65   6  386 +196  167  +72  167   72  36  0  0 L3B 48
C40 FF 61057 061000  780 186  634    +2003295    +37          -6     +7   27   6  251  -32  104   -8  104   -8  16  0  0 L3B C7
C41 FF 61057 061000  780 583 1674    +9453591    -25           7     -7   11   6   95   +8   96  +11   96   11   7  0  0 L3B AB
C23 FF 61057 062600  780 538 2123    +5075678    -76          -7     -5   18   6  100   -9   97   +1   97    1  11  0  0 L3B B3
C24 FF 61057 062600  780 117  539      +62846   +244           3    -48   34   6  390 +183  129  +72  129   72  23  0  0 L3B 00
C25 FF 61057 062600  780 672  788    -9647905    +67         -19    -31   14   6   88   +3   85  +21   85   21   8  0  0 L3B DE
C32 FF 61057 062600  780 593 2885    +9617827    -46          -1    +10   19   6   94   -5   83   -5   83   -5  11  0  0 L3B CC
C40 FF 61057 062600  780 209  615    +2003320    +47          -9    +17   18   6  225  -22  112  -10  112  -10  12  0  0 L3B DF
C41 FF 61057 062600  780 510 1673    +9453578     +0          11    +18   25   6  104  +11  105   -1  105   -1  14  0  0 L3B CD
C20 FF 61057 064200  780 140 3170    +9545529   +150          -8    +48   27   6  332 -136   88  -21   88  -21  17  0  0 L3B 25
C23 FF 61057 064200  780 609 2139    +5075607   -110          -9    -40   19   6   93   -7   99  +28   99   28  11  0  0 L3B F5
C25 FF 61057 064200  780 616  712    -9647821   +108         -29    +10   17   6   92   +5   98   +2   98    2   9  0  0 L3B B9
C32 FF 61057 064200  780 631 2770    +9617781    -25           7    +31   10   6   91   -2   85  -12   85  -12   6  0  0 L3B B9
C37 FF 61057 064200  780 118 2291    +9093310    +45           6     -6   32   6  392 -192  136  +11  136   11  19  0  0 L3B 00
C40 FF 61057 064200  780 228  593    +2003352    +12          -7    -18   24   6  207  -16  115  +20  115   20  15  0  0 L3B DD
C41 FF 61057 064200  780 437 1679    +9453569     +3          19    +21   16   6  117  +16  116   +4  116    4   9  0  0 L3B D6
C20 FF 61057 065800  780 197 3163    +9545618   +118         -16    +16   24   6  239  -68   99  -12   99  -12  15  0  0 L3B 40
C23 FF 61057 065800  780 679 2149    +5075550   -126           1    -55   12   6   87   -5   97  +39   97   39   7  0  0 L3B E8
C25 FF 61057 065800  780 555  676    -9647733    +63         -35    -35   20   6   98   +7  110  +31  110   31  12  0  0 L3B F5
C32 FF 61057 065800  780 648 2617    +9617734    -82          14    -26   20   6   89   +0   90  +25   90   25  11  0  0 L3B DE
C37 FF 61057 065800  780 176 2319    +9093355    +29           2    -23   25   6  266  -88  143  +28  143   28  16  0  0 L3B 21
C40 FF 61057 065800  780 244  571    +2003371    +60         -17    +30   18   6  194  -11  127  -12  127  -12  12  0  0 L3B 02
C41 FF 61057 065800  780 365 1686    +9453540    -27           8     -9   21   6  135  +23  143  +28  143   28  12  0  0 L3B FE
C23 FF 61057 071400  780 749 2142    +5075472   -141         -16    -71   16   7   84   -3  107  +45  107   45   9  0  0 L3B 05
C25 FF 61057 071400  780 493  664    -9647641    +77         -33    -20   17   7  106  +10  123  +27  123   27  10  0  0 L3B 0E
C32 FF 61057 071400  780 640 2455    +9617687    -62          14     -6   18   7   90   +2   97  +16   97   16  11  0  0 L3B D2
C37 FF 61057 071400  780 236 2350    +9093411    +51           4     -1   25   7  202  -50  143   -3  143   -3  15  0  0 L3B C0
C40 FF 61057 071400  780 257  547    +2003413    +43          -7    +13   17   7  185   -8  127   +1  127    1  10  0  0 L3B B1
C41 FF 61057 071400  780 295 1694    +9453528    -19          16     -1   18   7  163  +36  170  +34  170   34  11  0  0 L3B 0B
C20 FF 61057 073000  780 307 3120    +9545817    +53         -17    -49   22   7  158  -25  109  +42  109   42  13  0  0 L3B 1E
C23 FF 61057 073000  780 816 2073    +5075405    -53         -16    +17   15   7   82   -1  115   -2  115   -2   8  0  0 L3B C6
C25 FF 61057 073000  780 431  666    -9647538    +88         -24     -9   18   7  118  +14  129  +24  129   24  10  0  0 L3B 12
C32 FF 61057 073000  780 608 2316    +9617624    -52           4     +3   17   7   93   +4  113   +9  113    9  10  0  0 L3B A1
C37 FF 61057 073000  780 296 2384    +9093466     +9           9    -43   25   7  164  -32  141  +13  141   13  15  0  0 L3B F9
C40 FF 61057 073000  780 266  523    +2003431    +29         -18     -1   16   7  179   -5  144  +11  144   11   9  0  0 L3B C5
C41 FF 61057 073000  780 226 1701    +9453526    -31          32    -13   20   7  209  +61  202  +54  202   54  12  0  0 L3B F6
C20 FF 61057 074600  780 357 3079    +9545932   +116           1    +14   19   7  138  -16  104   -1  104   -1  12  0  0 L3B F5
C23 FF 61057 074600  780 867 1562    +5075358    -66           5     +4   16   7   81   +0  107   +2  107    2   9  0  0 L3B 9E
C25 FF 61057 074600  780 371  678    -9647443   +101         -23     +3   17   7  134  +19  142  +10  142   10  10  0  0 L3B 01
C32 FF 61057 074600  780 559 2215    +9617580    -46          13    +10   18   7   98   +7  121  +12  121   12  10  0  0 L3B E8
C34 FF 61057 074600  780 140  707    -8646458    -63          -3    +16   36   7  330  -67  189  -18  189  -18  22  0  0 L3B 2F
C37 FF 61057 074600  780 356 2420    +9093515    +45           9     -7   26   7  139  -21  132  -12  132  -12  15  0  0 L3B FD
C40 FF 61057 074600  780 272  498    +2003461    +41         -18    +11   16   7  176   -2  148   -6  148   -6   9  0  0 L3B D9
C41 FF 61057 074600  780 159 1707    +9453499    -29          22    -11   25   7  291 +119  266  +97  266   97  15  0  0 L3B 54
C20 FF 61057 080200  780 400 3023    +9546020    +49         -14    -54   25   8  126  -10  118  +40  118   40  15  0  0 L3B 02
C23 FF 61057 080200  780 831  841    +5075275    -82         -27    -14   14   8   81   +1  121   +8  121    8   8  0  0 L3B B0
C25 FF 61057 080200  780 311  696    -9647356    +91         -13     -5   20   8  156  +27  160  +19  160   19  11  0  0 L3B 03
C32 FF 61057 080200  780 499 2144    +9617518    -50           1     +5   20   8  105  +10  139  +16  139   16  12  0  0 L3B E7
C34 FF 61057 080200  780 165  649    -8646540   -104          -5    -24   22   8  282  -36  184   +7  184    7  15  0  0 L3B FE
C37 FF 61057 080200  780 418 2458    +9093570    +41           9    -11   21   8  121  -15  121   -2  121   -2  12  0  0 L3B D5
C40 FF 61057 080200  780 273  475    +2003495    +31          -8     +1   24   8  175   +0  147   -2  147   -2  14  0  0 L3B AF
C20 FF 61057 081800  780 433 2950    +9546102   +103         -30     +1   18   8  118   -6  134   +2  134    2  11  0  0 L3B CF
C23 FF 61057 081800  780 767  743    +5075207    -35         -28    +34   12   8   83   +2  123  -18  123  -18   7  0  0 L3B EF
C25 FF 61057 081800  780 254  720    -9647258    +72          -7    -24   16   8  187  +40  172  +38  172   38  10  0  0 L3B 13
C32 FF 61057 081800  780 434 2096    +9617468    -85           3    -30   19   8  117  +15  154  +35  154   35  11  0  0 L3B 12
C34 FF 61057 081800  780 181  589    -8646618    -82          -7     -2   32   8  257  -17  180   +0  180    0  19  0  0 L3B DF
C37 FF 61057 081800  780 480 2499    +9093609    +65          -1    +13   20   8  109  -11  124  -10  124  -10  12  0  0 L3B 13
C40 FF 61057 081800  780 271  452    +2003530    +39          -2     +9   15   8  176   +2  145   -7  145   -7   9  0  0 L3B AC
C43 FF 61057 081800  780 128 1122    -1298707     -4          20     +4   35   8  360 -137  251  -50  251  -50  22  0  0 L3B 05
C19 FF 61057 083400  780 131 3272    +9638507   +126           8    +87   29   8  352 -134  138  -38  138  -38  18  0  0 L3B 58
C20 FF 61057 083400  780 452 2863    +9546212    +87         -18    -16   22   8  114   -3  132  +17  132   17  12  0  0 L3B 09
C23 FF 61057 083400  780 702  736    +5075145    -54         -24    +15   12   8   86   +4  125   -3  125   -3   7  0  0 L3B BE
C25 FF 61057 083400  780 198  747    -9647165   +108          -7    +11   28   8  237  +64  190  +15  190   15  19  0  0 L3B 2C
C32 FF 61057 083400  780 367 2062    +9617425    -27          13    +28   14   8  135  +22  168   +8  168    8   9  0  0 L3B F3
C34 FF 61057 083400  780 188  527    -8646703    -78         -16     +1   22   8  248   -3  185   -3  185   -3  13  0  0 L3B EC
C37 FF 61057 083400  780 542 2543    +9093662    +44           2     -8   21   8  100   -8  122   +8  122    8  12  0  0 L3B B5
C40 FF 61057 083400  780 265  432    +2003556    +70          -5    +40   14   8  180   +5  151  -17  151  -17   8  0  0 L3B D4
C43 FF 61057 083400  780 177 1078    -1298718    -51          17    -43   32   8  265  -70  219   +8  219    8  19  0  0 L3B 12
C19 FF 61057 085000  780 180 3242    +9638546    +29          10    -10   21   8  261  -66  152  +15  152   15  13  0  0 L3B 0E
C20 FF 61057 085000  780 456 2768    +9546317    +94         -11     -8   23   8  113   +1  135  +22  135   22  13  0  0 L3B F8
C23 FF 61057 085000  780 637  752    +5075062    -50         -41    +19   19   8   90   +5  142   -2  142   -2  11  0  0 L3B C8
C25 FF 61057 085000  780 143  776    -9647091   +104         -25     +8   60   8  321 +118  232  +32  232   32  37  0  0 L3B 20
C32 FF 61057 085000  780 299 2037    +9617370    -68          11    -13   14   8  161  +34  196  +42  196   42   8  0  0 L3B 14
C34 FF 61057 085000  780 185  465    -8646777    -33         -13    +47   29   8  251  +11  184  -26  184  -26  19  0  0 L3B 3D
C37 FF 61057 085000  780 605 2590    +9093717    +55           7     +3   16   8   93   -6  123   -2  123   -2   9  0  0 L3B AE
C40 FF 61057 085000  780 256  413    +2003611    +22          21     -8   18   8  186   +7  145  +12  145   12  12  0  0 L3B C1
C43 FF 61057 085000  780 222 1028    -1298728    -52          16    -43   21   8  213  -41  197   +8  197    8  13  0  0 L3B FC
C19 FF 61057 090600  780 223 3201    +9638580    +16           7    -23   27   9  213  -37  160  +14  160   14  16  0  0 L3B FE
C20 FF 61057 090600  780 444 2674    +9546420    +81          -1    -21   16   9  115   +4  146  +23  146   23   9  0  0 L3B E7
C23 FF 61057 090600  780 574  778    +5075004    -28         -24    +42   16   9   96   +7  142  -17  142  -17   9  0  0 L3B F9
C32 FF 61057 090600  780 232 2017    +9617328    -80          23    -25   16   9  203  +56  226  +59  226   59  10  0  0 L3B 1B
C34 FF 61057 090600  780 172  407    -8646860    -68         -15    +12   28   9  269  +27  191   -3  191   -3  18  0  0 L3B 13
C37 FF 61057 090600  780 668 2643    +9093760    +37           3    -14   13   9   88   -4  129  +10  129   10   7  0  0 L3B DF
C40 FF 61057 090600  780 244  398    +2003645    +54          26    +24   16   9  194  +10  151  -17  151  -17  10  0  0 L3B 02
C43 FF 61057 090600  780 263  972    -1298735    -12          22     -3   23   9  182  -25  185  -12  185  -12  14  0  0 L3B 07
C19 FF 61057 092200  780 259 3151    +9638607    +65          -3    +26   23   9  185  -22  167  -17  167  -17  14  0  0 L3B 36
C20 FF 61057 092200  780 417 2587    +9546516   +125          -3    +23   21   9  121   +8  160   +9  160    9  12  0  0 L3B E6
C23 FF 61057 092200  780 512  809    +5074930    -63         -31     +7   16   9  103   +9  155   +5  155    5   9  0  0 L3B B9
C32 FF 61057 092200  780 167 2000    +9617268    -89          16    -34   24   9  278 +106  284  +86  284   86  16  0  0 L3B 4B
C34 FF 61057 092200  780 150  353    -8646956    -32         -35    +48   30   9  307  +53  209  -21  209  -21  19  0  0 L3B 27
C37 FF 61057 092200  780 731 2706    +9093803    +70          -4    +18   15   9   84   -3  135   -7  135   -7   8  0  0 L3B D2
C40 FF 61057 092200  780 230  386    +2003653    +47           5    +17   21   9  205  +14  167   -2  167   -2  13  0  0 L3B C6
C43 FF 61057 092200  780 297  908    -1298755    +35          11    +44   24   9  163  -15  180  -42  180  -42  15  0  0 L3B 1D
C19 FF 61057 093800  780 286 3091    +9638658     -3          10    -42   15   9  168  -12  163  +29  163   29   9  0  0 L3B 15
C20 FF 61057 093800  780 378 2511    +9546609   +132          -7    +30   18   9  131  +13  178   +9  178    9  11  0  0 L3B 0D
C23 FF 61057 093800  780 452  843    +5074867    -69         -27     +1   12   9  114  +12  163  +12  163   12   7  0  0 L3B EF
C28 FF 61057 093800  780 157 1432    -4724464    -81           5    -35   27   9  297 -111  319  -11  319  -11  18  0  0 L3B 38
C32 FF 61057 093800  780 103 1983    +9617207    -31           8    +24   16   9  439 +256  377  +99  377   99  10  0  0 L3B 43
C34 FF 61057 093800  780 120  306    -8647012    -60         -14    +20   39   9  381 +106  202  +14  202   14  24  0  0 L3B 0A
C37 FF 61057 093800  780 794 2796    +9093855    +63          -1    +11   14   9   82   -2  134   -9  134   -9   8  0  0 L3B E8
C40 FF 61057 093800  780 213  377    +2003689    +56          11    +26   20   9  221  +18  167  -13  167  -13  11  0  0 L3B 07
C43 FF 61057 093800  780 322  838    -1298753    -18          22     -9   27   9  151   -9  165   +3  165    3  16  0  0 L3B D6
C19 FF 61057 095400  780 302 3023    +9638700    +21          15    -18   32   9  160   -5  165  +26  165   26  18  0  0 L3B 04
C20 FF 61057 095400  780 330 2449    +9546702   +143         -12    +41   19   9  148  +21  212  +13  212   13  11  0  0 L3B 1B
C23 FF 61057 095400  780 393  879    +5074795    -70         -32     +0   21   9  127  +16  172  +12  172   12  13  0  0 L3B 02
C28 FF 61057 095400  780 217 1401    -4724517    -82          -4    -37   27   9  219  -59  272  -37  272  -37  18  0  0 L3B 3E
C37 FF 61057 095400  780 854 3025    +9093908    +62           3    +10   12   9   81   -1  132   -5  132   -5   7  0  0 L3B B6
C40 FF 61057 095400  780 194  371    +2003699    -89          -7   -119   15   9  240  +23  181  +75  181   75  10  0  0 L3B 20
C43 FF 61057 095400  780 336  764    -1298768    -27          16    -18   23   9  146   -3  165   +5  165    5  14  0  0 L3B EC
C19 FF 61057 101000  780 306 2950    +9638731    +68          10    +29   24  10  158   +1  183   -8  183   -8  14  0  0 L3B FF
C20 FF 61057 101000  780 277 2397    +9546802    +73          -9    -29   18  10  173  +32  248  +60  248   60  11  0  0 L3B 25
C23 FF 61057 101000  780 335  916    +5074727    -64         -10     +8   17  10  146  +23  189  +15  189   15  10  0  0 L3B 07
C28 FF 61057 101000  780 276 1366    -4724578     +1         -12    +47   30  10  174  -36  247  -23  247  -23  18  0  0 L3B 2E
C37 FF 61057 101000  780 865  515    +9093964    +53           5     +1   19  10   81   +0  132   +5  132    5  10  0  0 L3B 94
C40 FF 61057 101000  780 174  369    +2003717    +25         -21     -5   22  10  266  +31  204  +13  204   13  14  0  0 L3B DF
C43 FF 61057 101000  780 337  688    -1298771    -17          16     -8   25  10  145   +2  164   +7  164    7  15  0  0 L3B D3
C19 FF 61057 102600  780 297 2877    +9638763    +66           5    +28   21  10  162   +7  203   +2  203    2  12  0  0 L3B E0
C20 FF 61057 102600  780 221 2353    +9546906    +94          -3     -8   27  10  213  +53  295  +67  295   67  16  0  0 L3B 1D
C23 FF 61057 102600  780 278  953    +5074666    -74          -1     -2   23  10  172  +33  209  +37  209   37  14  0  0 L3B FF
C28 FF 61057 102600  780 334 1324    -4724611    -54           0     -8   23  10  147  -23  222  -46  222  -46  14  0  0 L3B FD
C37 FF 61057 102600  780 807  837    +9094005    +53          -4     +1   15  10   82   +1  143   +1  143    1   8  0  0 L3B 8E
C40 FF 61057 102600  780 153  370    +2003735    +82         -31    +52   22  10  301  +42  222  -22  222  -22  12  0  0 L3B F4
C43 FF 61057 102600  780 326  616    -1298783    -48          12    -40   29  10  149   +7  171  +30  171   30  17  0  0 L3B 01
C19 FF 61057 104200  780 277 2806    +9638803    +77           7    +38   22  10  173  +15  215   +4  215    4  13  0  0 L3B F1
C20 FF 61057 104200  780 163 2316    +9546983    +83         -23    -18   30  10  284  +99  371  +90  371   90  18  0  0 L3B 41
C22 FF 61057 104200  780 129 3330    -4313278    -18         -13    +13   47  10  357  -79  228   -6  228   -6  28  0  0 L3B 21
C23 FF 61057 104200  780 222  989    +5074604    -35           6    +37   20  10  212  +51  238  +18  238   18  12  0  0 L3B F6
C27 FF 61057 104200  780 154 1668    -5831402    -40          17     +8   25  10  303 -123  345  -31  345  -31  17  0  0 L3B 24
C28 FF 61057 104200  780 390 1272    -4724662    -46          -6     +0   19  10  129  -15  204  -21  204  -21  11  0  0 L3B 04
C37 FF 61057 104200  780 744  939    +9094057     +7          -2    -45   18  10   84   +3  145  +32  145   32  10  0  0 L3B D9
C40 FF 61057 104200  780 131  374    +2003774    +57         -22    +27   33  10  349  +58  229   -8  229   -8  20  0  0 L3B 03
C43 FF 61057 104200  780 304  550    -1298782    +31          22    +39   22  10  159  +14  171  -12  171  -12  13  0  0 L3B 07
C19 FF 61057 105800  780 246 2741    +9638837    +59           4    +20   25  10  193  +26  236  +12  236   12  14  0  0 L3B 19
C20 FF 61057 105800  780 106 2282    +9547073    +63         -31    -39   29  10  429 +225  459 +112  459  112  17  0  0 L3B 71
C22 FF 61057 105800  780 153 3277    -4313318    -24         -23     +7   30  10  303  -39  234   +6  234    6  17  0  0 L3B EF
C23 FF 61057 105800  780 168 1026    +5074545    -88          16    -16   20  10  276  +88  276  +64  276   64  12  0  0 L3B 3B
C27 FF 61057 105800  780 218 1654    -5831453    -16          13    +32   22  10  217  -64  302  -85  302  -85  14  0  0 L3B 2F
C28 FF 61057 105800  780 439 1207    -4724697    -41           2     +5   18  10  116  -10  190  -13  190  -13  10  0  0 L3B 03
C37 FF 61057 105800  780 680 1005    +9094107    +49          -2     -3   18  10   87   +4  152  +11  152   11  10  0  0 L3B D6
C40 FF 61057 105800  780 108  382    +2003815    +35         -10     +5   21  10  416  +85  227   +2  227    2  12  0  0 L3B C8
C43 FF 61057 105800  780 271  495    -1298789    +38          23    +47   24  10  176  +23  184  -14  184  -14  14  0  0 L3B 35
C19 FF 61057 111400  780 208 2683    +9638879    +47           8     +8   24  11  225  +44  254  +25  254   25  14  0  0 L3B 16
C22 FF 61057 111400  780 168 3219    -4313348    -57         -17    -25   28  11  277  -16  239  +21  239   21  16  0  0 L3B 38
C27 FF 61057 111400  780 284 1637    -5831511    -75           1    -27   15  11  170  -38  257  -10  257  -10   8  0  0 L3B 0E
C28 FF 61057 111400  780 480 1126    -4724739    -47           6     -1   17  11  109   -6  181   +0  181    0  10  0  0 L3B BD
C37 FF 61057 111400  780 616 1058    +9094155    +35         -12    -18   15  11   92   +6  158  +23  158   23   9  0  0 L3B 01
C43 FF 61057 111400  780 231  450    -1298801    -25          12    -17   27  11  204  +37  195  +19  195   19  16  0  0 L3B 0F
C19 FF 61057 113000  780 164 2631    +9638918    +60          10    +21   35  11  282  +78  289  +38  289   38  21  0  0 L3B 39
C22 FF 61057 113000  780 172 3158    -4313394    -65         -32    -33   24  11  270   +1  260  +36  260   36  14  0  0 L3B 0A
C27 FF 61057 113000  780 351 1617    -5831550    -65           9    -16   18  11  141  -24  232   -7  232   -7  11  0  0 L3B F1
C28 FF 61057 113000  780 508 1029    -4724804    -71         -15    -24   17  11  104   -3  189   +9  189    9  10  0  0 L3B 00
C36 FF 61057 113000  780 117 2891    -3052120     +1          48    -14   36  11  393 -179  273  -15  273  -15  25  0  0 L3B 2E
C37 FF 61057 113000  780 553 1105    +9094209    +44          -8     -9   14  11   98   +8  165  +17  165   17   8  0  0 L3B E5
C43 FF 61057 113000  780 185  415    -1298812    +10           8    +18   27  11  252  +64  210   -2  210   -2  17  0  0 L3B CF
C19 FF 61057 114600  780 116 2584    +9638949    +95           4    +56   33  11  391 +161  345  +14  345   14  22  0  0 L3B 3A
C22 FF 61057 114600  780 166 3096    -4313416     -6         -23    +25   22  11  278  +18  270   -3  270   -3  13  0  0 L3B FC
C27 FF 61057 114600  780 418 1590    -5831610    -54          -4     -6   19  11  121  -16  218  -28  218  -28  12  0  0 L3B 1D
C28 FF 61057 114600  780 519  922    -4724855    -39         -21     +7   17  11  103   +0  187  -11  187  -11  10  0  0 L3B 07
C36 FF 61057 114600  780 172 2917    -3052130    +34          24    +19   32  11  272  -87  258  -31  258  -31  19  0  0 L3B 34
C37 FF 61057 114600  780 489 1148    +9094257    +59         -11     +7   16  11  107  +11  179   +6  179    6   9  0  0 L3B 04
C43 FF 61057 114600  780 135  391    -1298821    +20           7    +28   25  11  339 +126  223   -7  223   -7  15  0  0 L3B F8
C22 FF 61057 120200  780 151 3035    -4313433    -26          -2     +6   37  12  306  +40  276  +19  276   19  23  0  0 L3B FB
C27 FF 61057 120200  780 484 1552    -5831645    -32           6    +16   17  12  108  -11  188  -34  188  -34  10  0  0 L3B 22
C28 FF 61057 120200  780 513  816    -4724880     -4         -25    +39   19  12  103   +2  173  -25  173  -25  11  0  0 L3B 01
C36 FF 61057 120200  780 228 2939    -3052112    -53          30    -67   27  12  208  -51  233  +11  233   11  17  0  0 L3B 10
C37 FF 61057 120200  780 427 1188    +9094303    +61          19    +12   20  12  119  +15  195  +11  195   11  12  0  0 L3B 12
C22 FF 61057 121800  780 126 2977    -4313467     -1          -4    +32   35  12  361  +80  302   +1  302    1  20  0  0 L3B CD
C27 FF 61057 121800  780 547 1496    -5831696    -47           1     +1   15  12   99   -8  173  -16  173  -16   8  0  0 L3B F9
C28 FF 61057 121800  780 490  722    -4724931    -54         -34    -11   15  12  107   +5  182  +14  182   14   8  0  0 L3B F8
C30 FF 61057 121800  780 138 1970    -3667074    -71          -7    +12   23  12  338 -156  368  -52  368  -52  15  0  0 L3B 52
C36 FF 61057 121800  780 286 2956    -3052092    +17          37     +2   24  12  169  -33  207  -23  207  -23  17  0  0 L3B 23
C37 FF 61057 121800  780 364 1225    +9094354    +44          23     -4   20  12  136  +20  213  +20  213   20  12  0  0 L3B EF
C27 FF 61057 123400  780 602 1412    -5831751    -60          -8    -11   16  12   93   -5  175   +7  175    7   9  0  0 L3B CB
C28 FF 61057 123400  780 453  646    -4724964    -41         -26     +2   20  12  113   +8  183   +3  183    3  11  0  0 L3B CF
C30 FF 61057 123400  780 202 1979    -3667156    -57          -9    +26   20  12  234  -75  302 -111  302 -111  13  0  0 L3B 43
C36 FF 61057 123400  780 345 2968    -3052088    +53          27    +39   13  12  143  -22  201  -36  201  -36   9  0  0 L3B 1F
C37 FF 61057 123400  780 303 1260    +9094405    +70          27    +21   25  12  160  +30  232  +13  232   13  14  0  0 L3B FD
C27 FF 61057 125000  780 645 1289    -5831792    -36          -2    +13   16  12   90   -3  171   -7  171   -7   9  0  0 L3B E0
C28 FF 61057 125000  780 408  590    -4725005    -53         -26    -10   17  12  123  +13  183   -2  183   -2  10  0  0 L3B F1
C30 FF 61057 125000  780 268 1989    -3667233    -86          -6     -3   15  12  179  -43  266   +7  266    7   9  0  0 L3B FD
C36 FF 61057 125000  780 406 2971    -3052086    -33          14    -48   17  12  124  -16  199  +26  199   26  10  0  0 L3B 2E
C37 FF 61057 125000  780 242 1292    +9094439    +27          14    -22   26  12  196  +47  271  +49  271   49  16  0  0 L3B 36
C27 FF 61057 130600  780 666 1128    -5831843    -76          -4    -27   19  13   88   -1  167   +5  167    5  11  0  0 L3B F0
C28 FF 61057 130600  780 356  552    -4725044    -42         -16     +2   17  13  138  +19  181   -6  181   -6  10  0  0 L3B F3
C30 FF 61057 130600  780 336 2001    -3667306    -69           5    +14   20  13  146  -27  245  -35  245  -35  12  0  0 L3B 15
C36 FF 61057 130600  780 466 2963    -3052071     +0          18    -15   17  13  111  -12  189   -4  189   -4  10  0  0 L3B F5
C37 FF 61057 130600  780 182 1321    +9094495    +38          16    -11   32  13  256  +83  304  +49  304   49  18  0  0 L3B 2F
C38 FF 61057 130600  780 121  685    -2691572    -65         -29    -46   21  13  377 -100  240  +19  240   19  12  0  0 L3B 36
C27 FF 61057 132200  780 661  957    -5831903    -24         -17    +24   17  13   88   +1  168  -21  168  -21   9  0  0 L3B 07
C28 FF 61057 132200  780 301  528    -4725093    -40         -22     +4   19  13  161  +28  184   +1  184    1  11  0  0 L3B D7
C30 FF 61057 132200  780 406 2013    -3667388    -82           3     +2   18  13  124  -18  233  -17  233  -17  11  0  0 L3B 00
C36 FF 61057 132200  780 526 2939    -3052065    +17          11     +3   14  13  102   -8  179  -12  179  -12   8  0  0 L3B F7
C37 FF 61057 132200  780 122 1348    +9094562    +19          36    -30   44  13  374 +175  342  +68  342   68  28  0  0 L3B 4A
C38 FF 61057 132200  780 153  670    -2691602     +3         -41    +22   28  13  303  -60  235  -35  235  -35  18  0  0 L3B 0F
C27 FF 61057 133800  780 632  816    -5831934    -46          -2     +2    8  13   90   +3  152   -5  152   -5   5  0  0 L3B A1
C28 FF 61057 133800  780 244  516    -4725134    -65         -21    -21   21  13  195  +44  188  +15  188   15  12  0  0 L3B 25
C30 FF 61057 133800  780 476 2025    -3667466    -67           5    +17   24  13  109  -13  212  -45  212  -45  16  0  0 L3B 25
C36 FF 61057 133800  780 583 2890    -3052047    +17          15     +3   15  13   95   -6  163  -12  163  -12   9  0  0 L3B EE
C38 FF 61057 133800  780 182  654    -2691586    -41          -7    -22   28  13  256  -39  190   +2  190    2  16  0  0 L3B FD
C45 FF 61057 133800  780 123 3082    +6501693   +232          21    +48   27  13  377 -172  296  -78  296  -78  17  0  0 L3B 79
C27 FF 61057 135400  780 587  720    -5831984    -25          -5    +23   16  13   94   +5  149  -18  149  -18   9  0  0 L3B 07
C28 FF 61057 135400  780 186  513    -4725184    -68         -29    -24   21  13  250  +75  196  +27  196   27  14  0  0 L3B 3A
C30 FF 61057 135400  780 547 2035    -3667534    -85          16     -1   15  13   99   -9  179  -20  179  -20   9  0  0 L3B 05
C36 FF 61057 135400  780 632 2805    -3052036    -51          12    -65   14  13   91   -4  154  +27  154   27   8  0  0 L3B ED
C38 FF 61057 135400  780 210  635    -2691633    -37         -35    -18   27  13  224  -27  197   -3  197   -3  15  0  0 L3B 1B
C45 FF 61057 135400  780 180 3087    +6501850   +170           2    -15   29  13  261  -83  257  -47  257  -47  18  0  0 L3B 44
C27 FF 61057 141000  780 532  661    -5832033    -36          -5    +12   19  14  101   +8  148   -5  148   -5  11  0  0 L3B D7
C28 FF 61057 141000  780 129  518    -4725216     -1          -9    +44   26  14  354 +152  203  -30  203  -30  17  0  0 L3B 09
C29 FF 61057 141000  780 133 2238    -5514344    -49         -11     +3   28  14  348 -155  377  -35  377  -35  17  0  0 L3B 51
C30 FF 61057 141000  780 619 2038    -3667616   -107          15    -24   22  14   92   -6  162   -3  162   -3  13  0  0 L3B F3
C36 FF 61057 141000  780 668 2673    -3052021    +31          18    +17   17  14   88   -2  145  -21  145  -21  10  0  0 L3B FD
C38 FF 61057 141000  780 234  614    -2691646    -19         -26     +1   24  14  202  -19  185  -11  185  -11  15  0  0 L3B 14
C45 FF 61057 141000  780 237 3085    +6502022   +151          -3    -34   26  14  201  -47  221  -15  221  -15  16  0  0 L3B 1E
C27 FF 61057 142600  780 473  629    -5832077    -25          -2    +23   15  14  110  +11  145  -16  145  -16   8  0  0 L3B 05
C29 FF 61057 142600  780 193 2264    -5514386    -24          -3    +29   25  14  244  -75  310 -104  310 -104  15  0  0 L3B 4C
C30 FF 61057 142600  780 690 2029    -3667696   -121          15    -37   18  14   87   -4  146  +11  146   11  10  0  0 L3B 18
C36 FF 61057 142600  780 681 2500    -3052009    +39          17    +25   14  14   87   +0  139  -22  139  -22   8  0  0 L3B F7
C38 FF 61057 142600  780 255  591    -2691653     -1         -14    +19   15  14  186  -14  168  -28  168  -28   9  0  0 L3B 28
C45 FF 61057 142600  780 294 3073    +6502211   +157           9    -27   27  14  164  -30  181   -4  181   -4  17  0  0 L3B 0E
C27 FF 61057 144200  780 413  615    -5832113    -40           8     +9   15  14  122  +15  140   -9  140   -9   8  0  0 L3B BA
C29 FF 61057 144200  780 254 2294    -5514429    -70           4    -18   25  14  188  -44  237  -40  237  -40  16  0  0 L3B 30
C30 FF 61057 144200  780 759 1983    -3667775    -93          16     -9   13  14   83   -3  135   -2  135   -2   8  0  0 L3B E2
C36 FF 61057 144200  780 666 2324    -3051990    +20          23     +7   16  14   88   +2  132   -3  132   -3   9  0  0 L3B BD
C38 FF 61057 144200  780 273  566    -2691671    -16         -14     +4   17  14  175  -10  157  -12  157  -12  10  0  0 L3B 1A
C45 FF 61057 144200  780 349 3050    +6502378   +188          -1     +4   21  14  141  -20  166  -21  166  -21  13  0  0 L3B 1C
C27 FF 61057 145800  780 352  614    -5832175    -43          -7     +6   21  14  140  +21  150   -2  150   -2  12  0  0 L3B CF
C29 FF 61057 145800  780 316 2326    -5514492     +1         -10    +53   26  14  154  -28  200  -57  200  -57  16  0  0 L3B 29
C30 FF 61057 145800  780 821 1811    -3667867    -66           5    +17   15  14   82   -1  137  -13  137  -13   9  0  0 L3B FA
C36 FF 61057 145800  780 628 2186    -3051979    +36          20    +22   12  14   91   +4  133  -13  133  -13   7  0  0 L3B FA
C38 FF 61057 145800  780 287  539    -2691710     -8         -34    +12   27  14  168   -7  160  -21  160  -21  16  0  0 L3B 15
C45 FF 61057 145800  780 401 3013    +6502543   +179         -12     -5   16  14  125  -13  163   -2  163   -2  10  0  0 L3B 03
C27 FF 61057 151400  780 293  622    -5832219    -76           9    -27   16  15  165  +31  146  +16  146   16   9  0  0 L3B 02
C29 FF 61057 151400  780 378 2360    -5514541    -71         -13    -20   20  15  132  -19  176  -17  176  -17  11  0  0 L3B 3D
C30 FF 61057 151400  780 845 1230    -3667934    -99          10    -16   14  15   81   +0  127  +10  127   10   8  0  0 L3B E6
C36 FF 61057 151400  780 575 2091    -3051952    +11          31     -3   12  15   96   +6  127   +9  127    9   7  0  0 L3B BB
C38 FF 61057 151400  780 297  512    -2691715    -13         -18     +7   18  15  163   -4  144   -2  144   -2  11  0  0 L3B E3
C45 FF 61057 151400  780 448 2958    +6502720   +219         -16    +34   19  15  115   -9  155  -30  155  -30  11  0  0 L3B 41
C27 FF 61057 153000  780 234  637    -5832267    -67           8    -17   22  15  202  +48  146   +7  146    7  13  0  0 L3B EA
C29 FF 61057 153000  780 441 2398    -5514589   -100         -12    -48   19  15  116  -14  160  +16  160   16  11  0  0 L3B 41
C30 FF 61057 153000  780 800  833    -3668023    -62           1    +20   10  15   82   +2  130  -16  130  -16   6  0  0 L3B B4
C36 FF 61057 153000  780 513 2030    -3051955     -8          15    -22   14  15  103  +10  143  +20  143   20   8  0  0 L3B D9
C38 FF 61057 153000  780 302  484    -2691740    -35         -23    -15   20  15  160   -2  143   -6  143   -6  12  0  0 L3B E6
C41 FF 61057 153000  780 123  605    +9453018    +16           2    +33   54  15  373  -83  148  -20  148  -20  35  0  0 L3B 03
C45 FF 61057 153000  780 485 2885    +6502910   +170          -3    -15   19  15  108   -5  141   +0  141    0  11  0  0 L3B E8
C27 FF 61057 154600  780 177  657    -5832302    -82          21    -32   26  15  262  +81  132   +9  132    9  15  0  0 L3B F7
C29 FF 61057 154600  780 505 2438    -5514643    -33         -16    +19   16  15  105  -10  150  -18  150  -18   9  0  0 L3B 2F
C30 FF 61057 154600  780 738  736    -3668090   -111          12    -28   11  15   84   +3  119  +13  119   13   7  0  0 L3B F0
C36 FF 61057 154600  780 447 1989    -3051930    +18          26     +4   20  15  115  +14  144   -4  144   -4  12  0  0 L3B F8
C38 FF 61057 154600  780 304  457    -2691768    +26         -33    +46   23  15  159   +0  137  -38  137  -38  12  0  0 L3B 31
C41 FF 61057 154600  780 146  547    +9452992    +15          -7    +31   36  15  315  -41  142  -37  142  -37  22  0  0 L3B 23
C45 FF 61057 154600  780 509 2792    +6503071   +223         -19    +38   15  15  104   -3  144  -32  144  -32   9  0  0 L3B 2D
C26 FF 61057 160200  780 136 3222    +5829979    +17          -4    -39   21  16  341 -125  182  -12  182  -12  15  0  0 L3B 42
C27 FF 61057 160200  780 122  681    -5832373     +5          -9    +54   25  16  374 +163  132  -56  132  -56  15  0  0 L3B 21
C29 FF 61057 160200  780 569 2482    -5514690    -23         -19    +28   18  16   97   -7  137  -24  137  -24  11  0  0 L3B 35
C30 FF 61057 160200  780 673  716    -3668177   -141           3    -58   21  16   88   +4  119  +26  119   26  12  0  0 L3B FC
C32 FF 61057 160200  780 111 1020    +9615930    -49           2     +6   53  16  415 -182  177  -41  177  -41  34  0  0 L3B 19
C36 FF 61057 160200  780 380 1961    -3051923    +24          17    +10   13  16  131  +20  153   +7  153    7   8  0  0 L3B D9
C38 FF 61057 160200  780 301  431    -2691793    -46         -35    -26   18  16  161   +2  128   +2  128    2  12  0  0 L3B E2
C41 FF 61057 160200  780 161  487    +9452980    +14           0    +31   27  16  288  -18  125  -28  125  -28  17  0  0 L3B 18
C45 FF 61057 160200  780 516 2687    +6503254   +160         -18    -25   27  16  103   +0  134  +10  134   10  16  0  0 L3B 1A
C26 FF 61057 161800  780 184 3193    +5830029    +77          -8    +21   31  16  255  -64  165  -29  165  -29  18  0  0 L3B 48
C29 FF 61057 161800  780 633 2530    -5514742    -29         -22    +23   19  16   91   -5  130  -25  130  -25  11  0  0 L3B 14
C30 FF 61057 161800  780 608  724    -3668266    -91          -7     -9   20  16   92   +6  120   -4  120   -4  11  0  0 L3B C2
C32 FF 61057 161800  780 159  974    +9615867   -131          -8    -75   46  16  294  -86  161  +29  161   29  27  0  0 L3B 54
C36 FF 61057 161800  780 313 1941    -3051903     -7          24    -22   10  16  155  +31  161  +26  161   26   6  0  0 L3B F1
C38 FF 61057 161800  780 294  408    -2691809     -4         -32    +16   19  16  164   +5  117  -16  117  -16  12  0  0 L3B 16
C41 FF 61057 161800  780 166  426    +9452958    -44          -7    -27   44  16  280   +0  119   +5  119    5  27  0  0 L3B EC
C45 FF 61057 161800  780 506 2581    +6503431   +183         -18     -2   21  16  104   +3  131   -1  131   -1  12  0  0 L3B E9
C26 FF 61057 163400  780 227 3156    +5830089    +20          -2    -36   30  16  208  -37  145   +8  145    8  17  0  0 L3B 02
C29 FF 61057 163400  780 697 2587    -5514795    -59         -26     -8   14  16   86   -4  122   -6  122   -6   8  0  0 L3B 00
C30 FF 61057 163400  780 545  744    -3668339   -109          -1    -26   16  16   99   +8  109   +7  109    7   9  0  0 L3B E6
C32 FF 61057 163400  780 203  923    +9615828    -53           5     +2   25  16  232  -47  132  -25  132  -25  15  0  0 L3B F8
C35 FF 61057 163400  780 115 2562    +2357050   +190         -29    +49   35  16  399 -183  221  -96  221  -96  22  0  0 L3B 77
C36 FF 61057 163400  780 246 1925    -3051887    +17          25     +3   19  16  193  +49  173  +13  173   13  12  0  0 L3B 1D
C38 FF 61057 163400  780 284  387    -2691813    +47         -16    +67   15  16  169   +7  100  -51  100  -51   9  0  0 L3B 18
C41 FF 61057 163400  780 160  365    +9452944    -17          -4     +0   26  16  288  +19  107   -7  107   -7  16  0  0 L3B F0
C45 FF 61057 163400  780 480 2483    +6503611   +179         -15     -6   17  16  109   +6  128   -1  128   -1  10  0  0 L3B 06
C26 FF 61057 165000  780 265 3108    +5830127    +28         -18    -29   24  16  181  -22  140   +6  140    6  14  0  0 L3B 05
C29 FF 61057 165000  780 761 2661    -5514842    -58         -23     -7   13  16   83   -2  112   -4  112   -4   7  0  0 L3B D6
C30 FF 61057 165000  780 483  770    -3668429    -89         -12     -7   13  16  108  +11  108   -2  108   -2   7  0  0 L3B EB
C32 FF 61057 165000  780 242  865    +9615766    -21          -3    +34   22  16  197  -28  112  -44  112  -44  14  0  0 L3B 1D
C35 FF 61057 165000  780 169 2598    +2357185   +196         -30    +55   21  16  277  -88  180  -73  180  -73  13  0  0 L3B 73
C36 FF 61057 165000  780 181 1912    -3051871    +28          28    +14   21  16  257  +89  184   -1  184   -1  14  0  0 L3B 12
C38 FF 61057 165000  780 270  370    -2691821    -18          -6     +2   14  16  177   +9   87  -13   87  -13   9  0  0 L3B D4
C41 FF 61057 165000  780 145  309    +9452936    -24           4     -7   26  16  318  +43   93  -12   93  -12  17  0  0 L3B E2
C45 FF 61057 165000  780 440 2401    +6503788   +222         -16    +37   17  16  116  +10  128  -21  128  -21  10  0  0 L3B 3A
C20 FF 61057 170600  780 117 1354    +9549312   +195         -26    +94   63  17  396 -197  185  -76  185  -76  39  0  0 L3B 98
C26 FF 61057 170600  780 293 3050    +5830205    +62           6     +6   23  17  164  -13  116  -13  116  -13  14  0  0 L3B FA
C29 FF 61057 170600  780 823 2791    -5514886    -27         -14    +24   14  17   82   -1  102  -20  102  -20   8  0  0 L3B 07
C30 FF 61057 170600  780 423  801    -3668504    -72          -4    +11   12  17  120  +14  101  -12  101  -12   7  0  0 L3B DF
C32 FF 61057 170600  780 273  800    +9615717    -60          -1     -5   21  17  176  -16   98  -12   98  -12  14  0  0 L3B EF
C35 FF 61057 170600  780 224 2634    +2357314   +133         -51     -9   25  17  212  -51  158  -28  158  -28  16  0  0 L3B 46
C36 FF 61057 170600  780 119 1899    -3051865    +53          20    +39   19  17  385 +195  197  -22  197  -22  12  0  0 L3B 67
C38 FF 61057 170600  780 254  356    -2691869    -38         -28    -18   16  17  187  +12   96   +4   96    4   9  0  0 L3B F6
C41 FF 61057 170600  780 120  257    +9452912    -12           5     +5   27  17  379  +89   93   -7   93   -7  17  0  0 L3B CE
C45 FF 61057 170600  780 391 2335    +6503973   +135          -9    -50   21  17  128  +15  128  +36  128   36  12  0  0 L3B 38
C20 FF 61057 172200  780 175 1322    +9549412   +154         -23    +53   34  17  267  -90  157  -51  157  -51  20  0  0 L3B 52
C26 FF 61057 172200  780 312 2983    +5830247    +48          -6     -8   22  17  156   -6  112  -10  112  -10  13  0  0 L3B FC
C29 FF 61057 172200  780 873 3373    -5514934    -56         -12     -4   13  17   81   +0   94   -5   94   -5   7  0  0 L3B C5
C30 FF 61057 172200  780 364  834    -3668590    -51         -10    +32   18  17  136  +19  101  -23  101  -23  10  0  0 L3B 19
C32 FF 61057 172200  780 294  730    +9615657    -78          -8    -23   20  17  164   -8   95   +7   95    7  12  0  0 L3B D3
C35 FF 61057 172200  780 279 2671    +2357451   +169         -51    +27   24  17  172  -33  136  -38  136  -38  15  0  0 L3B 65
C38 FF 61057 172200  780 235  346    -2691859    +34           1    +55   15  17  201  +16   73  -45   73  -45   9  0  0 L3B E9
C45 FF 61057 172200  780 337 2282    +6504154   +182          -6     -3   21  17  145  +22  131   +9  131    9  13  0  0 L3B EE
C20 FF 61057 173800  780 234 1286    +9549515   +108         -18     +7   26  17  203  -50  134  -19  134  -19  16  0  0 L3B 4A
C26 FF 61057 173800  780 319 2912    +5830298    +14          -9    -42   25  17  153   +0  104  +12  104   12  14  0  0 L3B 02
C29 FF 61057 173800  780 838  632    -5514989    -59         -18     -8   10  17   81   +1   93   -2   93   -2   6  0  0 L3B C4
C30 FF 61057 173800  780 307  869    -3668662   -109          -3    -26   22  17  157  +27   94  +20   94   20  13  0  0 L3B 11
C32 FF 61057 173800  780 304  657    +9615620    -27           7    +28   38  17  159   -2   79  -23   79  -23  23  0  0 L3B F7
C35 FF 61057 173800  780 336 2708    +2357589   +108         -50    -34   21  17  146  -23  109   +4  109    4  13  0  0 L3B 29
C38 FF 61057 173800  780 214  340    -2691869    -23          10     -3   21  17  219  +21   60  +12   60   12  14  0  0 L3B CE
C45 FF 61057 173800  780 279 2240    +6504315   +176         -22     -9   21  17  172  +34  146  +11  146   11  13  0  0 L3B 2B
C20 FF 61057 175400  780 292 1243    +9549604   +106         -27     +5   23  17  165  -30  126  -18  126  -18  15  0  0 L3B 41
C24 FF 61057 175400  780 120 3288      +74878   +342          -9    +49   37  17  381 -109   87  -41   87  -41  23  0  0 L3B 2C
C26 FF 61057 175400  780 313 2838    +5830355    +11          -6    -45   18  17  155   +5   99  +24   99   24  11  0  0 L3B FE
C29 FF 61057 175400  780 776  797    -5515041    -34         -20    +18   12  17   83   +2   89  -12   89  -12   7  0  0 L3B EE
C30 FF 61057 175400  780 251  905    -3668748   -110          -9    -27   25  17  189  +40  104  +22  104   22  16  0  0 L3B 22
C35 FF 61057 175400  780 394 2744    +2357714   +151         -62     +9   18  17  127  -16  104  -15  104  -15  10  0  0 L3B 3F
C38 FF 61057 175400  780 192  338    -2691879    -20          20     +1   20  17  242  +28   59   -5   59   -5  14  0  0 L3B D8
C45 FF 61057 175400  780 220 2204    +6504501   +174         -14    -11   22  17  214  +56  150  +17  150   17  13  0  0 L3B 24
C20 FF 61057 181000  780 347 1192    +9549706    +99          -7     -1   26  18  142  -20  113   -8  113   -8  16  0  0 L3B FD
C24 FF 61057 181000  780 152 3241      +75170   +339           6    +47   22  18  305  -55   79  -20   79  -20  13  0  0 L3B E7
C26 FF 61057 181000  780 296 2767    +5830399    +46         -18    -11   23  18  163  +11  105   +7  105    7  13  0  0 L3B 13
C29 FF 61057 181000  780 714  879    -5515099    -21         -28    +30   16  18   85   +3   93  -18   93  -18   9  0  0 L3B F7
C30 FF 61057 181000  780 196  941    -3668821    -45          -6    +37   20  18  238  +64  111  -14  111  -14  13  0  0 L3B 15
C32 FF 61057 181000  780 287  516    +9615512    -60           6     -5   23  18  168  +11   75   +1   75    1  13  0  0 L3B A4
C35 FF 61057 181000  780 453 2779    +2357856   +143         -55     +1   21  18  114  -12   89  -13   89  -13  12  0  0 L3B 27
C38 FF 61057 181000  780 169  339    -2691936    -19         -17     +1   26  18  273  +37   79  +13   79   13  16  0  0 L3B 0B
C45 FF 61057 181000  780 161 2173    +6504676   +169         -16    -16   27  18  288 +103  162  +20  162   20  18  0  0 L3B 57
C19 FF 61057 182600  780 160 1602    +9639875    +35           2     -4   22  18  293 -118  135  -11  135  -11  15  0  0 L3B 25
C20 FF 61057 182600  780 397 1129    +9549812    +69           2    -32   16  18  126  -13   96   +8   96    8   9  0  0 L3B E0
C24 FF 61057 182600  780 175 3188      +75421   +270         -23    -22   26  18  266  -29  100  +18  100   18  15  0  0 L3B 1B
C26 FF 61057 182600  780 269 2700    +5830458    +32         -13    -24   24  18  178  +20  103  +14  103   14  14  0  0 L3B 23
C29 FF 61057 182600  780 651  940    -5515147    -52         -27     -1   17  18   89   +5   90   -2   90   -2  10  0  0 L3B BB
C30 FF 61057 182600  780 143  978    -3668901   -184          -7   -102  131  18  322 +118  126  +65  126   65  74  0  0 L3B 6A
C32 FF 61057 182600  780 261  455    +9615475    -46          21     +9   17  18  183  +21   68   -9   68   -9  10  0  0 L3B E1
C35 FF 61057 182600  780 514 2812    +2357975   +146         -73     +4   19  18  103   -9   96   -8   96   -8  11  0  0 L3B 06
C38 FF 61057 182600  780 146  344    -2691947    +16          -9    +36   36  18  315  +51   79  -12   79  -12  20  0  0 L3B 11
C45 FF 61057 182600  780 103 2145    +6504846   +168         -24    -17   20  18  441 +237  181  +27  181   27  13  0  0 L3B 5A
C19 FF 61057 184200  780 225 1585    +9639904    +12          -6    -27   20  18  211  -61  133   +5  133    5  12  0  0 L3B FA
C20 FF 61057 184200  780 438 1052    +9549912    +83           6    -18   19  18  117   -8   88   +8   88    8  11  0  0 L3B DC
C24 FF 61057 184200  780 189 3130      +75709   +352         -15    +61   33  18  247  -12   95  -43   95  -43  19  0  0 L3B 1B
C26 FF 61057 184200  780 234 2640    +5830519    +43          -6    -14   21  18  202  +32  107  +17  107   17  13  0  0 L3B 0E
C29 FF 61057 184200  780 588  993    -5515198    -60         -28     -8   17  18   94   +6   91   +4   91    4   9  0  0 L3B C3
C32 FF 61057 184200  780 225  403    +9615417    +36          17    +91   22  18  209  +35   69  -60   69  -60  13  0  0 L3B 06
C35 FF 61057 184200  780 576 2841    +2358131    +97         -53    -45   15  18   96   -7   79  +20   79   20   9  0  0 L3B FC
C38 FF 61057 184200  780 121  352    -2691964    -45          -6    -25   14  18  374  +73   78  +11   78   11  10  0  0 L3B F8
C19 FF 61057 185800  780 292 1565    +9639949     +8           1    -31   24  18  166  -36  118  +12  118   12  15  0  0 L3B 1E
C20 FF 61057 185800  780 467  962    +9549999   +111          -4    +10   24  18  111   -4   91   -8   91   -8  14  0  0 L3B EE
C24 FF 61057 185800  780 193 3069      +76011   +259           6    -33   35  18  242   +1   83  +21   83   21  21  0  0 L3B CA
C26 FF 61057 185800  780 192 2586    +5830593    +42          14    -14   30  18  243  +54  106  +28  106   28  19  0  0 L3B 35
C29 FF 61057 185800  780 526 1040    -5515246   -110         -27    -58   15  18  102   +9   92  +39   92   39   9  0  0 L3B 15
C32 FF 61057 185800  780 183  362    +9615369    -78          21    -23   29  18  255  +62   65  +23   65   23  17  0  0 L3B 0D
C35 FF 61057 185800  780 640 2864    +2358254   +126         -68    -16   16  18   90   -5   85  +12   85   12   9  0  0 L3B 08
C44 FF 61057 185800  780 164 2853    -8989546    +86          25     -3   36  18  284  -94   93  -22   93  -22  22  0  0 L3B 33
C19 FF 61057 191400  780 360 1540    +9639971    +35         -13     -4   15  19  137  -23  117   -3  117   -3   8  0  0 L3B 01
C20 FF 61057 191400  780 480  862    +9550104    +94          -8     -8   25  19  109   -1   84   +5   84    5  14  0  0 L3B AF
C24 FF 61057 191400  780 187 3007      +76291   +295           9     +3   29  19  249  +14   78   -5   78   -5  18  0  0 L3B D6
C26 FF 61057 191400  780 146 2538    +5830638     -6           4    -62   28  19  314  +99  120  +47  120   47  18  0  0 L3B 17
C29 FF 61057 191400  780 464 1084    -5515305    -64         -42    -13   23  19  111  +12   99  +10   99   10  13  0  0 L3B 0C
C32 FF 61057 191400  780 135  330    +9615306    -44          13    +11   31  19  339 +122   74   -6   74   -6  18  0  0 L3B E6
C35 FF 61057 191400  780 705 2875    +2358397   +127         -56    -14   17  19   86   -4   79   +6   79    6  10  0  0 L3B 03
C44 FF 61057 191400  780 220 2880    -8989464    +81          21     -8   26  19  216  -54   79   -5   79   -5  16  0  0 L3B 04
C19 FF 61057 193000  780 428 1507    +9640004    +40         -17     +2   21  19  119  -16  111   -5  111   -5  12  0  0 L3B F0
C20 FF 61057 193000  780 477  762    +9550199   +116         -10    +14   15  19  109   +2   86   -8   86   -8   9  0  0 L3B EA
C24 FF 61057 193000  780 171 2946      +76558   +314          -5    +22   39  19  271  +31   90  -16   90  -16  23  0  0 L3B FF
C29 FF 61057 193000  780 403 1125    -5515345    -42         -34     +9   22  19  125  +16   99   +7   99    7  12  0  0 L3B E6
C35 FF 61057 193000  780 770 2856    +2358525   +152         -64    +10   13  19   83   -2   82   -9   82   -9   7  0  0 L3B E8
C44 FF 61057 193000  780 277 2904    -8989389    +60          11    -29   31  19  174  -35   78  +12   78   12  17  0  0 L3B 2A
C19 FF 61057 194600  780 493 1460    +9640041    +27         -17    -11   22  19  107  -11  103   -6  103   -6  13  0  0 L3B 0D
C20 FF 61057 194600  780 457  671    +9550312    +76           6    -25   23  19  113   +5   76  +12   76   12  13  0  0 L3B CF
C22 FF 61057 194600  780 101 1878    -4314335    +26         -15    +58   18  19  454 -283  146  -40  146  -40  12  0  0 L3B 5B
C24 FF 61057 194600  780 147 2887      +76859   +327          16    +35   40  19  313  +58   79  -16   79  -16  27  0  0 L3B 2E
C29 FF 61057 194600  780 342 1164    -5515399    -46         -39     +5   23  19  143  +23  113   +8  113    8  13  0  0 L3B 08
C35 FF 61057 194600  780 833 2721    +2358673   +142         -52     +0   13  19   81   -1   75   +0   75    0   7  0  0 L3B B5
C44 FF 61057 194600  780 335 2924    -8989300    +83          14     -6   21  19  146  -24   72   -3   72   -3  12  0  0 L3B EA
C19 FF 61057 200200  780 553 1393    +9640072    +66         -16    +28   20  20   98   -7   94  -24   94  -24  11  0  0 L3B FF
C20 FF 61057 200200  780 423  595    +9550409    +83         -12    -20   16  20  120   +9   77  +10   77   10  10  0  0 L3B CE
C22 FF 61057 200200  780 167 1881    -4314373    -30         -21     +3   21  20  281 -112  140  -12  140  -12  13  0  0 L3B 0D
C29 FF 61057 200200  780 282 1201    -5515446    +11         -30    +63   19  20  170  +34  124  -26  124  -26  12  0  0 L3B 1E
C35 FF 61057 200200  780 860 1993    +2358811   +141         -41     +0   13  20   81   +0   75   +3   75    3   8  0  0 L3B A2
C44 FF 61057 200200  780 395 2938    -8989217    +92          12     +3   18  20  127  -17   71   -3   71   -3  10  0  0 L3B E0
C19 FF 61057 201800  780 604 1294    +9640130    +22           5    -17   20  20   93   -4   79   +7   79    7  12  0  0 L3B A9
C20 FF 61057 201800  780 379  537    +9550492   +107         -28     +4   23  20  131  +14   85   +2   85    2  13  0  0 L3B D0
C22 FF 61057 201800  780 234 1886    -4314403    -26         -21     +6   20  20  203  -58  136   -8  136   -8  12  0  0 L3B FB
C29 FF 61057 201800  780 223 1235    -5515497    -70         -32    -18   25  20  211  +54  133   +8  133    8  15  0  0 L3B 07
C35 FF 61057 201800  780 808 1569    +2358939   +167         -49    +26   13  20   82   +2   81  -15   81  -15   7  0  0 L3B 0E
C44 FF 61057 201800  780 457 2943    -8989143   +105           0    +16   21  20  113  -12   75  -16   75  -16  12  0  0 L3B 0E
C19 FF 61057 203400  780 638 1158    +9640164    +54           2    +15   20  20   90   -2   78  -10   78  -10  12  0  0 L3B CE
C20 FF 61057 203400  780 328  496    +9550595   +108         -24     +5   20  20  148  +22   82   -3   82   -3  12  0  0 L3B DC
C22 FF 61057 203400  780 303 1893    -4314441    -18         -27    +14   25  20  160  -35  134  -27  134  -27  15  0  0 L3B 2F
C29 FF 61057 203400  780 164 1267    -5515544    -10         -30    +42   24  20  282  +98  142  -25  142  -25  14  0  0 L3B 35
C35 FF 61057 203400  780 740 1498    +2359066   +110         -57    -31   11  20   84   +3   88  +25   88   25   6  0  0 L3B F2
C44 FF 61057 203400  780 519 2936    -8989062    +68          -4    -21   18  20  103   -9   76  +12   76   12  11  0  0 L3B F9
C19 FF 61057 205000  780 649  996    +9640201    +31           2     -7   23  20   89   +0   80   +4   80    4  13  0  0 L3B 7E
C20 FF 61057 205000  780 273  469    +9550704   +165         -15    +61   20  20  175  +34   76  -39   76  -39  12  0  0 L3B 21
C22 FF 61057 205000  780 374 1899    -4314481    -52         -37    -20   11  20  133  -23  132   +2  132    2   7  0  0 L3B E5
C29 FF 61057 205000  780 106 1296    -5515587    -44         -23     +7   32  20  427 +223  144   -7  144   -7  18  0  0 L3B 20
C35 FF 61057 205000  780 670 1487    +2359204   +164         -55    +23   13  20   88   +5   90  -11   90  -11   8  0  0 L3B F1
C44 FF 61057 205000  780 580 2910    -8988982    +64          -9    -25   16  20   95   -7   77  +10   77   10   9  0  0 L3B E7
C19 FF 61057 210600  780 634  841    +9640234    +14         -12    -25   17  21   90   +2   83  +16   83   16   9  0  0 L3B C3
C20 FF 61057 210600  780 217  454    +9550816    +99           4     -4   22  21  217  +56   68   +4   68    4  14  0  0 L3B AE
C22 FF 61057 210600  780 447 1905    -4314506    -21         -32    +11   21  21  115  -15  119  -14  119  -14  13  0  0 L3B 1E
C34 FF 61057 210600  780 121 3055    -8650311    +20          24   +101   17  21  382 -177   68  -67   68  -67  11  0  0 L3B 2E
C35 FF 61057 210600  780 599 1494    +2359341   +179         -52    +38   18  21   93   +7   92  -13   92  -13  10  0  0 L3B 1B
C44 FF 61057 210600  780 638 2854    -8988903    +74         -17    -15   15  21   90   -4   80  +10   80   10   9  0  0 L3B E8
C19 FF 61057 212200  780 597  722    +9640266     +7         -18    -32   20  21   93   +4   86  +16   86   16  12  0  0 L3B D1
C20 FF 61057 212200  780 159  449    +9550921    +80          11    -23   25  21  291 +104   62  +14   62   14  14  0  0 L3B EC
C22 FF 61057 212200  780 520 1907    -4314540    -42         -35    -10   26  21  103  -11  112   -1  112   -1  16  0  0 L3B E6
C34 FF 61057 212200  780 178 3063    -8650406   -125           6    -44   27  21  264  -84   76  +32   76   32  16  0  0 L3B 0D
C35 FF 61057 212200  780 528 1508    +2359469   +161         -59    +20   16  21  101  +10  104   +4  104    4   9  0  0 L3B F8
C39 FF 61057 212200  780 127  675     +181780    -57         -21    -63   22  21  361  -82   79  +44   79   44  14  0  0 L3B FC
C44 FF 61057 212200  780 687 2747    -8988812    +99         -12    +10   11  21   87   -3   77   -9   77   -9   6  0  0 L3B EE
C19 FF 61057 213800  780 547  643    +9640316     -6          -6    -45   16  21   99   +7   78  +26   78   26   9  0  0 L3B CB
C20 FF 61057 213800  780 101  451    +9551028   +146          19    +43   25  21  447 +245   58  -11   58  -11  15  0  0 L3B 16
C21 FF 61057 213800  780 111 2142    +8895802    -74          -1    -21   25  21  414 -227  143   +0  143    0  16  0  0 L3B F5
C22 FF 61057 213800  780 594 1902    -4314574    -74         -38    -42   19  21   94   -7  102  +10  102   10  11  0  0 L3B 01
C34 FF 61057 213800  780 235 3065    -8650512    -73         -23     +7   27  21  202  -48   95   -2   95   -2  15  0  0 L3B EB
C35 FF 61057 213800  780 458 1524    +2359608   +101         -55    -40   18  21  112  +14  114  +34  114   34  11  0  0 L3B 2D
C39 FF 61057 213800  780 155  660     +181784    +28         -23    +23   29  21  298  -52   78  -23   78  -23  18  0  0 L3B 12
C44 FF 61057 213800  780 719 2572    -8988725    +94         -10     +5   13  21   85   -1   79   +3   79    3   7  0  0 L3B C5
C19 FF 61057 215400  780 490  595    +9640351    +43          -8     +4   14  21  107  +10   78   -1   78   -1   8  0  0 L3B B3
C21 FF 61057 215400  780 174 2165    +8895743    -56         -10     -4   27  21  270  -97  138   -9  138   -9  17  0  0 L3B 27
C22 FF 61057 215400  780 667 1881    -4314599     +6         -33    +38   16  21   88   -5   97  -21   97  -21   9  0  0 L3B F6
C34 FF 61057 215400  780 293 3059    -8650579    -73         -13     +8   19  21  165  -31   88   -5   88   -5  11  0  0 L3B 04
C35 FF 61057 215400  780 389 1541    +2359746   +122         -53    -19   14  21  128  +20  122  +22  122   22   9  0  0 L3B 26
C39 FF 61057 215400  780 181  643     +181806     +9          -5     +4   28  21  258  -35   61   -4   61   -4  18  0  0 L3B A3
C44 FF 61057 215400  780 721 2349    -8988635   +132          -6    +43   16  21   85   +1   77  -28   77  -28   9  0  0 L3B 0A
C19 FF 61057 221000  780 430  570    +9640388    +23         -10    -16   19  22  118  +14   77   +8   77    8  11  0  0 L3B D8
C21 FF 61057 221000  780 237 2192    +8895692     +4          -6    +57   31  22  201  -53  127  -48  127  -48  18  0  0 L3B 26
C22 FF 61057 221000  780 737 1821    -4314631     +0         -35    +32   18  22   84   -3   99  -19   99  -19  10  0  0 L3B E7
C34 FF 61057 221000  780 350 3042    -8650654   -113          -9    -33   20  22  141  -20   89  +22   89   22  12  0  0 L3B FC
C35 FF 61057 221000  780 321 1557    +2359885   +141         -51     +0   17  22  151  +29  127   +9  127    9  10  0  0 L3B 04
C39 FF 61057 221000  780 205  625     +181796    +35         -16    +30   27  22  229  -24   70  -14   70  -14  16  0  0 L3B ED
C44 FF 61057 221000  780 692 2157    -8988561   +101         -15    +13   14  22   86   +2   85   -6   85   -6   8  0  0 L3B E4
C19 FF 61057 222600  780 369  561    +9640431    +44          -5     +4   21  22  134  +20   72   -3   72   -3  12  0  0 L3B B1
C21 FF 61057 222600  780 301 2221    +8895634    -21         -14    +32   19  22  161  -33  121  -25  121  -25  12  0  0 L3B 20
C22 FF 61057 222600  780 798 1648    -4314659    -54         -32    -22   15  22   82   -1   96   +7   96    7   9  0  0 L3B D5
C34 FF 61057 222600  780 405 3012    -8650738    -76         -15     +5   20  22  125  -14   95   +2   95    2  12  0  0 L3B D1
C35 FF 61057 222600  780 254 1571    +2360022   +152         -49    +11   21  22  187  +47  135   +2  135    2  13  0  0 L3B 05
C39 FF 61057 222600  780 225  604     +181791     -3         -26     -8   16  22  210  -17   77   +9   77    9  10  0  0 L3B AA
C44 FF 61057 222600  780 642 2031    -8988466    +87          -6     -2   22  22   90   +4   83  +15   83   15  13  0  0 L3B D3
C19 FF 61057 224200  780 308  563    +9640461    +44         -12     +4   17  22  157  +29   78   -4   78   -4  11  0  0 L3B DB
C21 FF 61057 224200  780 366 2255    +8895567    -65         -30    -13   23  22  136  -22  125   -2  125   -2  13  0  0 L3B 16
C22 FF 61057 224200  780 824 1205    -4314699    -30         -41     +2   19  22   82   +0   99   -1   99   -1  11  0  0 L3B BB
C34 FF 61057 224200  780 455 2964    -8650815    -65         -15    +15   22  22  113   -9   94  -15   94  -15  13  0  0 L3B 17
C35 FF 61057 224200  780 189 1584    +2360166   +165         -42    +24   19  22  247  +83  134   -4  134   -4  12  0  0 L3B 2C
C39 FF 61057 224200  780 243  582     +181804    +27         -18    +22   23  22  195  -12   69  -21   69  -21  14  0  0 L3B F5
C44 FF 61057 224200  780 580 1956    -8988392    +84         -17     -5   15  22   95   +7   95   +8   95    8   9  0  0 L3B DA
C19 FF 61057 225800  780 248  574    +9640506    +25          -5    -14   21  22  191  +44   73  +12   73   12  13  0  0 L3B E8
C21 FF 61057 225800  780 432 2291    +8895525    -78         -22    -25   18  22  118  -15  103   +1  103    1  11  0  0 L3B 04
C22 FF 61057 225800  780 789  820    -4314715    -10         -26    +23   13  22   82   +2   90  -17   90  -17   8  0  0 L3B D5
C34 FF 61057 225800  780 497 2895    -8650879   -101          -2    -21   21  22  106   -6   84  +13   84   13  13  0  0 L3B 0C
C35 FF 61057 225800  780 125 1595    +2360300   +177         -43    +35   23  22  366 +179  138  -29  138  -29  15  0  0 L3B 73
C39 FF 61057 225800  780 257  558     +181803     -8         -24    -13   23  22  185   -9   69   +7   69    7  13  0  0 L3B C0
C44 FF 61057 225800  780 514 1911    -8988301    +73         -11    -16   15  22  103  +10   98  +16   98   16  10  0  0 L3B 11
C19 FF 61057 231400  780 190  590    +9640557    +22           7    -18   16  23  246  +73   66  +16   66   16  10  0  0 L3B E8
C21 FF 61057 231400  780 498 2332    +8895477    -49         -24     +4   21  23  106  -11   95   -2   95   -2  12  0  0 L3B F0
C22 FF 61057 231400  780 729  687    -4314744    -65         -27    -33   15  23   85   +3   88  +21   88   21   8  0  0 L3B DF
C34 FF 61057 231400  780 528 2805    -8650970   -100         -20    -20   16  23  101   -3   94  +15   94   15  10  0  0 L3B FD
C39 FF 61057 231400  780 267  534     +181813     -4         -19     -9   17  23  179   -6   67   +9   67    9  10  0  0 L3B AB
C44 FF 61057 231400  780 445 1884    -8988213    +90         -10     +1   15  23  115  +15  108  +11  108   11   9  0  0 L3B 05
C19 FF 61057 233000  780 133  612    +9640594    +29           7    -10   37  23  345 +142   62   +2   62    2  25  0  0 L3B C2
C21 FF 61057 233000  780 564 2378    +8895418    -67         -32    -15   15  23   97   -8  106  +12  106   12   9  0  0 L3B 0D
C22 FF 61057 233000  780 664  646    -4314775    -33         -28     -1   13  23   88   +5   88   -1   88   -1   7  0  0 L3B AE
C34 FF 61057 233000  780 542 2697    -8651049   -105         -22    -25   23  23  100   -1   96  +13   96   13  13  0  0 L3B 08
C39 FF 61057 233000  780 274  509     +181837    +36           0    +31   15  23  175   -3   56  -25   56  -25   8  0  0 L3B B9
C43 FF 61057 233000  780 152 3191    -1299162    -26          32    -17   26  23  306 -104   65   -1   65   -1  15  0  0 L3B F1
C44 FF 61057 233000  780 376 1867    -8988119    +67           0    -22   12  23  132  +21  113  +22  113   22   7  0  0 L3B FA
C21 FF 61057 234600  780 631 2432    +8895375    -48         -25     +5   14  23   91   -6   98   -9   98   -9   8  0  0 L3B DB
C22 FF 61057 234600  780 598  642    -4314810    -53         -31    -22   16  23   93   +6   90   +9   90    9   9  0  0 L3B B1
C34 FF 61057 234600  780 538 2583    -8651118    -71         -14     +9   14  23  100   +2   93   -4   93   -4   8  0  0 L3B CA
C39 FF 61057 234600  780 277  485     +181830    -27         -12    -32   20  23  173   -1   62  +21   62   21  12  0  0 L3B CA
C42 FF 61057 234600  780 134 2439    +9169660    -43          -4     +0   34  23  346 -143  134  -14  134  -14  21  0  0 L3B 26
C43 FF 61057 234600  780 203 3167    -1299203    -26          -1    -18   28  23  233  -55   83   -1   83   -1  17  0  0 L3B E6
C44 FF 61057 234600  780 307 1856    -8988042    +91          -9     +2   13  23  158  +32  124   +3  124    3   7  0  0 L3B E0
