CGGTTS     GENERIC DATA FORMAT VERSION = 2E
REV DATE = 2026-01-01                    
RCVR = POLARX5-TR                    R2CGGTTS v8.8    
CH = 99 
IMS = POLARX5-TR                    
LAB = PTB                           
X = +3844059.67 m 
Y =  +709661.67 m 
Z = +5023129.80 m 
FRAME = ITRF
COMMENTS = TGD applied
INT DLY =   33.0 ns (BDS B1C),   32.5 ns (BDS B2a)
CAB DLY =  205.7 ns 
REF DLY =   56.2 ns
REF = UTC(PTB)                      
CKSUM = A4

SAT CL  MJD  STTIME TRKL ELV AZTH   REFSV      SRSV     REFSYS    SRSYS  DSG IOE MDTR SMDT MDIO SMDI MSIO SMSI ISG FR HC FRC CK
             hhmmss  s  .1dg .1dg    .1ns     .1ps/s     .1ns    .1ps/s .1ns     .1ns.1ps/s.1ns.1ps/s.1ns.1ps/s.1ns
C26 FF 61056 001000  780 162  731    +5821893    +38         -10    -19   40   0  286  -49  107  -10  107  -10  25  0  0 L3B 09
C27 FF 61056 001000  780 395 2978    -5825308    -40          -5     +8   18   0  127   -9   82   -6   82   -6  11  0  0 L3B BD
C28 FF 61056 001000  780 525 2338    -4719023    -28         -17    +17   14   0  102   +6   93   -3   93   -3   8  0  0 L3B B7
C33 FF 61056 001000  780 863 2656    +9525342    -56          10     +5   16   0   81   -1   78   -3   78   -3   9  0  0 L3B 93
C39 FF 61056 001000  780 275  461     +181004    -16          -3    -21   20   0  174   +2   71   +6   71    6  12  0  0 L3B 69
C41 FF 61056 001000  780 338 2480    +9455475    -67          11    -49   26   0  145  -23   99  +28   99   28  15  0  0 L3B 08
C42 FF 61056 001000  780 351  663    +9177107    -72          16    -28   22   0  140  +21   82  +20   82   20  14  0  0 L3B BE
C43 FF 61056 001000  780 153 1776    -1297717    -10          19     +0   17   0  302 +124  141   +8  141    8  10  0  0 L3B D0
C24 FF 61056 002600  780 111 1128      +31370   +339          12    +49   66   0  412 -180  151  -44  151  -44  42  0  0 L3B 03
C26 FF 61056 002600  780 186  671    +5821949    +72          -8    +15   29   0  251  -26   94  -20   94  -20  18  0  0 L3B F2
C27 FF 61056 002600  780 422 2904    -5825350    -70          -1    -21   17   0  120   -5   77   +7   77    7  10  0  0 L3B A7
C28 FF 61056 002600  780 476 2259    -4719062    -39         -13     +6   18   0  109  +10   98   +9   98    9  10  0  0 L3B DA
C33 FF 61056 002600  780 861  340    +9525288    -64          15     -3   13   0   81   +1   76   +5   76    5   7  0  0 L3B 73
C39 FF 61056 002600  780 271  440     +181004    +36          -9    +31   23   0  177   +4   72  -19   72  -19  14  0  0 L3B B1
C41 FF 61056 002600  780 397 2524    +9455458     -3          11    +15   24   0  126  -17   92  -19   92  -19  15  0  0 L3B F2
C42 FF 61056 002600  780 292  689    +9177068    -17          19    +27   22   0  165  +31   82  -13   82  -13  13  0  0 L3B F0
C24 FF 61056 004200  780 160 1085      +31663   +247          25    -44   29   0  291  -86  127  +18  127   18  19  0  0 L3B 01
C26 FF 61056 004200  780 202  609    +5821996    +71         -16    +15   23   0  233  -12   93   -6   93   -6  14  0  0 L3B CD
C27 FF 61056 004200  780 436 2819    -5825409    -51         -13     -3   23   0  117   -2   85   -1   85   -1  13  0  0 L3B BA
C28 FF 61056 004200  780 419 2200    -4719099    -61          -7    -16   18   0  121  +14  106  +14  106   14  11  0  0 L3B F5
C33 FF 61056 004200  780 797  552    +9525224    -67           9     -6   12   0   82   +2   80   +4   80    4   7  0  0 L3B 62
C39 FF 61056 004200  780 263  420     +181033    +55          15    +50   22   0  182   +6   58  -36   58  -36  13  0  0 L3B B4
C41 FF 61056 004200  780 457 2572    +9455437    -14           7     +3   19   0  113  -12   90   -6   90   -6  12  0  0 L3B AD
C42 FF 61056 004200  780 235  718    +9177026    -28          20    +16   23   0  201  +46   88   +0   88    0  14  0  0 L3B AA
C24 FF 61056 005800  780 207 1037      +31922   +300           6    +10   26   0  228  -48  128  -27  128  -27  15  0  0 L3B E9
C26 FF 61056 005800  780 207  545    +5822067    +47           1    -10   29   0  227   +0   81   -4   81   -4  17  0  0 L3B 98
C27 FF 61056 005800  780 436 2729    -5825452    -52          -9     -3   17   0  117   +2   84   -3   84   -3  10  0  0 L3B B5
C28 FF 61056 005800  780 358 2155    -4719145    -45          -9     +0   16   0  138  +21  116   +7  116    7   9  0  0 L3B CB
C30 FF 61056 005800  780 134 3257    -3656521   -113          11    -31   33   0  345 -112   81   +4   81    4  19  0  0 L3B DA
C33 FF 61056 005800  780 732  632    +9525165    -51           9    +11   16   0   84   +3   79   -3   79   -3   9  0  0 L3B 8A
C39 FF 61056 005800  780 251  404     +181045    -45          22    -50   14   0  189   +9   55  +37   55   37   8  0  0 L3B AA
C41 FF 61056 005800  780 518 2623    +9455413    -48           0    -30   15   0  103   -9   93  +16   93   16   9  0  0 L3B BB
C42 FF 61056 005800  780 180  751    +9176989    -35          25     +9   25   0  258  +76   91   +8   91    8  16  0  0 L3B CA
C24 FF 61056 011400  780 249  982      +32206   +329          -1    +38   33   1  192  -29  115  -33  115  -33  19  0  0 L3B ED
C26 FF 61056 011400  780 202  483    +5822103    +74         -15    +17   31   1  232  +11   85  -17   85  -17  18  0  0 L3B E4
C27 FF 61056 011400  780 420 2640    -5825484    -62          13    -13   15   1  121   +5   78  +10   78   10  10  0  0 L3B C4
C28 FF 61056 011400  780 295 2120    -4719188    -56         -11    -11   10   1  163  +33  126  +17  126   17   7  0  0 L3B 00
C30 FF 61056 011400  780 175 3218    -3656595    -96           6    -14   24   1  267  -58   81   +7   81    7  15  0  0 L3B CE
C33 FF 61056 011400  780 669  690    +9525109   -109          -8    -49   15   1   88   +4   79  +29   79   29   9  0  0 L3B E1
C39 FF 61056 011400  780 238  391     +181041    -41          15    -46   23   1  199  +12   58  +20   58   20  14  0  0 L3B BB
C41 FF 61056 011400  780 578 2679    +9455404    -47           1    -30   21   1   95   -7   85  +21   85   21  12  0  0 L3B BF
C42 FF 61056 011400  780 127  785    +9176932   +101           4   +144   60   1  361 +147  111  -81  111  -81  37  0  0 L3B 24
C24 FF 61056 013000  780 285  921      +32478   +278          -9    -14   19   1  169  -18  106   -2  106   -2  10  0  0 L3B CB
C26 FF 61056 013000  780 187  424    +5822151    +72         -22    +15   27   1  250  +26   89   -6   89   -6  16  0  0 L3B D3
C27 FF 61056 013000  780 391 2560    -5825534    -69          11    -19   22   1  128  +10   84  +17   84   17  12  0  0 L3B EC
C28 FF 61056 013000  780 232 2092    -4719238    -38         -19     +7   19   1  203  +53  136   +0  136    0  11  0  0 L3B D7
C30 FF 61056 013000  780 209 3171    -3656682   -155          -2    -73   25   1  225  -32   82  +46   82   46  15  0  0 L3B FA
C33 FF 61056 013000  780 606  742    +9525049    -75         -10    -15   13   1   93   +6   82   +7   82    7   7  0  0 L3B 91
C39 FF 61056 013000  780 221  381     +181036    +19           5    +14   32   1  212  +16   63  -12   63  -12  19  0  0 L3B A3
C41 FF 61056 013000  780 639 2742    +9455377    -37          -8    -20   14   1   90   -5   90  +12   90   12   8  0  0 L3B B5
C24 FF 61056 014600  780 312  853      +32767   +281           1    -10   28   1  156  -11   91   +3   91    3  17  0  0 L3B 84
C25 FF 61056 014600  780 164 1456    -9657878    +45          12    -52   25   1  285 -102  128  +21  128   21  15  0  0 L3B 2C
C26 FF 61056 014600  780 162  371    +5822193    +45         -34    -11   32   1  285  +50   97  +15   97   15  18  0  0 L3B ED
C27 FF 61056 014600  780 352 2490    -5825601    -26          -9    +23   22   1  140  +16  106   +0  106    0  14  0  0 L3B CB
C28 FF 61056 014600  780 170 2068    -4719282    -74         -19    -30   21   1  273  +97  144  +25  144   25  13  0  0 L3B 25
C30 FF 61056 014600  780 235 3116    -3656758    -47           0    +35   22   1  202  -18   82  -23   82  -23  13  0  0 L3B DF
C32 FF 61056 014600  780 146 2692    +9623571    -95          16    -39   38   1  318 -115  102   +8  102    8  25  0  0 L3B 0A
C33 FF 61056 014600  780 544  791    +9524992    -82          -9    -22   16   1   99   +8   81  +15   81   15   9  0  0 L3B C0
C39 FF 61056 014600  780 203  374     +181055    +41          18    +36   11   1  230  +21   50  -29   50  -29   6  0  0 L3B AD
C41 FF 61056 014600  780 700 2819    +9455357    -12         -13     +5   17   1   86   -3   91   -3   91   -3  10  0  0 L3B AA
C24 FF 61056 020200  780 329  779      +33042   +284         -11     -8   28   2  148   -5   90   -2   90   -2  16  0  0 L3B 96
C25 FF 61056 020200  780 224 1426    -9657801    +59          -7    -38   25   2  212  -56  131  +10  131   10  15  0  0 L3B FA
C26 FF 61056 020200  780 130  325    +5822249    +72         -32    +15   48   2  352  +96  103   +2  103    2  27  0  0 L3B CF
C27 FF 61056 020200  780 305 2431    -5825651    -44          -5     +6   21   2  159  +24  120  +12  120   12  12  0  0 L3B D4
C28 FF 61056 020200  780 110 2045    -4719339    -60         -29    -15   19   2  414 +218  157   +8  157    8  12  0  0 L3B 0E
C30 FF 61056 020200  780 251 3054    -3656859    -67         -17    +16   35   2  189   -8   95   -7   95   -7  20  0  0 L3B EB
C32 FF 61056 020200  780 199 2731    +9623514    -70          21    -14   28   2  236  -63   92   -4   92   -4  16  0  0 L3B D8
C33 FF 61056 020200  780 484  838    +9524937    -96          27    -32   25   2  108  +10   83  +24   83   24  15  0  0 L3B E8
C39 FF 61056 020200  780 184  371     +181039    +43          -1    +38   27   2  253  +27   65  -14   65  -14  16  0  0 L3B CA
C41 FF 61056 020200  780 760 2927    +9455347    -12          -6     +6   15   2   83   -2   87   -5   87   -5   8  0  0 L3B 9B
C24 FF 61056 021800  780 334  704      +33315   +253         -18    -39   28   2  146   +0   91  +14   91   14  16  0  0 L3B B7
C25 FF 61056 021800  780 284 1392    -9657716    +98         -15     +2   21   2  170  -34  128   -8  128   -8  13  0  0 L3B 07
C27 FF 61056 021800  780 253 2382    -5825697    -60          -4    -10   22   2  188  +38  133  +10  133   10  13  0  0 L3B 03
C30 FF 61056 021800  780 257 2988    -3656909    -62          13    +20   32   2  185   +0   77  -19   77  -19  20  0  0 L3B FD
C32 FF 61056 021800  780 254 2769    +9623461    -68          23    -12   23   2  188  -40   83  +10   83   10  15  0  0 L3B F0
C33 FF 61056 021800  780 425  884    +9524886   -106          37    -42   17   2  119  +14   82  +23   82   23  10  0  0 L3B F6
C39 FF 61056 021800  780 163  371     +181030    -61         -14    -67   24   2  284  +37   78  +43   78   43  14  0  0 L3B DC
C41 FF 61056 021800  780 816 3126    +9455325     -8         -12     +9   14   2   82   -1   89   -6   89   -6   8  0  0 L3B A0
C24 FF 61056 023400  780 326  631      +33604   +277         -10    -15   23   2  149   +6   82   +7   82    7  13  0  0 L3B 93
C25 FF 61056 023400  780 343 1351    -9657612   +147          -3    +50   21   2  143  -22  108  -39  108  -39  12  0  0 L3B 22
C27 FF 61056 023400  780 199 2339    -5825722    -14          19    +36   36   2  235  +63  126  -13  126  -13  21  0  0 L3B 23
C30 FF 61056 023400  780 251 2921    -3656997   -111           4    -29   18   2  189   +8   83  +17   83   17  12  0  0 L3B ED
C32 FF 61056 023400  780 310 2807    +9623408    -32          24    +24   23   2  157  -27   78  -16   78  -16  14  0  0 L3B FD
C33 FF 61056 023400  780 367  928    +9524834    -61          47     +3   20   2  135  +19   85  +17   85   17  12  0  0 L3B D8
C39 FF 61056 023400  780 141  374     +181036    -92         -13    -97   20   2  325  +50   80  +51   80   51  12  0  0 L3B C6
C41 FF 61056 023400  780 850   59    +9455321     +0           1    +17   14   2   81   +0   83   -5   83   -5   7  0  0 L3B 4D
C23 FF 61056 025000  780 105 1727    +5082641    -69          -1     +2   44   2  438 -252  143   -4  143   -4  28  0  0 L3B EB
C24 FF 61056 025000  780 307  564      +33882   +284         -12     -8   20   2  158  +12   82   -1   82   -1  12  0  0 L3B 9B
C25 FF 61056 025000  780 399 1300    -9657522   +125          -7    +29   21   2  126  -15  106  -21  106  -21  13  0  0 L3B 19
C27 FF 61056 025000  780 144 2302    -5825778     +2          11    +52   24   2  320 +121  139  -25  139  -25  14  0  0 L3B 0C
C30 FF 61056 025000  780 235 2855    -3657080    -64          -1    +18   23   2  201  +17   88   -6   88   -6  15  0  0 L3B D5
C32 FF 61056 025000  780 368 2843    +9623341    -30          11    +27   21   2  135  -19   85  -15   85  -15  12  0  0 L3B F4
C33 FF 61056 025000  780 310  972    +9524783    -22          58    +42   23   2  156  +26   88  -13   88  -13  14  0  0 L3B F1
C39 FF 61056 025000  780 119  381     +181032     -4         -22    -10   20   2  382  +71   87  +10   87   10  13  0  0 L3B A8
C41 FF 61056 025000  780 822  650    +9455297    -46          -8    -29   12   2   82   +1   90  +17   90   17   7  0  0 L3B AB
C23 FF 61056 030600  780 168 1716    +5082581    -54           6    +16   24   3  279 -106  129  -23  129  -23  15  0  0 L3B 24
C24 FF 61056 030600  780 277  505      +34166   +315          -4    +24   24   3  173  +20   79   -8   79   -8  14  0  0 L3B AF
C25 FF 61056 030600  780 450 1235    -9657435   +110         -23    +13   16   3  114  -10  103   -7  103   -7   9  0  0 L3B EE
C29 FF 61056 030600  780 120 3286    -5507844    -55         -11     -4   30   3  381  -54   93  -11   93  -11  18  0  0 L3B F7
C30 FF 61056 030600  780 209 2792    -3657158    -82           6     +0   26   3  224  +31   90   +9   90    9  15  0  0 L3B AB
C32 FF 61056 030600  780 427 2877    +9623288    -18          10    +38   18   3  119  -14   81  -24   81  -24  11  0  0 L3B 05
C33 FF 61056 030600  780 254 1014    +9524716    -56          32     +7   20   3  187  +39  101   +2  101    2  12  0  0 L3B BF
C41 FF 61056 030600  780 766  870    +9455285     -5          -5    +12   19   3   83   +2   88   -3   88   -3  12  0  0 L3B 9C
C23 FF 61056 032200  780 232 1704    +5082524    -61          17    +10   20   3  205  -57  117  -17  117  -17  13  0  0 L3B 02
C24 FF 61056 032200  780 239  458      +34448   +288          -3     -4   18   3  198  +33   79   -1   79   -1  11  0  0 L3B AA
C25 FF 61056 032200  780 491 1153    -9657337    +92         -19     -6   19   3  107   -6   97   +0   97    0  11  0  0 L3B C1
C29 FF 61056 032200  780 132 3231    -5507882    -69           0    -18   18   3  347  -21   76   +1   76    1  12  0  0 L3B B8
C30 FF 61056 032200  780 176 2735    -3657236    -33           7    +50   30   3  264  +54   98  -27   98  -27  18  0  0 L3B FE
C32 FF 61056 032200  780 488 2908    +9623242    -45          18    +11   20   3  107  -11   76   -8   76   -8  12  0  0 L3B DA
C33 FF 61056 032200  780 198 1055    +9524662    -30          38    +32   33   3  236  +64  111   +1  111    1  19  0  0 L3B D9
C41 FF 61056 032200  780 705  982    +9455265    +12          -9    +29    9   3   86   +3   92  -14   92  -14   5  0  0 L3B AC
C23 FF 61056 033800  780 299 1691    +5082446    -87           6    -16   19   3  162  -34  111   +2  111    2  12  0  0 L3B D9
C24 FF 61056 033800  780 194  420      +34719   +308         -12    +16   27   3  240  +57   84  -14   84  -14  16  0  0 L3B E0
C25 FF 61056 033800  780 520 1054    -9657260   +111         -35    +13   21   3  103   -3  104   -9  104   -9  12  0  0 L3B EC
C29 FF 61056 033800  780 135 3173    -5507946    -86         -15    -35   33   3  339   +4   83  +20   83   20  20  0  0 L3B F3
C30 FF 61056 033800  780 137 2683    -3657323   -105           0    -22   28   3  335  +99  117  +36  117   36  18  0  0 L3B 1B
C32 FF 61056 033800  780 551 2934    +9623178    -45           8    +11   16   3   99   -8   85   -8   85   -8   9  0  0 L3B B9
C33 FF 61056 033800  780 144 1094    +9524614     +4          50    +66   60   3  320 +119  114  -23  114  -23  34  0  0 L3B 0C
C41 FF 61056 033800  780 642 1059    +9455249    -24          -9     -7   16   3   90   +5   91   +0   91    0   9  0  0 L3B 88
C23 FF 61056 035400  780 367 1675    +5082371    -98          -1    -27   19   3  135  -22  108  +16  108   16  11  0  0 L3B 10
C24 FF 61056 035400  780 146  393      +35004   +290          -7     -1   31   3  316 +108   84   +1   84    1  18  0  0 L3B 8F
C25 FF 61056 035400  780 532  944    -9657152    +88         -21     -9   20   3  101   +0   95   +2   95    2  11  0  0 L3B 9F
C29 FF 61056 035400  780 129 3114    -5507985    -56          -4     -5   19   3  355  +29   76   +3   76    3  13  0  0 L3B CB
C32 FF 61056 035400  780 616 2952    +9623137    -40          21    +16   15   3   92   -6   78   -7   78   -7   9  0  0 L3B B7
C41 FF 61056 035400  780 578 1120    +9455237    -44          -5    -27   13   3   95   +7   90  +16   90   16   7  0  0 L3B BE
C20 FF 61056 041000  780 118 2963    +9535844    +86          -7    -15   25   4  390 -181   83  +17   83   17  15  0  0 L3B 0C
C23 FF 61056 041000  780 435 1652    +5082315    -84           4    -14   25   4  118  -15   95   +7   95    7  15  0  0 L3B BA
C25 FF 61056 041000  780 526  834    -9657068    +73         -41    -25   15   4  102   +2   98  +12   98   12   9  0  0 L3B D0
C29 FF 61056 041000  780 113 3057    -5508044   -103         -15    -52   30   4  400  +67   87  +32   87   32  18  0  0 L3B 03
C32 FF 61056 041000  780 682 2955    +9623080    -48           9     +8   14   4   87   -4   81   -8   81   -8   8  0  0 L3B 99
C41 FF 61056 041000  780 514 1172    +9455216    -23          -9     -6   18   4  103  +10   99  +12   99   12  10  0  0 L3B C9
C20 FF 61056 042600  780 174 2987    +9535936   +111         -11    +10   30   4  269  -87   87   -8   87   -8  19  0  0 L3B 17
C23 FF 61056 042600  780 502 1618    +5082239    -80          -5    -10    9   4  105  -11   96   +0   96    0   5  0  0 L3B 96
C25 FF 61056 042600  780 502  737    -9656964    +93         -31     -6   18   4  105   +5   90   +0   90    0  10  0  0 L3B A2
C32 FF 61056 042600  780 748 2925    +9623039    -76          21    -20   14   4   84   -3   73  +14   73   14   8  0  0 L3B C4
C37 FF 61056 042600  780 101 1975    +9088447    +51           4     +0   20   4  454 -274  141   +3  141    3  12  0  0 L3B CF
C41 FF 61056 042600  780 450 1218    +9455209    -50           0    -33   15   4  114  +13  100  +29  100   29   8  0  0 L3B D3
C20 FF 61056 044200  780 232 3008    +9536024   +100         -21     -1   23   4  205  -51   94   +7   94    7  14  0  0 L3B BC
C23 FF 61056 044200  780 566 1566    +5082176   -117           0    -46   17   4   97   -7   92  +25   92   25   9  0  0 L3B D0
C25 FF 61056 044200  780 466  660    -9656866   +162         -28    +63   17   4  111   +8   85  -47   85  -47  10  0  0 L3B 15
C32 FF 61056 044200  780 810 2792    +9622980    -38          15    +18   16   4   82   -1   77  -10   77  -10   9  0  0 L3B D2
C37 FF 61056 044200  780 165 1982    +9088498    +35           6    -17   27   4  284 -110  132   -1  132   -1  18  0  0 L3B 07
C41 FF 61056 044200  780 386 1260    +9455201    +16           9    +33   18   4  129  +18  102  -17  102  -17  10  0  0 L3B F9
C20 FF 61056 051000  780 337 3029    +9536195   +107         -29     +5   21   5  146  -24   93   -2   93   -2  13  0  0 L3B E0
C23 FF 61056 051000  780 660 1393    +5082051    -86         -12    -16   14   5   88   -3   93   +5   93    5   8  0  0 L3B A6
C25 FF 61056 051000  780 380  573    -9656706    +87         -31    -12   16   5  131  +16   85   +6   85    6   9  0  0 L3B C4
C32 FF 61056 051000  780 820 1871    +9622880   -100           6    -45   13   5   82   +1   84  +25   84   25   8  0  0 L3B B7
C37 FF 61056 051000  780 280 2000    +9088587    +39           8    -13   19   5  172  -39  110   -3  110   -3  11  0  0 L3B DD
C41 FF 61056 051000  780 276 1324    +9455179    -54          25    -35   20   5  173  +37  110  +27  110   27  12  0  0 L3B 05
C20 FF 61056 052600  780 399 3029    +9536300   +101         -22     +0   21   5  126  -17   90   -1   90   -1  13  0  0 L3B C9
C23 FF 61056 052600  780 690 1228    +5081990    -46          -6    +23   13   5   87   -1   87  -14   87  -14   7  0  0 L3B D3
C25 FF 61056 052600  780 325  547    -9656619    +57         -38    -41   21   5  150  +24   89  +29   89   29  13  0  0 L3B 0D
C32 FF 61056 052600  780 757 1691    +9622831    -82          10    -27   13   5   83   +3   83  +18   83   18   8  0  0 L3B CC
C37 FF 61056 052600  780 348 2012    +9088625    +26          -4    -25   21   5  142  -25  108   +7  108    7  12  0  0 L3B E6
C40 FF 61056 052600  780 105  681    +2000619     +8           8    -22   24   5  434 -122   89  +17   89   17  16  0  0 L3B CC
C41 FF 61056 052600  780 214 1356    +9455146    +11          10    +29   34   5  220  +62  128   -1  128   -1  19  0  0 L3B E9
C20 FF 61056 054200  780 460 3018    +9536397    +93         -23     -9   20   5  112  -12   90   +4   90    4  11  0  0 L3B BA
C23 FF 61056 054200  780 692 1035    +5081920    -62          -8     +8   22   5   86   +1   86   -6   86   -6  12  0  0 L3B A4
C25 FF 61056 054200  780 268  533    -9656523    +93         -36     -5   17   5  178  +36   91   +8   91    8  10  0  0 L3B CF
C32 FF 61056 054200  780 686 1642    +9622773    -85           5    -30   18   5   87   +4   91  +19   91   19  10  0  0 L3B D0
C37 FF 61056 054200  780 417 2025    +9088682    +63           5    +12   23   5  122  -17   96  -13   96  -13  13  0  0 L3B EE
C40 FF 61056 054200  780 134  667    +2000629    +61         -11    +30   27   5  344  -72  104  -18  104  -18  17  0  0 L3B 05
C41 FF 61056 054200  780 153 1385    +9455143    +30          24    +48   35   5  303 +119  141   -9  141   -9  19  0  0 L3B 0B
C20 FF 61056 055800  780 521 2988    +9536476    +88         -42    -14   20   5  102   -9  102  +12  102   12  11  0  0 L3B 04
C23 FF 61056 055800  780 667  869    +5081839    -75         -22     -5   13   5   88   +2   93   -1   93   -1   7  0  0 L3B AC
C25 FF 61056 055800  780 211  528    -9656420    +87         -28    -12   18   5  223  +59   91  +18   91   18  12  0  0 L3B FD
C32 FF 61056 055800  780 613 1630    +9622715    -33           0    +22   21   5   92   +7   96   -7   96   -7  12  0  0 L3B A7
C37 FF 61056 055800  780 487 2038    +9088721    +57          -6     +6   16   5  108  -12   98   -9   98   -9  12  0  0 L3B EC
C40 FF 61056 055800  780 161  652    +2000658    +25         -12     -5   23   5  288  -46  103   -2  103   -2  15  0  0 L3B CF
C19 FF 61056 061400  780 127 3138    +9634848    +69          10    +30   27   6  364 -164   76  -29   76  -29  17  0  0 L3B 33
C20 FF 61056 061400  780 577 2932    +9536577   +151         -36    +49   16   6   96   -6   99  -29   99  -29   9  0  0 L3B 22
C23 FF 61056 061400  780 623  756    +5081778    -37         -27    +32   14   6   91   +4   91  -16   91  -16   8  0  0 L3B D2
C25 FF 61056 061400  780 154  532    -9656339   +148         -26    +51   30   6  300 +109  114  -13  114  -13  18  0  0 L3B 33
C32 FF 61056 061400  780 539 1633    +9622665    -56          10     +0   13   6  100  +10  100  +14  100   14   7  0  0 L3B C7
C37 FF 61056 061400  780 558 2047    +9088778    +54           2     +3   19   6   98   -9   91   -3   91   -3  11  0  0 L3B B0
C40 FF 61056 061400  780 186  634    +2000680    +59         -13    +29   25   6  251  -32  105  -21  105  -21  16  0  0 L3B 01
C19 FF 61056 063000  780 185 3140    +9634852    -14         -23    -53   29   6  254  -79   95  +22   95   22  18  0  0 L3B 14
C20 FF 61056 063000  780 625 2839    +9536694    +99         -16     -3   12   6   91   -4   88   +6   88    6   7  0  0 L3B B7
C23 FF 61056 063000  780 568  690    +5081711    -55         -28    +14   14   6   96   +7   94   -2   94   -2   8  0  0 L3B AD
C32 FF 61056 063000  780 466 1641    +9622615    -81          14    -25   16   6  111  +14  111  +29  111   29   9  0  0 L3B F4
C37 FF 61056 063000  780 630 2051    +9088835    +22           9    -29   17   6   91   -6   87  +19   87   19  11  0  0 L3B D3
C40 FF 61056 063000  780 209  615    +2000716    +33          -7     +3   19   6  225  -22  108   -2  108   -2  13  0  0 L3B B1
C19 FF 61056 064600  780 243 3132    +9634890    +41         -23     +2   28   6  196  -45   93   -3   93   -3  16  0  0 L3B E3
C20 FF 61056 064600  780 656 2701    +9536793   +132         -15    +31   17   6   89   -2   94  -11   94  -11  10  0  0 L3B FD
C23 FF 61056 064600  780 509  656    +5081636    -70         -38     -2   15   6  104   +9  107  +12  107   12   9  0  0 L3B D7
C32 FF 61056 064600  780 394 1651    +9622556    -50           9     +6   20   6  127  +20  134  +25  134   25  12  0  0 L3B E8
C37 FF 61056 064600  780 700 2039    +9088884    +33           9    -18   21   6   86   -4   89  +16   89   16  12  0  0 L3B DE
C40 FF 61056 064600  780 228  594    +2000740    -14         -12    -44   19   6  207  -16  119  +36  119   36  11  0  0 L3B 04
C19 FF 61056 070200  780 300 3115    +9634940    +44          -5     +6   23   7  161  -28   86   +8   86    8  14  0  0 L3B BC
C20 FF 61056 070200  780 664 2530    +9536886   +118         -17    +16   16   7   88   +0  105   +0  105    0   9  0  0 L3B D3
C23 FF 61056 070200  780 448  641    +5081578   -104         -12    -34   12   7  114  +13  115  +39  115   39   7  0  0 L3B 04
C32 FF 61056 070200  780 323 1662    +9622507    -29          20    +28   20   7  151  +30  163  +21  163   21  12  0  0 L3B F5
C37 FF 61056 070200  780 769 1987    +9088922    +22          -2    -29   15   7   83   -2   98  +23   98   23   9  0  0 L3B E1
C40 FF 61056 070200  780 245  571    +2000758    +66         -24    +36   22   7  194  -11  134   -9  134   -9  14  0  0 L3B EE
C19 FF 61056 071800  780 355 3085    +9634985    +30           3     -9   24   7  139  -19   89  +12   89   12  15  0  0 L3B F0
C20 FF 61056 071800  780 644 2365    +9536984    +97         -17     -5   18   7   90   +2  118  +17  118   17  11  0  0 L3B 01
C23 FF 61056 071800  780 387  641    +5081504    -51         -18    +20   20   7  129  +18  133   +4  133    4  12  0  0 L3B D8
C32 FF 61056 071800  780 254 1672    +9622465    -36          33    +20   20   7  187  +48  190  +43  190   43  13  0  0 L3B 18
C37 FF 61056 071800  780 829 1781    +9088972    +76          -2    +25   11   7   81   -1  106   -6  106   -6   7  0  0 L3B D9
C40 FF 61056 071800  780 257  547    +2000803    +46          -7    +15   19   7  185   -8  134   -1  134   -1  12  0  0 L3B C8
C19 FF 61056 073400  780 405 3040    +9635015    +71          -4    +32   19   7  124  -12  103   -4  103   -4  12  0  0 L3B DA
C20 FF 61056 073400  780 602 2238    +9537085    +98         -14     -4   14   7   93   +5  130  +23  130   23   8  0  0 L3B D4
C23 FF 61056 073400  780 327  649    +5081445    -58         -10    +13   16   7  149  +25  150  +16  150   16   9  0  0 L3B FC
C32 FF 61056 073400  780 186 1680    +9622412    -73          33    -16   19   7  251  +88  235  +77  235   77  13  0  0 L3B 2B
C37 FF 61056 073400  780 843 1152    +9089027    +15           4    -37   15   7   81   +0  110  +28  110   28   9  0  0 L3B C8
C40 FF 61056 073400  780 267  523    +2000827    +36         -13     +5   19   7  179   -5  149  +11  149   11  11  0  0 L3B E0
C43 FF 61056 073400  780 113  710    -1297955    -17           9     -8   52   7  404 -110  251  -20  251  -20  36  0  0 L3B F5
C19 FF 61056 075000  780 447 2977    +9635038    +51         -18    +12   22   7  115   -8  121   +1  121    1  13  0  0 L3B E1
C20 FF 61056 075000  780 546 2150    +9537184   +103         -12     +1   19   7   99   +8  144  +16  144   16  10  0  0 L3B F3
C23 FF 61056 075000  780 269  665    +5081379    -20          -8    +50   23   7  178  +36  172   -8  172   -8  14  0  0 L3B F7
C32 FF 61056 075000  780 121 1687    +9622374    -65          50     -9   24   7  380 +199  286  +57  286   57  14  0  0 L3B 39
C37 FF 61056 075000  780 794  816    +9089064    +54          -9     +3    9   7   82   +2  122   +3  122    3   5  0  0 L3B 88
C40 FF 61056 075000  780 272  499    +2000847    +35         -22     +5   23   7  176   -2  161  +14  161   14  13  0  0 L3B D8
C43 FF 61056 075000  780 141  655    -1297956    +27          16    +36   33   7  327  -56  224  -37  224  -37  21  0  0 L3B 1F
C19 FF 61056 080600  780 478 2895    +9635095    +56           8    +18   18   8  109   -4  118   +0  118    0  10  0  0 L3B E2
C20 FF 61056 080600  780 483 2092    +9537280    +93         -14     -8   17   8  108  +11  163  +19  163   19  10  0  0 L3B 12
C23 FF 61056 080600  780 211  686    +5081299    -11         -20    +59   27   8  222  +58  210  +11  210   11  17  0  0 L3B FC
C37 FF 61056 080600  780 730  738    +9089121     +4          -6    -48   19   8   84   +3  124  +31  124   31  11  0  0 L3B C8
C40 FF 61056 080600  780 273  475    +2000878    +44         -17    +14   27   8  175   +0  168  -15  168  -15  16  0  0 L3B 0F
C43 FF 61056 080600  780 161  597    -1297959     +1          12     +9   33   8  288  -29  206  -11  206  -11  20  0  0 L3B F5
C19 FF 61056 082200  780 494 2798    +9635118    +55          -7    +17   19   8  106   -1  139   -2  139   -2  11  0  0 L3B FB
C20 FF 61056 082200  780 416 2053    +9537381    +88         -11    -14   14   8  121  +17  182  +33  182   33   8  0  0 L3B 08
C22 FF 61056 082200  780 130 3260    -4310238    -72           1    -39   17   8  355 -141  134  +29  134   29  10  0  0 L3B 04
C23 FF 61056 082200  780 156  711    +5081238    -84         -14    -14   30   8  296 +102  251  +64  251   64  18  0  0 L3B 1C
C28 FF 61056 082200  780 117 1092    -4720357    +12         -17    +57  131   8  393 -163  368  -50  368  -50  88  0  0 L3B 68
C37 FF 61056 082200  780 666  725    +9089166    -15         -11    -67   20   8   88   +4  131  +45  131   45  12  0  0 L3B F8
C40 FF 61056 082200  780 271  452    +2000918    +21          -6     -9   18   8  176   +2  158  +10  158   10  11  0  0 L3B C3
C43 FF 61056 082200  780 173  536    -1297962    +25          16    +33   29   8  269  -10  203  -26  203  -26  20  0  0 L3B 10
C19 FF 61056 083800  780 493 2693    +9635170    +47           9     +8   22   8  106   +2  137   +3  137    3  13  0  0 L3B C9
C20 FF 61056 083800  780 347 2025    +9537482   +110          -8     +8   19   8  141  +25  199  +14  199   14  11  0  0 L3B 1A
C22 FF 61056 083800  780 181 3233    -4310285    -78         -15    -46   28   8  259  -69  154  +45  154   45  18  0  0 L3B 3F
C28 FF 61056 083800  780 165 1047    -4720378    -19           6    +26   35   8  283  -80  309  -44  309  -44  23  0  0 L3B 2B
C37 FF 61056 083800  780 601  735    +9089215    +24         -12    -28   16   8   93   +6  137  +19  137   19   9  0  0 L3B F3
C40 FF 61056 083800  780 265  432    +2000945    +85          -8    +54   16   8  180   +5  172  -21  172  -21  10  0  0 L3B EB
C43 FF 61056 083800  780 174  475    -1297978     +4           8    +12   36   8  267   +5  200   -6  200   -6  23  0  0 L3B C3
C19 FF 61056 085400  780 475 2593    +9635202    +35           5     -3   19   8  109   +5  148   +6  148    6  11  0  0 L3B CC
C20 FF 61056 085400  780 279 2004    +9537575   +129         -12    +28   16   8  172  +39  220   +7  220    7  10  0  0 L3B 0E
C22 FF 61056 085400  780 226 3196    -4310324     -6         -23    +26   30   8  209  -39  169   -7  169   -7  18  0  0 L3B 09
C28 FF 61056 085400  780 210  998    -4720434    -35          -7    +10   23   8  225  -45  264  -97  264  -97  18  0  0 L3B 2A
C36 FF 61056 085400  780 129 2575    -3053481    -22          45    -35   37   8  359 -148  236  +23  236   23  22  0  0 L3B 3A
C37 FF 61056 085400  780 538  756    +9089262    +11         -14    -41   17   8  100   +8  146  +31  146   31   9  0  0 L3B F4
C40 FF 61056 085400  780 256  414    +2001001    +20          19    -10   18   8  186   +7  162   +9  162    9  11  0  0 L3B B3
C43 FF 61056 085400  780 166  416    -1297999    -10          -6     -2   25   8  279  +21  217   +1  217    1  15  0  0 L3B D2
C19 FF 61056 091000  780 442 2504    +9635236    +44           1     +6   17   9  116   +8  159   +7  159    7  10  0  0 L3B C0
C20 FF 61056 091000  780 212 1987    +9537670    +71         -11    -30   22   9  222  +68  256  +66  256   66  13  0  0 L3B 2A
C22 FF 61056 091000  780 266 3148    -4310351     -9         -16    +24   24   9  180  -23  175   -6  175   -6  14  0  0 L3B F5
C27 FF 61056 091000  780 122 1351    -5826891    -44          12     +5   37   9  379 -173  371  -47  371  -47  26  0  0 L3B 3B
C28 FF 61056 091000  780 250  942    -4720483    -42          14     +5   18   9  191  -27  224  -36  224  -36  11  0  0 L3B FD
C36 FF 61056 091000  780 182 2611    -3053464    +32          46    +18   30   9  257  -76  204  -34  204  -34  20  0  0 L3B 17
C37 FF 61056 091000  780 477  784    +9089311    +60          -4    +10   18   9  109  +11  158  +13  158   13  10  0  0 L3B FB
C40 FF 61056 091000  780 244  398    +2001038    +50          28    +20   13   9  194  +10  171   -1  171   -1   8  0  0 L3B BA
C43 FF 61056 091000  780 148  361    -1297998    -27           9    -18   34   9  310  +46  220  +44  220   44  20  0  0 L3B F6
C19 FF 61056 092600  780 397 2431    +9635274    +28           2    -10   16   9  126  +13  172  +22  172   22   9  0  0 L3B F5
C20 FF 61056 092600  780 147 1972    +9537757    +73         -21    -29   18   9  315 +136  307  +60  307   60  12  0  0 L3B 44
C22 FF 61056 092600  780 297 3090    -4310369    -24          -3     +9   20   9  163  -13  178   +6  178    6  12  0  0 L3B E2
C27 FF 61056 092600  780 178 1318    -5826945     +6           5    +55   30   9  263  -83  288 -125  288 -125  18  0  0 L3B 4D
C28 FF 61056 092600  780 283  879    -4720524    -61          19    -14   25   9  170  -17  201   +9  201    9  16  0  0 L3B ED
C36 FF 61056 092600  780 237 2647    -3053469    +28          27    +14   27   9  201  -45  202  -14  202  -14  17  0  0 L3B 22
C37 FF 61056 092600  780 417  815    +9089371    +78           8    +27   18   9  121  +15  167   -2  167   -2  10  0  0 L3B EE
C40 FF 61056 092600  780 230  386    +2001045    +41           6    +11   20   9  205  +14  196  +15  196   15  13  0  0 L3B D3
C43 FF 61056 092600  780 122  311    -1298018    +54          -3    +63   36   9  373  +90  251  -10  251  -10  21  0  0 L3B F7
C19 FF 61056 094200  780 345 2371    +9635302    +68          -6    +30   22   9  142  +20  201  +10  201   10  13  0  0 L3B EC
C22 FF 61056 094200  780 317 3022    -4310410    -48         -12    -15   19   9  153   -7  191  +22  191   22  11  0  0 L3B F7
C27 FF 61056 094200  780 234 1280    -5826991   -107           7    -57   20   9  203  -47  237  +10  237   10  11  0  0 L3B 16
C28 FF 61056 094200  780 308  810    -4720573    -16          15    +31   30   9  158   -9  207  -24  207  -24  18  0  0 L3B 01
C36 FF 61056 094200  780 293 2684    -3053445    +44          38    +31   21   9  165  -30  192  -27  192  -27  12  0  0 L3B 2C
C37 FF 61056 094200  780 359  849    +9089413    +57           2     +6   20   9  137  +20  185  +13  185   13  12  0  0 L3B EC
C40 FF 61056 094200  780 213  377    +2001081    +48          13    +18   22   9  220  +18  214  +18  214   18  13  0  0 L3B E5
C19 FF 61056 095800  780 288 2323    +9635345    +71           0    +33   30   9  167  +32  224  +11  224   11  17  0  0 L3B 00
C22 FF 61056 095800  780 325 2949    -4310437     -5          -9    +27   28   9  150   -1  201   -5  201   -5  18  0  0 L3B D6
C27 FF 61056 095800  780 289 1236    -5827039    -56           5     -6   19   9  167  -29  223   +4  223    4  11  0  0 L3B EA
C28 FF 61056 095800  780 321  737    -4720609    -45          24     +2   26   9  152   -3  204  +27  204   27  15  0  0 L3B E2
C36 FF 61056 095800  780 350 2720    -3053431     -4          39    -18   19   9  141  -21  185   +3  185    3  12  0  0 L3B DF
C37 FF 61056 095800  780 301  884    +9089469    +28           9    -23   24   9  160  +28  208  +60  208   60  14  0  0 L3B 0C
C40 FF 61056 095800  780 194  371    +2001094    -68          -2    -98   26   9  240  +23  243  +70  243   70  16  0  0 L3B 00
C19 FF 61056 101400  780 229 2283    +9635396    +59          13    +21   21  10  206  +52  254  +42  254   42  13  0  0 L3B 1B
C21 FF 61056 101400  780 102 3359    +8902477    -38           2    +15   30  10  445 -163  247  +16  247   16  18  0  0 L3B 20
C22 FF 61056 101400  780 321 2873    -4310464    -18          -4    +15   26  10  152   +5  209   +0  209    0  15  0  0 L3B C8
C27 FF 61056 101400  780 341 1183    -5827093    -36          12    +14   23  10  144  -19  223  -14  223  -14  13  0  0 L3B 19
C28 FF 61056 101400  780 322  663    -4720657    -39           6     +7   35  10  151   +2  219   +6  219    6  19  0  0 L3B BA
C36 FF 61056 101400  780 408 2755    -3053429    +12          24     -2   23  10  124  -15  188   -7  188   -7  14  0  0 L3B F8
C37 FF 61056 101400  780 246  919    +9089508    +25           6    -25   24  10  193  +42  256  +57  256   57  14  0  0 L3B 15
C40 FF 61056 101400  780 174  369    +2001105    +25         -21     -5   26  10  266  +31  279  +30  279   30  16  0  0 L3B F3
C19 FF 61056 103000  780 169 2249    +9635421     +2           2    -36   28  10  274  +95  309  +83  309   83  18  0  0 L3B 11
C21 FF 61056 103000  780 137 3315    +8902428    -58           4     -5   38  10  336  -76  254   +5  254    5  23  0  0 L3B DD
C22 FF 61056 103000  780 303 2799    -4310500    -37          -8     -5   25  10  159  +11  225  +20  225   20  14  0  0 L3B EC
C27 FF 61056 103000  780 387 1120    -5827140    -33          14    +17   19  10  129  -12  220   -7  220   -7  11  0  0 L3B F0
C28 FF 61056 103000  780 311  592    -4720702    -44           5     +2   24  10  156   +8  236  +14  236   14  14  0  0 L3B C4
C30 FF 61056 103000  780 137 1665    -3659360   -115           9    -32   23  10  339 -154  297  +22  297   22  15  0  0 L3B 3A
C36 FF 61056 103000  780 468 2789    -3053419    +40          21    +26   25  10  111  -11  180  -17  180  -17  14  0  0 L3B 20
C37 FF 61056 103000  780 191  955    +9089556    -12           7    -62   27  10  244  +68  299  +83  299   83  17  0  0 L3B 2C
C40 FF 61056 103000  780 153  370    +2001130    +85         -26    +55   27  10  301  +42  296  -29  296  -29  15  0  0 L3B 17
C19 FF 61056 104600  780 110 2219    +9635455    +75          -1    +37   39  10  413 +214  372  +42  372   42  25  0  0 L3B 2D
C21 FF 61056 104600  780 164 3263    +8902381    -53           8     +0   31  10  283  -39  255   -3  255   -3  18  0  0 L3B E6
C22 FF 61056 104600  780 275 2730    -4310545    -47         -22    -14   24  10  174  +20  251  +27  251   27  14  0  0 L3B 1A
C27 FF 61056 104600  780 424 1044    -5827187    -21          15    +29   23  10  120   -8  212  -21  212  -21  13  0  0 L3B 03
C28 FF 61056 104600  780 289  528    -4720749    -84           2    -37   26  10  167  +15  247  +39  247   39  16  0  0 L3B 24
C30 FF 61056 104600  780 200 1650    -3659448    -70           1    +13   27  10  236  -75  281  -33  281  -33  17  0  0 L3B 17
C36 FF 61056 104600  780 529 2820    -3053414    +51          13    +37   18  10  101   -9  182  -34  182  -34  10  0  0 L3B 0D
C37 FF 61056 104600  780 137  991    +9089618    +87          20    +37   43  10  334 +127  331  +10  331   10  25  0  0 L3B 22
C40 FF 61056 104600  780 131  375    +2001173    +77         -11    +47   34  10  348  +58  301  -19  301  -19  19  0  0 L3B 1A
C21 FF 61056 110200  780 182 3206    +8902321    -79          -5    -26   27  11  256  -18  264  +16  264   16  16  0  0 L3B 1C
C22 FF 61056 110200  780 238 2669    -4310559     +8          -8    +41   37  11  199  +33  263   +5  263    5  22  0  0 L3B EC
C27 FF 61056 110200  780 449  957    -5827220    -17          22    +33   17  11  114   -4  198  -37  198  -37   9  0  0 L3B 11
C28 FF 61056 110200  780 256  473    -4720782    -43          -8     +1   23  11  186  +25  244   +6  244    6  15  0  0 L3B D3
C30 FF 61056 110200  780 266 1633    -3659521    -69          12    +14   22  11  181  -43  268   -1  268   -1  13  0  0 L3B 02
C36 FF 61056 110200  780 591 2847    -3053393     -7          19    -21   15  11   94   -6  169   +3  169    3   8  0  0 L3B C8
C40 FF 61056 110200  780 109  382    +2001207    +36          -7     +5   41  11  416  +84  309   -7  309   -7  23  0  0 L3B CD
C21 FF 61056 111800  780 189 3144    +8902263   -101         -12    -48   42  11  247   -3  271  +29  271   29  24  0  0 L3B 2E
C22 FF 61056 111800  780 195 2614    -4310579    -25           4     +8   25  11  240  +55  281   +7  281    7  15  0  0 L3B DA
C27 FF 61056 111800  780 460  863    -5827278    -48          12     +1   22  11  112   -1  195  -14  195  -14  13  0  0 L3B FA
C28 FF 61056 111800  780 217  429    -4720826   -114         -11    -70   23  11  217  +42  260  +69  260   69  13  0  0 L3B 2E
C30 FF 61056 111800  780 332 1614    -3659610   -116           2    -33   18  11  148  -27  259  -23  259  -23  10  0  0 L3B 2B
C36 FF 61056 111800  780 655 2866    -3053381    +34          18    +20   12  11   89   -5  164  -20  164  -20   6  0  0 L3B F9
C21 FF 61056 113400  780 186 3081    +8902223    -51          -2     +1   28  11  250  +11  269   +7  269    7  16  0  0 L3B DD
C22 FF 61056 113400  780 147 2566    -4310615    -13          -2    +19   32  11  313 +103  319  +20  319   20  20  0  0 L3B 0B
C27 FF 61056 113400  780 455  769    -5827323    -35          14    +15   16  11  113   +3  190   -8  190   -8   9  0  0 L3B E0
C28 FF 61056 113400  780 171  394    -4720874    -51         -17     -8   25  11  271  +75  282  +15  282   15  16  0  0 L3B 17
C30 FF 61056 113400  780 399 1588    -3659691   -110           0    -26   15  11  126  -18  232   -6  232   -6   9  0  0 L3B 04
C36 FF 61056 113400  780 720 2870    -3053358     +2          27    -12   14  11   85   -3  152   +4  152    4   8  0  0 L3B AA
C21 FF 61056 115000  780 173 3018    +8902164    -93         -10    -41   40  11  269  +28  283  +38  283   38  23  0  0 L3B 30
C27 FF 61056 115000  780 435  684    -5827372    -50          13     +0   22  11  117   +6  191   +5  191    5  13  0  0 L3B BE
C28 FF 61056 115000  780 121  369    -4720923    +77         -24   +121   31  11  376 +154  300  -55  300  -55  18  0  0 L3B 43
C30 FF 61056 115000  780 465 1552    -3659773    -63          -2    +20   17  11  111  -13  211  -32  211  -32  10  0  0 L3B 09
C36 FF 61056 115000  780 784 2831    -3053360    +33          12    +19   17  11   83   -2  158  -10  158  -10   9  0  0 L3B F1
C45 FF 61056 115000  780 276 2913    +6484505   +196           0    +12   22  11  174  -35  230  -33  230  -33  13  0  0 L3B 1E
C21 FF 61056 120600  780 150 2959    +8902122    +46          -2    +99   30  12  307  +54  290  -46  290  -46  17  0  0 L3B 30
C27 FF 61056 120600  780 403  613    -5827414    -65          12    -16   25  12  125  +10  192   +9  192    9  14  0  0 L3B E7
C29 FF 61056 120600  780 149 1924    -5509515    -77          -9    -25   25  12  314 -135  353  -55  353  -55  16  0  0 L3B 56
C30 FF 61056 120600  780 528 1500    -3659855    -37          -3    +46   12  12  102   -9  203  -42  203  -42   7  0  0 L3B FA
C36 FF 61056 120600  780 843 2614    -3053332    -20          29    -33   12  12   81   -1  150  +17  150   17   7  0  0 L3B D7
C45 FF 61056 120600  780 335 2933    +6484687   +172           2    -13   24  12  146  -24  209   -1  209   -1  14  0  0 L3B 0B
C21 FF 61056 122200  780 119 2903    +8902056     -8         -18    +45   47  12  381 +106  312   +7  312    7  26  0  0 L3B 05
C27 FF 61056 122200  780 361  558    -5827458     +9          15    +58   15  12  137  +16  193  -30  193  -30   9  0  0 L3B 0C
C29 FF 61056 122200  780 214 1929    -5509572    -50         -15     +1   16  12  221  -67  299  -44  299  -44  12  0  0 L3B 3C
C30 FF 61056 122200  780 585 1424    -3659931    -64           1    +19   17  12   95   -6  188  -24  188  -24  10  0  0 L3B 0B
C36 FF 61056 122200  780 849 1842    -3053317     -9          31    -23    8  12   81   +1  150  +16  150   16   4  0  0 L3B BD
C45 FF 61056 122200  780 395 2946    +6484857   +198          -4    +13   14  12  127  -17  198  -23  198  -23   9  0  0 L3B 51
C27 FF 61056 123800  780 312  518    -5827514    -41           6     +7   22  12  155  +24  208  +11  208   11  14  0  0 L3B DE
C29 FF 61056 123800  780 281 1936    -5509610    -62          -4    -11   22  12  172  -40  263  -23  263  -23  14  0  0 L3B 25
C30 FF 61056 123800  780 630 1312    -3660011    -72           0    +11   18  12   91   -3  180  -13  180  -13  10  0  0 L3B CE
C36 FF 61056 123800  780 791 1563    -3053303    +60          31    +46   14  12   82   +2  149  -28  149  -28   8  0  0 L3B 01
C45 FF 61056 123800  780 457 2951    +6485031   +216          -8    +32   16  12  113  -12  188  -32  188  -32   9  0  0 L3B 36
C27 FF 61056 125400  780 259  491    -5827557    -53          10     -5   15  12  184  +37  218  +19  218   19   9  0  0 L3B 09
C29 FF 61056 125400  780 349 1943    -5509667    -45         -11     +7   16  12  141  -25  238  -38  238  -38  10  0  0 L3B 42
C30 FF 61056 125400  780 657 1162    -3660085    -85           6     -2   17  12   89   -1  172   -4  172   -4  10  0  0 L3B C5
C36 FF 61056 125400  780 723 1508    -3053304    +10          17     -4   18  12   85   +3  160   +8  160    8  10  0  0 L3B B5
C45 FF 61056 125400  780 519 2943    +6485201   +190         -15     +5   22  12  103   -9  182   -9  182   -9  13  0  0 L3B 0B
C27 FF 61056 131000  780 204  475    -5827603    -40           7     +8   28  13  230  +62  226   +2  226    2  16  0  0 L3B BC
C29 FF 61056 131000  780 420 1949    -5509720    -50         -17     +2   18  13  121  -17  215  -25  215  -25  11  0  0 L3B 1B
C30 FF 61056 131000  780 659  994    -3660164    -86          -3     -4   19  13   89   +1  169   -2  169   -2  11  0  0 L3B D1
C36 FF 61056 131000  780 652 1500    -3053291    +14           8     -1   14  13   89   +5  166   +7  166    7   8  0  0 L3B A1
C38 FF 61056 131000  780 121  685    -2689846    -73         -11    -53   20  13  377 -100  266   +1  266    1  12  0  0 L3B 0C
C45 FF 61056 131000  780 580 2916    +6485390   +193          -6     +8   17  13   95   -7  165  -16  165  -16  10  0  0 L3B 19
C27 FF 61056 132600  780 147  468    -5827658    -19          -1    +29   23  13  313 +117  238  -15  238  -15  14  0  0 L3B 3E
C29 FF 61056 132600  780 491 1954    -5509767    -32         -15    +20   17  13  107  -12  197  -29  197  -29  10  0  0 L3B 56
C30 FF 61056 132600  780 636  847    -3660247    -68          -7    +15   13  13   90   +3  167  -11  167  -11   8  0  0 L3B EC
C36 FF 61056 132600  780 582 1507    -3053281    +13           4     -1   15  13   95   +8  173   +0  173    0   8  0  0 L3B 9A
C38 FF 61056 132600  780 153  671    -2689880     -9         -26    +10   30  13  303  -60  258  -46  258  -46  20  0  0 L3B 2A
C45 FF 61056 132600  780 638 2857    +6485554   +202         -19    +17   20  13   90   -4  166  -11  166  -11  12  0  0 L3B 31
C26 FF 61056 134200  780 146 3083    +5824659    -15          12    -72   27  13  319 -124  272   +3  272    3  17  0  0 L3B 17
C29 FF 61056 134200  780 562 1953    -5509819    -42         -17    +10   18  13   97   -8  181  -24  181  -24  11  0  0 L3B 29
C30 FF 61056 134200  780 594  741    -3660337   -130         -17    -48   18  13   94   +5  167  +24  167   24  10  0  0 L3B 12
C36 FF 61056 134200  780 511 1521    -3053261    +26          10    +12   12  13  104  +11  181   +0  181    0   8  0  0 L3B B7
C38 FF 61056 134200  780 183  654    -2689872    -39           1    -20   22  13  256  -39  214  -10  214  -10  14  0  0 L3B 0E
C45 FF 61056 134200  780 687 2749    +6485732   +216         -18    +31   17  13   87   -3  160  -26  160  -26  10  0  0 L3B 3A
C26 FF 61056 135800  780 203 3084    +5824695    +38          -6    -18   23  13  232  -65  250  -27  250  -27  15  0  0 L3B 37
C29 FF 61056 135800  780 634 1942    -5509870    -98         -19    -47   15  13   90   -6  167  +18  167   18   9  0  0 L3B 2E
C30 FF 61056 135800  780 542  673    -3660410   -116         -12    -33   16  13  100   +7  164  +22  164   22   9  0  0 L3B F9
C36 FF 61056 135800  780 441 1536    -3053245    +21          12     +6   14  13  116  +15  179   +4  179    4   8  0  0 L3B D7
C38 FF 61056 135800  780 210  635    -2689924    -21         -32     -2   29  13  224  -27  216  -14  216  -14  16  0  0 L3B 1E
C45 FF 61056 135800  780 718 2571    +6485910   +216         -17    +31   12  13   85   -1  157  -17  157  -17   7  0  0 L3B 2B
C26 FF 61056 141400  780 260 3078    +5824753    +60          -5     +3   26  14  184  -39  215  -34  215  -34  16  0  0 L3B 1D
C29 FF 61056 141400  780 703 1905    -5509915    -82         -17    -30   15  14   86   -4  158  +10  158   10   9  0  0 L3B 06
C30 FF 61056 141400  780 484  635    -3660490    -83         -14     +0   16  14  108  +10  167   +6  167    6   9  0  0 L3B D7
C35 FF 61056 141400  780 150 2234    +2343684   +141         -22     +0   26  14  311 -124  305  -50  305  -50  18  0  0 L3B 2D
C36 FF 61056 141400  780 372 1552    -3053233    -12          22    -25   16  14  133  +22  196  +33  196   33  10  0  0 L3B 0F
C38 FF 61056 141400  780 234  614    -2689929     +1         -19    +21   29  14  202  -19  199  -20  199  -20  17  0  0 L3B 2C
C45 FF 61056 141400  780 719 2350    +6486094   +211         -14    +26   20  14   85   +1  153  -20  153  -20  12  0  0 L3B 16
C26 FF 61056 143000  780 317 3062    +5824795    +48         -17     -9   26  14  154  -25  199  -25  199  -25  15  0  0 L3B 4B
C29 FF 61056 143000  780 768 1806    -5509956    -60          -9     -8   12  14   83   -2  149   -1  149   -1   7  0  0 L3B DB
C30 FF 61056 143000  780 424  617    -3660559    -90          -5     -8   21  14  119  +14  164   +8  164    8  12  0  0 L3B D7
C35 FF 61056 143000  780 211 2260    +2343802   +138         -39     -3   23  14  225  -64  267  -51  267  -51  14  0  0 L3B 33
C36 FF 61056 143000  780 304 1567    -3053221     -2          22    -15   17  14  159  +33  213  +22  213   22  10  0  0 L3B EC
C38 FF 61056 143000  780 256  591    -2689936     -2          -7    +18   20  14  186  -14  183  -30  183  -30  12  0  0 L3B 12
C45 FF 61056 143000  780 689 2161    +6486262   +165         -23    -20   15  14   87   +3  157   +7  157    7   8  0  0 L3B FB
C26 FF 61056 144600  780 371 3033    +5824851    +23         -15    -33   19  14  134  -17  178  +10  178   10  11  0  0 L3B 29
C29 FF 61056 144600  780 816 1527    -5510022    -62         -26    -10   16  14   82   -1  153   +3  153    3   9  0  0 L3B CD
C30 FF 61056 144600  780 364  612    -3660653   -114         -20    -32   19  14  136  +20  174  +21  174   21  11  0  0 L3B 18
C35 FF 61056 144600  780 272 2290    +2343942   +154         -34    +13   19  14  177  -38  226  -66  226  -66  13  0  0 L3B 5E
C36 FF 61056 144600  780 238 1580    -3053212     +9          19     -4   15  14  199  +53  230  +17  230   17   8  0  0 L3B EE
C38 FF 61056 144600  780 273  566    -2689957    -10          -9    +10   21  14  175  -10  173  -19  173  -19  12  0  0 L3B 2D
C45 FF 61056 144600  780 638 2038    +6486446   +221         -17    +36   21  14   90   +5  154  -14  154  -14  13  0  0 L3B 2E
C26 FF 61056 150200  780 421 2989    +5824900    +29         -20    -27   14  15  121  -11  172   +5  172    5   8  0  0 L3B F5
C29 FF 61056 150200  780 813 1058    -5510069    -67         -22    -15   15  15   82   +1  149   +9  149    9   9  0  0 L3B E7
C30 FF 61056 150200  780 304  618    -3660730    -70          -9    +13   22  15  159  +29  174   -3  174   -3  12  0  0 L3B EB
C35 FF 61056 150200  780 334 2322    +2344079   +102         -51    -40   24  15  147  -25  198   +8  198    8  13  0  0 L3B 1D
C36 FF 61056 150200  780 173 1592    -3053186    +60          25    +46   14  15  269  +98  241  -12  241  -12   9  0  0 L3B 21
C38 FF 61056 150200  780 287  539    -2689998    -18         -29     +2   28  15  167   -7  172  -16  172  -16  16  0  0 L3B 36
C45 FF 61056 150200  780 576 1964    +6486615   +209         -14    +24   17  15   96   +7  160   -9  160   -9  10  0  0 L3B 1A
C26 FF 61056 151800  780 463 2927    +5824962    +52         -11     -4   19  15  112   -7  159   -4  159   -4  11  0  0 L3B 04
C29 FF 61056 151800  780 764  812    -5510101    -51          -4     +0   13  15   83   +2  135   -1  135   -1   8  0  0 L3B 98
C30 FF 61056 151800  780 245  630    -3660798    -85           3     -2   13  15  193  +44  167   -2  167   -2   8  0  0 L3B D3
C35 FF 61056 151800  780 397 2356    +2344214   +182         -54    +39   19  15  126  -17  182  -44  182  -44  11  0  0 L3B 5D
C36 FF 61056 151800  780 109 1602    -3053182    +67          16    +53   21  15  416 +230  266  -15  266  -15  13  0  0 L3B 3B
C38 FF 61056 151800  780 297  512    -2690003    +25         -15    +45   18  15  162   -4  157  -30  157  -30  11  0  0 L3B 14
C45 FF 61056 151800  780 509 1920    +6486795   +204         -11    +20   19  15  104  +10  166   -1  166   -1  12  0  0 L3B 22
C24 FF 61056 153400  780 128 3197      +47267   +266          28    -26   22  15  362 -149  192  -36  192  -36  14  0  0 L3B 49
C26 FF 61056 153400  780 495 2845    +5825009    +42         -19    -14   18  15  106   -4  160  +12  160   12  10  0  0 L3B 14
C29 FF 61056 153400  780 703  730    -5510160     -1         -13    +50   18  15   86   +4  140  -29  140  -29  10  0  0 L3B E2
C30 FF 61056 153400  780 188  649    -3660878    -49           2    +33   21  15  248  +73  148  -55  148  -55  12  0  0 L3B 2C
C32 FF 61056 153400  780 126  563    +9620812    -48          15     +8   49  15  364  -69  116  -43  116  -43  30  0  0 L3B 1A
C35 FF 61056 153400  780 461 2394    +2344345   +116         -59    -27   17  15  112  -13  170   +2  170    2  10  0  0 L3B 0E
C38 FF 61056 153400  780 303  484    -2690028    -35         -22    -16   17  15  160   -2  143  -29  143  -29  10  0  0 L3B 16
C45 FF 61056 153400  780 440 1893    +6486982   +147          -1    -37   20  15  116  +15  172  +32  172   32  12  0  0 L3B 33
C24 FF 61056 155000  780 180 3177      +47524   +230           6    -62   25  15  260  -73  168  +26  168   26  14  0  0 L3B 03
C26 FF 61056 155000  780 512 2747    +5825065    +64         -18     +8   22  15  104   -1  156  -10  156  -10  13  0  0 L3B 0D
C29 FF 61056 155000  780 639  707    -5510227    -48         -31     +4   18  15   90   +5  147   -2  147   -2  10  0  0 L3B D2
C30 FF 61056 155000  780 133  671    -3660973    -49         -13    +34   27  15  346 +140  144  -27  144  -27  16  0  0 L3B 41
C32 FF 61056 155000  780 146  505    +9620751   -121           7    -65   38  15  317  -33  103  +28  103   28  24  0  0 L3B 0B
C35 FF 61056 155000  780 525 2434    +2344483   +158         -58    +16   24  15  102   -9  159  -19  159  -19  15  0  0 L3B 50
C38 FF 61056 155000  780 304  457    -2690059     +0         -34    +19   19  15  159   +0  128  -23  128  -23  10  0  0 L3B 03
C45 FF 61056 155000  780 370 1876    +6487160   +228           0    +44   15  15  134  +22  186  -10  186  -10  10  0  0 L3B 28
C24 FF 61056 160600  780 229 3148      +47790   +233          -8    -59   31  16  207  -42  163  +20  163   20  19  0  0 L3B 0E
C26 FF 61056 160600  780 513 2640    +5825113    +89         -22    +33   18  16  103   +1  159  -18  159  -18  10  0  0 L3B 28
C29 FF 61056 160600  780 575  709    -5510271    -45         -30     +7   12  16   96   +7  140   -9  140   -9   6  0  0 L3B CB
C32 FF 61056 160600  780 156  444    +9620716    -84          27    -29   24  16  296  -11   86  +13   86   13  14  0  0 L3B 00
C35 FF 61056 160600  780 590 2478    +2344624   +128         -54    -14   21  16   94   -7  148   +0  148    0  12  0  0 L3B FE
C38 FF 61056 160600  780 301  431    -2690081    -13         -36     +7   19  16  160   +2  115  -18  115  -18  11  0  0 L3B F6
C44 FF 61056 160600  780 121 2493    -8998180    +43          -2    -46   30  16  380 -169  295  -42  295  -42  20  0  0 L3B 56
C45 FF 61056 160600  780 302 1864    +6487337   +186           3     +3   19  16  160  +34  204  +27  204   27  12  0  0 L3B 11
C20 FF 61056 162200  780 163  940    +9540265   +151         -37    +51   46  16  286  -78  193  -58  193  -58  27  0  0 L3B 5D
C24 FF 61056 162200  780 273 3108      +48082   +348           4    +56   25  16  176  -25  147  -38  147  -38  14  0  0 L3B 1C
C26 FF 61056 162200  780 496 2537    +5825170    +70         -19    +13   21  16  106   +4  160  -10  160  -10  12  0  0 L3B 14
C29 FF 61056 162200  780 512  725    -5510319    -56         -29     -5   15  16  104   +9  133   -1  133   -1   9  0  0 L3B CD
C32 FF 61056 162200  780 157  383    +9620651    -84          15    -28   25  16  295   +8   93  +20   93   20  15  0  0 L3B E8
C35 FF 61056 162200  780 654 2527    +2344754   +143         -61     +1   15  16   89   -5  141  -14  141  -14   9  0  0 L3B 07
C38 FF 61056 162200  780 294  408    -2690094    +21         -29    +41   20  16  164   +4  101  -28  101  -28  12  0  0 L3B 0B
C44 FF 61056 162200  780 176 2528    -8998090   +141           3    +52   20  16  266  -83  253  -57  253  -57  13  0  0 L3B 4A
C45 FF 61056 162200  780 234 1855    +6487495   +166         -16    -18   19  16  202  +55  245  +46  245   46  12  0  0 L3B 5B
C20 FF 61056 163800  780 206  886    +9540386    +69         -14    -32   18  16  229  -44  158   -3  158   -3  10  0  0 L3B 1E
C24 FF 61056 163800  780 311 3057      +48362   +296           4     +5   31  16  156  -16  139  -16  139  -16  18  0  0 L3B 05
C26 FF 61056 163800  780 463 2446    +5825225    +50         -19     -6   19  16  112   +7  159   +8  159    8  11  0  0 L3B FC
C29 FF 61056 163800  780 450  748    -5510361    -93         -21    -41   11  16  114  +12  124  +21  124   21   6  0  0 L3B F9
C32 FF 61056 163800  780 147  324    +9620609    -20          26    +35   32  16  313  +31   94  -18   94  -18  19  0  0 L3B 04
C35 FF 61056 163800  780 719 2586    +2344891   +167         -61    +24   14  16   85   -3  128  -28  128  -28   8  0  0 L3B 3E
C38 FF 61056 163800  780 284  387    -2690100    +36         -16    +56   18  16  169   +7   92  -39   92  -39  11  0  0 L3B 17
C44 FF 61056 163800  780 232 2564    -8998003    +71           4    -18   17  16  205  -48  221  -29  221  -29  11  0  0 L3B 2D
C45 FF 61056 163800  780 169 1847    +6487676   +193         -11    +10   22  16  275 +103  271  +26  271   26  13  0  0 L3B 65
C19 FF 61056 165400  780 111 1289    +9636303   +127          -9    +88   26  16  413 -209  227  -91  227  -91  17  0  0 L3B 6C
C20 FF 61056 165400  780 242  827    +9540480    +97         -16     -4   24  16  197  -26  136  -23  136  -23  15  0  0 L3B 26
C24 FF 61056 165400  780 340 2995      +48642   +291           4     -1   19  16  144   -9  121  -24  121  -24  11  0  0 L3B E3
C26 FF 61056 165400  780 420 2371    +5825278    +61         -19     +4   18  16  121  +12  156  -10  156  -10  10  0  0 L3B 1B
C29 FF 61056 165400  780 390  776    -5510414    -86         -25    -35   22  16  128  +17  120  +12  120   12  13  0  0 L3B 15
C32 FF 61056 165400  780 127  269    +9620544    -91          14    -35   31  16  359  +66  112  +37  112   37  19  0  0 L3B 1F
C35 FF 61056 165400  780 783 2667    +2345019   +127         -70    -16   14  16   83   -2  118   -9  118   -9   8  0  0 L3B 0E
C38 FF 61056 165400  780 270  370    -2690108     -8          -5    +12   16  16  177   +9   82  -14   82  -14  10  0  0 L3B D5
C44 FF 61056 165400  780 288 2601    -8997919    +58           3    -31   22  16  168  -31  179  -38  179  -38  13  0  0 L3B 52
C45 FF 61056 165400  780 106 1838    +6487856   +203          -7    +19   22  16  429 +243  294   +9  294    9  12  0  0 L3B 41
C19 FF 61056 171000  780 169 1254    +9636343     +8          -6    -31   27  17  278  -94  181  -38  181  -38  17  0  0 L3B 3C
C20 FF 61056 171000  780 270  761    +9540581   +146         -13    +45   28  17  178  -15  110  -50  110  -50  16  0  0 L3B 2D
C24 FF 61056 171000  780 357 2923      +48897   +291         -21     -1   19  17  138   -4  121  -10  121  -10  11  0  0 L3B F8
C26 FF 61056 171000  780 369 2311    +5825333    +96         -15    +40   17  17  134  +17  148  -38  148  -38  10  0  0 L3B 45
C29 FF 61056 171000  780 332  806    -5510461    -24         -24    +27   23  17  147  +23  112  -16  112  -16  14  0  0 L3B 16
C35 FF 61056 171000  780 845 2845    +2345164   +127         -50    -14   18  17   81   -1   97   -7   97   -7  10  0  0 L3B F4
C38 FF 61056 171000  780 254  356    -2690150    -41         -27    -21   19  17  187  +12   91  +10   91   10  11  0  0 L3B ED
C44 FF 61056 171000  780 345 2639    -8997833    +59           5    -30   18  17  143  -22  134  -11  134  -11  10  0  0 L3B 25
C19 FF 61056 172600  780 225 1215    +9636385    -28          -1    -67   26  17  211  -51  145  +22  145   22  17  0  0 L3B 25
C20 FF 61056 172600  780 287  691    +9540683   +153          -8    +52   21  17  168   -7   95  -36   95  -36  12  0  0 L3B 16
C24 FF 61056 172600  780 362 2846      +49178   +271         -19    -20   22  17  136   +0  113   +7  113    7  13  0  0 L3B E1
C26 FF 61056 172600  780 313 2263    +5825398    +40          -4    -16   23  17  155  +26  141   +8  141    8  14  0  0 L3B FB
C29 FF 61056 172600  780 275  840    -5510501    -64         -15    -12   20  17  174  +34  110  +15  110   15  12  0  0 L3B 04
C35 FF 61056 172600  780 872  258    +2345304   +114         -46    -27   15  17   81   +0   87  +14   87   14   9  0  0 L3B E5
C38 FF 61056 172600  780 235  346    -2690147    +12          -4    +32   16  17  201  +16   81  -17   81  -17  10  0  0 L3B ED
C44 FF 61056 172600  780 404 2678    -8997739   +104          13    +16   20  17  125  -16  107  -34  107  -34  12  0  0 L3B 50
C19 FF 61056 174200  780 280 1169    +9636416    +60          -7    +22   20  17  172  -31  131  -27  131  -27  12  0  0 L3B 24
C20 FF 61056 174200  780 293  618    +9540795    +99           6     -2   44  17  164   +0   86   +6   86    6  25  0  0 L3B B2
C24 FF 61056 174200  780 354 2767      +49488   +290          10     -1   20  17  139   +5   92   +4   92    4  12  0  0 L3B AB
C26 FF 61056 174200  780 254 2223    +5825439   +101         -16    +45   21  17  187  +41  151  -21  151  -21  13  0  0 L3B 3C
C29 FF 61056 174200  780 220  874    -5510552    -88         -17    -37   20  17  214  +52  121  +35  121   35  12  0  0 L3B 17
C35 FF 61056 174200  780 817  708    +2345430   +128         -56    -13   16  17   82   +1   91   +5   91    5   9  0  0 L3B BC
C38 FF 61056 174200  780 215  340    -2690156    -19           5     +1   24  17  219  +21   78   +8   78    8  15  0  0 L3B B2
C44 FF 61056 174200  780 463 2716    -8997651   +103          15    +14   20  17  112  -12   90  -25   90  -25  12  0  0 L3B 1E
C19 FF 61056 175800  780 331 1114    +9636447     +3         -13    -36   22  17  148  -20  122   +6  122    6  14  0  0 L3B F3
C20 FF 61056 175800  780 287  547    +9540877    +98          -9     -3   30  17  168   +7   96   +6   96    6  18  0  0 L3B D8
C24 FF 61056 175800  780 334 2692      +49761   +304           4    +12   23  17  146  +10   99   -3   99   -3  14  0  0 L3B D0
C25 FF 61056 175800  780 133 3273    -9652257   +134         -14    +37   39  17  346  -84  110  -42  110  -42  24  0  0 L3B 58
C26 FF 61056 175800  780 195 2190    +5825510    +78           0    +22   28  17  239  +71  149   -3  149   -3  17  0  0 L3B 0E
C29 FF 61056 175800  780 166  909    -5510595    -87         -10    -36   24  17  280  +89  130  +43  130   43  15  0  0 L3B 36
C35 FF 61056 175800  780 755  821    +2345565   +129         -57    -13   16  17   83   +2   91   +8   91    8   9  0  0 L3B D3
C38 FF 61056 175800  780 193  338    -2690159    -26          21     -6   17  17  242  +28   74   +4   74    4  11  0  0 L3B CC
C44 FF 61056 175800  780 523 2754    -8997583    +88          -1     -1   19  17  102   -9   91   -3   91   -3  11  0  0 L3B E0
C19 FF 61056 181400  780 376 1048    +9636484    +83         -12    +44   25  18  132  -13  114  -33  114  -33  14  0  0 L3B 40
C20 FF 61056 181400  780 268  482    +9540977   +111         -15     +9   29  18  178  +15  102   +1  102    1  17  0  0 L3B F8
C22 FF 61056 181400  780 137 1572    -4311394     +3         -10    +35   19  18  339 -156  162  -30  162  -30  13  0  0 L3B 33
C24 FF 61056 181400  780 303 2624      +50046   +286          11     -5   28  18  160  +17  102  +19  102   19  16  0  0 L3B EB
C25 FF 61056 181400  780 162 3224    -9652152    +35          -1    -62   35  18  287  -44   99  +39   99   39  20  0  0 L3B 1B
C26 FF 61056 181400  780 137 2160    +5825546     -6         -18    -62   27  18  336 +140  167  +42  167   42  18  0  0 L3B 41
C35 FF 61056 181400  780 692  891    +2345699   +154         -46    +14   15  18   86   +4   94   -3   94   -3   9  0  0 L3B E6
C38 FF 61056 181400  780 170  339    -2690227    -32         -25    -12   36  18  273  +37  105  +27  105   27  21  0  0 L3B 1F
C44 FF 61056 181400  780 585 2790    -8997496    +66          -4    -23   20  18   95   -7   88  +13   88   13  11  0  0 L3B 08
C19 FF 61056 183000  780 411  971    +9636522    +60         -11    +21   22  18  123   -8  109  -18  109  -18  13  0  0 L3B 14
C20 FF 61056 183000  780 240  424    +9541081    +92          -9    -10   33  18  198  +26  101  +10  101   10  19  0  0 L3B EF
C22 FF 61056 183000  780 201 1553    -4311428    -22         -12    +10   17  18  235  -75  160  -13  160  -13  10  0  0 L3B 18
C24 FF 61056 183000  780 264 2563      +50319   +294           4     +3   28  18  181  +28  117  +13  117   13  17  0  0 L3B E7
C25 FF 61056 183000  780 182 3169    -9652089   +106         -31    +10   39  18  256  -22  117   -3  117   -3  23  0  0 L3B 2F
C35 FF 61056 183000  780 629  946    +2345829   +130         -51    -11   17  18   91   +5  101  +13  101   13  10  0  0 L3B F9
C38 FF 61056 183000  780 146  344    -2690230    -21         -10     -1   33  18  315  +51  110  +23  110   23  19  0  0 L3B E9
C44 FF 61056 183000  780 648 2824    -8997401    +63           6    -26   15  18   89   -5   82  +20   82   20   8  0  0 L3B D6
C19 FF 61056 184600  780 434  884    +9636562    +63          -8    +24   17  18  118   -4  103  -14  103  -14  10  0  0 L3B 10
C20 FF 61056 184600  780 202  376    +9541183    +63          -5    -39   28  18  232  +46  101  +23  101   23  17  0  0 L3B 03
C22 FF 61056 184600  780 267 1531    -4311471    -42         -24    -10   23  18  180  -43  159  -10  159  -10  14  0  0 L3B 31
C24 FF 61056 184600  780 219 2510      +50610   +278          15    -14   28  18  215  +45  121  +24  121   24  16  0  0 L3B FE
C25 FF 61056 184600  780 193 3109    -9651977   +193         -12    +97   30  18  242   -7  101  -55  101  -55  17  0  0 L3B 53
C35 FF 61056 184600  780 566  996    +2345963   +143         -52     +3   23  18   97   +7  108   +3  108    3  13  0  0 L3B EC
C38 FF 61056 184600  780 122  352    -2690253    -33         -13    -13   21  18  373  +73  121   +9  121    9  13  0  0 L3B F2
C44 FF 61056 184600  780 713 2854    -8997323    +74          -2    -15   15  18   85   -3   89  +11   89   11   8  0  0 L3B ED
C19 FF 61056 190200  780 442  791    +9636613    +34           6     -4   18  19  116   +0   92   +7   92    7  10  0  0 L3B 9E
C20 FF 61056 190200  780 158  338    +9541252   +119         -27    +18   23  19  292  +84  130   +2  130    2  15  0  0 L3B 02
C22 FF 61056 190200  780 334 1505    -4311508    -55         -31    -23   22  19  147  -27  148   -1  148   -1  12  0  0 L3B 0C
C24 FF 61056 190200  780 171 2463      +50876   +315           4    +23   27  19  272  +78  144   +6  144    6  17  0  0 L3B E1
C25 FF 61056 190200  780 194 3047    -9651888   +177         -14    +80   24  19  241   +5  105  -48  105  -48  15  0  0 L3B 54
C34 FF 61056 190200  780 222 2854    -8642770    -68          25    +12   22  19  213  -52   85  -13   85  -13  13  0  0 L3B 14
C35 FF 61056 190200  780 504 1041    +2346108   +176         -42    +35   13  19  105  +10  109  -17  109  -17   8  0  0 L3B 2C
C44 FF 61056 190200  780 778 2871    -8997249    +87         -15     -2   13  19   83   -2   95   +2   95    2   7  0  0 L3B D0
C19 FF 61056 191800  780 434  700    +9636637    +38          -7     +0   15  19  117   +3   98   +3   98    3   8  0  0 L3B AA
C20 FF 61056 191800  780 110  309    +9541359   +143         -17    +42   30  19  414 +184  140   +9  140    9  17  0  0 L3B 19
C22 FF 61056 191800  780 400 1471    -4311524    -45         -16    -13   18  19  126  -18  128   -2  128   -2  11  0  0 L3B 0D
C24 FF 61056 191800  780 120 2422      +51187   +384          35    +93   40  19  379 +157  142  -38  142  -38  24  0  0 L3B 3E
C25 FF 61056 191800  780 184 2985    -9651779    +92           2     -5   35  19  253  +19   95   +2   95    2  21  0  0 L3B E2
C34 FF 61056 191800  780 279 2880    -8642857   -104          15    -24   25  19  173  -34   93  +13   93   13  16  0  0 L3B 31
C35 FF 61056 191800  780 443 1084    +2346246   +188         -39    +47   13  19  115  +13  115  -17  115  -17   7  0  0 L3B 48
C44 FF 61056 191800  780 844 2834    -8997156   +122          -7    +33   17  19   81   -1   90  -20   90  -20  10  0  0 L3B 06
C19 FF 61056 193400  780 411  619    +9636676    +56          -4    +18   19  19  123   +7   94  -17   94  -17  11  0  0 L3B 05
C22 FF 61056 193400  780 464 1425    -4311568    +22         -30    +54   20  19  112  -12  128  -41  128  -41  11  0  0 L3B 28
C25 FF 61056 193400  780 165 2925    -9651693   +109          -4    +13   28  19  280  +38  102   -5  102   -5  17  0  0 L3B 26
C34 FF 61056 193400  780 337 2903    -8642941    -90           8    -10   22  19  145  -23   95   +5   95    5  14  0  0 L3B DF
C35 FF 61056 193400  780 382 1125    +2346372   +178         -47    +37   26  19  130  +18  129  -11  129  -11  15  0  0 L3B 54
C44 FF 61056 193400  780 881 1674    -8997059   +118           4    +29   16  19   81   +0   84  -13   84  -13   9  0  0 L3B 00
C19 FF 61056 195000  780 376  551    +9636722    +39           4     +0   22  19  132  +12   91   +5   91    5  13  0  0 L3B A8
C21 FF 61056 195000  780 164 1839    +8900659    -71          -4    -18   19  19  286 -115  155   +1  155    1  12  0  0 L3B 1D
C22 FF 61056 195000  780 524 1360    -4311595    -16         -25    +16   18  19  102   -8  119  -18  119  -18  10  0  0 L3B 2A
C25 FF 61056 195000  780 138 2868    -9651604    +49          -8    -47   45  19  331  +71  103  +27  103   27  29  0  0 L3B 39
C34 FF 61056 195000  780 397 2921    -8643021    -88           6     -7   19  19  126  -17   93   +1   93    1  11  0  0 L3B CD
C35 FF 61056 195000  780 322 1163    +2346521   +144         -34     +4   17  19  151  +26  131   +7  131    7  10  0  0 L3B F3
C44 FF 61056 195000  780 818 1342    -8996993    +88         -15     -1   19  19   82   +1   97   -1   97   -1  11  0  0 L3B E9
C19 FF 61056 200600  780 332  499    +9636752     +5          -6    -34   21  20  147  +19   95  +24   95   24  12  0  0 L3B E5
C21 FF 61056 200600  780 231 1841    +8900602    -64          -4    -11   20  20  206  -60  145   -2  145   -2  11  0  0 L3B DE
C22 FF 61056 200600  780 574 1269    -4311630     +8         -30    +40   16  20   96   -5  115  -25  115  -25  10  0  0 L3B F1
C34 FF 61056 200600  780 459 2931    -8643098    -74           8     +7   19  20  113  -12   92  -10   92  -10  12  0  0 L3B EC
C35 FF 61056 200600  780 263 1199    +2346652   +146         -36     +6   23  20  181  +39  141   +6  141    6  14  0  0 L3B 04
C44 FF 61056 200600  780 749 1334    -8996904    +15          -8    -74   14  20   84   +3   96  +44   96   44   8  0  0 L3B EA
C19 FF 61056 202200  780 282  462    +9636800    +32           4     -6   24  20  170  +30   92   +6   92    6  14  0  0 L3B 9B
C21 FF 61056 202200  780 301 1843    +8900545    -73         -10    -20   17  20  161  -36  142   +6  142    6  10  0  0 L3B EA
C22 FF 61056 202200  780 610 1147    -4311656    -65         -26    -33   20  20   92   -2  110  +12  110   12  11  0  0 L3B DB
C34 FF 61056 202200  780 521 2931    -8643182   -112           1    -31   18  20  102   -9   95  +19   95   19  10  0  0 L3B E5
C35 FF 61056 202200  780 204 1233    +2346786   +148         -36     +8   30  20  230  +64  153   +6  153    6  17  0  0 L3B FE
C44 FF 61056 202200  780 680 1351    -8996819    +86          -7     -3   18  20   87   +4   98   +6   98    6  11  0  0 L3B C7
C19 FF 61056 203800  780 228  437    +9636845    +44          13     +5   21  20  207  +49   90   +1   90    1  13  0  0 L3B B6
C21 FF 61056 203800  780 372 1845    +8900478    -50         -26     +3   26  20  134  -23  142  -12  142  -12  16  0  0 L3B 1C
C22 FF 61056 203800  780 624 1000    -4311696    -36         -35     -4   15  20   91   +0  112   +2  112    2   9  0  0 L3B A3
C34 FF 61056 203800  780 583 2914    -8643259    -65           1    +15   15  20   95   -7   94   -8   94   -8   9  0  0 L3B C8
C35 FF 61056 203800  780 146 1264    +2346919   +114         -38    -26   31  20  315 +122  168  +35  168   35  21  0  0 L3B 54
C44 FF 61056 203800  780 611 1375    -8996746   +142         -20    +54   21  20   92   +6  109  -21  109  -21  12  0  0 L3B 29
C19 FF 61056 205400  780 172  423    +9636873    +31           3     -8   24  20  270  +88  103  +21  103   21  15  0  0 L3B E0
C21 FF 61056 205400  780 445 1844    +8900416    -53         -37     +0   15  20  115  -16  138  -12  138  -12  10  0  0 L3B 17
C22 FF 61056 205400  780 615  854    -4311716    -26         -25     +6   19  20   92   +2  107   -5  107   -5  11  0  0 L3B C5
C34 FF 61056 205400  780 644 2869    -8643342    -78          -4     +3   17  20   90   -5   98   +3   98    3  10  0  0 L3B B9
C43 FF 61056 205400  780 113 3033    -1298343    -69          34    -60   24  20  409 -201   84  +46   84   46  14  0  0 L3B 13
C44 FF 61056 205400  780 541 1400    -8996670    +93         -29     +4   19  20  100   +9  120  +10  120   10  10  0  0 L3B F0
C19 FF 61056 211000  780 115  417    +9636918    +90           7    +51   35  21  397 +192  115   -6  115   -6  22  0  0 L3B 00
C21 FF 61056 211000  780 518 1839    +8900374    -72         -28    -19   19  21  103  -11  124   +3  124    3  11  0  0 L3B FA
C22 FF 61056 211000  780 584  734    -4311750    +39         -40    +70   12  21   95   +4  108  -37  108  -37   7  0  0 L3B EE
C34 FF 61056 211000  780 698 2774    -8643420    -78          -3     +2   14  21   86   -3   98   -4   98   -4   8  0  0 L3B BA
C43 FF 61056 211000  780 169 3045    -1298369    -60          15    -51   26  21  277  -93   94  +37   94   37  15  0  0 L3B 1A
C44 FF 61056 211000  780 473 1425    -8996585    +96         -32     +7   16  21  110  +12  127   +6  127    6   9  0  0 L3B F2
C21 FF 61056 212600  780 591 1824    +8900323    -51         -27     +2   13  21   94   -7  116   -3  116   -3   8  0  0 L3B C7
C22 FF 61056 212600  780 538  649    -4311779    -69         -40    -38   20  21  100   +7  108  +20  108   20  12  0  0 L3B 01
C34 FF 61056 212600  780 737 2600    -8643494    -85           0     -5   14  21   84   -1   96   +4   96    4   8  0  0 L3B 96
C39 FF 61056 212600  780 127  675     +181371    -37          -9    -43   25  21  361  -81  102  +24  102   24  15  0  0 L3B F2
C42 FF 61056 212600  780 138 2099    +9173769    -55           6    -12   26  21  336 -153  150   -2  150   -2  15  0  0 L3B 11
C43 FF 61056 212600  780 227 3051    -1298381    -29          11    -20   31  21  209  -52   97  +12   97   12  17  0  0 L3B FC
C44 FF 61056 212600  780 405 1449    -8996495   +109         -27    +19   15  21  124  +18  134   -7  134   -7   9  0  0 L3B 33
C21 FF 61056 214200  780 663 1787    +8900273    -25         -27    +29   15  21   88   -5  114  -19  114  -19   8  0  0 L3B 18
C22 FF 61056 214200  780 483  595    -4311805    -54         -36    -23   19  21  108  +10  105  +14  105   14  10  0  0 L3B 05
C34 FF 61056 214200  780 746 2351    -8643574    -76          -2     +4   14  21   84   +0  100   -3  100   -3   8  0  0 L3B B0
C39 FF 61056 214200  780 155  660     +181371    +11         -13     +6   26  21  298  -52   98  -14   98  -14  15  0  0 L3B EA
C42 FF 61056 214200  780 202 2120    +9173736    -46          14     -2   36  21  234  -74  133  -10  133  -10  22  0  0 L3B FE
C43 FF 61056 214200  780 285 3049    -1298376     +0          25     +8   25  21  169  -33   83   -6   83   -6  17  0  0 L3B D7
C44 FF 61056 214200  780 338 1472    -8996398    +49         -16    -40   24  21  145  +26  137  +34  137   34  15  0  0 L3B 47
C21 FF 61056 215800  780 730 1703    +8900222    -70         -27    -17   23  21   85   -3  112   +8  112    8  13  0  0 L3B D6
C22 FF 61056 215800  780 424  564    -4311832    -37         -34     -6   23  21  119  +14  104   +6  104    6  13  0  0 L3B D7
C34 FF 61056 215800  780 719 2126    -8643640   -114           9    -33   16  21   85   +2   95  +23   95   23   9  0  0 L3B DD
C39 FF 61056 215800  780 181  643     +181389    +13          -1     +8   29  21  258  -35   84   -8   84   -8  19  0  0 L3B CB
C42 FF 61056 215800  780 267 2145    +9173694    -71          13    -28   25  21  180  -42  125  +13  125   13  14  0  0 L3B 22
C43 FF 61056 215800  780 342 3037    -1298396    -26          13    -17   24  21  144  -22   89  +12   89   12  14  0  0 L3B 0A
C44 FF 61056 215800  780 272 1493    -8996315    +68         -19    -21   24  21  176  +40  147  +25  147   25  13  0  0 L3B 46
C21 FF 61056 221400  780 783 1502    +8900195    -51         -23     +1   13  22   83   -1   97   +0   97    0   7  0  0 L3B 96
C22 FF 61056 221400  780 364  549    -4311859    -14         -21    +18   25  22  136  +20  102  -10  102  -10  14  0  0 L3B 08
C34 FF 61056 221400  780 668 1986    -8643730   -135         -17    -55   18  22   88   +4  104  +37  104   37  10  0  0 L3B 31
C39 FF 61056 221400  780 205  624     +181385    +20          -6    +15   21  22  229  -24   87  -11   87  -11  12  0  0 L3B D5
C42 FF 61056 221400  780 333 2172    +9173636    -23           0    +21   25  22  147  -27  124  -25  124  -25  15  0  0 L3B 0C
C43 FF 61056 221400  780 399 3012    -1298411    -20           6    -12   19  22  126  -15   93   +7   93    7  12  0  0 L3B C6
C44 FF 61056 221400  780 207 1511    -8996226    +52         -11    -37   21  22  226  +68  159  +39  159   39  13  0  0 L3B 41
C21 FF 61056 223000  780 799 1129    +8900136    -61         -33     -9   14  22   82   +0  101   +7  101    7   8  0  0 L3B B7
C22 FF 61056 223000  780 303  547    -4311899    -30         -31     +2   17  22  159  +30  109   -3  109   -3  10  0  0 L3B DE
C34 FF 61056 223000  780 606 1908    -8643813    -84         -23     -4   17  22   93   +6  112   +8  112    8  10  0  0 L3B D4
C39 FF 61056 223000  780 225  603     +181383     +5         -13     +0   19  22  210  -17   90   +1   90    1  12  0  0 L3B 7D
C42 FF 61056 223000  780 400 2202    +9173589    -31          -4    +13   18  22  126  -18  116  -18  116  -18  11  0  0 L3B 18
C43 FF 61056 223000  780 451 2972    -1298420     -4           6     +4   20  22  114  -10   91   -3   91   -3  12  0  0 L3B 9B
C44 FF 61056 223000  780 144 1527    -8996129   +125           1    +36   25  22  320 +136  162  -21  162  -21  16  0  0 L3B 37
C21 FF 61056 224600  780 765  827    +8900097    -58         -21     -7   12  22   83   +2   93   +6   93    6   7  0  0 L3B A4
C22 FF 61056 224600  780 243  554    -4311913    -34         -14     -3   21  22  195  +46   96   -3   96   -3  14  0  0 L3B D1
C34 FF 61056 224600  780 538 1865    -8643882   -109         -15    -29   16  22  100   +9  115  +25  115   25   9  0  0 L3B 30
C39 FF 61056 224600  780 243  581     +181393    +19          -8    +14   22  22  196  -12   81  -16   81  -16  14  0  0 L3B E7
C42 FF 61056 224600  780 468 2236    +9173546    -20          -6    +24   20  22  111  -13  108  -25  108  -25  11  0  0 L3B 1B
C43 FF 61056 224600  780 498 2911    -1298420     +2          14    +10   20  22  106   -7   83   -6   83   -6  11  0  0 L3B BC
C21 FF 61056 230200  780 708  696    +8900036    -69         -37    -18   16  23   86   +3  100  +11  100   11  10  0  0 L3B E7
C22 FF 61056 230200  780 184  568    -4311940    -39         -11     -8   24  23  253  +78   95   -1   95   -1  14  0  0 L3B D8
C34 FF 61056 230200  780 468 1840    -8643961    -89         -26    -10   20  23  111  +13  123  +11  123   11  12  0  0 L3B 18
C39 FF 61056 230200  780 257  558     +181394     +4         -12     -1   21  23  186   -9   81   -2   81   -2  12  0  0 L3B 96
C42 FF 61056 230200  780 536 2274    +9173499    -27         -14    +17   21  23  100   -9  104  -10  104  -10  12  0  0 L3B 13
C43 FF 61056 230200  780 534 2826    -1298438    -42           0    -34   22  23  101   -4   91  +22   91   22  13  0  0 L3B CB
C21 FF 61056 231800  780 644  647    +8899982    -85         -42    -33   17  23   90   +5  102  +20  102   20  10  0  0 L3B FD
C22 FF 61056 231800  780 127  587    -4311965     +1          -6    +32   45  23  360 +156   96  -18   96  -18  30  0  0 L3B 05
C28 FF 61056 231800  780 118 3193    -4722772    -44          14     +1   25  23  390 -178  106  -19  106  -19  16  0  0 L3B 3D
C34 FF 61056 231800  780 398 1826    -8644036   -103         -26    -24   18  23  126  +19  130  +19  130   19  10  0  0 L3B 44
C39 FF 61056 231800  780 267  533     +181407     +2          -4     -3   17  23  179   -5   76   +1   76    1  10  0  0 L3B 7B
C42 FF 61056 231800  780 605 2316    +9173461    -37         -10     +7   20  23   93   -7  100   -6  100   -6  11  0  0 L3B CE
C43 FF 61056 231800  780 555 2720    -1298448    +33          -2    +41   15  23   98   -2   92  -29   92  -29   9  0  0 L3B EB
C21 FF 61056 233400  780 579  634    +8899948    -24         -27    +27   13  23   95   +7   92  -17   92  -17   7  0  0 L3B 01
C28 FF 61056 233400  780 172 3178    -4722817    -48          12     -3   25  23  272  -83   95   -8   95   -8  14  0  0 L3B F6
C33 FF 61056 233400  780 124 2404    +9520202    -89          15    -28   39  23  372 -167  143   +4  143    4  25  0  0 L3B 10
C34 FF 61056 233400  780 329 1817    -8644109    -99         -22    -20   17  23  148  +28  137  +20  137   20  10  0  0 L3B 34
C36 FF 61056 233400  780 101  404    -3052726    +18          43     +3   44  23  445  -34  104   +2  104    2  25  0  0 L3B BD
C39 FF 61056 233400  780 274  509     +181424    +25           8    +19   16  23  175   -3   68  -13   68  -13  10  0  0 L3B CA
C42 FF 61056 233400  780 673 2366    +9173417    -35         -13     +8   14  23   88   -5   99  -11   99  -11   8  0  0 L3B EE
C43 FF 61056 233400  780 558 2601    -1298474     +6         -20    +14   20  23   98   +1  104   -7  104   -7  12  0  0 L3B D8
C21 FF 61056 235000  780 514  640    +8899887    -37         -39    +14   16  23  103   +9  102   -6  102   -6  10  0  0 L3B F7
C28 FF 61056 235000  780 223 3154    -4722871    -18           1    +27   30  23  212  -46   89  -22   89  -22  18  0  0 L3B 01
C33 FF 61056 235000  780 181 2440    +9520135    -33           6    +28   37  23  260  -81  138  -25  138  -25  23  0  0 L3B 19
C34 FF 61056 235000  780 260 1811    -8644191    -83         -29     -4   18  23  183  +45  152   +9  152    9  11  0  0 L3B 01
C36 FF 61056 235000  780 105  347    -3052736    -65          19    -80   44  23  431   +4  123  +54  123   54  26  0  0 L3B FB
C39 FF 61056 235000  780 276  484     +181412    -25         -10    -30   17  23  173   -1   78  +18   78   18  10  0  0 L3B D6
C42 FF 61056 235000  780 741 2430    +9173373    -48         -15     -5   13  23   84   -3   99   +1   99    1   8  0  0 L3B AE
C43 FF 61056 235000  780 541 2485    -1298466     -8          -4     +1   14  23  100   +3   97   +1   97    1   8  0  0 L3B 90
C45 FF 61056 235000  780 118  808    +6492489   +164           5    -20   26  23  388 -120  119   +5  119    5  16  0  0 L3B 0F
