CGGTTS     GENERIC DATA FORMAT VERSION = 2E
REV DATE = 2026-01-01                    
RCVR = POLARX5-TR                    R2CGGTTS v8.8    
CH = 99 
IMS = POLARX5-TR                    
LAB = PTB                           
X = +3844059.67 m 
Y =  +709661.67 m 
Z = +5023129.80 m 
FRAME = ITRF
COMMENTS = TGD applied
INT DLY =   33.0 ns (BDS B1C),   32.5 ns (BDS B2a)
CAB DLY =  205.7 ns 
REF DLY =   56.2 ns
REF = UTC(PTB)                      
CKSUM = A4

SAT CL  MJD  STTIME TRKL ELV AZTH   REFSV      SRSV     REFSYS    SRSYS  DSG IOE MDTR SMDT MDIO SMDI MSIO SMSI ISG FR HC FRC CK
             hhmmss  s  .1dg .1dg    .1ns     .1ps/s     .1ns    .1ps/s .1ns     .1ns.1ps/s.1ns.1ps/s.1ns.1ps/s.1ns
C21 FF 61064 001000  780 330  710    +8869128    -77         -26    -29   19   0  148  +24   83  +15   83   15  11  0  0 L3B E6
C26 FF 61064 001000  780 134 1203    +5860766   +150         -39    +94   41   0  346 -134  148  -68  148  -68  25  0  0 L3B 58
C28 FF 61064 001000  780 346 3013    -4750330    -25         -25    +20   22   0  142  -11   79  -19   79  -19  13  0  0 L3B F3
C33 FF 61064 001000  780 353 2565    +9484380    -75           1    -16   17   0  140  -21   84  +14   84   14  10  0  0 L3B CC
C39 FF 61064 001000  780 266  425     +184325    +11         -21     +6   14   0  179   +6   97   +5   97    5   8  0  0 L3B 7A
C42 FF 61064 001000  780 848  356    +9147907    -56         -18    -15   11   0   81   +1   75   +7   75    7   7  0  0 L3B 99
C43 FF 61064 001000  780 408 2245    -1303654    -32         -43    -24   15   0  123  +15  102  +18  102   18   9  0  0 L3B E6
C45 FF 61064 001000  780 199  635    +6605050   +125         -16    -63   29   0  235  -17   97  +48   97   48  16  0  0 L3B 0D
C21 FF 61064 002600  780 273  742    +8869092    -20         -16    +28   15   0  175  +35   77  -24   77  -24   9  0  0 L3B F2
C26 FF 61064 002600  780 185 1162    +5860840    +68         -19    +12   25   0  253  -69  124  -21  124  -21  16  0  0 L3B 22
C27 FF 61064 002600  780 100 3285    -5859341    -50         -36     -1   33   0  458 -210  132  -17  132  -17  21  0  0 L3B 1A
C28 FF 61064 002600  780 370 2943    -4750374    -59         -25    -14   19   0  134   -6   75   +3   75    3  12  0  0 L3B CB
C33 FF 61064 002600  780 412 2611    +9484326    -41           3    +17   23   0  123  -15   80  -14   80  -14  13  0  0 L3B CC
C39 FF 61064 002600  780 255  408     +184347    +23          -5    +17   19   0  186   +9   91  -14   91  -14  11  0  0 L3B BE
C42 FF 61064 002600  780 787  565    +9147862    -59         -24    -18   10   0   82   +2   78   +7   78    7   6  0  0 L3B AD
C43 FF 61064 002600  780 349 2197    -1303658     +2         -39    +11   13   0  141  +22  108   +6  108    6   8  0  0 L3B C6
C45 FF 61064 002600  780 209  571    +6605231   +182         -14     -5   23   0  225   -5  110  +13  110   13  13  0  0 L3B D0
C21 FF 61064 004200  780 217  776    +8869050    -30         -12    +18   20   0  217  +53   75   -9   75   -9  11  0  0 L3B CF
C26 FF 61064 004200  780 235 1115    +5860888    +37         -24    -18   21   0  202  -40  117   +5  117    5  13  0  0 L3B E7
C27 FF 61064 004200  780 144 3252    -5859365    -37         -14    +11   24   0  322  -93  108   -8  108   -8  14  0  0 L3B 07
C28 FF 61064 004200  780 380 2865    -4750424    +29         -32    +75   20   0  131   -1   79  -46   79  -46  12  0  0 L3B FC
C33 FF 61064 004200  780 471 2659    +9484275    -64           8     -6   20   0  110  -11   71   -1   71   -1  12  0  0 L3B A4
C39 FF 61064 004200  780 242  394     +184351    -11          -6    -16   16   0  196  +12   95  +14   95   14  10  0  0 L3B B8
C42 FF 61064 004200  780 724  655    +9147818    -86         -29    -46   14   0   85   +3   80  +29   80   29   8  0  0 L3B CD
C43 FF 61064 004200  780 289 2160    -1303666    -29         -39    -21   20   0  166  +33  118  +18  118   18  12  0  0 L3B 14
C45 FF 61064 004200  780 208  508    +6605417   +185          -9     -3   24   0  225   +6  111   +5  111    5  14  0  0 L3B AD
C21 FF 61064 005800  780 163  812    +8869008    -44          -8     +4   23   0  284  +92   74   -1   74   -1  16  0  0 L3B B2
C26 FF 61064 005800  780 281 1061    +5860943    +79         -23    +23   22   0  171  -25  107  -24  107  -24  13  0  0 L3B 1E
C27 FF 61064 005800  780 183 3211    -5859423   -103         -24    -54   24   0  256  -50  110  +29  110   29  14  0  0 L3B 23
C28 FF 61064 005800  780 377 2784    -4750465    -40         -30     +5   16   0  132   +3   76   -9   76   -9  10  0  0 L3B CC
C33 FF 61064 005800  780 531 2710    +9484212    -38           1    +20   23   0  101   -8   73  -12   73  -12  14  0  0 L3B BA
C39 FF 61064 005800  780 226  384     +184341    -26         -20    -31   15   0  209  +15  104  +13  104   13   9  0  0 L3B CF
C42 FF 61064 005800  780 661  719    +9147782   -100         -26    -59   16   0   88   +4   78  +35   78   35  10  0  0 L3B F0
C43 FF 61064 005800  780 228 2129    -1303677    -17         -42     -9   16   0  207  +54  128  +18  128   18  10  0  0 L3B 0C
C45 FF 61064 005800  780 197  447    +6605585   +215         -20    +28   28   0  237  +19  120  -11  120  -11  16  0  0 L3B 21
C21 FF 61064 011400  780 110  848    +8868934    -25         -39    +22   32   1  412 +189   99   +6   99    6  18  0  0 L3B F2
C24 FF 61064 011400  780 145 1467     +234594   +324         -25    +30   33   1  320 -129  138  -33  138  -33  21  0  0 L3B 2A
C26 FF 61064 011400  780 321  999    +5860989    +68         -35    +12   21   1  152  -16  104  -12  104  -12  13  0  0 L3B 11
C27 FF 61064 011400  780 215 3161    -5859464   -117         -32    -69   22   1  219  -28  104  +44  104   44  14  0  0 L3B 2E
C28 FF 61064 011400  780 361 2705    -4750500    -64         -22    -19   22   1  137   +7   74  +11   74   11  13  0  0 L3B D4
C33 FF 61064 011400  780 592 2766    +9484156    -62          -5     -4   17   1   94   -6   73   +1   73    1  10  0  0 L3B 94
C39 FF 61064 011400  780 208  377     +184363    -10          -3    -16   22   1  226  +20   91   +9   91    9  14  0  0 L3B 95
C41 FF 61064 011400  780 107 2689    +9443985     -6          -3    +10   28   1  429 -205   93  -24   93  -24  16  0  0 L3B 03
C42 FF 61064 011400  780 599  775    +9147750    -15         -13    +26   13   1   93   +6   74  -14   74  -14   7  0  0 L3B CC
C43 FF 61064 011400  780 167 2102    -1303676    -49         -29    -40   24   1  278  +98  131  +33  131   33  17  0  0 L3B 17
C45 FF 61064 011400  780 176  392    +6605753   +164         -32    -23   22   1  264  +37  126  +24  126   24  13  0  0 L3B 13
C24 FF 61064 013000  780 205 1439     +234878   +296         -24     +2   29   1  231  -67  128  -12  128  -12  18  0  0 L3B 14
C26 FF 61064 013000  780 352  929    +5861053    +67         -24    +11   21   1  140  -10   93   -9   93   -9  12  0  0 L3B C7
C27 FF 61064 013000  780 238 3104    -5859535    -11         -56    +37   26   1  199  -15  112  -27  112  -27  16  0  0 L3B 2D
C28 FF 61064 013000  780 334 2631    -4750553    -34         -32    +11   17   1  146  +13   83   -8   83   -8  10  0  0 L3B D5
C33 FF 61064 013000  780 653 2828    +9484101    -59          -5     -1   13   1   89   -5   72   +4   72    4   7  0  0 L3B 81
C39 FF 61064 013000  780 188  373     +184326    +28         -45    +23   23   1  247  +26  118  -10  118  -10  14  0  0 L3B F7
C41 FF 61064 013000  780 160 2727    +9443987    +18          14    +34   39   1  292  -97   79  -26   79  -26  24  0  0 L3B 1B
C42 FF 61064 013000  780 538  826    +9147710    -57         -13    -15   12   1  100   +8   76   +8   76    8   7  0  0 L3B A3
C43 FF 61064 013000  780 108 2077    -1303695    -57         -41    -48   29   1  423 +222  147  +31  147   31  20  0  0 L3B 23
C45 FF 61064 013000  780 146  342    +6605927   +149         -38    -38   41   1  314  +70  139  +30  139   30  24  0  0 L3B 19
C24 FF 61064 014600  780 265 1406     +235165   +290         -20     -5   26   1  181  -39  117  -11  117  -11  16  0  0 L3B 04
C26 FF 61064 014600  780 373  851    +5861104    +22         -28    -34   16   1  133   -5   92  +16   92   16  10  0  0 L3B CD
C27 FF 61064 014600  780 251 3040    -5859579    -20         -54    +28   22   1  189   -6  104  -24  104  -24  12  0  0 L3B 17
C28 FF 61064 014600  780 297 2566    -4750599    -42         -34     +3   16   1  163  +21   95  +15   95   15   9  0  0 L3B EF
C33 FF 61064 014600  780 715 2903    +9484054    -51           4     +7   14   1   85   -3   68   -4   68   -4   8  0  0 L3B 8B
C39 FF 61064 014600  780 167  373     +184338    -67         -37    -72   17   1  276  +34  119  +40  119   40  11  0  0 L3B 04
C41 FF 61064 014600  780 213 2765    +9443976    -23          19     -7   24   1  222  -55   66   -3   66   -3  15  0  0 L3B D1
C42 FF 61064 014600  780 479  875    +9147670    -67         -14    -26   17   1  109  +11   78  +22   78   22  10  0  0 L3B F9
C45 FF 61064 014600  780 110  301    +6606117   +313         -28   +125   36   1  413 +145  139  -60  139  -60  21  0  0 L3B 36
C24 FF 61064 020200  780 324 1368     +235435   +301         -28     +7   23   2  151  -25  115  -17  115  -17  14  0  0 L3B FD
C26 FF 61064 020200  780 381  770    +5861166    +40         -28    -16   18   2  131   +0   86   +6   86    6  11  0  0 L3B AC
C27 FF 61064 020200  780 253 2973    -5859611   -106         -30    -58   24   2  188   +2   86  +33   86   33  15  0  0 L3B 09
C28 FF 61064 020200  780 253 2510    -4750635    -58         -24    -13   28   2  188  +33   97  +13   97   13  17  0  0 L3B 02
C33 FF 61064 020200  780 776 3010    +9483995    -73         -14    -17   10   2   83   -2   71  +11   71   11   6  0  0 L3B BC
C39 FF 61064 020200  780 146  376     +184322    -12         -58    -18   22   2  315  +47  136  +22  136   22  13  0  0 L3B EA
C41 FF 61064 020200  780 268 2802    +9443947    -23          -3     -8   24   2  179  -36   73   +2   73    2  14  0  0 L3B B6
C42 FF 61064 020200  780 420  921    +9147625    -79         -23    -38   19   2  120  +14   84  +26   84   26  11  0  0 L3B E4
C24 FF 61064 021800  780 381 1320     +235722   +282         -24    -12   20   2  131  -17  105   +1  105    1  12  0  0 L3B C7
C26 FF 61064 021800  780 375  690    +5861215    +81         -34    +24   26   2  132   +4   92   -8   92   -8  14  0  0 L3B C5
C27 FF 61064 021800  780 244 2906    -5859649    -85         -22    -36   21   2  194  +11   74  +23   74   23  12  0  0 L3B 09
C28 FF 61064 021800  780 204 2461    -4750701    -42         -45     +3   27   2  230  +55  122   +7  122    7  18  0  0 L3B D5
C33 FF 61064 021800  780 833 3237    +9483929    -46         -26    +10   12   2   81   -1   79   -6   79   -6   7  0  0 L3B C6
C39 FF 61064 021800  780 124  382     +184336    +91         -49    +86   21   2  368  +66  131  -50  131  -50  13  0  0 L3B 06
C41 FF 61064 021800  780 325 2837    +9443931    -54          -5    -38   22   2  150  -25   76  +21   76   21  14  0  0 L3B EA
C42 FF 61064 021800  780 362  966    +9147597    -49         -13     -8   15   2  136  +19   84  +13   84   13   9  0  0 L3B E1
C24 FF 61064 023400  780 434 1260     +235998   +312         -30    +18   17   2  118  -11  103  -16  103  -16   9  0  0 L3B 03
C25 FF 61064 023400  780 101 1790    -9590795   +131         -43    +35   24   2  456 -275  153  -30  153  -30  15  0  0 L3B 4D
C26 FF 61064 023400  780 356  617    +5861266    +36         -37    -21   31   2  138   +9   95  +18   95   18  18  0  0 L3B ED
C27 FF 61064 023400  780 225 2841    -5859685    -54         -11     -5   25   2  210  +22   65   +9   65    9  16  0  0 L3B D1
C28 FF 61064 023400  780 153 2417    -4750742    -63         -43    -18   35   2  302 +101  133  +16  133   16  21  0  0 L3B 1A
C33 FF 61064 023400  780 858  370    +9483890    -60         -10     -4   14   2   81   +0   73   +5   73    5   8  0  0 L3B 80
C39 FF 61064 023400  780 101  391     +184360    -27         -30    -33   21   2  445  +97  119  +24  119   24  12  0  0 L3B EB
C41 FF 61064 023400  780 383 2871    +9443898    -54         -23    -39   14   2  130  -18   84  +29   84   29   9  0  0 L3B 0A
C42 FF 61064 023400  780 305 1010    +9147563    +20          -7    +61   16   2  158  +27   86  -34   86  -34  10  0  0 L3B EA
C24 FF 61064 025000  780 479 1184     +236290   +303         -21     +9   18   2  109   -7   95   -7   95   -7  11  0  0 L3B C4
C25 FF 61064 025000  780 164 1783    -9590701   +105         -42     +9   23   2  285 -111  150  -12  150  -12  15  0  0 L3B 28
C26 FF 61064 025000  780 326  554    +5861317     -3         -41    -59   19   2  149  +15  103  +44  103   44  12  0  0 L3B F0
C27 FF 61064 025000  780 197 2781    -5859748   -128         -27    -79   25   2  238  +38   75  +52   75   52  14  0  0 L3B 3B
C30 FF 61064 025000  780 105 3313    -3714250    -94         -15    -12   33   2  431  -61  130   +6  130    6  21  0  0 L3B D0
C33 FF 61064 025000  780 812  869    +9483834    -60         -12     -3   15   2   82   +1   77   +4   77    4   9  0  0 L3B 8A
C41 FF 61064 025000  780 443 2902    +9443898     +4          -9    +19   20   2  116  -13   77   -7   77   -7  12  0  0 L3B CA
C42 FF 61064 025000  780 249 1052    +9147521    -18         -10    +23   22   2  191  +41   94   -9   94   -9  13  0  0 L3B DB
C24 FF 61064 030600  780 513 1090     +236551   +291         -48     -4   16   3  104   -4  107   +1  107    1   9  0  0 L3B AA
C25 FF 61064 030600  780 229 1777    -9590604    +85         -30    -10   14   3  207  -59  134   -4  134   -4   9  0  0 L3B FE
C26 FF 61064 030600  780 287  502    +5861375    +73         -37    +16   24   3  167  +23  104   -6  104   -6  14  0  0 L3B F1
C27 FF 61064 030600  780 162 2725    -5859802     -5         -19    +45   31   3  286  +66   91  -17   91  -17  19  0  0 L3B 10
C30 FF 61064 030600  780 116 3257    -3714343    -77         -28     +5   28   3  393  -20  131  -12  131  -12  17  0  0 L3B 0A
C33 FF 61064 030600  780 750 1027    +9483791    -73           4    -16   11   3   84   +3   71  +11   71   11   6  0  0 L3B 9C
C41 FF 61064 030600  780 505 2928    +9443880    -26         -16    -11   16   3  105  -10   80   +8   80    8  10  0  0 L3B CE
C42 FF 61064 030600  780 193 1092    +9147495    -42          -2     -1   28   3  242  +68   93  +15   93   15  18  0  0 L3B E0
C24 FF 61064 032200  780 530  983     +236841   +314         -41    +20   15   3  101   -1  102  -14  102  -14   8  0  0 L3B C9
C25 FF 61064 032200  780 297 1770    -9590511    +97         -29     +1   25   3  163  -35  124  -11  124  -11  16  0  0 L3B 15
C26 FF 61064 032200  780 242  463    +5861446    +70         -20    +13   20   3  196  +37  103   -4  103   -4  12  0  0 L3B D8
C27 FF 61064 032200  780 121 2675    -5859831    -78           1    -28   33   3  376 +129   91  +19   91   19  22  0  0 L3B 07
C30 FF 61064 032200  780 117 3200    -3714426    -89         -33     -7   31   3  389  +11  122   +0  122    0  20  0  0 L3B C4
C33 FF 61064 032200  780 686 1114    +9483724    -68          -9    -11   13   3   87   +4   81  +12   81   12   8  0  0 L3B B8
C41 FF 61064 032200  780 569 2947    +9443857     +4         -24    +19   15   3   97   -7   86  -12   86  -12   9  0  0 L3B E2
C42 FF 61064 032200  780 138 1131    +9147448    -55         -10    -14   25   3  334 +130  110  +18  110   18  17  0  0 L3B 12
C24 FF 61064 033800  780 530  872     +237132   +258         -33    -37   13   3  101   +1   95  +19   95   19   8  0  0 L3B C6
C25 FF 61064 033800  780 366 1761    -9590418    +91         -28     -5   15   3  136  -23  115   -5  115   -5   9  0  0 L3B F2
C26 FF 61064 033800  780 192  435    +5861475    +32         -45    -25   24   3  243  +64  126  +21  126   21  15  0  0 L3B 07
C30 FF 61064 033800  780 109 3143    -3714500    -54         -27    +28   25   3  415  +46  118  -23  118  -23  15  0  0 L3B 1F
C33 FF 61064 033800  780 620 1178    +9483667    -21         -11    +36   15   3   91   +6   85  -14   85  -14   9  0  0 L3B E1
C41 FF 61064 033800  780 634 2955    +9443853    -51         -14    -36   14   3   90   -5   80  +20   80   20   8  0  0 L3B C9
C24 FF 61064 035400  780 512  769     +237411   +310         -36    +15   15   3  104   +4   96  -10   96  -10   9  0  0 L3B C3
C25 FF 61064 035400  780 435 1748    -9590320   +109         -22    +13   19   3  117  -16  105   -5  105   -5  12  0  0 L3B 0E
C26 FF 61064 035400  780 139  416    +5861551   +108         -24    +51   30   3  330 +125  118  -32  118  -32  18  0  0 L3B 2E
C32 FF 61064 035400  780 142 2991    +9585409    -37          -1    +17   17   3  327 -129   94  -22   94  -22  12  0  0 L3B 17
C33 FF 61064 035400  780 553 1229    +9483611    -40         -12    +17   15   3   98   +8   89   -8   89   -8   9  0  0 L3B CE
C41 FF 61064 035400  780 699 2941    +9443836    +20         -16    +35   10   3   86   -4   82  -22   82  -22   6  0  0 L3B DC
C24 FF 61064 041000  780 479  685     +237688   +328         -58    +31   16   4  109   +7  102  -20  102  -20  10  0  0 L3B FC
C25 FF 61064 041000  780 505 1726    -9590234    +89         -28     -6   17   4  105  -11  105   -1  105   -1  10  0  0 L3B E3
C32 FF 61064 041000  780 199 3012    +9585368     -1           9    +53   26   4  237  -68   82  -41   82  -41  17  0  0 L3B E7
C33 FF 61064 041000  780 487 1274    +9483572    -20           1    +37   16   4  107  +11   82  -19   82  -19   9  0  0 L3B DD
C41 FF 61064 041000  780 763 2874    +9443822    -55         -12    -40   13   4   83   -2   80  +23   80   23   7  0  0 L3B C0
C23 FF 61064 043800  780 200 2039    +5034711    -89         -27    -21   26   4  236  -75  139   +0  139    0  17  0  0 L3B F5
C24 FF 61064 043800  780 398  587     +238200   +292         -44     -4   17   4  126  +14   91   +1   91    1  10  0  0 L3B AC
C25 FF 61064 043800  780 622 1646    -9590069    +58         -24    -38   16   4   91   -6   98  +16   98   16   9  0  0 L3B F3
C32 FF 61064 043800  780 303 3035    +9585264    -46          -4     +8   23   4  160  -30   82   -6   82   -6  14  0  0 L3B C1
C33 FF 61064 043800  780 372 1342    +9483479    -10           3    +46   17   4  133  +21   89  -24   89  -24  10  0  0 L3B F2
C41 FF 61064 043800  780 830 2257    +9443798    -39         -11    -24   13   4   81   +0   83  +17   83   17   8  0  0 L3B D6
C23 FF 61064 045400  780 265 2053    +5034645    -48         -29    +19   18   4  181  -43  130  -20  130  -20  12  0  0 L3B 19
C24 FF 61064 045400  780 344  556     +238486   +290         -42     -6   18   4  142  +21   91  +10   91   10  12  0  0 L3B CA
C25 FF 61064 045400  780 681 1548    -9589982    +97         -29     +1   13   4   87   -3  100   -1  100   -1   8  0  0 L3B D0
C32 FF 61064 045400  780 364 3038    +9585220    -62           4     -8   19   4  136  -21   76   +5   76    5  11  0  0 L3B AE
C33 FF 61064 045400  780 307 1375    +9483432    -31          10    +26   27   4  157  +31   92   -7   92   -7  16  0  0 L3B DC
C40 FF 61064 045400  780 104  679    +2021501   +100         -10    +71   26   4  435 -123   98  -40   98  -40  20  0  0 L3B 00
C41 FF 61064 045400  780 791 1862    +9443764     +2         -30    +17   15   4   82   +2   95  -12   95  -12   8  0  0 L3B C9
C23 FF 61064 051000  780 332 2070    +5034590    -99         -25    -32   19   5  148  -28  113  +14  113   14  12  0  0 L3B 0B
C24 FF 61064 051000  780 288  538     +238769   +314         -39    +18   20   5  167  +31   95   -3   95   -3  12  0  0 L3B DF
C25 FF 61064 051000  780 724 1381    -9589883    +82         -21    -14   16   5   85   -2   95   +6   95    6   9  0  0 L3B C1
C32 FF 61064 051000  780 425 3030    +9585167    -53           0     +1   17   5  120  -14   75   -4   75   -4  11  0  0 L3B 9F
C33 FF 61064 051000  780 243 1406    +9483370    -71           9    -14   24   5  195  +49  105  +17  105   17  14  0  0 L3B FB
C40 FF 61064 051000  780 133  665    +2021503    +46         -36    +17   30   5  345  -72  113  -10  113  -10  17  0  0 L3B F0
C41 FF 61064 051000  780 726 1731    +9443753     -9         -24     +6   14   5   85   +3   95   -1   95   -1   8  0  0 L3B 93
C23 FF 61064 052600  780 400 2088    +5034524    -91         -28    -24   18   5  126  -19  109   +9  109    9  11  0  0 L3B FC
C24 FF 61064 052600  780 230  530     +239045   +291         -46     -5   17   5  205  +49  104   +8  104    8  10  0  0 L3B C4
C25 FF 61064 052600  780 738 1147    -9589808    +99         -37     +3   17   5   84   +0  103   -3  103   -3  10  0  0 L3B DE
C32 FF 61064 052600  780 485 3006    +9585103    -91         -12    -37   14   5  108  -10   83  +22   83   22   8  0  0 L3B E6
C33 FF 61064 052600  780 180 1432    +9483320     -6          14    +51   31   5  259  +88  119  -12  119  -12  20  0  0 L3B 03
C40 FF 61064 052600  780 161  650    +2021557    +37         -10     +8   26   5  289  -47   97   -4   97   -4  16  0  0 L3B CC
C41 FF 61064 052600  780 655 1688    +9443747    -16         -15     -1   20   5   89   +5   92   +0   92    0  11  0  0 L3B AA
C23 FF 61064 054200  780 469 2106    +5034465    -85         -23    -18   22   5  111  -13  101   +9  101    9  13  0  0 L3B E6
C24 FF 61064 054200  780 173  532     +239326   +263         -49    -33   32   5  268  +87  120  +32  120   32  20  0  0 L3B FE
C25 FF 61064 054200  780 717  928    -9589697   +105         -19    +10   12   5   85   +2   94   -3   94   -3   6  0  0 L3B CC
C32 FF 61064 054200  780 543 2961    +9585044    -62         -20     -8   14   5  100   -7   89   +3   89    3   8  0  0 L3B AF
C33 FF 61064 054200  780 118 1456    +9483253    -72           1    -15   53   5  388 +198  158  +58  158   58  30  0  0 L3B 33
C40 FF 61064 054200  780 186  632    +2021602     -8           6    -37   26   5  252  -32   91  +17   91   17  16  0  0 L3B B1
C41 FF 61064 054200  780 582 1675    +9443741    -25          -6     -9   13   5   95   +8   90   +7   90    7   7  0  0 L3B 96
C23 FF 61064 055800  780 539 2125    +5034400    -79         -23    -12   20   5  100   -9   99   +2   99    2  13  0  0 L3B C1
C24 FF 61064 055800  780 116  539     +239613   +253         -47    -43   43   5  392 +184  140  +64  140   64  28  0  0 L3B 2A
C25 FF 61064 055800  780 673  787    -9589589    +80          -3    -16   11   5   88   +3   87  +13   87   13   7  0  0 L3B D5
C32 FF 61064 055800  780 593 2884    +9585000    -66         -11    -12   12   5   94   -5   83   +6   83    6   7  0  0 L3B B7
C40 FF 61064 055800  780 208  613    +2021601    +29         -23     -1   23   5  226  -22  114  +10  114   10  14  0  0 L3B CA
C41 FF 61064 055800  780 509 1675    +9443731    -13          -1     +3   13   5  104  +11   93   +4   93    4   7  0  0 L3B 9C
C20 FF 61064 061400  780 140 3171    +9607603   +137         -16    +33   23   6  331 -135  109  -16  109  -16  15  0  0 L3B 3D
C23 FF 61064 061400  780 609 2141    +5034336    -82         -23    -15   19   6   93   -7  100  +13  100   13  11  0  0 L3B DD
C25 FF 61064 061400  780 616  712    -9589507   +105         -21     +9   17   6   92   +5  100   +2  100    2   9  0  0 L3B A9
C32 FF 61064 061400  780 631 2768    +9584960     -9           1    +45   14   6   91   -2   79  -21   79  -21   8  0  0 L3B BC
C37 FF 61064 061400  780 118 2292    +9125609    +52         -10     -4   35   6  392 -192  130   -3  130   -3  23  0  0 L3B FC
C40 FF 61064 061400  780 227  592    +2021635    +24         -26     -6   20   6  208  -16  121   +9  121    9  13  0  0 L3B C0
C41 FF 61064 061400  780 436 1680    +9443715     +2          -3    +17   22   6  117  +16  106   +3  106    3  14  0  0 L3B C1
C20 FF 61064 063000  780 198 3164    +9607705   +139         -14    +35   28   6  238  -68  106  -25  106  -25  17  0  0 L3B 4B
C23 FF 61064 063000  780 680 2151    +5034276   -118         -20    -51   13   6   87   -5  100  +36  100   36   8  0  0 L3B E6
C25 FF 61064 063000  780 556  676    -9589415    +76         -21    -21   15   6   98   +7  108  +24  108   24   8  0  0 L3B F1
C32 FF 61064 063000  780 648 2616    +9584910    -37           3    +17   17   6   89   +0   85   -1   85   -1   9  0  0 L3B A4
C37 FF 61064 063000  780 176 2320    +9125672    +29          -1    -27   30   6  266  -88  125  +17  125   17  18  0  0 L3B 15
C40 FF 61064 063000  780 244  569    +2021661    +35         -28     +5   23   6  195  -11  129   +3  129    3  14  0  0 L3B C9
C41 FF 61064 063000  780 364 1687    +9443694    -16          -9     +0   15   6  136  +24  132  +24  132   24   9  0  0 L3B EB
C20 FF 61064 064600  780 254 3147    +9607802   +157         -16    +53   19   6  188  -40  104  -29  104  -29  12  0  0 L3B 45
C23 FF 61064 064600  780 750 2145    +5034207   -133         -23    -66   12   6   84   -3  108  +48  108   48   7  0  0 L3B FD
C25 FF 61064 064600  780 493  664    -9589323    +96         -22     -1   14   6  106  +10  121  +17  121   17   8  0  0 L3B ED
C32 FF 61064 064600  780 639 2454    +9584861    -41           6    +13   16   6   90   +2   93   +6   93    6   9  0  0 L3B 9C
C37 FF 61064 064600  780 235 2352    +9125726    +95           0    +39   35   6  202  -50  124  -17  124  -17  21  0  0 L3B 0A
C40 FF 61064 064600  780 256  545    +2021690    +40         -28    +10   12   6  186   -8  137  +10  137   10   7  0  0 L3B D7
C41 FF 61064 064600  780 294 1695    +9443691    -35           3    -19   15   6  164  +36  157  +56  157   56   9  0  0 L3B 16
C20 FF 61064 070200  780 308 3120    +9607908   +119         -14    +14   17   7  158  -25  105   +4  105    4  10  0  0 L3B F7
C23 FF 61064 070200  780 817 2076    +5034142    -24         -25    +43   11   7   82   -1  119  -17  119  -17   6  0  0 L3B EB
C25 FF 61064 070200  780 432  666    -9589228    +69         -21    -28   13   7  118  +14  133  +37  133   37   7  0  0 L3B 0D
C32 FF 61064 070200  780 607 2316    +9584809    -59           9     -4   14   7   93   +4  106  +17  106   17   8  0  0 L3B CA
C34 FF 61064 070200  780 109  760    -8694845   -133         -22    -53   84   7  420 -132  245  +23  245   23  47  0  0 L3B 3C
C37 FF 61064 070200  780 295 2385    +9125793    +83          18    +28   22   7  164  -32  122  -16  122  -16  14  0  0 L3B 27
C40 FF 61064 070200  780 265  521    +2021716    +29         -34     -1   15   7  180   -5  152  +13  152   13   9  0  0 L3B BC
C41 FF 61064 070200  780 225 1702    +9443681    -32          23    -15   18   7  210  +61  206  +79  206   79  10  0  0 L3B 0A
C20 FF 61064 071800  780 357 3079    +9608007   +134         -14    +30   15   7  138  -16  113   -6  113   -6   9  0  0 L3B 06
C23 FF 61064 071800  780 868 1557    +5034097    -46          -5    +21   10   7   81   +0  115   -3  115   -3   5  0  0 L3B BA
C25 FF 61064 071800  780 371  678    -9589126   +123         -11    +27   19   7  134  +19  147   +2  147    2  12  0  0 L3B 08
C32 FF 61064 071800  780 557 2215    +9584756    -52           8     +3   14   7   98   +7  122  +18  122   18   8  0  0 L3B CF
C34 FF 61064 071800  780 140  706    -8694917    -19         -16    +61   42   7  328  -66  226  -38  226  -38  25  0  0 L3B 3D
C37 FF 61064 071800  780 356 2421    +9125824    +58          -4     +3   22   7  139  -21  138   +0  138    0  13  0  0 L3B D1
C40 FF 61064 071800  780 271  497    +2021745    +39         -34     +9   21   7  177   -2  160   +6  160    6  12  0  0 L3B C1
C41 FF 61064 071800  780 158 1708    +9443657    +16          16    +33   23   7  293 +120  287  +82  287   82  13  0  0 L3B 3B
C20 FF 61064 073400  780 400 3022    +9608113   +114          -9    +10   15   7  126  -10  122   +8  122    8   9  0  0 L3B C7
C23 FF 61064 073400  780 831  837    +5034020    -88         -18    -21   12   7   81   +1  130  +18  130   18   7  0  0 L3B C8
C25 FF 61064 073400  780 312  697    -9589038    +72         -16    -25   18   7  155  +27  176  +46  176   46  11  0  0 L3B 30
C32 FF 61064 073400  780 498 2145    +9584706    -71          10    -16   16   7  106  +10  141  +35  141   35   9  0  0 L3B 01
C34 FF 61064 073400  780 165  648    -8694984    -93          -6    -13   33   7  281  -35  212   +3  212    3  20  0  0 L3B E7
C37 FF 61064 073400  780 417 2460    +9125888    +22           7    -33   13   7  121  -15  136  +24  136   24   8  0  0 L3B F2
C40 FF 61064 073400  780 272  473    +2021800    +79          -7    +49   29   7  176   +0  153  -24  153  -24  18  0  0 L3B F6
C20 FF 61064 075000  780 432 2949    +9608202   +106         -20     +2   15   7  118   -6  138   +7  138    7   9  0  0 L3B D7
C23 FF 61064 075000  780 766  742    +5033955    -36         -18    +31   13   7   83   +2  138  -11  138  -11   8  0  0 L3B E6
C25 FF 61064 075000  780 254  720    -9588943    +49         -14    -48   16   7  187  +40  209  +75  209   75  10  0  0 L3B 2C
C32 FF 61064 075000  780 433 2097    +9584655    -71          12    -16   17   7  118  +15  165  +40  165   40  10  0  0 L3B 14
C34 FF 61064 075000  780 182  588    -8695069   -113         -14    -33   37   7  257  -17  216  +22  216   22  24  0  0 L3B 31
C37 FF 61064 075000  780 479 2501    +9125949    +67          15    +12   17   7  109  -11  136   -5  136   -5  10  0  0 L3B 01
C40 FF 61064 075000  780 270  451    +2021807    +31         -29     +1   10   7  177   +3  175   +5  175    5   7  0  0 L3B A0
C43 FF 61064 075000  780 129 1123    -1303876    -19         -13    -10   44   7  358 -136  364  -52  364  -52  27  0  0 L3B 46
C19 FF 61064 080600  780 132 3272    +9662477   +109           8    +68   30   8  351 -133  143  -20  143  -20  19  0  0 L3B 36
C20 FF 61064 080600  780 452 2862    +9608312    +76         -14    -29   16   8  114   -2  141  +23  141   23  10  0  0 L3B FD
C23 FF 61064 080600  780 701  735    +5033889    -66         -21     +0   14   8   86   +4  149  +11  149   11   8  0  0 L3B CA
C25 FF 61064 080600  780 198  747    -9588849   +115         -18    +18   22   8  236  +64  251  +45  251   45  15  0  0 L3B 44
C32 FF 61064 080600  780 366 2063    +9584607     -8          10    +46   19   8  135  +22  198  +15  198   15  11  0  0 L3B 11
C34 FF 61064 080600  780 188  526    -8695150    -97         -21    -17   25   8  248   -3  224   +9  224    9  16  0  0 L3B F5
C37 FF 61064 080600  780 542 2544    +9126001    +50           7     -6   13   8  100   -8  141   +7  141    7   7  0  0 L3B 98
C40 FF 61064 080600  780 264  430    +2021853    +26         -16     -5   12   8  181   +5  176  +13  176   13   8  0  0 L3B CA
C43 FF 61064 080600  780 178 1079    -1303871    -46          -2    -38   28   8  263  -70  315  -11  315  -11  16  0  0 L3B 20
C19 FF 61064 082200  780 180 3241    +9662498     +5         -10    -35   29   8  260  -66  168  +33  168   33  18  0  0 L3B 25
C20 FF 61064 082200  780 456 2768    +9608425    +60          -1    -45   25   8  113   +1  143  +50  143   50  14  0  0 L3B F0
C23 FF 61064 082200  780 637  752    +5033815    -39         -31    +28   18   8   90   +5  168   +3  168    3  11  0  0 L3B CD
C25 FF 61064 082200  780 144  777    -9588764   +135         -26    +38   52   8  321 +117  313  +30  313   30  31  0  0 L3B 38
C32 FF 61064 082200  780 298 2038    +9584560    -39          15    +15   17   8  162  +34  239  +50  239   50  10  0  0 L3B 1E
C34 FF 61064 082200  780 185  464    -8695231    -61         -25    +19   33   8  252  +11  238   -4  238   -4  21  0  0 L3B FE
C37 FF 61064 082200  780 605 2592    +9126055    +59           7     +3   17   8   93   -6  144   +1  144    1  10  0  0 L3B A7
C40 FF 61064 082200  780 255  412    +2021879    +63         -19    +33   14   8  187   +7  197   -3  197   -3   9  0  0 L3B E1
C43 FF 61064 082200  780 223 1029    -1303877     -8           0     +0   33   8  212  -41  279  -33  279  -33  20  0  0 L3B E1
C19 FF 61064 083800  780 223 3201    +9662541    -13          -6    -54   24   8  212  -37  176  +38  176   38  14  0  0 L3B 1C
C20 FF 61064 083800  780 443 2673    +9608520   +113          -6     +8   19   8  115   +4  162  +14  162   14  11  0  0 L3B F2
C23 FF 61064 083800  780 574  779    +5033764    -27         -18    +40   10   8   96   +7  179   -4  179   -4   6  0  0 L3B E5
C32 FF 61064 083800  780 231 2017    +9584513    -55          20     -2   21   8  204  +57  295  +74  295   74  12  0  0 L3B 0A
C34 FF 61064 083800  780 172  406    -8695321   -103         -38    -23   32   8  270  +28  257  +26  257   26  20  0  0 L3B 2C
C37 FF 61064 083800  780 668 2644    +9126100    +47          -1     -9   13   8   88   -4  154  +12  154   12   7  0  0 L3B D2
C40 FF 61064 083800  780 243  397    +2021920    +11          -7    -19   16   8  195  +10  204  +26  204   26  10  0  0 L3B E8
C43 FF 61064 083800  780 264  972    -1303893    -72          -7    -63   19   8  181  -25  259  +33  259   33  11  0  0 L3B 19
C19 FF 61064 085400  780 259 3150    +9662589    +37           3     -4   17   8  185  -22  179  +11  179   11  10  0  0 L3B 06
C20 FF 61064 085400  780 416 2586    +9608615   +139         -12    +35   19   8  121   +8  187   +5  187    5  11  0  0 L3B 0C
C23 FF 61064 085400  780 512  810    +5033683    -58         -35     +9   13   8  104   +9  209  +21  209   21   8  0  0 L3B D5
C32 FF 61064 085400  780 166 2000    +9584454    -63          12     -9   22   8  280 +107  373  +92  373   92  14  0  0 L3B 1F
C34 FF 61064 085400  780 150  353    -8695417    -65         -58    +15   26   8  308  +54  288  +25  288   25  15  0  0 L3B 33
C37 FF 61064 085400  780 731 2707    +9126149    +47          -5     -9   12   8   84   -3  166  +17  166   17   7  0  0 L3B E2
C40 FF 61064 085400  780 228  385    +2021938    -10         -18    -41   19   8  207  +14  232  +50  232   50  11  0  0 L3B FB
C43 FF 61064 085400  780 298  909    -1303908    +34         -14    +43   24   8  162  -15  258  -25  258  -25  15  0  0 L3B 2E
C19 FF 61064 091000  780 286 3090    +9662619    +18         -12    -23   25   9  169  -12  192  +16  192   16  15  0  0 L3B 2F
C20 FF 61064 091000  780 377 2511    +9608716   +142         -15    +37   22   9  132  +13  211  +10  211   10  14  0  0 L3B 0C
C23 FF 61064 091000  780 451  844    +5033625    -80         -29    -13   17   9  114  +12  231  +34  231   34  10  0  0 L3B F5
C28 FF 61064 091000  780 158 1432    -4751787    -87           7    -41   27   9  295 -109  430  -72  430  -72  18  0  0 L3B 41
C32 FF 61064 091000  780 102 1984    +9584393    -90          -1    -36   20   9  443 +260  463 +117  463  117  12  0  0 L3B 49
C34 FF 61064 091000  780 119  306    -8695475    -26         -38    +54   41   9  383 +107  292   +1  292    1  25  0  0 L3B 0C
C37 FF 61064 091000  780 794 2798    +9126201    +88         -17    +31   12   9   82   -2  173  -10  173  -10   6  0  0 L3B FE
C40 FF 61064 091000  780 211  376    +2021982    +80          -5    +49   19   9  222  +18  236  -13  236  -13  11  0  0 L3B F9
C43 FF 61064 091000  780 323  839    -1303912    -33          -4    -24   34   9  151   -9  252  +18  252   18  20  0  0 L3B E2
C19 FF 61064 092600  780 301 3022    +9662663    +28          -7    -13   19   9  160   -5  196  +29  196   29  11  0  0 L3B 10
C20 FF 61064 092600  780 329 2449    +9608820   +134         -11    +29   17   9  148  +21  243  +26  243   26  10  0  0 L3B 32
C23 FF 61064 092600  780 392  880    +5033558    -66         -33     +1   16   9  127  +16  257  +33  257   33   9  0  0 L3B FC
C28 FF 61064 092600  780 218 1402    -4751827    -66          10    -21   25   9  218  -59  354  -43  354  -43  17  0  0 L3B 34
C37 FF 61064 092600  780 854 3025    +9126265    +72          -7    +15   14   9   81   -1  174   -1  174   -1   8  0  0 L3B CA
C40 FF 61064 092600  780 193  370    +2021989     -3         -27    -34   18   9  242  +24  271  +49  271   49  12  0  0 L3B 07
C43 FF 61064 092600  780 336  764    -1303930    -11         -13     -2   21   9  146   -3  257   +1  257    1  13  0  0 L3B B8
C19 FF 61064 094200  780 305 2949    +9662717   +102           7    +60   21   9  159   +1  206  -29  206  -29  13  0  0 L3B 1B
C20 FF 61064 094200  780 276 2397    +9608916    +81         -16    -23   24   9  173  +33  292  +66  292   66  13  0  0 L3B 3D
C23 FF 61064 094200  780 335  917    +5033492    -93         -34    -27   19   9  146  +23  295  +47  295   47  12  0  0 L3B 2A
C28 FF 61064 094200  780 277 1367    -4751883    -24          -1    +21   25   9  174  -35  335  -21  335  -21  16  0  0 L3B 28
C37 FF 61064 094200  780 865  509    +9126317    +52          -9     -5    9   9   81   +0  186  +18  186   18   5  0  0 L3B C2
C40 FF 61064 094200  780 172  368    +2022010    -23         -36    -54   22   9  269  +32  305  +60  305   60  12  0  0 L3B F6
C43 FF 61064 094200  780 338  688    -1303939    -38         -14    -29   23   9  145   +2  259  +24  259   24  13  0  0 L3B 15
C19 FF 61064 095800  780 296 2876    +9662743    +79          -7    +38   23   9  163   +8  227   +0  227    0  14  0  0 L3B FE
C20 FF 61064 095800  780 220 2353    +9609023   +118         -10    +13   27   9  214  +54  335  +42  335   42  15  0  0 L3B 23
C23 FF 61064 095800  780 278  954    +5033434    -67         -28     +0   19   9  172  +33  322  +42  322   42  12  0  0 L3B 01
C28 FF 61064 095800  780 335 1324    -4751936    -39         -11     +7   21   9  146  -23  304  -79  304  -79  13  0  0 L3B 34
C37 FF 61064 095800  780 807  837    +9126368    +58         -12     +1   13   9   82   +1  198   +4  198    4   7  0  0 L3B C4
C40 FF 61064 095800  780 151  369    +2022018    +65         -56    +35   15   9  304  +43  343   -2  343   -2   9  0  0 L3B E1
C43 FF 61064 095800  780 327  616    -1303942     -4          -8     +5   33   9  149   +7  270  +23  270   23  19  0  0 L3B CF
C19 FF 61064 101400  780 276 2806    +9662790    +69           3    +28   24  10  174  +15  242   +5  242    5  15  0  0 L3B F2
C20 FF 61064 101400  780 162 2316    +9609104   +104         -28     +0   31  10  285 +100  407  +69  407   69  17  0  0 L3B 2E
C22 FF 61064 101400  780 129 3329    -4332113    -19         -24    +11   28  10  357  -78  273   -8  273   -8  17  0  0 L3B 1C
C23 FF 61064 101400  780 222  990    +5033372    -58         -28     +9   21  10  212  +51  362  +46  362   46  12  0  0 L3B FC
C28 FF 61064 101400  780 391 1272    -4751976    -57          -3    -11   14  10  128  -15  273  +12  273   12  10  0  0 L3B 13
C37 FF 61064 101400  780 744  940    +9126419     +6         -25    -51   19  10   84   +3  208  +42  208   42  11  0  0 L3B E1
C40 FF 61064 101400  780 129  374    +2022045   +124         -58    +93   34  10  353  +60  376  -33  376  -33  21  0  0 L3B 2E
C43 FF 61064 101400  780 304  551    -1303952    +34         -29    +41   18  10  159  +14  287  -14  287  -14  10  0  0 L3B 1D
C19 FF 61064 103000  780 245 2741    +9662824    +47          -2     +6   16  10  193  +26  269  +31  269   31  10  0  0 L3B 0B
C20 FF 61064 103000  780 105 2283    +9609203    +58         -29    -46   25  10  433 +229  495 +144  495  144  14  0  0 L3B 6A
C22 FF 61064 103000  780 153 3277    -4332143    -13         -25    +17   29  10  303  -39  271   -2  271   -2  17  0  0 L3B 02
C23 FF 61064 103000  780 168 1027    +5033309    -63         -27     +3   20  10  277  +88  423  +75  423   75  14  0  0 L3B 16
C28 FF 61064 103000  780 440 1207    -4752021    -43          -4     +3   21  10  116  -10  265  -33  265  -33  12  0  0 L3B F2
C37 FF 61064 103000  780 680 1006    +9126473    +30         -26    -27   11  10   87   +4  221  +26  221   26   6  0  0 L3B E3
C40 FF 61064 103000  780 107  381    +2022101    +20         -30    -10   25  10  423  +87  376  +13  376   13  15  0  0 L3B EE
C43 FF 61064 103000  780 271  495    -1303959    +50         -29    +57   20  10  176  +23  302  -13  302  -13  13  0  0 L3B 12
C19 FF 61064 104600  780 207 2682    +9662862    +32          -4     -9   25  10  227  +44  303  +46  303   46  14  0  0 L3B 0F
C22 FF 61064 104600  780 167 3219    -4332178    -44         -31    -14   30  10  277  -16  281  +16  281   16  18  0  0 L3B 2D
C28 FF 61064 104600  780 481 1126    -4752064    -33          -4    +13   14  10  109   -6  256   -8  256   -8   8  0  0 L3B E7
C37 FF 61064 104600  780 617 1059    +9126521    +47         -33    -11   12  10   92   +6  234  +24  234   24   7  0  0 L3B EF
C43 FF 61064 104600  780 231  450    -1303954    -25         -17    -18   19  10  204  +37  316  +28  316   28  11  0  0 L3B 11
C19 FF 61064 110200  780 163 2631    +9662897    +38          -3     -2   29  11  284  +79  353  +44  353   44  19  0  0 L3B 24
C22 FF 61064 110200  780 172 3157    -4332222    -43         -40    -12   31  11  270   +1  298  +13  298   13  20  0  0 L3B FC
C28 FF 61064 110200  780 508 1029    -4752118    -52         -33     -8   15  11  104   -3  263   +7  263    7   9  0  0 L3B D1
C36 FF 61064 110200  780 117 2892    -3043124    -47          10    -63   37  11  393 -179  313  +27  313   27  26  0  0 L3B 34
C37 FF 61064 110200  780 553 1106    +9126583    +72         -22    +15   15  11   98   +8  247  +12  247   12   8  0  0 L3B F5
C43 FF 61064 110200  780 185  416    -1303976     -4         -28     +3   23  11  252  +64  348  +31  348   31  14  0  0 L3B EF
C19 FF 61064 111800  780 115 2584    +9662936    +83          -3    +43   28  11  395 +164  409  +25  409   25  18  0  0 L3B 4A
C22 FF 61064 111800  780 166 3095    -4332221     +3         -11    +33   31  11  279  +18  291  -10  291  -10  18  0  0 L3B 12
C28 FF 61064 111800  780 520  921    -4752170    -54         -43    -10   20  11  103   +0  265   -5  265   -5  12  0  0 L3B DB
C36 FF 61064 111800  780 172 2918    -3043120    +26          -1    +10   36  11  272  -87  304  -10  304  -10  24  0  0 L3B 0B
C37 FF 61064 111800  780 490 1149    +9126632    +50         -27     -6   17  11  107  +11  270  +21  270   21  10  0  0 L3B 05
C43 FF 61064 111800  780 135  391    -1303994    -10         -38     -3   23  11  339 +126  374  +27  374   27  14  0  0 L3B 20
C22 FF 61064 113400  780 150 3035    -4332265     +1         -25    +32   26  11  307  +41  313   +0  313    0  17  0  0 L3B C9
C28 FF 61064 113400  780 513  815    -4752210    -29         -40    +15   13  11  103   +2  259   -7  259   -7   7  0  0 L3B DC
C36 FF 61064 113400  780 228 2940    -3043112     -4          -8    -20   28  11  208  -51  297   -9  297   -9  17  0  0 L3B FE
C37 FF 61064 113400  780 427 1189    +9126681    +70         -33    +13   17  11  119  +15  298  +12  298   12  10  0  0 L3B 31
C22 FF 61064 115000  780 125 2977    -4332307    -35         -38     -4   28  11  364  +81  339  +19  339   19  18  0  0 L3B 30
C27 FF 61064 115000  780 548 1495    -5861333    -60          -6    -11   19  11   99   -8  251  -29  251  -29  12  0  0 L3B 19
C28 FF 61064 115000  780 490  721    -4752247    -73         -35    -29   16  11  107   +5  249  +13  249   13   9  0  0 L3B 03
C30 FF 61064 115000  780 138 1971    -3716940    -44         -24    +38   23  11  337 -155  501  -48  501  -48  15  0  0 L3B 51
C36 FF 61064 115000  780 286 2957    -3043083    +49           6    +33   38  11  169  -33  277  -31  277  -31  24  0  0 L3B 30
C37 FF 61064 115000  780 365 1226    +9126734    +97         -34    +40   19  11  136  +20  322  +12  322   12  11  0  0 L3B 17
C27 FF 61064 120600  780 603 1411    -5861384   -101          -6    -52   14  12   93   -5  228  +13  228   13   8  0  0 L3B F1
C28 FF 61064 120600  780 453  646    -4752284    -29         -19    +16   18  12  113   +8  243   -1  243   -1  10  0  0 L3B F0
C30 FF 61064 120600  780 203 1980    -3717021    -84         -23     -1   21  12  233  -74  471  -87  471  -87  15  0  0 L3B 2A
C36 FF 61064 120600  780 345 2968    -3043073    +29           1    +14   29  12  142  -22  265  -28  265  -28  18  0  0 L3B 26
C37 FF 61064 120600  780 303 1261    +9126784    +54          -9     +0   22  12  159  +30  365  +36  365   36  13  0  0 L3B 09
C27 FF 61064 122200  780 645 1287    -5861431    -24          -6    +26   19  12   90   -3  216  -22  216  -22  11  0  0 L3B FF
C28 FF 61064 122200  780 407  590    -4752329    -56         -21    -11   15  12  124  +13  250   +7  250    7   9  0  0 L3B DD
C30 FF 61064 122200  780 269 1990    -3717101    -66         -24    +16   19  12  179  -43  380 -101  380 -101  12  0  0 L3B 56
C36 FF 61064 122200  780 406 2972    -3043064    -17          -4    -32   16  12  124  -16  249   +1  249    1  10  0  0 L3B E8
C37 FF 61064 122200  780 242 1293    +9126834    +54         -11     +1   19  12  196  +47  396  +32  396   32  11  0  0 L3B 21
C27 FF 61064 123800  780 667 1126    -5861481    -72          -8    -23   17  12   88   -1  205   +7  205    7  10  0  0 L3B E0
C28 FF 61064 123800  780 355  552    -4752369    -22         -18    +23   17  12  139  +19  254   -7  254   -7  10  0  0 L3B 15
C30 FF 61064 123800  780 337 2002    -3717176    -84         -19     -1   18  12  146  -27  305  -43  305  -43  13  0  0 L3B 26
C36 FF 61064 123800  780 466 2963    -3043053    +11          -8     -4   12  12  111  -12  232  -14  232  -14   8  0  0 L3B F0
C37 FF 61064 123800  780 182 1322    +9126894    +36          -2    -18   31  12  256  +83  442  +86  442   86  18  0  0 L3B 34
C38 FF 61064 123800  780 122  683    -2703533    -21         -36     -2   27  12  377  -99  379  -55  379  -55  15  0  0 L3B 3E
C27 FF 61064 125400  780 661  955    -5861537    -52         -17     -3   13  12   88   +1  206   -9  206   -9   8  0  0 L3B D5
C28 FF 61064 125400  780 300  528    -4752427    -47         -33     -2   19  12  161  +28  275   +9  275    9  12  0  0 L3B F4
C30 FF 61064 125400  780 406 2014    -3717255    -84         -19     -2   20  12  124  -18  263  -30  263  -30  12  0  0 L3B 15
C36 FF 61064 125400  780 526 2939    -3043041    +28         -11    +12   13  12  102   -8  218  -21  218  -21   8  0  0 L3B 04
C37 FF 61064 125400  780 123 1349    +9126962    +59          14     +5   45  12  373 +175  524  +92  524   92  30  0  0 L3B 34
C38 FF 61064 125400  780 153  668    -2703548     -7         -32    +12   21  12  302  -60  335  -55  335  -55  12  0  0 L3B 17
C27 FF 61064 131000  780 632  814    -5861581    -28         -34    +19   15  13   90   +3  198  -13  198  -13   8  0  0 L3B 04
C28 FF 61064 131000  780 243  517    -4752471    -70         -40    -25   16  13  195  +44  278  +24  278   24   9  0  0 L3B 18
C30 FF 61064 131000  780 476 2026    -3717332    -79         -14     +4   18  13  109  -13  240  -32  240  -32  13  0  0 L3B 14
C36 FF 61064 131000  780 583 2890    -3043033    +15         -21     -1   15  13   95   -6  206   -8  206   -8   9  0  0 L3B CB
C38 FF 61064 131000  780 183  652    -2703555    -36         -19    -17   24  13  256  -39  297  -12  297  -12  14  0  0 L3B 3C
C45 FF 61064 131000  780 123 3083    +6613823   +232         -12    +44   25  13  377 -172  344  -51  344  -51  15  0  0 L3B 54
C27 FF 61064 132600  780 586  719    -5861638    -22         -46    +25   16  13   95   +5  200  -20  200  -20   9  0  0 L3B F9
C28 FF 61064 132600  780 186  514    -4752502    -97         -28    -53   14  13  251  +76  281  +63  281   63  10  0  0 L3B 2B
C30 FF 61064 132600  780 548 2036    -3717412    -65         -14    +17   15  13   99   -9  213  -31  213  -31   9  0  0 L3B 07
C36 FF 61064 132600  780 632 2805    -3043016     -5         -19    -21   16  13   91   -4  199  +12  199   12   9  0  0 L3B EC
C38 FF 61064 132600  780 210  633    -2703595    -67         -41    -48   29  13  224  -27  278   +7  278    7  17  0  0 L3B 17
C45 FF 61064 132600  780 180 3088    +6613998   +167         -18    -21   27  13  261  -83  318  -23  318  -23  17  0  0 L3B 67
C27 FF 61064 134200  780 531  660    -5861680    -75         -43    -28   16  13  101   +8  201  +10  201   10  10  0  0 L3B EF
C28 FF 61064 134200  780 129  519    -4752543    +17         -26    +61   29  13  356 +153  297  -52  297  -52  16  0  0 L3B 58
C29 FF 61064 134200  780 133 2239    -5545382    -24         -31    +27   21  13  348 -155  413  -97  413  -97  14  0  0 L3B 5E
C30 FF 61064 134200  780 619 2040    -3717495   -122         -17    -40   19  13   92   -6  201  +14  201   14  11  0  0 L3B 05
C36 FF 61064 134200  780 668 2672    -3042998    +37         -16    +21   14  13   88   -2  193  -21  193  -21   8  0  0 L3B 19
C38 FF 61064 134200  780 234  612    -2703618    +15         -46    +34   19  13  202  -19  266  -59  266  -59  12  0  0 L3B 37
C45 FF 61064 134200  780 237 3085    +6614169   +171         -27    -17   28  13  201  -47  297  -26  297  -26  17  0  0 L3B 69
C27 FF 61064 135800  780 472  629    -5861719    -35         -37    +12   14  13  110  +11  197   -3  197   -3   9  0  0 L3B 07
C29 FF 61064 135800  780 193 2265    -5545432    -33         -32    +18   22  13  244  -75  352  -66  352  -66  14  0  0 L3B 50
C30 FF 61064 135800  780 690 2031    -3717569   -114         -13    -31   17  13   87   -4  186  +12  186   12   9  0  0 L3B 15
C36 FF 61064 135800  780 680 2499    -3042984    +49         -17    +33   11  13   87   +0  191  -23  191  -23   6  0  0 L3B 19
C38 FF 61064 135800  780 255  589    -2703618    -41         -28    -22   18  13  187  -14  241   -4  241   -4  11  0  0 L3B 11
C45 FF 61064 135800  780 294 3074    +6614359   +165         -18    -23   20  13  165  -30  258  -13  258  -13  12  0  0 L3B 58
C27 FF 61064 141400  780 412  615    -5861767    -61         -26    -13   19  14  122  +15  200   +8  200    8  12  0  0 L3B EC
C29 FF 61064 141400  780 254 2295    -5545474    -71         -28    -20   28  14  188  -44  296  -50  296  -50  17  0  0 L3B 5F
C30 FF 61064 141400  780 759 1985    -3717647   -103         -11    -20   13  14   83   -3  176   +3  176    3   7  0  0 L3B F0
C36 FF 61064 141400  780 665 2324    -3042970    +33         -20    +17   14  14   88   +2  191   -7  191   -7   8  0  0 L3B E5
C38 FF 61064 141400  780 273  564    -2703638    -56         -27    -37   16  14  175  -10  227  +25  227   25  10  0  0 L3B 26
C45 FF 61064 141400  780 349 3051    +6614533   +181         -26     -7   20  14  141  -20  237  -18  237  -18  12  0  0 L3B 34
C27 FF 61064 143000  780 351  615    -5861810    -11         -22    +37   19  14  140  +22  201  -22  201  -22  11  0  0 L3B 02
C29 FF 61064 143000  780 316 2327    -5545530   -133         -36    -82   24  14  154  -28  251   +8  251    8  14  0  0 L3B 20
C30 FF 61064 143000  780 821 1813    -3717745    -90         -30     -7   14  14   82   -1  181   +2  181    2   8  0  0 L3B B9
C36 FF 61064 143000  780 627 2186    -3042947    +21         -13     +5    9  14   91   +4  185   -1  185   -1   5  0  0 L3B BE
C38 FF 61064 143000  780 287  537    -2703675    -17         -45     +2   19  14  168   -7  223  -12  223  -12  12  0  0 L3B 09
C45 FF 61064 143000  780 401 3013    +6614714   +195         -26     +7   22  14  125  -13  221  -21  221  -21  13  0  0 L3B 16
C27 FF 61064 144600  780 292  623    -5861857    -17         -23    +31   17  14  165  +31  204  -12  204  -12  10  0  0 L3B 20
C29 FF 61064 144600  780 378 2361    -5545589    -26         -46    +25   22  14  132  -19  227  -43  227  -43  13  0  0 L3B 54
C30 FF 61064 144600  780 845 1230    -3717816    -98         -21    -16   13  14   81   +0  170   +3  170    3   7  0  0 L3B CE
C36 FF 61064 144600  780 574 2092    -3042931    +21         -13     +5   14  14   96   +6  188   +4  188    4   8  0  0 L3B CE
C38 FF 61064 144600  780 296  509    -2703683    +14         -35    +34   15  14  163   -4  209  -29  209  -29   9  0  0 L3B 1F
C45 FF 61064 144600  780 448 2959    +6614898   +181         -22     -7   13  14  115   -9  202  -14  202  -14   8  0  0 L3B 2A
C27 FF 61064 150200  780 233  638    -5861904    -78         -25    -30   19  15  203  +48  205   +7  205    7  12  0  0 L3B FE
C29 FF 61064 150200  780 441 2399    -5545634    -49         -37     +2   18  15  116  -14  199  -24  199  -24  11  0  0 L3B 45
C30 FF 61064 150200  780 800  832    -3717891    -64         -21    +18   10  15   82   +2  160  -21  160  -21   5  0  0 L3B DD
C36 FF 61064 150200  780 512 2030    -3042917    +24         -13     +8   13  15  103  +10  190   -8  190   -8   8  0  0 L3B DA
C38 FF 61064 150200  780 302  482    -2703704    -31         -35    -11   17  15  160   -2  191   -8  191   -8  10  0  0 L3B E4
C41 FF 61064 150200  780 124  605    +9443200    -28         -37    -14   46  15  371  -82  230   -9  230   -9  27  0  0 L3B 01
C45 FF 61064 150200  780 484 2885    +6615073   +160         -28    -28   18  15  108   -5  191   +9  191    9  11  0  0 L3B 1E
C27 FF 61064 151800  780 176  658    -5861946    -50         -21     -2   21  15  264  +82  191   -5  191   -5  13  0  0 L3B 06
C29 FF 61064 151800  780 504 2439    -5545683    -51         -37     +0   23  15  105  -10  177  -11  177  -11  13  0  0 L3B 2A
C30 FF 61064 151800  780 738  736    -3717961   -107         -11    -24   11  15   84   +3  145   +5  145    5   6  0  0 L3B DB
C36 FF 61064 151800  780 447 1990    -3042895    +22          -7     +6   18  15  115  +14  188   -3  188   -3  11  0  0 L3B 04
C38 FF 61064 151800  780 303  455    -2703730    -21         -43     -2   18  15  160   +0  184   -6  184   -6  11  0  0 L3B D7
C41 FF 61064 151800  780 147  547    +9443196    -48         -28    -33   31  15  314  -41  207   -2  207   -2  20  0  0 L3B 08
C45 FF 61064 151800  780 508 2792    +6615244   +240         -37    +52   15  15  104   -3  189  -40  189  -40   9  0  0 L3B 3A
C26 FF 61064 153400  780 136 3222    +5863917    +77         -14    +20   26  15  341 -125  247  -42  247  -42  15  0  0 L3B 53
C27 FF 61064 153400  780 121  682    -5862007    -35         -36    +13   31  15  377 +165  187  -31  187  -31  18  0  0 L3B 4A
C29 FF 61064 153400  780 568 2483    -5545735    -28         -41    +23   15  15   97   -7  161  -31  161  -31   9  0  0 L3B 1F
C30 FF 61064 153400  780 673  717    -3718045   -115         -15    -33   13  15   88   +4  142  +18  142   18   8  0  0 L3B FE
C32 FF 61064 153400  780 112 1020    +9583148    +21         -22    +74   44  15  411 -179  235  -64  235  -64  27  0  0 L3B 4C
C36 FF 61064 153400  780 379 1962    -3042887    +22         -14     +6   18  15  131  +20  197  +10  197   10  11  0  0 L3B 1C
C38 FF 61064 153400  780 300  429    -2703758    -51         -53    -32   18  15  161   +2  179  +12  179   12  11  0  0 L3B 0A
C41 FF 61064 153400  780 161  486    +9443191    +35         -19    +49   26  15  287  -17  188  -44  188  -44  16  0  0 L3B 4F
C45 FF 61064 153400  780 516 2687    +6615433   +174         -29    -14   34  15  103   +0  173   -4  173   -4  19  0  0 L3B 1F
C26 FF 61064 155000  780 184 3194    +5863967    +58         -19     +2   27  15  255  -63  225  -17  225  -17  16  0  0 L3B 48
C29 FF 61064 155000  780 632 2531    -5545787    -43         -44     +8   18  15   91   -5  151  -15  151  -15  10  0  0 L3B 0E
C30 FF 61064 155000  780 608  725    -3718138    -98         -29    -15   13  15   92   +6  148   +4  148    4   7  0  0 L3B D9
C32 FF 61064 155000  780 160  974    +9583081    -94         -38    -40   42  15  292  -84  204  -14  204  -14  25  0  0 L3B 34
C36 FF 61064 155000  780 312 1942    -3042874     +9         -16     -7   13  15  155  +31  209  +17  209   17   7  0  0 L3B FB
C38 FF 61064 155000  780 293  406    -2703760    -10         -36     +9   17  15  164   +5  163  -15  163  -15  11  0  0 L3B 01
C41 FF 61064 155000  780 166  425    +9443166    -25         -30    -10   27  15  279   +1  183   -6  183   -6  17  0  0 L3B F9
C45 FF 61064 155000  780 506 2581    +6615610   +216         -32    +28   20  15  105   +3  170  -20  170  -20  11  0  0 L3B 1A
C26 FF 61064 160600  780 227 3156    +5864000    +57         -36     +1   23  16  208  -36  221  -22  221  -22  13  0  0 L3B 16
C29 FF 61064 160600  780 697 2588    -5545832    -50         -31     +1   14  16   86   -4  140  -10  140  -10   8  0  0 L3B FA
C30 FF 61064 160600  780 545  745    -3718210   -110         -26    -28   11  16   99   +8  140  +12  140   12   6  0  0 L3B EB
C32 FF 61064 160600  780 204  922    +9583056    -51         -15     +3   25  16  231  -47  171  -18  171  -18  14  0  0 L3B 17
C35 FF 61064 160600  780 116 2563    +2442498   +204         -10    +62   38  16  397 -180  270  -96  270  -96  25  0  0 L3B 77
C36 FF 61064 160600  780 246 1926    -3042847    +15          -2     -1   15  16  193  +50  215  +14  215   14  10  0  0 L3B FB
C38 FF 61064 160600  780 282  385    -2703758     +9         -13    +28   18  16  170   +7  142  -29  142  -29  10  0  0 L3B 14
C41 FF 61064 160600  780 160  365    +9443147    +20         -28    +35   32  16  288  +19  174  -27  174  -27  20  0  0 L3B 32
C45 FF 61064 160600  780 479 2484    +6615799   +184         -20     -3   16  16  109   +6  161   -2  161   -2   9  0  0 L3B 09
C26 FF 61064 162200  780 265 3108    +5864070    +50         -20     -6   23  16  181  -22  197   -5  197   -5  12  0  0 L3B 07
C29 FF 61064 162200  780 761 2661    -5545880    -64         -30    -12   12  16   83   -2  135   +3  135    3   7  0  0 L3B D8
C30 FF 61064 162200  780 483  771    -3718286    -96         -24    -14   13  16  108  +11  135   +5  135    5   8  0  0 L3B ED
C32 FF 61064 162200  780 243  864    +9582993    -10         -26    +43   18  16  196  -28  156  -48  156  -48  11  0  0 L3B 4B
C35 FF 61064 162200  780 170 2599    +2442635   +167         -10    +24   32  16  275  -87  226  -74  226  -74  21  0  0 L3B 5E
C36 FF 61064 162200  780 181 1913    -3042841    +28         -12    +12   25  16  258  +89  241  +11  241   11  16  0  0 L3B 1F
C38 FF 61064 162200  780 269  368    -2703766    -27          -2     -8   12  16  178  +10  127   -3  127   -3   8  0  0 L3B E0
C41 FF 61064 162200  780 145  308    +9443146   -102         -14    -87   36  16  318  +44  156  +32  156   32  22  0  0 L3B 2D
C45 FF 61064 162200  780 439 2402    +6615983   +206         -17    +18   15  16  116  +10  161   -6  161   -6   9  0  0 L3B 19
C20 FF 61064 163800  780 118 1354    +9611535   +147         -19    +42   46  16  393 -194  189  -30  189  -30  33  0  0 L3B 78
C26 FF 61064 163800  780 293 3050    +5864130    +97         -14    +41   21  16  165  -13  181  -33  181  -33  12  0  0 L3B 37
C29 FF 61064 163800  780 823 2791    -5545935    -48         -36     +3   14  16   82   -1  133   -7  133   -7   8  0  0 L3B ED
C30 FF 61064 163800  780 423  802    -3718363    -69         -22    +13   13  16  120  +14  131  -14  131  -14   8  0  0 L3B 04
C32 FF 61064 163800  780 274  800    +9582940    -44         -29     +9   28  16  175  -16  147  -15  147  -15  16  0  0 L3B 34
C35 FF 61064 163800  780 224 2635    +2442745   +150         -37     +7   27  16  211  -51  207  -36  207  -36  17  0  0 L3B 40
C36 FF 61064 163800  780 118 1900    -3042825    +16         -11     +0   16  16  388 +198  260  +25  260   25  10  0  0 L3B 28
C38 FF 61064 163800  780 252  355    -2703815    -28         -32     -8   18  16  188  +13  138   -2  138   -2  10  0  0 L3B FF
C41 FF 61064 163800  780 120  256    +9443121    +30         -25    +45   23  16  380  +89  150  -41  150  -41  13  0  0 L3B 17
C45 FF 61064 163800  780 391 2336    +6616168   +148         -12    -40   16  16  128  +15  164  +33  164   33   9  0  0 L3B 3C
C20 FF 61064 165400  780 177 1322    +9611624   +150         -31    +45   30  16  266  -89  180  -45  180  -45  17  0  0 L3B 53
C26 FF 61064 165400  780 312 2983    +5864174    +86         -24    +30   26  16  156   -6  180  -29  180  -29  16  0  0 L3B 43
C29 FF 61064 165400  780 873 3366    -5545973    -51         -24     +0   11  16   81   +0  119   -8  119   -8   6  0  0 L3B E6
C30 FF 61064 165400  780 364  835    -3718447    -73         -27    +10   14  16  136  +19  132   -9  132   -9   9  0  0 L3B 04
C32 FF 61064 165400  780 295  730    +9582890    -47         -28     +6   20  16  164   -8  138  -10  138  -10  12  0  0 L3B 13
C35 FF 61064 165400  780 280 2672    +2442893   +142         -26     -1   20  16  172  -33  182  -13  182  -13  12  0  0 L3B 34
C38 FF 61064 165400  780 233  345    -2703803    +34          -2    +53   17  16  202  +17  115  -48  115  -48  10  0  0 L3B 0E
C45 FF 61064 165400  780 336 2283    +6616340   +177         -21    -11   21  16  145  +22  180  +20  180   20  12  0  0 L3B 29
C20 FF 61064 171000  780 236 1286    +9611727    +70         -27    -34   24  17  202  -49  164  +11  164   11  14  0  0 L3B 25
C26 FF 61064 171000  780 318 2912    +5864226    +16         -29    -40   24  17  153   +0  174  +11  174   11  14  0  0 L3B 10
C29 FF 61064 171000  780 838  633    -5546029    -56         -27     -4    9  17   81   +1  118   -6  118   -6   5  0  0 L3B C3
C30 FF 61064 171000  780 307  870    -3718509    -80          -7     +3   28  17  157  +27  120   -2  120   -2  18  0  0 L3B DA
C32 FF 61064 171000  780 305  656    +9582856    -46         -17     +7   46  17  159   -2  118  -13  118  -13  25  0  0 L3B 18
C35 FF 61064 171000  780 337 2709    +2443036   +102         -30    -42   19  17  146  -23  157   +5  157    5  13  0  0 L3B 14
C38 FF 61064 171000  780 213  339    -2703832     -9          -9    +11   14  17  220  +22  110   +0  110    0   8  0  0 L3B 9F
C45 FF 61064 171000  780 278 2240    +6616518   +197         -22    +10   20  17  172  +34  194   +6  194    6  13  0  0 L3B 1D
C20 FF 61064 172600  780 294 1243    +9611822   +126         -31    +22   21  17  165  -30  153  -28  153  -28  13  0  0 L3B 42
C24 FF 61064 172600  780 121 3288     +251803   +315         -20    +20   38  17  380 -108  156  -28  156  -28  22  0  0 L3B 4B
C26 FF 61064 172600  780 313 2838    +5864291    +18         -18    -38   24  17  155   +5  164  +17  164   17  14  0  0 L3B 33
C29 FF 61064 172600  780 777  799    -5546082    -39         -31    +13   14  17   83   +2  113  -12  113  -12   8  0  0 L3B 04
C30 FF 61064 172600  780 251  906    -3718607   -121         -27    -39   17  17  189  +40  133  +26  133   26  12  0  0 L3B 34
C32 FF 61064 172600  780 302  584    +9582809    -77         -13    -24   24  17  160   +4  108   +7  108    7  13  0  0 L3B F1
C35 FF 61064 172600  780 395 2745    +2443165   +150         -39     +6   16  17  127  -16  142  -20  142  -20  10  0  0 L3B 34
C38 FF 61064 172600  780 191  336    -2703844     +8          -3    +28   17  17  244  +28  100  -34  100  -34  10  0  0 L3B FD
C45 FF 61064 172600  780 219 2205    +6616700   +185         -20     -2   16  17  215  +56  209  +22  209   22  10  0  0 L3B 21
C20 FF 61064 174200  780 349 1192    +9611916   +132         -38    +28   22  17  141  -19  138  -30  138  -30  13  0  0 L3B 4C
C24 FF 61064 174200  780 152 3241     +252082   +339         -24    +44   34  17  305  -55  141  -43  141  -43  19  0  0 L3B 30
C26 FF 61064 174200  780 296 2767    +5864337    +66         -26     +9   20  17  163  +12  164   -9  164   -9  12  0  0 L3B 23
C29 FF 61064 174200  780 714  881    -5546139    -13         -38    +39   13  17   85   +3  111  -26  111  -26   8  0  0 L3B 03
C30 FF 61064 174200  780 196  942    -3718689   -102         -30    -20   25  17  238  +64  137   +6  137    6  14  0  0 L3B 19
C32 FF 61064 174200  780 287  515    +9582748    -61         -23     -8   27  17  168  +11  108   -6  108   -6  16  0  0 L3B 0C
C35 FF 61064 174200  780 454 2780    +2443298   +185         -43    +41   18  17  113  -12  123  -47  123  -47  11  0  0 L3B 50
C38 FF 61064 174200  780 168  338    -2703882    -65         -21    -45   28  17  276  +38  103  +42  103   42  16  0  0 L3B 2C
C45 FF 61064 174200  780 160 2174    +6616874   +160         -26    -27   27  17  289 +104  234  +36  234   36  17  0  0 L3B 65
C19 FF 61064 175800  780 161 1602    +9663908    +93         -20    +52   21  17  291 -117  174  -71  174  -71  13  0  0 L3B 5F
C20 FF 61064 175800  780 398 1129    +9612017   +105         -37     +0   27  17  126  -13  123   -8  123   -8  15  0  0 L3B 17
C24 FF 61064 175800  780 175 3188     +252347   +305         -43    +10   25  17  266  -28  140  -13  140  -13  14  0  0 L3B 36
C26 FF 61064 175800  780 268 2700    +5864383    +74         -35    +18   17  17  178  +20  166  -13  166  -13  10  0  0 L3B 4F
C29 FF 61064 175800  780 651  942    -5546192    -42         -42    +10   12  17   89   +5  109  -11  109  -11   7  0  0 L3B FF
C30 FF 61064 175800  780 143  979    -3718751    -62         -13    +20   44  17  322 +118  134  -10  134  -10  26  0  0 L3B 39
C32 FF 61064 175800  780 260  454    +9582716    -13          -6    +39   20  17  183  +21   91  -29   91  -29  12  0  0 L3B 06
C35 FF 61064 175800  780 515 2812    +2443420   +174         -59    +31   14  17  103   -9  119  -28  119  -28   8  0  0 L3B 37
C38 FF 61064 175800  780 144  343    -2703900    -12         -20     +7   31  17  319  +52   92  -12   92  -12  17  0  0 L3B EF
C45 FF 61064 175800  780 102 2146    +6617051   +232         -30    +44   20  17  444 +241  255   -9  255   -9  12  0  0 L3B 37
C19 FF 61064 181400  780 226 1585    +9663949    +12         -19    -29   17  18  210  -60  143  -11  143  -11  10  0  0 L3B 41
C20 FF 61064 181400  780 439 1052    +9612127   +115         -38    +10   16  18  117   -8  110  -13  110  -13   9  0  0 L3B 12
C24 FF 61064 181400  780 189 3130     +252610   +278         -59    -17   32  18  247  -12  147   -7  147   -7  20  0  0 L3B 21
C26 FF 61064 181400  780 233 2640    +5864442    +18         -31    -38   19  18  203  +33  166  +25  166   25  12  0  0 L3B 32
C29 FF 61064 181400  780 588  994    -5546227    -46         -23     +7   15  18   94   +6  101   -4  101   -4   8  0  0 L3B D6
C32 FF 61064 181400  780 225  403    +9582659     -9          -8    +43   19  18  209  +35   89  -34   89  -34  12  0  0 L3B 05
C35 FF 61064 181400  780 577 2841    +2443571    +90         -43    -54   16  18   96   -7  100  +21  100   21  10  0  0 L3B 02
C38 FF 61064 181400  780 120  351    -2703924   -100         -25    -80   23  18  379  +75   89  +50   89   50  15  0  0 L3B 19
C19 FF 61064 183000  780 293 1565    +9663991     +5         -16    -36   23  18  165  -36  125  +15  125   15  15  0  0 L3B 32
C20 FF 61064 183000  780 468  961    +9612213    +91         -53    -14   19  18  111   -4  114   +4  114    4  11  0  0 L3B D7
C24 FF 61064 183000  780 193 3068     +252918   +291         -34     -3   30  18  242   +1  130   -1  130   -1  18  0  0 L3B DE
C26 FF 61064 183000  780 191 2586    +5864519    +36          -9    -20   24  18  244  +55  158  +27  158   27  15  0  0 L3B 3B
C29 FF 61064 183000  780 526 1041    -5546271   -122         -18    -70   14  18  102   +9   98  +42   98   42   8  0  0 L3B 07
C32 FF 61064 183000  780 183  362    +9582603    -65         -13    -12   34  18  255  +62   84  +10   84   10  20  0  0 L3B F3
C35 FF 61064 183000  780 641 2864    +2443699   +163         -54    +19   14  18   90   -5  101  -11  101  -11   8  0  0 L3B 16
C44 FF 61064 183000  780 165 2854    -8935994    +94           9     +4   31  18  283  -93  138  -52  138  -52  20  0  0 L3B 34
C19 FF 61064 184600  780 361 1541    +9664023    +25         -24    -16   19  18  137  -23  118   +0  118    0  11  0  0 L3B 05
C20 FF 61064 184600  780 481  861    +9612330   +138         -37    +33   21  18  108   -1  101  -19  101  -19  12  0  0 L3B 1B
C24 FF 61064 184600  780 187 3006     +253222   +326         -14    +31   27  18  250  +14  111  -18  111  -18  18  0  0 L3B 28
C26 FF 61064 184600  780 146 2539    +5864574    +20          -8    -36   36  18  316 +101  170  +36  170   36  23  0  0 L3B 3E
C29 FF 61064 184600  780 464 1085    -5546330    -64         -26    -11   16  18  111  +12  104  +13  104   13   9  0  0 L3B 13
C32 FF 61064 184600  780 135  330    +9582542    -45         -23     +8   36  18  340 +123   88   -8   88   -8  21  0  0 L3B F7
C35 FF 61064 184600  780 706 2874    +2443846   +161         -44    +18   12  18   86   -4   92  -15   92  -15   7  0  0 L3B 11
C44 FF 61064 184600  780 220 2881    -8935910    +90           7     +1   22  18  215  -54  104  -19  104  -19  14  0  0 L3B 11
C19 FF 61064 190200  780 429 1507    +9664054    +47         -30     +6   17  19  119  -16  113   -9  113   -9  10  0  0 L3B 0E
C20 FF 61064 190200  780 477  761    +9612428   +114         -28     +9   14  19  109   +2   99   -7   99   -7   9  0  0 L3B E0
C24 FF 61064 190200  780 171 2945     +253486   +381         -33    +86   35  19  271  +32  121  -58  121  -58  22  0  0 L3B 45
C29 FF 61064 190200  780 403 1126    -5546383    -39         -29    +13   22  19  125  +16  109   -1  109   -1  13  0  0 L3B 13
C35 FF 61064 190200  780 771 2854    +2443967   +144         -50     +2    9  19   83   -2   98   -5   98   -5   5  0  0 L3B CF
C44 FF 61064 190200  780 277 2905    -8935844    +70         -11    -19   20  19  173  -34  100   +1  100    1  12  0  0 L3B FF
C19 FF 61064 191800  780 494 1461    +9664098    +41         -25     +0   14  19  106  -11  104   -2  104   -2   8  0  0 L3B F3
C20 FF 61064 191800  780 457  670    +9612546   +125         -11    +21   17  19  113   +5   86  -15   86  -15  10  0  0 L3B 08
C22 FF 61064 191800  780 102 1879    -4333139    +20         -48    +51   26  19  451 -279  197  -45  197  -45  18  0  0 L3B 73
C24 FF 61064 191800  780 147 2887     +253779   +305         -23    +10   41  19  314  +59  118   +0  118    0  25  0  0 L3B 11
C29 FF 61064 191800  780 342 1165    -5546433    -69         -29    -16   15  19  143  +23  115  +14  115   14   9  0  0 L3B 2B
C35 FF 61064 191800  780 833 2714    +2444121   +122         -31    -20    9  19   81   -1   86  +11   86   11   5  0  0 L3B CE
C44 FF 61064 191800  780 336 2924    -8935745    +73           3    -16   16  19  146  -24   83   +5   83    5  11  0  0 L3B E6
C19 FF 61064 193400  780 554 1392    +9664133    +61         -29    +21   21  19   98   -7  100  -20  100  -20  12  0  0 L3B 10
C20 FF 61064 193400  780 423  594    +9612647    +74         -10    -31   21  19  120   +9   85  +19   85   19  12  0  0 L3B F1
C22 FF 61064 193400  780 168 1882    -4333164    -37         -43     -6   26  19  280 -110  172  -17  172  -17  16  0  0 L3B 4A
C29 FF 61064 193400  780 282 1202    -5546474    -41         -20    +12   26  19  170  +34  120   +2  120    2  16  0  0 L3B F4
C35 FF 61064 193400  780 859 1980    +2444268   +148         -22     +6   14  19   81   +0   82   -2   82   -2   8  0  0 L3B D1
C44 FF 61064 193400  780 396 2938    -8935666   +112          -3    +23   16  19  127  -17   83  -16   83  -16  10  0  0 L3B 37
C19 FF 61064 195000  780 605 1293    +9664177     +3         -25    -37   15  19   93   -4   94  +16   94   16   9  0  0 L3B E8
C20 FF 61064 195000  780 379  537    +9612736   +114         -22     +9   23  19  131  +15   93   -1   93   -1  13  0  0 L3B E3
C22 FF 61064 195000  780 235 1887    -4333186    -37         -35     -6   23  19  203  -58  153   -3  153   -3  14  0  0 L3B 12
C29 FF 61064 195000  780 223 1236    -5546523     -4         -18    +48   29  19  211  +54  126  -28  126  -28  18  0  0 L3B 3C
C35 FF 61064 195000  780 806 1569    +2444378   +164         -48    +22   10  19   82   +2   97  -14   97  -14   6  0  0 L3B 0F
C44 FF 61064 195000  780 458 2943    -8935590    +96         -13     +7   18  19  113  -12   85  -14   85  -14  11  0  0 L3B 23
C19 FF 61064 200600  780 639 1157    +9664224    +62         -22    +21   12  20   90   -2   85  -16   85  -16   7  0  0 L3B E6
C20 FF 61064 200600  780 328  496    +9612837   +106         -24     +1   18  20  149  +22   91   +0   91    0  11  0  0 L3B C3
C22 FF 61064 200600  780 304 1894    -4333221    -12         -40    +19   17  20  160  -35  142  -30  142  -30  11  0  0 L3B 14
C29 FF 61064 200600  780 164 1268    -5546574    -14         -21    +38   27  20  282  +98  136  -27  136  -27  16  0  0 L3B 52
C35 FF 61064 200600  780 739 1499    +2444511   +108         -38    -33   15  20   84   +3  100  +23  100   23   9  0  0 L3B FB
C44 FF 61064 200600  780 519 2936    -8935509    +82         -13     -7   16  20  103   -9   85   +5   85    5   9  0  0 L3B CC
C19 FF 61064 202200  780 649  995    +9664260    +45         -26     +4   11  20   89   +0   85   -4   85   -4   6  0  0 L3B B0
C20 FF 61064 202200  780 273  469    +9612946   +127         -16    +23   19  20  175  +34   85  -16   85  -16  11  0  0 L3B 1F
C22 FF 61064 202200  780 375 1900    -4333251    -44         -41    -13   22  20  133  -23  132   -3  132   -3  13  0  0 L3B EC
C29 FF 61064 202200  780 107 1297    -5546624   -137         -22    -85   29  20  426 +223  141  +48  141   48  16  0  0 L3B 5D
C35 FF 61064 202200  780 669 1488    +2444653   +154         -33    +13   14  20   88   +5  101   -6  101   -6   8  0  0 L3B EF
C44 FF 61064 202200  780 580 2909    -8935424    +70         -13    -19   17  20   95   -6   84   +5   84    5   9  0  0 L3B CA
C19 FF 61064 203800  780 634  840    +9664306    +46         -19     +5   16  20   90   +2   79   -4   79   -4   9  0  0 L3B B3
C20 FF 61064 203800  780 216  454    +9613066    +97           3     -8   26  20  218  +56   78   +6   78    6  17  0  0 L3B BA
C22 FF 61064 203800  780 448 1906    -4333280    -35         -41     -4   19  20  115  -15  121   -7  121   -7  13  0  0 L3B F7
C34 FF 61064 203800  780 122 3055    -8698759    -37          -1    +44   25  20  380 -174   72  -33   72  -33  16  0  0 L3B 2B
C35 FF 61064 203800  780 598 1495    +2444795   +160         -26    +19   13  20   93   +7  101   -6  101   -6   7  0  0 L3B FD
C44 FF 61064 203800  780 638 2852    -8935347   +108         -22    +19   19  20   90   -4   85  -14   85  -14  11  0  0 L3B 1B
C19 FF 61064 205400  780 597  721    +9664335     +1         -30    -41   16  20   94   +4   83  +21   83   21   9  0  0 L3B B6
C20 FF 61064 205400  780 158  449    +9613168   +143           5    +39   27  20  292 +105   82  -16   82  -16  15  0  0 L3B 13
C22 FF 61064 205400  780 521 1908    -4333306    -54         -37    -24   21  20  102  -11  112  +11  112   11  13  0  0 L3B FE
C34 FF 61064 205400  780 179 3064    -8698857   -119         -22    -38   25  20  263  -84   85  +30   85   30  16  0  0 L3B 40
C35 FF 61064 205400  780 527 1509    +2444926   +127         -31    -14   14  20  101  +10  109  +21  109   21   8  0  0 L3B 14
C39 FF 61064 205400  780 126  680     +184670    -34         -44    -40   32  20  364  -83   88  +25   88   25  19  0  0 L3B FC
C44 FF 61064 205400  780 688 2745    -8935254    +99         -14    +10   15  20   87   -3   79   -7   79   -7   9  0  0 L3B EF
C19 FF 61064 211000  780 547  642    +9664380    -16         -22    -57   16  21   99   +7   80  +34   80   34  10  0  0 L3B DF
C20 FF 61064 211000  780 101  451    +9613278    +67           9    -38   27  21  449 +247  101  +69  101   69  16  0  0 L3B 13
C21 FF 61064 211000  780 112 2143    +8865455    -30         -22    +19   29  21  412 -224  170  -34  170  -34  18  0  0 L3B 3A
C22 FF 61064 211000  780 595 1903    -4333335    -57         -39    -26   15  21   94   -7  110  +11  110   11   9  0  0 L3B EA
C34 FF 61064 211000  780 236 3065    -8698952   -136         -42    -55   23  21  201  -48   98  +35   98   35  13  0  0 L3B 36
C35 FF 61064 211000  780 457 1525    +2445071   +110         -30    -32   11  21  113  +14  110  +22  110   22   7  0  0 L3B F2
C39 FF 61064 211000  780 154  665     +184681    +39         -34    +34   23  21  300  -53   85  -28   85  -28  14  0  0 L3B FC
C44 FF 61064 211000  780 719 2568    -8935174    +99         -19    +10   15  21   85   -1   83   -2   83   -2   9  0  0 L3B D5
C19 FF 61064 212600  780 490  595    +9664422    +23         -20    -18   17  21  107  +10   76   +8   76    8  10  0  0 L3B DB
C21 FF 61064 212600  780 174 2166    +8865401    -69         -29    -20   16  21  269  -96  155   -6  155   -6  11  0  0 L3B 2C
C22 FF 61064 212600  780 668 1883    -4333370     +0         -45    +31   16  21   88   -5  107  -22  107  -22   9  0  0 L3B F2
C34 FF 61064 212600  780 294 3059    -8699017   -110         -31    -29   25  21  165  -30   88  +17   88   17  16  0  0 L3B 37
C35 FF 61064 212600  780 388 1542    +2445212   +117         -25    -25   16  21  129  +20  116  +23  116   23  10  0  0 L3B 26
C39 FF 61064 212600  780 181  648     +184701    +10         -18     +5   25  21  258  -35   74   -5   74   -5  19  0  0 L3B C7
C44 FF 61064 212600  780 721 2346    -8935083   +108         -13    +19   13  21   85   +1   80  -12   80  -12   7  0  0 L3B EE
C19 FF 61064 214200  780 430  570    +9664454    +20         -27    -21   15  21  118  +14   80  +14   80   14   8  0  0 L3B DA
C21 FF 61064 214200  780 238 2193    +8865350    -26         -33    +23   27  21  200  -52  141  -33  141  -33  16  0  0 L3B 29
C22 FF 61064 214200  780 738 1822    -4333388     +2         -34    +33   12  21   84   -3   97  -22   97  -22   7  0  0 L3B D6
C34 FF 61064 214200  780 351 3042    -8699091   -139         -27    -58   19  21  141  -20   89  +33   89   33  12  0  0 L3B 31
C35 FF 61064 214200  780 320 1558    +2445349   +152         -25    +10   16  21  152  +30  123   +5  123    5  11  0  0 L3B F9
C39 FF 61064 214200  780 204  629     +184699    -33         -26    -38   27  21  230  -25   75  +25   75   25  16  0  0 L3B F9
C44 FF 61064 214200  780 691 2155    -8935007    +89         -22     +0   14  21   86   +2   89   -1   89   -1   8  0  0 L3B BC
C19 FF 61064 215800  780 368  561    +9664506    +70         -15    +29   20  21  134  +20   73  -18   73  -18  12  0  0 L3B 0E
C21 FF 61064 215800  780 302 2223    +8865309    -35         -27    +14   22  21  161  -32  127  -18  127  -18  14  0  0 L3B 34
C22 FF 61064 215800  780 799 1647    -4333416    -45         -32    -14   14  21   82   -1   94   +7   94    7   8  0  0 L3B C9
C34 FF 61064 215800  780 405 3011    -8699171    -86         -30     -6   15  21  124  -14   91   +6   91    6   9  0  0 L3B CF
C35 FF 61064 215800  780 253 1572    +2445493   +153         -17    +10   16  21  188  +47  128   +3  128    3   9  0  0 L3B 11
C39 FF 61064 215800  780 225  609     +184700     +5         -30     +0   19  21  209  -18   83   +1   83    1  11  0  0 L3B 91
C44 FF 61064 215800  780 641 2030    -8934915    +98         -15     +9   14  21   90   +5   87   +6   87    6   9  0  0 L3B BE
C19 FF 61064 221400  780 307  564    +9664536    +30         -16    -11   21  22  157  +29   79   +5   79    5  12  0  0 L3B E1
C21 FF 61064 221400  780 367 2256    +8865257    -30         -35    +19   20  22  135  -22  120  -19  120  -19  12  0  0 L3B 30
C22 FF 61064 221400  780 825 1200    -4333456    -48         -50    -18   15  22   82   +0   99   +9   99    9   9  0  0 L3B C2
C34 FF 61064 221400  780 455 2963    -8699248    -68         -36    +12   16  22  113   -9   90  -14   90  -14  10  0  0 L3B 19
C35 FF 61064 221400  780 188 1585    +2445627   +195         -14    +53   18  22  249  +84  138  -19  138  -19  11  0  0 L3B 68
C39 FF 61064 221400  780 243  587     +184698    +60         -34    +55   18  22  195  -13   85  -39   85  -39  11  0  0 L3B 16
C44 FF 61064 221400  780 579 1956    -8934830   +118         -20    +28   14  22   95   +7   93  -11   93  -11   8  0  0 L3B 0B
C19 FF 61064 223000  780 248  574    +9664582    +26          -9    -14   26  22  192  +44   74  +12   74   12  16  0  0 L3B F6
C21 FF 61064 223000  780 433 2293    +8865225    -68         -21    -20   22  22  118  -15  105   +8  105    8  13  0  0 L3B FD
C22 FF 61064 223000  780 789  818    -4333471    -11         -36    +19   11  22   82   +2   89  -15   89  -15   7  0  0 L3B E0
C34 FF 61064 223000  780 497 2894    -8699314   -104         -24    -24   19  22  106   -6   81  +15   81   15  12  0  0 L3B 1A
C35 FF 61064 223000  780 124 1596    +2445757   +156         -21    +14   18  22  369 +182  152   -3  152   -3  13  0  0 L3B 38
C39 FF 61064 223000  780 258  563     +184714    -14         -22    -19   15  22  185   -9   77  +16   77   16  10  0  0 L3B E2
C44 FF 61064 223000  780 512 1911    -8934744    +97         -19     +8   15  22  103  +10   98   +0   98    0   9  0  0 L3B CC
C19 FF 61064 224600  780 189  591    +9664635    +50           6    +10   21  22  247  +73   66   -5   66   -5  14  0  0 L3B D7
C21 FF 61064 224600  780 499 2334    +8865173    -35         -27    +14   20  22  106  -11  102  -16  102  -16  12  0  0 L3B 2C
C22 FF 61064 224600  780 729  686    -4333503    -39         -40     -9   17  22   85   +3   89   +8   89    8  10  0  0 L3B BF
C34 FF 61064 224600  780 528 2803    -8699400   -109         -34    -29   11  22  101   -3   90  +20   90   20   6  0  0 L3B F4
C39 FF 61064 224600  780 269  539     +184721     +9         -21     +4   17  22  178   -6   77   +1   77    1  10  0  0 L3B 9A
C44 FF 61064 224600  780 443 1885    -8934661    +52         -22    -37   15  22  115  +15  106  +28  106   28  10  0  0 L3B 33
C19 FF 61064 230200  780 133  613    +9664668    +16          -4    -25   34  23  346 +143   63   +8   63    8  23  0  0 L3B DF
C21 FF 61064 230200  780 565 2380    +8865123    -64         -36    -16   17  23   97   -8   99   +5   99    5  10  0  0 L3B E0
C22 FF 61064 230200  780 663  646    -4333536    -47         -47    -17   15  23   88   +5   91   +7   91    7   8  0  0 L3B B7
C34 FF 61064 230200  780 542 2695    -8699478    -81         -39     -2   16  23  100   -1   92   -2   92   -2  10  0  0 L3B DD
C39 FF 61064 230200  780 276  514     +184720     +7         -27     +2   20  23  174   -3   82   -4   82   -4  13  0  0 L3B 8F
C43 FF 61064 230200  780 152 3192    -1304320    -47          -9    -39   19  23  306 -104  118  -27  118  -27  12  0  0 L3B 33
C44 FF 61064 230200  780 374 1868    -8934557    +90           2     +1   12  23  133  +22  104   +8  104    8   6  0  0 L3B C5
C21 FF 61064 231800  780 631 2433    +8865076    -61         -37    -13   10  23   91   -6   98   +6   98    6   6  0  0 L3B C8
C22 FF 61064 231800  780 597  642    -4333560    -43         -42    -14   15  23   93   +6   88   +5   88    5   9  0  0 L3B B7
C34 FF 61064 231800  780 537 2581    -8699557    -41         -41    +38   17  23  100   +2   94  -20   94  -20   9  0  0 L3B 08
C36 FF 61064 231800  780 103  911    -3042425    -14           4    -30   84  23  442 -177  115   +7  115    7  57  0  0 L3B E7
C39 FF 61064 231800  780 279  490     +184738    +18         -14    +13   18  23  172   -1   71   -9   71   -9  11  0  0 L3B CC
C42 FF 61064 231800  780 134 2440    +9144544    -16          -3    +24   30  23  345 -142  127  -39  127  -39  20  0  0 L3B 35
C43 FF 61064 231800  780 202 3167    -1304363    +30         -44    +38   37  23  233  -55  107  -43  107  -43  24  0  0 L3B 30
C44 FF 61064 231800  780 306 1856    -8934482    +84          -8     -4   15  23  158  +33  118  +14  118   14  10  0  0 L3B 17
C21 FF 61064 233400  780 697 2500    +8865028    -53         -39     -5   18  23   86   -4   97   -1   97   -1  10  0  0 L3B D6
C22 FF 61064 233400  780 533  654    -4333592    -47         -45    -17   14  23  101   +9   90   +9   90    9   8  0  0 L3B BE
C34 FF 61064 233400  780 515 2474    -8699633    -87         -40     -8   14  23  103   +4   96   +8   96    8   8  0  0 L3B D8
C36 FF 61064 233400  780 143  861    -3042430    +11         -16     -5   26  23  323  -85  113  -10  113  -10  17  0  0 L3B F9
C39 FF 61064 233400  780 278  466     +184731    -37         -26    -42   21  23  172   +1   80  +20   80   20  13  0  0 L3B CC
C42 FF 61064 233400  780 190 2478    +9144500    -33          -9     +7   32  23  247  -72  114  -14  114  -14  21  0  0 L3B 0E
C43 FF 61064 233400  780 249 3132    -1304372    +39         -45    +47   23  23  192  -33   93  -36   93  -36  14  0  0 L3B 21
C44 FF 61064 233400  780 239 1847    -8934405   +103         -16    +14   18  23  198  +53  136   +8  136    8  12  0  0 L3B 2C
C21 FF 61064 235000  780 762 2595    +8864993    -52         -27     -4   16  23   83   -2   88   +1   88    1   9  0  0 L3B C2
C22 FF 61064 235000  780 470  676    -4333611     +6         -36    +36   15  23  110  +12   85  -25   85  -25   9  0  0 L3B DF
C34 FF 61064 235000  780 478 2383    -8699707    -87         -38     -7   15  23  109   +8   99  +12   99   12   9  0  0 L3B 0D
C36 FF 61064 235000  780 178  807    -3042402    +34          -4    +18   28  23  262  -47   96  -19   96  -19  17  0  0 L3B 0A
C39 FF 61064 235000  780 274  445     +184725     -9         -37    -14   14  23  175   +4   86  +12   86   12   8  0  0 L3B C0
C42 FF 61064 235000  780 247 2518    +9144457    -56         -13    -15   25  23  193  -43  103   +1  103    1  16  0  0 L3B FF
C43 FF 61064 235000  780 290 3087    -1304374    +13         -39    +21   25  23  167  -20   85  -17   85  -17  15  0  0 L3B 1A
C44 FF 61064 235000  780 173 1839    -8934314    +69         -11    -20   19  23  268  +98  147  +33  147   33  12  0  0 L3B 44
