CGGTTS     GENERIC DATA FORMAT VERSION = 2E
REV DATE = 2026-01-01                    
RCVR = POLARX5-TR                    R2CGGTTS v8.8    
CH = 99 
IMS = POLARX5-TR                    
LAB = PTB                           
X = +3844059.67 m 
Y =  +709661.67 m 
Z = +5023129.80 m 
FRAME = ITRF
COMMENTS = TGD applied
INT DLY =   33.0 ns (BDS B1C),   32.5 ns (BDS B2a)
CAB DLY =  205.7 ns 
REF DLY =   56.2 ns
REF = UTC(PTB)                      
CKSUM = A4

SAT CL  MJD  STTIME TRKL ELV AZTH   REFSV      SRSV     REFSYS    SRSYS  DSG IOE MDTR SMDT MDIO SMDI MSIO SMSI ISG FR HC FRC CK
             hhmmss  s  .1dg .1dg    .1ns     .1ps/s     .1ns    .1ps/s .1ns     .1ns.1ps/s.1ns.1ps/s.1ns.1ps/s.1ns
C20 FF 61040 001000  780 175 2319    +9399586    +97          -1     +1   31   0  268  -90  161  -14  161  -14  19  0  0 L3B 02
C27 FF 61040 001000  780 271 1641    -5757286    -41         -16     +8   18   0  176  +42  171  +10  171   10  10  0  0 L3B F0
C29 FF 61040 001000  780 329 3068    -5436130    -68         -13    -16   15   0  149  -21   86  +11   86   11   9  0  0 L3B E0
C30 FF 61040 001000  780 628 2343    -3541254    -91         -28     -8   14   0   91   +3  102   +6  102    6   8  0  0 L3B 94
C32 FF 61040 001000  780 745 2157    +9703136   -103          -6    -44   13   0   84   -3   91  +22   91   22   7  0  0 L3B AE
C39 FF 61040 001000  780 255  550     +174517    +23         -25    +18   20   0  187   -8   89  -10   89  -10  12  0  0 L3B C1
C41 FF 61040 001000  780 444  600    +9482504    -18          -5     +3   16   0  115  +13   92   -1   92   -1  10  0  0 L3B 83
C20 FF 61040 002600  780 235 2354    +9399673    +30          -5    -66   34   0  203  -50  137  +20  137   20  21  0  0 L3B F4
C27 FF 61040 002600  780 205 1650    -5757338    -47         -21     +3   24   0  229  +72  190  +16  190   16  15  0  0 L3B 01
C29 FF 61040 002600  780 377 3026    -5436188    -79         -21    -27   25   0  132  -14   90  +19   90   19  15  0  0 L3B 02
C30 FF 61040 002600  780 587 2225    -3541327    -77         -22     +6    9   0   94   +5  105   +2  105    2   5  0  0 L3B 8D
C32 FF 61040 002600  780 816 2144    +9703078    -29          -7    +29    8   0   82   -2   90  -17   90  -17   5  0  0 L3B B2
C39 FF 61040 002600  780 265  525     +174520     -3         -26     -7   21   0  180   -5   91   +7   91    7  12  0  0 L3B 6C
C41 FF 61040 002600  780 382  606    +9482490     -5           2    +16   17   0  130  +18   91   -1   91   -1  10  0  0 L3B 86
C20 FF 61040 004200  780 295 2392    +9399741   +118         -28    +22   29   0  164  -32  139  -28  139  -28  16  0  0 L3B 49
C25 FF 61040 004200  780 110  701    -9582055   -175         -37    -57   39   0  414 -115  117  +25  117   25  24  0  0 L3B 24
C27 FF 61040 004200  780 140 1656    -5757371    -29          -7    +21   22   0  329 +147  191  -22  191  -22  13  0  0 L3B 1F
C29 FF 61040 004200  780 419 2969    -5436246    -28         -30    +23   21   0  121   -9   99  -16   99  -16  12  0  0 L3B 01
C30 FF 61040 004200  780 534 2141    -3541408    -84         -23     -1   17   0  101   +8  116   +8  116    8  10  0  0 L3B AF
C32 FF 61040 004200  780 881 1766    +9703031    -48           3    +11   10   0   81   +0   85   -5   85   -5   6  0  0 L3B 7E
C39 FF 61040 004200  780 271  501     +174515    -35         -36    -40   14   0  176   -3   94  +20   94   20   8  0  0 L3B 9E
C41 FF 61040 004200  780 321  620    +9482470    -16           2     +6   19   0  151  +26   92   -2   92   -2  11  0  0 L3B 81
C20 FF 61040 005800  780 356 2433    +9399838    +61         -23    -35   17   0  139  -21  119  +12  119   12  10  0  0 L3B 15
C25 FF 61040 005800  780 138  645    -9582172   -167         -40    -49   34   0  334  -58  112  +18  112   18  20  0  0 L3B 20
C29 FF 61040 005800  780 451 2895    -5436291    -30         -25    +21   20   0  114   -5   95  -12   95  -12  12  0  0 L3B EA
C30 FF 61040 005800  780 473 2083    -3541491    -84         -26     -1   17   0  110  +12  127  +13  127   13  10  0  0 L3B E9
C32 FF 61040 005800  780 840  660    +9702971    -49          -1    +10   12   0   81   +1   88   -4   88   -4   7  0  0 L3B 87
C39 FF 61040 005800  780 273  477     +174541     -6         -14    -11   25   0  175   +0   79   -4   79   -4  16  0  0 L3B 9E
C41 FF 61040 005800  780 262  640    +9482455    -29           8     -8   29   0  182  +39   92   +7   92    7  17  0  0 L3B A9
C20 FF 61040 011400  780 417 2477    +9399925    +71         -27    -25   17   1  122  -15  115   +7  115    7  10  0  0 L3B F1
C25 FF 61040 011400  780 158  587    -9582285   -134         -38    -16   30   1  293  -29  102   +1  102    1  19  0  0 L3B F5
C29 FF 61040 011400  780 470 2806    -5436343    +14         -31    +65   13   1  110   -2   99  -42   99  -42   7  0  0 L3B DD
C30 FF 61040 011400  780 408 2043    -3541583    -88         -30     -5   15   1  123  +17  149  +17  149   17   9  0  0 L3B F1
C32 FF 61040 011400  780 772  622    +9702909    -61         -17     -3   12   1   83   +2   91   -2   91   -2   7  0  0 L3B 7C
C39 FF 61040 011400  780 272  454     +174542    +12         -17     +7   20   1  176   +2   78  -10   78  -10  12  0  0 L3B A6
C41 FF 61040 011400  780 205  665    +9482431    +26           5    +47   26   1  229  +61   99  -26   99  -26  15  0  0 L3B E1
C20 FF 61040 013000  780 478 2525    +9400011   +138         -32    +43   13   1  109  -11  111  -32  111  -32   8  0  0 L3B F6
C23 FF 61040 013000  780 142 1012    +5184731    -98          -8    -21   38   1  325 -102  153   +1  153    1  24  0  0 L3B D4
C25 FF 61040 013000  780 169  527    -9582393   -136         -34    -18   30   1  275  -11   94  +11   94   11  19  0  0 L3B FC
C29 FF 61040 013000  780 473 2710    -5436401    -84         -40    -33   14   1  110   +1  108  +28  108   28   9  0  0 L3B E0
C30 FF 61040 013000  780 342 2014    -3541656    -72         -23    +11   16   1  143  +25  162  +14  162   14   9  0  0 L3B E3
C32 FF 61040 013000  780 705  638    +9702851    -98         -20    -40   13   1   86   +4   93  +24   93   24   8  0  0 L3B B2
C35 FF 61040 013000  780 117 3250    +2143133   +132         -55     -8   17   1  392 -161   91  -22   91  -22  11  0  0 L3B F6
C39 FF 61040 013000  780 266  433     +174555    +24          -9    +20   15   1  179   +4   70  -13   70  -13   9  0  0 L3B 9C
C41 FF 61040 013000  780 149  693    +9482411     +5           5    +27   26   1  309 +111  101  -13  101  -13  17  0  0 L3B D5
C20 FF 61040 014600  780 540 2578    +9400106    +65         -29    -31   17   1  100   -8  106  +12  106   12  10  0  0 L3B E3
C23 FF 61040 014600  780 186  962    +5184651    -62         -14    +14   24   1  252  -56  142  -34  142  -34  15  0  0 L3B 0E
C25 FF 61040 014600  780 170  466    -9582523    -98         -51    +19   32   1  272   +5  102   -6  102   -6  19  0  0 L3B E0
C29 FF 61040 014600  780 460 2614    -5436444    -39         -34    +12   17   1  112   +4  109   -5  109   -5  10  0  0 L3B E2
C30 FF 61040 014600  780 276 1991    -3541737    -67         -24    +17   23   1  174  +39  181  +11  181   11  14  0  0 L3B 17
C32 FF 61040 014600  780 640  667    +9702797    -78         -18    -20   16   1   90   +5   92  +16   92   16   9  0  0 L3B C5
C35 FF 61040 014600  780 164 3220    +2143267   +103         -55    -37   33   1  285  -77   84  +30   84   30  19  0  0 L3B 04
C39 FF 61040 014600  780 258  415     +174560    +48          -8    +44   13   1  185   +7   70  -26   70  -26   9  0  0 L3B B1
C19 FF 61040 020200  780 126 2580    +9584169    -25          -3    -59   29   2  367 -154  136  +26  136   26  20  0  0 L3B 29
C20 FF 61040 020200  780 602 2637    +9400199    +59         -35    -37   21   2   93   -6  103  +17  103   17  12  0  0 L3B E4
C23 FF 61040 020200  780 224  907    +5184595    -57         -14    +19   19   2  211  -33  121  -26  121  -26  13  0  0 L3B 04
C25 FF 61040 020200  780 162  407    -9582626    -70         -37    +48   22   2  285  +23  100  -33  100  -33  14  0  0 L3B 00
C29 FF 61040 020200  780 433 2527    -5436487    -24         -32    +27   14   2  118   +8  113   -8  113   -8   8  0  0 L3B DE
C30 FF 61040 020200  780 211 1973    -3541825    -95         -33    -12   18   2  223  +66  199  +16  199   16  12  0  0 L3B 1B
C32 FF 61040 020200  780 576  702    +9702749    -29          -5    +30   17   2   96   +7   89  -17   89  -17  10  0  0 L3B CF
C35 FF 61040 020200  780 205 3181    +2143403   +191         -52    +51   27   2  229  -43   88  -30   88  -30  16  0  0 L3B 04
C39 FF 61040 020200  780 246  399     +174579    +13           3     +8   14   2  192  +10   62   -4   62   -4   8  0  0 L3B 75
C19 FF 61040 021800  780 179 2620    +9584203    +11          -2    -23   27   2  261  -78  120  +15  120   15  16  0  0 L3B F6
C20 FF 61040 021800  780 663 2708    +9400293    +80         -32    -16   17   2   88   -4  100   +6  100    6   9  0  0 L3B B3
C23 FF 61040 021800  780 256  846    +5184523    -49         -13    +27   22   2  186  -20  106  -22  106  -22  13  0  0 L3B 07
C25 FF 61040 021800  780 144  352    -9582740   -119         -38     +0   36   2  319  +48   99  +12   99   12  22  0  0 L3B F2
C29 FF 61040 021800  780 394 2451    -5436540    -73         -36    -22   18   2  127  +12  126  +25  126   25  11  0  0 L3B 12
C30 FF 61040 021800  780 147 1956    -3541897    -91         -25     -8   21   2  313 +130  199   +6  199    6  14  0  0 L3B 08
C32 FF 61040 021800  780 514  739    +9702696    -40          -1    +19   18   2  103   +9   87  -11   87  -11  10  0  0 L3B CD
C35 FF 61040 021800  780 240 3132    +2143520   +195         -70    +55   24   2  198  -25  102  -26  102  -26  14  0  0 L3B 1E
C37 FF 61040 021800  780 131 1345    +9023145    +33          20    -11   31   2  354 -150  173  -12  173  -12  19  0  0 L3B 0B
C39 FF 61040 021800  780 232  386     +174572     +9         -10     +4   14   2  203  +13   70   +5   70    5   8  0  0 L3B 65
C19 FF 61040 023400  780 234 2660    +9584234     -7          -2    -40   20   2  203  -46  112   +5  112    5  12  0  0 L3B B6
C20 FF 61040 023400  780 724 2798    +9400376    +78         -42    -18   17   2   85   -3  105   +9  105    9  10  0  0 L3B D8
C23 FF 61040 023400  780 280  780    +5184443    -99         -21    -23   21   2  172  -11  105   +8  105    8  13  0  0 L3B D3
C25 FF 61040 023400  780 118  303    -9582853    -65         -37    +53   41   2  386  +97  109   -3  109   -3  23  0  0 L3B FD
C29 FF 61040 023400  780 346 2389    -5436595    -22         -42    +29   24   2  142  +19  142   -7  142   -7  15  0  0 L3B 0D
C32 FF 61040 023400  780 454  779    +9702639    -68          -2     -9   15   2  113  +12   91  +10   91   10   9  0  0 L3B B0
C35 FF 61040 023400  780 267 3075    +2143667   +128         -57    -12   19   2  179  -14   95  +10   95   10  11  0  0 L3B 0A
C37 FF 61040 023400  780 187 1310    +9023170    +39           3     -5   37   2  251  -75  164  -18  164  -18  23  0  0 L3B F3
C39 FF 61040 023400  780 216  377     +174573    +29         -14    +24   18   2  218  +17   73  -11   73  -11  11  0  0 L3B D5
C19 FF 61040 025000  780 289 2701    +9584252     +5         -17    -29   19   2  167  -31  116  +14  116   14  12  0  0 L3B 06
C20 FF 61040 025000  780 782 2939    +9400473    +98         -37     +2    9   2   83   -2  100   +0  100    0   5  0  0 L3B 88
C23 FF 61040 025000  780 293  710    +5184372    -75         -20     +0   23   2  165   -4   98  -11   98  -11  14  0  0 L3B C1
C29 FF 61040 025000  780 294 2338    -5436635    -35         -34    +15   21   2  164  +29  154   +7  154    7  12  0  0 L3B F8
C32 FF 61040 025000  780 395  819    +9702579    -98          -6    -39   15   2  127  +16   97  +27   97   27   9  0  0 L3B EF
C35 FF 61040 025000  780 283 3010    +2143799   +157         -59    +17   21   2  170   -6  100   +2  100    2  12  0  0 L3B D2
C37 FF 61040 025000  780 242 1271    +9023205    +33          -4    -10   22   2  196  -43  153  -11  153  -11  14  0  0 L3B ED
C39 FF 61040 025000  780 198  370     +174577     -4         -14     -9   14   2  236  +22   67   -7   67   -7   8  0  0 L3B 97
C19 FF 61040 030600  780 346 2742    +9584283    +61         -24    +27   19   3  142  -21  110  -26  110  -26  12  0  0 L3B 19
C20 FF 61040 030600  780 831 3242    +9400557   +111         -51    +15   14   3   81   -1  103  -10  103  -10   8  0  0 L3B D2
C23 FF 61040 030600  780 294  639    +5184298    -19         -28    +55   39   3  164   +2   92  -34   92  -34  23  0  0 L3B F6
C29 FF 61040 030600  780 238 2295    -5436691    -78         -44    -27   20   3  199  +46  170  +47  170   47  13  0  0 L3B 35
C32 FF 61040 030600  780 337  860    +9702530    -82           7    -23   26   3  145  +22   99  +19   99   19  16  0  0 L3B D6
C35 FF 61040 030600  780 288 2941    +2143946   +144         -50     +4   24   3  167   +0   96   -3   96   -3  15  0  0 L3B D0
C37 FF 61040 030600  780 296 1225    +9023260    +68          -1    +24   19   3  163  -27  129  -29  129  -29  11  0  0 L3B 18
C39 FF 61040 030600  780 178  368     +174577    +35         -16    +30   17   3  261  +30   79  -13   79  -13  11  0  0 L3B E5
C19 FF 61040 032200  780 404 2783    +9584312    +21         -28    -13   15   3  125  -16  107   +2  107    2   9  0  0 L3B D5
C20 FF 61040 032200  780 840  274    +9400666    +90         -35     -7   16   3   81   +0   94   -1   94   -1   9  0  0 L3B 80
C23 FF 61040 032200  780 284  571    +5184220   -104         -35    -30   23   3  169   +9   93  +15   93   15  13  0  0 L3B D8
C29 FF 61040 032200  780 181 2258    -5436746    -30         -51    +20   29   3  257  +80  200   +3  200    3  19  0  0 L3B E5
C32 FF 61040 032200  780 281  900    +9702468    -39           1    +20   22   3  171  +32  112   +0  112    0  14  0  0 L3B 98
C35 FF 61040 032200  780 281 2871    +2144073   +153         -58    +12   22   3  171   +7  103  -11  103  -11  13  0  0 L3B FE
C37 FF 61040 032200  780 346 1171    +9023298    +35          -5     -9   18   3  142  -18  117   -8  117   -8  10  0  0 L3B DF
C39 FF 61040 032200  780 157  368     +174555    -58         -43    -63   23   3  294  +40   95  +38   95   38  14  0  0 L3B ED
C44 FF 61040 032200  780 106 3315    -9125088   +114         -13    +25   55   3  429 -124  104  -30  104  -30  33  0  0 L3B 2E
C19 FF 61040 033800  780 463 2824    +9584346    +17         -28    -18   19   3  112  -12  100   +5  100    5  11  0  0 L3B EB
C20 FF 61040 033800  780 797  663    +9400750    +49         -44    -48   10   3   82   +1   98  +26   98   26   6  0  0 L3B C7
C23 FF 61040 033800  780 263  509    +5184141    -50         -42    +25   17   3  182  +17   94  -23   94  -23  11  0  0 L3B E9
C29 FF 61040 033800  780 124 2225    -5436807    -34         -63    +17   32   3  368 +164  217  -15  217  -15  20  0  0 L3B 3B
C32 FF 61040 033800  780 226  941    +9702420    -31          10    +28   19   3  209  +49  117   -3  117   -3  12  0  0 L3B D4
C35 FF 61040 033800  780 264 2803    +2144214   +148         -52     +7   18   3  181  +15  107   +6  107    6  11  0  0 L3B E4
C37 FF 61040 033800  780 391 1106    +9023335    +21         -10    -24   23   3  128  -11  108   +0  108    0  14  0  0 L3B CE
C39 FF 61040 033800  780 135  372     +174541    -27         -61    -32   17   3  339  +55  104  +15  104   15  10  0  0 L3B E7
C44 FF 61040 033800  780 134 3267    -9125015    +50         -26    -39   22   3  344  -60  100  +15  100   15  13  0  0 L3B FE
C19 FF 61040 035400  780 523 2864    +9584392    +66         -14    +32   19   3  102   -9   88  -26   88  -26  11  0  0 L3B 0C
C20 FF 61040 035400  780 739  829    +9400841    +37         -46    -59   13   3   84   +3   99  +33   99   33   7  0  0 L3B CD
C23 FF 61040 035400  780 232  455    +5184080    -90         -31    -16   28   3  204  +29   82   +3   82    3  17  0  0 L3B B6
C32 FF 61040 035400  780 172  981    +9702365    -66          12     -7   28   3  270  +83  136  +22  136   22  19  0  0 L3B EF
C35 FF 61040 035400  780 236 2739    +2144352   +141         -49     +1   20   3  200  +26  114  +13  114   13  12  0  0 L3B F1
C37 FF 61040 035400  780 425 1028    +9023377    +82         -11    +38   15   3  119   -7   98  -25   98  -25   9  0  0 L3B F5
C39 FF 61040 035400  780 112  379     +174574     +6         -32     +1   32   3  403  +79   86   -5   86   -5  20  0  0 L3B 9B
C44 FF 61040 035400  780 153 3213    -9124920    +89         -18     +0   33   3  302  -29   92   -3   92   -3  19  0  0 L3B CB
C19 FF 61040 041000  780 586 2902    +9584414    +15         -34    -20   14   4   95   -7   92  +13   92   13   8  0  0 L3B C7
C20 FF 61040 041000  780 678  928    +9400940    +59         -19    -37   17   4   87   +4   97  +23   97   23  10  0  0 L3B D5
C23 FF 61040 041000  780 194  411    +5183979    -62         -57    +13   26   4  241  +50   99   -9   99   -9  17  0  0 L3B E5
C32 FF 61040 041000  780 119 1021    +9702306    -23           9    +36   33   4  384 +167  160   +2  160    2  20  0  0 L3B C9
C35 FF 61040 041000  780 201 2681    +2144486   +144         -47     +4   23   4  232  +43  126  +16  126   16  14  0  0 L3B 00
C37 FF 61040 041000  780 448  941    +9023431    +22          -2    -22   15   4  115   -3   89   +6   89    6   9  0  0 L3B 8A
C44 FF 61040 041000  780 163 3155    -9124827    +42          -5    -47   23   4  285   -9   91  +30   91   30  15  0  0 L3B D1
C19 FF 61040 042600  780 650 2937    +9584452    -27         -30    -62   13   4   89   -5   90  +40   90   40   7  0  0 L3B D2
C20 FF 61040 042600  780 616 1001    +9401026   +110         -25    +15   16   4   92   +6  104   +0  104    0   9  0  0 L3B 9F
C22 FF 61040 042600  780 121 2876    -4263232   -157          -9   -122   88   4  382 -169  109  +81  109   81  60  0  0 L3B 4F
C23 FF 61040 042600  780 150  376    +5183913    -69         -52     +6   26   4  308  +94   97   -5   97   -5  17  0  0 L3B D6
C35 FF 61040 042600  780 161 2629    +2144608   +155         -59    +14   24   4  288  +76  158  +14  158   14  16  0  0 L3B 3A
C37 FF 61040 042600  780 456  847    +9023461    +44         -14     +0   18   4  113   +0   92   -5   92   -5  11  0  0 L3B 9F
C44 FF 61040 042600  780 163 3095    -9124742   +133          -5    +44   26   4  284   +8   91  -23   91  -23  17  0  0 L3B F7
C19 FF 61040 044200  780 715 2968    +9584499    +53         -17    +18   13   4   85   -3   83   -9   83   -9   7  0  0 L3B D9
C20 FF 61040 044200  780 554 1062    +9401123   +149         -19    +54   17   4   98   +8  105  -26  105  -26  10  0  0 L3B 07
C22 FF 61040 044200  780 175 2907    -4263278    -63         -22    -28   26   4  267  -84  110  +16  110   16  17  0  0 L3B 1B
C23 FF 61040 044200  780 101  350    +5183850    -68         -43     +6   30   4  446 +212   92   -5   92   -5  18  0  0 L3B C4
C35 FF 61040 044200  780 116 2582    +2144738   +219         -64    +78   24   4  392 +151  182  -32  182  -32  14  0  0 L3B 4E
C37 FF 61040 044200  780 449  756    +9023503    +21         -15    -24   14   4  114   +3   87  +10   87   10   8  0  0 L3B B6
C44 FF 61040 044200  780 153 3035    -9124662   +108         -10    +19   30   4  301  +27  100   -3  100   -3  19  0  0 L3B ED
C19 FF 61040 045800  780 782 2986    +9584523    +27         -26     -8   10   4   83   -2   88   +6   88    6   6  0  0 L3B B8
C20 FF 61040 045800  780 491 1115    +9401208   +125         -26    +30   18   4  107  +10  116  -16  116  -16  10  0  0 L3B 16
C22 FF 61040 045800  780 232 2935    -4263322    -26         -33     +8   31   4  205  -50  112  -18  112  -18  20  0  0 L3B FE
C37 FF 61040 045800  780 427  674    +9023539    +22         -22    -22   21   4  119   +7   89  +10   89   10  11  0  0 L3B D3
C44 FF 61040 045800  780 135 2977    -9124589    +82         -24     -7   28   4  339  +55  116   +7  116    7  16  0  0 L3B 06
C19 FF 61040 051400  780 850 2945    +9584563    +40         -15     +5    9   5   81   -1   85   -5   85   -5   6  0  0 L3B 9D
C20 FF 61040 051400  780 429 1163    +9401322   +125          -9    +29   14   5  118  +14  112  -10  112  -10   8  0  0 L3B EF
C22 FF 61040 051400  780 290 2960    -4263362     +1         -38    +35   29   5  167  -32  112  -23  112  -23  19  0  0 L3B 08
C36 FF 61040 051400  780 132 1916    -3071674    -29          10    -41   20   5  351 -168  206   -1  206   -1  12  0  0 L3B F3
C37 FF 61040 051400  780 393  606    +9023577    +60         -14    +17   24   5  127  +11   88   -9   88   -9  13  0  0 L3B DD
C44 FF 61040 051400  780 109 2921    -9124500    +98          -8     +9   40   5  416 +110  119   +8  119    8  25  0  0 L3B E4
C19 FF 61040 053000  780 876 1616    +9584592    +57         -19    +23   14   5   81   +0   87  -14   87  -14   8  0  0 L3B EA
C20 FF 61040 053000  780 367 1206    +9401409    +89         -14     -7   16   5  135  +20  127  +20  127   20   9  0  0 L3B E3
C22 FF 61040 053000  780 350 2979    -4263385    -49         -28    -15   19   5  141  -22   99   +8   99    8  11  0  0 L3B F0
C36 FF 61040 053000  780 197 1920    -3071669    +20           3     +7   20   5  240  -79  184  -35  184  -35  13  0  0 L3B F9
C37 FF 61040 053000  780 350  553    +9023631    +50          -2     +7   19   5  141  +17   80   -4   80   -4  11  0  0 L3B 91
C19 FF 61040 054600  780 807 1429    +9584611    +74         -33    +40   14   5   82   +2   95  -20   95  -20   8  0  0 L3B DA
C20 FF 61040 054600  780 306 1246    +9401497    +59         -17    -37   20   5  158  +30  140  +36  140   36  12  0  0 L3B 10
C22 FF 61040 054600  780 412 2992    -4263424    -55         -34    -20   24   5  123  -16  103   +8  103    8  15  0  0 L3B E8
C36 FF 61040 054600  780 263 1925    -3071654    +26           6    +14   24   5  182  -45  155  -37  155  -37  16  0  0 L3B 15
C37 FF 61040 054600  780 300  516    +9023666    +53          -9     +9   21   5  161  +26   86   -3   86   -3  12  0  0 L3B AC
C19 FF 61040 061400  780 682 1444    +9584682    +23           5    -10   17   6   87   +5   97  +17   97   17   9  0  0 L3B C5
C20 FF 61040 061400  780 199 1308    +9401665   +100           5     +6   29   6  235  +70  182  +46  182   46  17  0  0 L3B FC
C22 FF 61040 061400  780 522 2989    -4263500    -40         -47     -5   17   6  102   -9  108   +7  108    7  10  0  0 L3B CD
C36 FF 61040 061400  780 384 1935    -3071634     +3          19     -8   14   6  130  -21  126   -6  126   -6   8  0  0 L3B C0
C37 FF 61040 061400  780 206  479    +9023742    +75           2    +32   22   6  227  +60  100   -3  100   -3  13  0  0 L3B B6
C19 FF 61040 063000  780 610 1467    +9584714    +43           6    +11   15   6   92   +7  108  +13  108   13   9  0  0 L3B C3
C20 FF 61040 063000  780 139 1340    +9401773   +137          22    +43   21   6  331 +139  225  +39  225   39  14  0  0 L3B 22
C22 FF 61040 063000  780 585 2962    -4263521    -28         -33     +7   13   6   95   -7  101   -3  101   -3   7  0  0 L3B B3
C36 FF 61040 063000  780 454 1939    -3071620     +2          21     -9   22   6  114  -14  118   +4  118    4  15  0  0 L3B B4
C37 FF 61040 063000  780 151  471    +9023785     +6           4    -37   28   6  307 +112  128  +55  128   55  16  0  0 L3B EE
C40 FF 61040 063000  780 105  687    +1959006    +17         -19    -13   34   6  434 -123  204   -9  204   -9  21  0  0 L3B FC
C19 FF 61040 064600  780 538 1490    +9584747    +65           7    +32   14   6  100   +9  125   +6  125    6   8  0  0 L3B C5
C21 FF 61040 064600  780 141 3094    +8979073    -43         -23    +14   28   6  330 -135  101   -8  101   -8  17  0  0 L3B 11
C22 FF 61040 064600  780 644 2902    -4263550    -67         -29    -32   16   6   90   -4  104  +30  104   30   9  0  0 L3B DE
C36 FF 61040 064600  780 525 1940    -3071619     +5          11     -6   15   6  102  -10  123   +1  123    1   9  0  0 L3B 99
C40 FF 61040 064600  780 134  674    +1959032    -43         -21    -73   29   6  343  -72  212  +52  212   52  20  0  0 L3B 00
C19 FF 61040 070200  780 467 1514    +9584777    +40           5     +7   17   7  111  +13  150  +26  150   26  10  0  0 L3B E2
C22 FF 61040 070200  780 695 2787    -4263590    -27         -35     +9   17   7   86   -3  120   +6  120    6   9  0  0 L3B BF
C36 FF 61040 070200  780 597 1932    -3071599    +28          15    +16   13   7   94   -7  123   -3  123   -3   8  0  0 L3B CC
C40 FF 61040 070200  780 162  658    +1959063    +47         -21    +17   21   7  287  -47  214   -5  214   -5  12  0  0 L3B F0
C45 FF 61040 070200  780 143 2169    +6228895   +192         -23    +12   30   7  326 -140  220   -4  220   -4  20  0  0 L3B 13
C19 FF 61040 071800  780 396 1536    +9584810    +24           8     -8   15   7  126  +19  181  +46  181   46  10  0  0 L3B 00
C21 FF 61040 071800  780 258 3101    +8978964    -48         -24     +8   28   7  185  -41  115  +14  115   14  15  0  0 L3B 18
C22 FF 61040 071800  780 725 2595    -4263619    -78         -30    -43   11   7   85   -1  131  +45  131   45   6  0  0 L3B EE
C36 FF 61040 071800  780 667 1906    -3071595    +22           8    +11   13   7   88   -5  135   +0  135    0   8  0  0 L3B A7
C40 FF 61040 071800  780 187  641    +1959093    +29         -20     -1   24   7  250  -32  220   +7  220    7  14  0  0 L3B C7
C45 FF 61040 071800  780 204 2191    +6229081   +183         -10     +2   33   7  231  -70  214   -5  214   -5  19  0  0 L3B F2
C19 FF 61040 073400  780 327 1557    +9584853    +21          18    -12   20   7  149  +29  218  +64  218   64  12  0  0 L3B 21
C21 FF 61040 073400  780 317 3091    +8978931    -74          -3    -18   18   7  154  -26  124  +37  124   37  11  0  0 L3B 17
C22 FF 61040 073400  780 724 2360    -4263660    -35         -37     +0   15   7   85   +1  153  +17  153   17   9  0  0 L3B CF
C36 FF 61040 073400  780 734 1840    -3071588    +24           4    +12   17   7   84   -3  144   +2  144    2  10  0  0 L3B A9
C40 FF 61040 073400  780 210  621    +1959121    +18         -21    -12   20   7  224  -22  230  +22  230   22  12  0  0 L3B D5
C45 FF 61040 073400  780 267 2217    +6229250   +154         -14    -26   29   7  180  -41  217  +17  217   17  18  0  0 L3B 32
C19 FF 61040 075000  780 259 1575    +9584889    +15          23    -18   23   7  184  +46  270  +75  270   75  14  0  0 L3B 34
C21 FF 61040 075000  780 375 3069    +8978875    -64          -5     -8   18   7  133  -18  142  +25  142   25  10  0  0 L3B 0C
C22 FF 61040 075000  780 689 2168    -4263698    -23         -41    +12   18   7   87   +3  174   +9  174    9  10  0  0 L3B EA
C36 FF 61040 075000  780 791 1666    -3071564    -16          17    -27   10   7   82   -1  144  +25  144   25   5  0  0 L3B DC
C40 FF 61040 075000  780 230  600    +1959133    +15         -37    -15   22   7  206  -16  256  +27  256   27  14  0  0 L3B FD
C45 FF 61040 075000  780 331 2245    +6229418   +189         -18     +9   22   7  148  -26  219  -10  219  -10  13  0  0 L3B 2A
C19 FF 61040 080600  780 192 1591    +9584935    +40          21     +7   22   8  244  +82  322  +55  322   55  12  0  0 L3B 03
C21 FF 61040 080600  780 430 3031    +8978807    -49         -29     +7   24   8  119  -12  168  +12  168   12  13  0  0 L3B 13
C22 FF 61040 080600  780 634 2049    -4263719     +8         -29    +43   24   8   90   +5  188   +3  188    3  14  0  0 L3B D1
C36 FF 61040 080600  780 815 1274    -3071576    +10         -26     -4   15   8   82   +0  165  +11  165   11   9  0  0 L3B CC
C40 FF 61040 080600  780 246  578    +1959164    +37         -41     +7   25   8  193  -11  258   -6  258   -6  15  0  0 L3B F8
C45 FF 61040 080600  780 396 2276    +6229583   +196         -40    +15   23   8  127  -18  218  -18  218  -18  14  0  0 L3B 53
C19 FF 61040 082200  780 127 1604    +9584946    +57           0    +24   20   8  361 +179  407  +68  407   68  12  0  0 L3B 25
C21 FF 61040 082200  780 478 2974    +8978754    -22         -29    +34   23   8  109   -8  183   -3  183   -3  13  0  0 L3B 10
C22 FF 61040 082200  780 569 1980    -4263749     +8         -25    +43   18   8   96   +8  209   -1  209   -1  11  0  0 L3B E0
C36 FF 61040 082200  780 786  915    -3071554    +41         -17    +28   13   8   82   +1  169   -6  169   -6   7  0  0 L3B D2
C40 FF 61040 082200  780 260  554    +1959197    +71         -37    +41   21   8  184   -8  264  -27  264  -27  13  0  0 L3B 13
C45 FF 61040 082200  780 461 2310    +6229760   +197         -37    +16   15   8  112  -13  218  -11  218  -11   9  0  0 L3B 20
C21 FF 61040 083800  780 517 2893    +8978710    -80         -20    -25   17   8  103   -5  188  +21  188   21  10  0  0 L3B 18
C22 FF 61040 083800  780 499 1940    -4263786    -30         -28     +5   20   8  105  +11  238  +27  238   27  12  0  0 L3B 14
C27 FF 61040 083800  780 107  527    -5758797    -36         -23    +12   58   8  425  -77  396  -22  396  -22  39  0  0 L3B 4C
C36 FF 61040 083800  780 730  770    -3071547    -15         -22    -29   12   8   84   +3  182  +22  182   22   7  0  0 L3B D7
C40 FF 61040 083800  780 269  529    +1959232    +11         -31    -19   18   8  178   -5  264  +34  264   34  10  0  0 L3B 06
C42 FF 61040 083800  780 111 3229    +9240419    -76         -13    -26   39   8  416 -206  191  +85  191   85  23  0  0 L3B 42
C45 FF 61040 083800  780 527 2346    +6229934   +157         -37    -24   17   8  102   -9  217   +9  217    9  10  0  0 L3B 0E
C21 FF 61040 085400  780 542 2791    +8978637    -77         -40    -21   19   8  100   -2  212  +27  212   27  11  0  0 L3B 0E
C22 FF 61040 085400  780 428 1916    -4263814    -54         -23    -19   16   8  119  +16  265  +52  265   52  10  0  0 L3B 26
C27 FF 61040 085400  780 122  469    -5758835    -32         -14    +16   32   8  373  -34  380  -20  380  -20  22  0  0 L3B 1E
C36 FF 61040 085400  780 667  720    -3071527    -43         -15    -56   14   8   88   +4  186  +43  186   43   9  0  0 L3B F1
C40 FF 61040 085400  780 275  505    +1959267     +1         -25    -29   17   8  174   -2  271  +19  271   19  10  0  0 L3B F0
C42 FF 61040 085400  780 165 3214    +9240367   -122         -18    -72   33   8  282  -91  235  +73  235   73  20  0  0 L3B 35
C45 FF 61040 085400  780 593 2385    +6230108   +198         -38    +16   18   8   94   -7  214  -15  214  -15  10  0  0 L3B 24
C21 FF 61040 091000  780 548 2673    +8978598    -44         -28    +11   21   9   99   +0  211   +5  211    5  12  0  0 L3B DD
C22 FF 61040 091000  780 357 1900    -4263851     +1         -22    +36   16   9  138  +24  305  +19  305   19   9  0  0 L3B F1
C27 FF 61040 091000  780 129  411    -5758884    -31         -18    +17   35   9  355   -5  384   -4  384   -4  24  0  0 L3B F9
C30 FF 61040 091000  780 139  940    -3543883   -342          53   -259  215   9  333 -101  386 +103  386  103 130  0  0 L3B 7D
C36 FF 61040 091000  780 603  709    -3071522    -30         -22    -44   16   9   93   +6  202  +35  202   35   9  0  0 L3B C6
C40 FF 61040 091000  780 277  481    +1959286     -5         -38    -35   18   9  173   +0  285  +19  285   19  10  0  0 L3B FD
C42 FF 61040 091000  780 218 3190    +9240322    -24         -14    +26   27   9  217  -50  244  -23  244  -23  15  0  0 L3B 17
C45 FF 61040 091000  780 660 2430    +6230285   +208         -37    +26   14   9   89   -5  205  -22  205  -22   7  0  0 L3B FE
C21 FF 61040 092600  780 534 2557    +8978536    -55         -36     +0   19   9  101   +3  227  +10  227   10  10  0  0 L3B F5
C22 FF 61040 092600  780 287 1890    -4263878    -24         -16    +12   16   9  168  +38  347  +50  347   50   9  0  0 L3B 29
C26 FF 61040 092600  780 144 2513    +5745934    +83         -38    +27   34   9  324 -122  393  -33  393  -33  22  0  0 L3B 4C
C27 FF 61040 092600  780 126  353    -5758936    -34         -23    +15   42   9  363  +21  394  +11  394   11  26  0  0 L3B 17
C30 FF 61040 092600  780 179  888    -3544018    -64          -2    +19   27   9  261  -55  384  -45  384  -45  17  0  0 L3B 2C
C36 FF 61040 092600  780 540  717    -3071515     +4         -28     -9   12   9  100   +8  218  +19  218   19   7  0  0 L3B C7
C40 FF 61040 092600  780 275  458    +1959315    +24         -38     -6   22   9  174   +2  293   +7  293    7  12  0  0 L3B D4
C42 FF 61040 092600  780 266 3155    +9240284    -89          -5    -40   21   9  180  -30  241  +28  241   28  12  0  0 L3B 0B
C45 FF 61040 092600  780 726 2482    +6230461   +218         -35    +37   16   9   85   -3  201  -25  201  -25   9  0  0 L3B 08
C21 FF 61040 094200  780 502 2454    +8978491    -70         -28    -14   18   9  105   +6  237  +25  237   25  11  0  0 L3B 14
C22 FF 61040 094200  780 218 1882    -4263907    -22         -11    +13   21   9  216  +65  398  +55  398   55  13  0  0 L3B 2C
C26 FF 61040 094200  780 198 2549    +5746019    +31          -7    -25   30   9  237  -65  337  -26  337  -26  19  0  0 L3B 37
C27 FF 61040 094200  780 113  298    -5758980    -28         -21    +20   34   9  400  +58  402   +2  402    2  19  0  0 L3B E6
C30 FF 61040 094200  780 214  831    -3544101   -127          -5    -44   27   9  220  -32  352   -5  352   -5  16  0  0 L3B E3
C36 FF 61040 094200  780 478  735    -3071504    +18         -30     +5   14   9  109  +11  236  +12  236   12   8  0  0 L3B DD
C40 FF 61040 094200  780 269  437    +1959350    +85         -32    +54   21   9  177   +4  293  -26  293  -26  13  0  0 L3B 19
C42 FF 61040 094200  780 309 3108    +9240234    -17          -6    +33   26   9  157  -19  241  -27  241  -27  15  0  0 L3B 18
C45 FF 61040 094200  780 792 2553    +6230639   +192         -32    +11   10   9   82   -2  196   -9  196   -9   5  0  0 L3B F5
C21 FF 61040 095800  780 458 2371    +8978440    -60         -26     -5   16   9  113  +10  252  +22  252   22   9  0  0 L3B FD
C22 FF 61040 095800  780 152 1874    -4263952    -22         -21    +13   22   9  305 +129  474  +87  474   87  14  0  0 L3B 44
C26 FF 61040 095800  780 254 2586    +5746061    +47         -19     -9   20   9  188  -40  304  -20  304  -20  13  0  0 L3B 20
C29 FF 61040 095800  780 141 1274    -5437962    -62         -41    -11   28   9  330 -127  463  -54  463  -54  20  0  0 L3B 4E
C30 FF 61040 095800  780 241  769    -3544193   -123         -17    -40   22   9  197  -18  346  +24  346   24  13  0  0 L3B 2C
C36 FF 61040 095800  780 417  759    -3071492    +53         -31    +39   18   9  121  +15  251   -6  251   -6  11  0  0 L3B FB
C40 FF 61040 095800  780 261  419    +1959404     -9          -7    -40   16   9  183   +7  290  +31  290   31  10  0  0 L3B D9
C42 FF 61040 095800  780 344 3049    +9240192    -65          -1    -15   24   9  143  -11  237  +12  237   12  13  0  0 L3B 03
C45 FF 61040 095800  780 856 2723    +6230822   +171         -24    -11   10   9   81   -1  190   +5  190    5   6  0  0 L3B D2
C21 FF 61040 101400  780 404 2306    +8978391    -48         -22     +8   24  10  124  +15  271  +18  271   18  15  0  0 L3B 11
C26 FF 61040 101400  780 311 2624    +5746105    +70         -23    +14   25  10  156  -27  285  -40  285  -40  15  0  0 L3B 26
C29 FF 61040 101400  780 195 1235    -5438004     +2         -25    +53   25  10  241  -66  405  -44  405  -44  17  0  0 L3B 1A
C30 FF 61040 101400  780 259  703    -3544275    -95         -19    -12   24  10  184   -9  335   +4  335    4  15  0  0 L3B E3
C36 FF 61040 101400  780 358  788    -3071484     +1          -7    -10   18  10  138  +20  283  +41  283   41  11  0  0 L3B EA
C40 FF 61040 101400  780 249  403    +1959430    +37         -11     +6   11  10  191  +10  307  +10  307   10   7  0  0 L3B CB
C42 FF 61040 101400  780 367 2978    +9240150    -61           2    -11   21  10  135   -6  233  +12  233   12  12  0  0 L3B D9
C45 FF 61040 101400  780 870  415    +6230998   +157         -16    -24   16  10   81   +0  193  +20  193   20   9  0  0 L3B EF
C21 FF 61040 103000  780 345 2256    +8978332    -21         -28    +34   23  10  142  +23  301  +10  301   10  13  0  0 L3B FE
C26 FF 61040 103000  780 369 2662    +5746149    +48         -32     -7   19  10  135  -19  268   -4  268   -4  12  0  0 L3B 14
C29 FF 61040 103000  780 248 1192    -5438050    -58         -22     -7   16  10  192  -39  369  -34  369  -34  10  0  0 L3B 33
C30 FF 61040 103000  780 266  634    -3544341   -141          -7    -59   28  10  179   -1  321  +34  321   34  16  0  0 L3B F9
C36 FF 61040 103000  780 300  819    -3071459    +41           8    +31   27  10  161  +28  306  +18  306   18  16  0  0 L3B EA
C40 FF 61040 103000  780 235  390    +1959449    +21         -21    -10   20  10  201  +13  326  +25  326   25  12  0  0 L3B EF
C42 FF 61040 103000  780 378 2899    +9240088    -82         -12    -33   21  10  132   -1  245  +30  245   30  12  0  0 L3B 08
C45 FF 61040 103000  780 809  684    +6231155   +169         -32    -12   12  10   82   +1  209  +13  209   13   7  0  0 L3B E3
C21 FF 61040 104600  780 283 2217    +8978274    -28         -33    +27   24  10  169  +35  336  +18  336   18  15  0  0 L3B 3C
C26 FF 61040 104600  780 427 2700    +5746212    +91         -23    +36   23  10  119  -14  244  -35  244  -35  14  0  0 L3B 2A
C29 FF 61040 104600  780 298 1141    -5438105    -54         -28     -3   25  10  162  -25  337  -21  337  -21  15  0  0 L3B 23
C30 FF 61040 104600  780 262  567    -3544437    -97         -22    -14   21  10  182   +6  334   +5  334    5  12  0  0 L3B DB
C33 FF 61040 104600  780 111 3331    +9612860    -14         -18    +54   31  10  411 -155  378  -26  378  -26  19  0  0 L3B 4A
C36 FF 61040 104600  780 245  852    -3071448    +22           9    +12   25  10  194  +42  346  +49  346   49  15  0  0 L3B 02
C40 FF 61040 104600  780 218  381    +1959481    +68         -19    +37   22  10  216  +17  336  -12  336  -12  13  0  0 L3B 22
C42 FF 61040 104600  780 375 2817    +9240055    -35           3    +15   21  10  132   +3  241   +0  241    0  13  0  0 L3B AE
C45 FF 61040 104600  780 745  767    +6231328   +140         -33    -42   14  10   84   +3  212  +30  212   30   9  0  0 L3B E0
C21 FF 61040 110200  780 221 2184    +8978225    -58         -32     -3   26  11  213  +59  373  +48  373   48  15  0  0 L3B 21
C26 FF 61040 110200  780 487 2738    +5746269    +81         -26    +24   17  11  108  -10  232  -29  232  -29  10  0  0 L3B 39
C29 FF 61040 110200  780 343 1081    -5438151    -64         -32    -14   18  11  143  -16  314  -20  314  -20  11  0  0 L3B 17
C30 FF 61040 110200  780 247  503    -3544519    -65         -30    +18   18  11  192  +15  343   +7  343    7  11  0  0 L3B E5
C33 FF 61040 110200  780 151 3290    +9612817    -81          -2    -14   31  11  307  -74  351   -2  351   -2  18  0  0 L3B EE
C36 FF 61040 110200  780 190  886    -3071434    +66          -1    +54   21  11  246  +68  398  +24  398   24  12  0  0 L3B 0F
C40 FF 61040 110200  780 199  375    +1959515    +49          -5    +19   28  11  234  +22  343   -9  343   -9  18  0  0 L3B FE
C42 FF 61040 110200  780 358 2736    +9239997    -38          -9    +11   26  11  138   +8  259  +15  259   15  15  0  0 L3B 22
C45 FF 61040 110200  780 682  826    +6231503   +162         -51    -21   14  11   87   +4  216  +15  216   15   8  0  0 L3B E3
C21 FF 61040 111800  780 159 2156    +8978162    -38         -43    +17   25  11  292 +111  431  +53  431   53  15  0  0 L3B 3D
C26 FF 61040 111800  780 548 2775    +5746319    +54         -31     -2   12  11   99   -8  227  -12  227  -12   7  0  0 L3B FE
C29 FF 61040 111800  780 380 1012    -5438204    -48         -38     +3   15  11  131  -10  291  -10  291  -10   9  0  0 L3B FD
C30 FF 61040 111800  780 222  447    -3544581   -112         -12    -30   21  11  212  +27  343  +50  343   50  14  0  0 L3B 05
C33 FF 61040 111800  780 183 3241    +9612743    -65         -11     +2   23  11  255  -39  344  -20  344  -20  14  0  0 L3B 15
C35 FF 61040 111800  780 142 1604    +2148069   +194         -47    +53   22  11  328 -142  461 -119  461 -119  17  0  0 L3B 81
C36 FF 61040 111800  780 137  921    -3071437    +58         -15    +46   40  11  336 +127  472  +56  472   56  24  0  0 L3B 33
C40 FF 61040 111800  780 179  372    +1959533    +20         -16    -10   22  11  259  +29  370  +31  370   31  13  0  0 L3B 0A
C42 FF 61040 111800  780 330 2663    +9239953    -85          -5    -35   23  11  148  +14  273  +35  273   35  14  0  0 L3B 22
C45 FF 61040 111800  780 619  876    +6231670   +180         -59     -2   17  11   92   +5  228  +12  228   12  10  0  0 L3B F4
C24 FF 61040 113400  780 138 2771     -355220   +297          -4    +12   28  11  336 -129  372  -48  372  -48  17  0  0 L3B 43
C26 FF 61040 113400  780 611 2811    +5746371    +54         -32     -2   15  11   92   -6  219   -9  219   -9   8  0  0 L3B D2
C29 FF 61040 113400  780 407  932    -5438259    -52         -43     -2   16  11  124   -5  282  -18  282  -18   9  0  0 L3B FE
C30 FF 61040 113400  780 189  398    -3544694    -79         -47     +3   26  11  247  +48  388  +26  388   26  15  0  0 L3B 34
C33 FF 61040 113400  780 207 3185    +9612679    -67         -10     +0   24  11  227  -21  328  -16  328  -16  14  0  0 L3B 23
C35 FF 61040 113400  780 204 1585    +2148193   +113         -58    -27   17  11  231  -71  386  -41  386  -41  11  0  0 L3B 48
C40 FF 61040 113400  780 158  373    +1959547    +86         -31    +56   23  11  291  +39  395  -15  395  -15  14  0  0 L3B 3C
C42 FF 61040 113400  780 291 2597    +9239894    -34         -17    +16   19  11  165  +22  298  +17  298   17  12  0  0 L3B 49
C45 FF 61040 113400  780 557  923    +6231845   +198         -58    +16   16  11   98   +7  238   +0  238    0   9  0  0 L3B E6
C24 FF 61040 115000  780 192 2803     -354940   +316           2    +31   29  11  245  -69  330  -59  330  -59  18  0  0 L3B 1B
C26 FF 61040 115000  780 674 2842    +5746425    +46         -33    -10   14  11   88   -4  213   +1  213    1   7  0  0 L3B C4
C29 FF 61040 115000  780 421  846    -5438312    -39         -48    +12   17  11  120   -2  276  -11  276  -11  10  0  0 L3B 05
C30 FF 61040 115000  780 148  358    -3544778     -6         -52    +77   20  11  311  +89  412  -34  412  -34  14  0  0 L3B 14
C33 FF 61040 115000  780 221 3123    +9612608    -83         -16    -15   27  11  213   -8  325   +3  325    3  17  0  0 L3B E2
C35 FF 61040 115000  780 268 1563    +2148334   +123         -52    -18   21  11  179  -41  347  -31  347  -31  13  0  0 L3B 41
C40 FF 61040 115000  780 136  377    +1959587   +105         -20    +75   26  11  335  +54  404  -37  404  -37  16  0  0 L3B 3C
C42 FF 61040 115000  780 246 2541    +9239843    -14         -21    +35   18  11  193  +36  325   +6  325    6  10  0  0 L3B FD
C45 FF 61040 115000  780 496  968    +6232013   +217         -65    +35   14  11  106  +10  254   -7  254   -7   8  0  0 L3B 00
C24 FF 61040 120600  780 247 2833     -354682   +309         -21    +23   23  12  193  -43  312  -51  312  -51  13  0  0 L3B 25
C26 FF 61040 120600  780 739 2867    +5746480    +35         -37    -22   13  12   84   -3  209   +8  209    8   8  0  0 L3B E9
C29 FF 61040 120600  780 420  758    -5438359    -59         -39     -7   12  12  120   +2  270   +0  270    0   7  0  0 L3B BC
C30 FF 61040 120600  780 103  327    -3544847    -85         -38     -3   24  12  440 +196  422   +8  422    8  14  0  0 L3B F4
C33 FF 61040 120600  780 224 3058    +9612544    -90         -15    -23   20  12  211   +2  328  +11  328   11  12  0  0 L3B F8
C35 FF 61040 120600  780 333 1537    +2148465   +143         -64     +1   12  12  147  -26  312  -28  312  -28   7  0  0 L3B 1B
C40 FF 61040 120600  780 114  384    +1959631    +48          -7    +18   21  12  397  +77  390  -13  390  -13  12  0  0 L3B 17
C42 FF 61040 120600  780 196 2492    +9239823    -23           3    +26   19  12  239  +61  342  +26  342   26  12  0  0 L3B 0E
C45 FF 61040 120600  780 436 1011    +6232182   +174         -43     -6   14  12  117  +13  273  +15  273   15   8  0  0 L3B 04
C24 FF 61040 122200  780 304 2861     -354403   +265         -16    -21   16  12  160  -28  283  -20  283  -20  11  0  0 L3B 1D
C26 FF 61040 122200  780 805 2869    +5746533    +85         -38    +28   11  12   82   -2  207  -16  207  -16   7  0  0 L3B 0F
C29 FF 61040 122200  780 405  677    -5438398    -82         -28    -31   16  12  124   +6  263  +21  263   21   9  0  0 L3B FF
C33 FF 61040 122200  780 215 2992    +9612510    -75          15     -7   28  12  218  +13  321  +29  321   29  17  0  0 L3B 07
C35 FF 61040 122200  780 398 1504    +2148598   +148         -66     +6   14  12  126  -18  282  -21  282  -21   8  0  0 L3B 30
C42 FF 61040 122200  780 143 2449    +9239754   -122         -19    -73   28  12  321 +117  398 +104  398  104  17  0  0 L3B 80
C45 FF 61040 122200  780 376 1052    +6232364   +175         -33     -4   15  12  132  +18  287  +27  287   27   9  0  0 L3B 1E
C24 FF 61040 123800  780 363 2885     -354139   +262         -27    -24   24  12  137  -20  275   +9  275    9  14  0  0 L3B 16
C26 FF 61040 123800  780 870 2705    +5746603    +74         -22    +17    9  12   81   +0  198  -10  198  -10   5  0  0 L3B F6
C29 FF 61040 123800  780 378  605    -5438459    -43         -41     +8   27  12  132  +10  273   +7  273    7  16  0  0 L3B F2
C33 FF 61040 123800  780 197 2928    +9612428    -33          -1    +35   23  12  238  +28  354   -4  354   -4  15  0  0 L3B 0D
C35 FF 61040 123800  780 460 1459    +2148736   +139         -64     -2   19  12  112  -12  252  -34  252  -34  11  0  0 L3B 32
C44 FF 61040 123800  780 132 1850    -9122134   +101           4    +13   21  12  352 -168  408  -33  408  -33  13  0  0 L3B 25
C45 FF 61040 123800  780 318 1091    +6232543   +155         -27    -25   26  12  153  +26  308  +41  308   41  16  0  0 L3B 35
C24 FF 61040 125400  780 423 2903     -353858   +317         -20    +31   20  12  120  -15  257  -38  257  -38  11  0  0 L3B 2D
C26 FF 61040 125400  780 856 1430    +5746652     -2         -27    -59   11  12   81   +1  205  +38  205   38   6  0  0 L3B E6
C29 FF 61040 125400  780 340  548    -5438505    -66         -37    -15   14  12  144  +16  282  +25  282   25   8  0  0 L3B 13
C33 FF 61040 125400  780 169 2868    +9612369    -93           4    -25   30  12  274  +50  379  +50  379   50  18  0  0 L3B 2B
C35 FF 61040 125400  780 518 1396    +2148858   +153         -78    +11   17  12  103   -8  249  -21  249  -21  10  0  0 L3B 3E
C41 FF 61040 125400  780 112 3346    +9481518    +71         -24    +92   53  12  405  -47  455  -59  455  -59  32  0  0 L3B 4D
C44 FF 61040 125400  780 197 1849    -9122062    +56          -9    -32   25  12  240  -79  381   -6  381   -6  16  0  0 L3B 18
C45 FF 61040 125400  780 259 1129    +6232708   +170         -35    -10   22  12  184  +39  343  +42  343   42  13  0  0 L3B 33
C24 FF 61040 131000  780 485 2915     -353584   +310         -22    +24   17  13  108  -11  239  -31  239  -31  10  0  0 L3B 24
C26 FF 61040 131000  780 788 1346    +5746702    +90         -51    +32   14  13   82   +2  209  -21  209  -21   8  0  0 L3B FB
C29 FF 61040 131000  780 294  504    -5438547    -51         -32     +0   16  13  164  +25  284   +5  284    5  10  0  0 L3B DD
C33 FF 61040 131000  780 134 2813    +9612313   -106          14    -39   34  13  342  +95  412  +79  412   79  20  0  0 L3B 29
C35 FF 61040 131000  780 568 1310    +2148992   +166         -55    +26   16  13   97   -5  235  -24  235  -24  10  0  0 L3B 27
C41 FF 61040 131000  780 121 3289    +9481502     -6          -3    +17   42  13  377  -11  447  -29  447  -29  27  0  0 L3B 1D
C44 FF 61040 131000  780 263 1848    -9121971   +108          -6    +19   24  13  182  -45  346  -55  346  -55  15  0  0 L3B 47
C45 FF 61040 131000  780 202 1165    +6232889   +160         -13    -19   29  13  232  +64  366  +52  366   52  17  0  0 L3B 3E
C24 FF 61040 132600  780 547 2915     -353325   +271         -38    -15   21  13   99   -8  232   -3  232   -3  12  0  0 L3B EE
C26 FF 61040 132600  780 719 1351    +5746744    +49         -65     -9   14  13   85   +3  215   +5  215    5   8  0  0 L3B D0
C29 FF 61040 132600  780 244  473    -5438598    -72         -34    -21   14  13  194  +40  288  +21  288   21   8  0  0 L3B 1D
C35 FF 61040 132600  780 604 1194    +2149130   +121         -51    -19   16  13   93   -3  220   -6  220   -6   9  0  0 L3B DD
C41 FF 61040 132600  780 119 3231    +9481492    -59          10    -36   36  13  381  +19  435  +38  435   38  20  0  0 L3B 2A
C44 FF 61040 132600  780 332 1847    -9121885   +101          -5    +13   17  13  148  -28  310  -51  310  -51  10  0  0 L3B 26
C45 FF 61040 132600  780 145 1198    +6233070   +183          -4     +5   30  13  317 +120  393  +23  393   23  18  0  0 L3B 20
C24 FF 61040 134200  780 610 2898     -353047   +281         -34     -5   19  13   92   -6  215  -17  215  -17  11  0  0 L3B 03
C26 FF 61040 134200  780 650 1371    +5746791    +38         -74    -20   16  13   89   +5  222  +15  222   15   9  0  0 L3B FA
C29 FF 61040 134200  780 191  452    -5438646    -56         -33     -5   21  13  245  +68  291   +7  291    7  14  0  0 L3B F4
C35 FF 61040 134200  780 621 1054    +2149255   +139         -60     +0   15  13   91   +0  215  -12  215  -12   9  0  0 L3B E4
C41 FF 61040 134200  780 108 3173    +9481463    -35           2    -12   36  13  417  +57  456  +27  456   27  21  0  0 L3B 13
C44 FF 61040 134200  780 401 1844    -9121808   +102         -13    +13   19  13  125  -19  282  -36  282  -36  11  0  0 L3B 3D
C24 FF 61040 135800  780 671 2848     -352773   +308         -34    +22   16  13   88   -4  205  -22  205  -22   9  0  0 L3B 0B
C25 FF 61040 135800  780 107 3025    -9587682   -175         -18    -57   23  13  429 -220  458  -53  458  -53  14  0  0 L3B 81
C26 FF 61040 135800  780 580 1395    +5746840    +31         -81    -28   13  13   95   +7  229  +15  229   15   8  0  0 L3B 0C
C29 FF 61040 135800  780 136  441    -5438683     -2         -22    +49   27  13  338 +135  289  -27  289  -27  15  0  0 L3B 4A
C35 FF 61040 135800  780 614  911    +2149378   +159         -71    +19   17  13   92   +2  214  -19  214  -19   9  0  0 L3B 13
C44 FF 61040 135800  780 472 1838    -9121723    +68         -12    -20   17  13  110  -13  250  -23  250  -23  10  0  0 L3B 24
C24 FF 61040 141400  780 725 2739     -352487   +257         -19    -29   16  14   85   -2  191   +9  191    9   9  0  0 L3B F3
C25 FF 61040 141400  780 164 3039    -9587789   -155         -18    -37   24  14  286  -99  365  -39  365  -39  16  0  0 L3B 8B
C26 FF 61040 141400  780 511 1419    +5746899    +85         -58    +30   18  14  104  +10  234   -7  234   -7  10  0  0 L3B 17
C35 FF 61040 141400  780 587  790    +2149510   +148         -81     +8   13  14   95   +4  207  -14  207  -14   7  0  0 L3B F5
C38 FF 61040 141400  780 121  691    -2662482    -54         -41    -35   25  14  379 -101  309   -1  309   -1  15  0  0 L3B 13
C44 FF 61040 141400  780 543 1823    -9121640   +104         -15    +15   15  14  100   -9  228  -37  228  -37   9  0  0 L3B 1F
C24 FF 61040 143000  780 761 2528     -352212   +284         -18     -1   15  14   83   -1  182   -7  182   -7   9  0  0 L3B CB
C25 FF 61040 143000  780 221 3046    -9587919   -154         -35    -36   18  14  214  -55  321  -34  321  -34  11  0  0 L3B 4C
C26 FF 61040 143000  780 443 1444    +5746953    +80         -57    +24   21  14  115  +15  246   +5  246    5  12  0  0 L3B 01
C34 FF 61040 143000  780 132 2123    -8530352   -118         -24    -38   24  14  351 -163  484  -98  484  -98  17  0  0 L3B 6F
C35 FF 61040 143000  780 544  702    +2149649   +126         -77    -14   18  14   99   +6  201   +8  201    8  10  0  0 L3B E2
C38 FF 61040 143000  780 153  677    -2662506    +51         -47    +70   22  14  303  -61  283  -78  283  -78  13  0  0 L3B 36
C44 FF 61040 143000  780 613 1792    -9121560   +108         -21    +20   18  14   92   -6  213  -32  213  -32  10  0  0 L3B 0A
C24 FF 61040 144600  780 761 2240     -351955   +309         -36    +24   12  14   83   +1  189  -20  189  -20   7  0  0 L3B 04
C25 FF 61040 144600  780 279 3046    -9588034    -74         -37    +43   20  14  172  -34  276  -73  276  -73  13  0  0 L3B 57
C26 FF 61040 144600  780 375 1467    +5747014    +83         -50    +27   20  14  132  +21  252   -7  252   -7  13  0  0 L3B 0E
C34 FF 61040 144600  780 195 2143    -8530427   -106         -21    -25   34  14  242  -78  396  -87  396  -87  22  0  0 L3B 6B
C35 FF 61040 144600  780 492  645    +2149782   +145         -79     +5   16  14  107   +9  202   -4  202   -4  10  0  0 L3B F0
C38 FF 61040 144600  780 182  660    -2662506     +7         -29    +26   20  14  256  -40  238  -38  238  -38  14  0  0 L3B 24
C44 FF 61040 144600  780 679 1731    -9121465    +95         -10     +6   13  14   87   -4  190  -22  190  -22   8  0  0 L3B FB
C24 FF 61040 150200  780 725 2019     -351667   +259         -13    -26   14  15   85   +2  179  +20  179   20   7  0  0 L3B F9
C25 FF 61040 150200  780 337 3037    -9588142   -143         -30    -25   26  15  145  -23  244   -9  244   -9  16  0  0 L3B 2F
C26 FF 61040 150200  780 308 1488    +5747076   +130         -33    +75   20  15  157  +31  266  -28  266  -28  13  0  0 L3B 54
C34 FF 61040 150200  780 258 2165    -8530497    -81         -40     -3   23  15  186  -44  307  -70  307  -70  14  0  0 L3B 2E
C35 FF 61040 150200  780 436  610    +2149937   +132         -51     -8   13  15  117  +13  189   +9  189    9   7  0  0 L3B EF
C38 FF 61040 150200  780 210  642    -2662537    -37         -38    -18   25  15  224  -27  227   -4  227   -4  16  0  0 L3B 07
C44 FF 61040 150200  780 737 1604    -9121389    +98         -23     +9    9  15   84   -2  182  -14  182  -14   5  0  0 L3B EF
C24 FF 61040 151800  780 667 1898     -351401   +238         -20    -47   12  15   88   +4  188  +35  188   35   7  0  0 L3B 12
C25 FF 61040 151800  780 394 3015    -9588257   -109         -33     +8   11  15  127  -16  228  -28  228  -28   7  0  0 L3B 42
C26 FF 61040 151800  780 243 1507    +5747128    +87         -33    +33   19  15  195  +50  284   +3  284    3  10  0  0 L3B 0F
C34 FF 61040 151800  780 323 2190    -8530564    -60         -32    +18   22  15  151  -28  268  -36  268  -36  13  0  0 L3B 41
C35 FF 61040 151800  780 377  593    +2150061   +131         -61     -9   16  15  132  +18  197   +6  197    6  10  0  0 L3B F8
C38 FF 61040 151800  780 235  621    -2662566     -2         -49    +17   16  15  202  -19  217  -34  217  -34  10  0  0 L3B 16
C44 FF 61040 151800  780 773 1363    -9121283    +90          -1     +1   10  15   83   -1  164   -5  164   -5   6  0  0 L3B B4
C24 FF 61040 153400  780 602 1836     -351130   +296         -23    +11   14  15   93   +7  194   +0  194    0   8  0  0 L3B C4
C25 FF 61040 153400  780 448 2978    -9588378   -115         -41     +2   17  15  115  -11  215  -10  215  -10  10  0  0 L3B 39
C26 FF 61040 153400  780 179 1524    +5747178   +123         -35    +68   24  15  261  +91  307  -14  307  -14  14  0  0 L3B 54
C34 FF 61040 153400  780 388 2217    -8530653    -87         -46     -8   18  15  129  -19  244  -34  244  -34  11  0  0 L3B 40
C35 FF 61040 153400  780 317  588    +2150193   +126         -63    -13   24  15  153  +26  200   +7  200    7  15  0  0 L3B F5
C38 FF 61040 153400  780 256  598    -2662566    -16         -30     +3   15  15  186  -14  188  -23  188  -23   9  0  0 L3B 21
C44 FF 61040 153400  780 769 1054    -9121196    +81           1     -8   12  15   83   +1  157   +0  157    0   7  0  0 L3B 9F
C24 FF 61040 155000  780 532 1804     -350858   +287         -25     +2   12  15  101  +10  201   +3  201    3   7  0  0 L3B BE
C25 FF 61040 155000  780 497 2921    -9588486   -111         -36     +6   19  15  106   -7  191  -21  191  -21  11  0  0 L3B 35
C26 FF 61040 155000  780 116 1539    +5747226    +61         -40     +7   40  15  393 +204  327  +25  327   25  22  0  0 L3B 27
C34 FF 61040 155000  780 455 2246    -8530737    -48         -55    +30   21  15  113  -14  221  -43  221  -43  11  0  0 L3B 28
C35 FF 61040 155000  780 258  592    +2150344   +152         -46    +12   14  15  184  +40  185  -15  185  -15   9  0  0 L3B 24
C38 FF 61040 155000  780 275  573    -2662600    -31         -46    -12   17  15  175  -10  181  -13  181  -13  10  0  0 L3B 18
C44 FF 61040 155000  780 729  844    -9121137    +57         -26    -32   13  15   85   +2  164  +12  164   12   7  0  0 L3B E4
C23 FF 61040 160600  780 123 3169    +5180726    -53          15    +24   33  16  377 -167  329 -105  329 -105  19  0  0 L3B 6E
C24 FF 61040 160600  780 462 1787     -350578   +288         -20     +3   25  16  112  +14  205  +11  205   11  15  0  0 L3B 08
C25 FF 61040 160600  780 535 2839    -9588600   -140         -31    -22   15  16  100   -4  182   -3  182   -3   9  0  0 L3B 04
C34 FF 61040 160600  780 522 2278    -8530818    -79         -43     +1   18  16  102  -10  199  -24  199  -24  10  0  0 L3B 33
C35 FF 61040 160600  780 200  604    +2150476   +160         -52    +20   17  16  234  +65  179  -20  179  -20  11  0  0 L3B 22
C38 FF 61040 160600  780 289  546    -2662625    -18         -48     +2   17  16  167   -7  169  -16  169  -16  11  0  0 L3B 25
C44 FF 61040 160600  780 673  744    -9121038    +73         -15    -16   16  16   88   +4  150   +0  150    0  10  0  0 L3B C4
C19 FF 61040 162200  780 104  476    +9585926    +59         -22    +23   40  16  434  -85  154  -22  154  -22  25  0  0 L3B 33
C23 FF 61040 162200  780 177 3157    +5180636    -86          -1     -9   25  16  265  -80  276  -55  276  -55  14  0  0 L3B 31
C24 FF 61040 162200  780 391 1779     -350305   +294         -21     +9   15  16  128  +20  215   +9  215    9   9  0  0 L3B E6
C25 FF 61040 162200  780 560 2734    -9588723    -97         -40    +21   11  16   97   -2  177  -16  177  -16   7  0  0 L3B 1F
C34 FF 61040 162200  780 590 2312    -8530887    -79         -36     +0   22  16   94   -7  177  -21  177  -21  12  0  0 L3B 11
C35 FF 61040 162200  780 144  621    +2150598   +128         -65    -12   25  16  320 +122  181   -3  181   -3  17  0  0 L3B 15
C38 FF 61040 162200  780 299  518    -2662627    -21         -31     -2   14  16  161   -4  143  -12  143  -12   9  0  0 L3B EC
C44 FF 61040 162200  780 611  701    -9120965   +111         -28    +22   18  16   92   +6  149  -19  149  -19  10  0  0 L3B 15
C19 FF 61040 163800  780 121  419    +9585966     -3         -16    -38   34  16  377  -37  139   +3  139    3  21  0  0 L3B 03
C23 FF 61040 163800  780 230 3136    +5180541    -58         -21    +19   32  16  207  -45  240  -37  240  -37  18  0  0 L3B 33
C24 FF 61040 163800  780 322 1774     -350027   +320         -17    +35   20  16  151  +30  225   -7  225   -7  12  0  0 L3B FD
C25 FF 61040 163800  780 566 2614    -9588826   -124         -30     -6   12  16   97   +0  164   -7  164   -7   7  0  0 L3B FD
C34 FF 61040 163800  780 657 2348    -8530965    -62         -38    +18   15  16   89   -5  159  -32  159  -32   8  0  0 L3B 32
C38 FF 61040 163800  780 305  491    -2662648    -42         -33    -22   13  16  159   -2  137   +4  137    4   8  0  0 L3B DD
C43 FF 61040 163800  780 118 2420    -1286168     +6          15    +15   51  16  391 -183  314  -82  314  -82  31  0  0 L3B 2F
C44 FF 61040 163800  780 548  688    -9120882    +65         -30    -24   16  16   99   +8  140   +5  140    5   9  0  0 L3B DA
C19 FF 61040 165400  780 128  360    +9586004    +66         -11    +30   28  16  357   -7  128  -22  128  -22  19  0  0 L3B 1D
C22 FF 61040 165400  780 111  866    -4264829    -56         -34    -21   48  16  413 -159  189   -6  189   -6  30  0  0 L3B 35
C23 FF 61040 165400  780 279 3104    +5180486    -29          -3    +48   16  16  173  -28  190  -72  190  -72  10  0  0 L3B 34
C24 FF 61040 165400  780 254 1772     -349755   +293         -18     +8   14  16  187  +47  233   +2  233    2   8  0  0 L3B F5
C25 FF 61040 165400  780 553 2495    -9588944   -125         -35     -7   16  16   98   +3  158   -7  158   -7   9  0  0 L3B 16
C34 FF 61040 165400  780 725 2388    -8531039   -100         -36    -21   16  16   85   -3  139   +0  139    0   9  0  0 L3B EB
C38 FF 61040 165400  780 307  463    -2662694     -1         -61    +19   21  16  158   +0  142  -18  142  -18  11  0  0 L3B 02
C43 FF 61040 165400  780 174 2453    -1286183    -46          10    -37   30  16  270  -87  276   -3  276   -3  19  0  0 L3B 1B
C44 FF 61040 165400  780 486  692    -9120810   +117         -43    +28   14  16  108  +11  142  -21  142  -21   8  0  0 L3B 1C
C19 FF 61040 171000  780 125  301    +9586021    +32         -23     -3   37  17  364  +21  124  -16  124  -16  20  0  0 L3B FA
C22 FF 61040 171000  780 152  815    -4264876    -50         -58    -16   38  17  305  -77  174   -2  174   -2  23  0  0 L3B 10
C23 FF 61040 171000  780 323 3061    +5180403   -101         -14    -24   22  17  151  -18  169  -15  169  -15  14  0  0 L3B 32
C24 FF 61040 171000  780 188 1769     -349461   +284         -11     -2   21  17  248  +84  232  +14  232   14  12  0  0 L3B 16
C25 FF 61040 171000  780 521 2390    -9589058   -137         -30    -19   19  17  102   +6  155   +7  155    7  11  0  0 L3B 0F
C34 FF 61040 171000  780 793 2435    -8531119    -55         -24    +26   16  17   82   -2  129  -26  129  -26   9  0  0 L3B 14
C38 FF 61040 171000  780 304  437    -2662713    +16         -57    +36   17  17  159   +2  133  -25  133  -25  10  0  0 L3B 0D
C43 FF 61040 171000  780 230 2488    -1286185     +1           6    +10   27  17  206  -50  227  -76  227  -76  15  0  0 L3B 0A
C44 FF 61040 171000  780 424  707    -9120710   +106         -30    +16   14  17  119  +14  127  -14  127  -14   9  0  0 L3B 11
C19 FF 61040 172600  780 113  245    +9586045    +80         -32    +46   27  17  401  +59  120  -44  120  -44  17  0  0 L3B 25
C22 FF 61040 172600  780 187  759    -4264901    -65         -49    -30   39  17  250  -42  147   +0  147    0  26  0  0 L3B 05
C23 FF 61040 172600  780 360 3004    +5180342    -39          -1    +38   17  17  137  -11  142  -34  142  -34   9  0  0 L3B 07
C24 FF 61040 172600  780 124 1766     -349188   +310         -13    +23   24  17  369 +183  237   -2  237   -2  15  0  0 L3B 2C
C25 FF 61040 172600  780 477 2306    -9589172    -99         -30    +19   18  17  109   +9  155  -13  155  -13  10  0  0 L3B 40
C34 FF 61040 172600  780 860 2518    -8531187    -87         -15     -6   12  17   81   -1  114   -6  114   -6   7  0  0 L3B DA
C38 FF 61040 172600  780 298  413    -2662730    -30         -55    -11   22  17  162   +4  123   +3  123    3  12  0  0 L3B D1
C43 FF 61040 172600  780 287 2525    -1286204    +17          -5    +26   27  17  168  -32  180  -66  180  -66  16  0  0 L3B 39
C44 FF 61040 172600  780 364  727    -9120627    +69         -33    -20   19  17  136  +20  124  +10  124   10  12  0  0 L3B 0A
C21 FF 61040 174200  780 111 1200    +8976901   -115         -25    -59   54  17  414 -201  178   +7  178    7  31  0  0 L3B 2E
C22 FF 61040 174200  780 215  698    -4264916    -65         -31    -30   32  17  219  -24  121   +2  121    2  20  0  0 L3B E6
C23 FF 61040 174200  780 387 2935    +5180277    -83           8     -6   17  17  129   -6  123  -14  123  -14  10  0  0 L3B FE
C25 FF 61040 174200  780 424 2241    -9589285   -115         -29     +3   17  17  120  +13  157   -1  157   -1  10  0  0 L3B 10
C34 FF 61040 174200  780 873  579    -8531262   -105         -12    -25   12  17   81   +0  107  +13  107   13   7  0  0 L3B EE
C38 FF 61040 174200  780 288  392    -2662753    +70         -60    +90   15  17  167   +6  119  -61  119  -61   9  0  0 L3B 1C
C43 FF 61040 174200  780 345 2563    -1286211    -19          -4    -10   24  17  142  -22  152  -14  152  -14  15  0  0 L3B 13
C44 FF 61040 174200  780 306  753    -9120539   +100         -31    +10   26  17  158  +28  118   -5  118   -5  16  0  0 L3B 0D
C21 FF 61040 175800  780 166 1161    +8976825    -59         -48     -4   22  17  282  -91  172  -13  172  -13  14  0  0 L3B 3F
C22 FF 61040 175800  780 234  632    -4264960     -5         -42    +29   34  17  202  -11  115  -27  115  -27  20  0  0 L3B 0C
C23 FF 61040 175800  780 402 2856    +5180196    -44           0    +33   22  17  125   -2  120  -22  120  -22  14  0  0 L3B EE
C25 FF 61040 175800  780 365 2192    -9589402    -60         -32    +58   18  17  135  +20  164  -29  164  -29  10  0  0 L3B 4F
C34 FF 61040 175800  780 808  694    -8531353   -102         -25    -22   11  17   82   +2  109   +5  109    5   6  0  0 L3B D7
C38 FF 61040 175800  780 274  375    -2662749    +10         -37    +30   15  17  174   +9   98  -25   98  -25   9  0  0 L3B 09
C43 FF 61040 175800  780 404 2603    -1286229    -29         -13    -20   21  17  125  -16  133   -5  133   -5  13  0  0 L3B 09
C44 FF 61040 175800  780 249  782    -9120456   +115         -34    +25   19  17  191  +41  121  -12  121  -12  13  0  0 L3B 30
C21 FF 61040 181400  780 219 1117    +8976780    -93         -40    -38   23  18  216  -50  150  +15  150   15  15  0  0 L3B 2D
C22 FF 61040 181400  780 242  565    -4265000    -32         -50     +2   26  18  196   -2  111   -4  111   -4  15  0  0 L3B C1
C23 FF 61040 181400  780 402 2772    +5180106    -51         -19    +26   26  18  125   +2  130  -13  130  -13  15  0  0 L3B 08
C25 FF 61040 181400  780 304 2153    -9589500   -100         -16    +19   21  18  159  +30  165   +2  165    2  13  0  0 L3B 0D
C34 FF 61040 181400  780 743  747    -8531427   -109         -51    -31   14  18   84   +3   99   +9   99    9   8  0  0 L3B D6
C37 FF 61040 181400  780 138 3252    +9025661    +39           5     -5   28  18  335 -102  136  -31  136  -31  17  0  0 L3B 1C
C38 FF 61040 181400  780 258  361    -2662786     +4         -50    +24   19  18  184  +12   99  -19   99  -19  10  0  0 L3B 11
C43 FF 61040 181400  780 464 2643    -1286237     -2         -16     +6   18  18  112  -12  119  -20  119  -20  11  0  0 L3B 06
C44 FF 61040 181400  780 194  813    -9120376   +126         -38    +37   22  18  241  +66  127   -8  127   -8  13  0  0 L3B 21
C21 FF 61040 183000  780 269 1066    +8976716    -58         -51     -2   24  18  179  -30  145  -10  145  -10  15  0  0 L3B 30
C22 FF 61040 183000  780 238  498    -4265031     -6         -47    +28   18  18  199   +7  107  -19  107  -19  11  0  0 L3B 15
C23 FF 61040 183000  780 389 2689    +5180041    -60          -9    +17   15  18  128   +6  120  -16  120  -16   9  0  0 L3B 04
C25 FF 61040 183000  780 242 2122    -9589620    -94         -23    +25   23  18  195  +48  180   -4  180   -4  15  0  0 L3B 1C
C34 FF 61040 183000  780 679  793    -8531505    -90         -54    -12   17  18   87   +4   95   -1   95   -1  10  0  0 L3B D2
C37 FF 61040 183000  780 178 3212    +9025691    +80          -7    +36   23  18  263  -53  121  -46  121  -46  13  0  0 L3B 26
C38 FF 61040 183000  780 240  350    -2662777    -33         -22    -13   22  18  197  +15   79   +8   79    8  11  0  0 L3B E2
C43 FF 61040 183000  780 525 2685    -1286247     +0         -18     +8   16  18  102   -9  104  -22  104  -22  10  0  0 L3B F3
C44 FF 61040 183000  780 140  846    -9120282    +74         -30    -15   24  18  328 +122  131  +29  131   29  15  0  0 L3B 20
C21 FF 61040 184600  780 314 1007    +8976661    -61         -53     -6   24  18  155  -19  135   -4  135   -4  15  0  0 L3B 0D
C22 FF 61040 184600  780 223  435    -4265049    -50         -32    -16   23  18  211  +18   95   +7   95    7  14  0  0 L3B D7
C23 FF 61040 184600  780 364 2611    +5179968    -32          -9    +45   22  18  136  +10  120  -14  120  -14  12  0  0 L3B 1D
C25 FF 61040 184600  780 181 2095    -9589722   -110         -11     +9   23  18  257  +85  186  +16  186   16  15  0  0 L3B 48
C34 FF 61040 184600  780 616  837    -8531594    -73         -68     +5   15  18   92   +6   99   -7   99   -7   9  0  0 L3B D5
C37 FF 61040 184600  780 210 3163    +9025743    +29           3    -15   36  18  224  -30   99   +0   99    0  21  0  0 L3B C8
C38 FF 61040 184600  780 220  344    -2662799    -44         -24    -24   13  18  214  +20   77  +15   77   15   9  0  0 L3B F5
C42 FF 61040 184600  780 118 1483    +9238620   -137         -19    -88   42  18  393 -202  161  +42  161   42  26  0  0 L3B 60
C43 FF 61040 184600  780 586 2727    -1286248     +1         -11     +9   17  18   95   -7   90  -14   90  -14  10  0  0 L3B DE
C21 FF 61040 190200  780 351  938    +8976607    -48         -65     +7   21  19  141  -12  124  -16  124  -16  12  0  0 L3B 1B
C22 FF 61040 190200  780 198  378    -4265081    -18         -33    +17   27  19  236  +34   89  -14   89  -14  17  0  0 L3B 1F
C23 FF 61040 190200  780 328 2543    +5179905    -79          -1     -3   24  19  149  +17  123   +9  123    9  13  0  0 L3B EE
C25 FF 61040 190200  780 121 2071    -9589850   -143         -36    -25   25  19  377 +180  209  +38  209   38  16  0  0 L3B 67
C34 FF 61040 190200  780 554  880    -8531670    -53         -58    +26   16  19   98   +7   98  -15   98  -15   9  0  0 L3B FD
C37 FF 61040 190200  780 234 3107    +9025792    +18           8    -26   31  19  202  -16   90  +12   90   12  19  0  0 L3B E5
C38 FF 61040 190200  780 198  341    -2662815    +19         -23    +39   16  19  236  +26   78  -31   78  -31  11  0  0 L3B 15
C42 FF 61040 190200  780 179 1458    +9238558    -25         -37    +24   28  19  262  -91  155  -36  155  -36  16  0  0 L3B 5C
C43 FF 61040 190200  780 649 2770    -1286271    +28         -43    +35   13  19   89   -5   91  -24   91  -24   7  0  0 L3B F6
C21 FF 61040 191800  780 377  861    +8976560    -81         -60    -27   17  19  132   -6  111  +10  111   10  11  0  0 L3B 03
C22 FF 61040 191800  780 165  329    -4265125    -24         -43    +10   28  19  281  +63   96   +2   96    2  16  0  0 L3B DB
C23 FF 61040 191800  780 284 2483    +5179826    -60          -7    +17   22  19  169  +26  133   -2  133   -2  14  0  0 L3B 0E
C28 FF 61040 191800  780 133 2743    -4659505    -90         -21    -45   35  19  348 -137  153  -23  153  -23  21  0  0 L3B 5B
C34 FF 61040 191800  780 493  922    -8531747    -25         -60    +54   12  19  106  +10  102  -25  102  -25   7  0  0 L3B 11
C37 FF 61040 191800  780 248 3045    +9025814    +93         -12    +49   17  19  192   -7  100  -34  100  -34  10  0  0 L3B 25
C38 FF 61040 191800  780 175  342    -2662855    -28         -43     -8   14  19  265  +35   86  +10   86   10   8  0  0 L3B ED
C42 FF 61040 191800  780 242 1431    +9238517    -27         -30    +22   20  19  197  -50  137  -28  137  -28  12  0  0 L3B 3D
C43 FF 61040 191800  780 712 2816    -1286278    -18         -43    -11   13  19   85   -3   87   +3   87    3   7  0  0 L3B C8
C21 FF 61040 193400  780 391  777    +8976513     -4         -54    +51   26  19  128   -2  103  -31  103  -31  15  0  0 L3B 06
C22 FF 61040 193400  780 124  289    -4265137    -24         -22    +10   28  19  368 +126   85   -4   85   -4  16  0  0 L3B FE
C23 FF 61040 193400  780 236 2433    +5179745    -79         -15     -2   21  19  201  +41  149  +14  149   14  13  0  0 L3B 1C
C28 FF 61040 193400  780 186 2777    -4659546    -75         -18    -30   26  19  252  -72  119   +2  119    2  15  0  0 L3B 2A
C34 FF 61040 193400  780 433  963    -8531820   -112         -56    -33   17  19  117  +13  108  +27  108   27  10  0  0 L3B 2C
C37 FF 61040 193400  780 251 2979    +9025889    -25          21    -69   39  19  189   +1   78  +39   78   39  22  0  0 L3B 28
C38 FF 61040 193400  780 151  346    -2662869    -21         -38     -1   16  19  305  +47   86   -3   86   -3   9  0  0 L3B D8
C42 FF 61040 193400  780 306 1398    +9238464    -72         -36    -23   23  19  159  -31  129   +8  129    8  13  0  0 L3B 22
C43 FF 61040 193400  780 776 2865    -1286290     -4         -48     +3   15  19   83   -2   87   -5   87   -5   9  0  0 L3B C1
C21 FF 61040 195000  780 390  693    +8976458    -23         -57    +32   19  19  128   +2  100  -22  100  -22  12  0  0 L3B 12
C23 FF 61040 195000  780 184 2388    +5179675    -51         -11    +26   27  19  253  +71  160   +6  160    6  17  0  0 L3B 15
C28 FF 61040 195000  780 241 2810    -4659595    -13         -24    +32   18  19  197  -44  109  -28  109  -28  11  0  0 L3B 4E
C34 FF 61040 195000  780 374 1003    -8531896    -95         -57    -16   18  19  133  +18  116  +20  116   20  10  0  0 L3B 2D
C37 FF 61040 195000  780 244 2912    +9025921    +42          10     -2   20  19  195  +10   85   +8   85    8  12  0  0 L3B C2
C38 FF 61040 195000  780 127  354    -2662885    -80         -35    -60   18  19  359  +67   87  +42   87   42  13  0  0 L3B 1E
C42 FF 61040 195000  780 368 1357    +9238415    -85         -39    -36   19  19  135  -20  125  +18  125   18  11  0  0 L3B 3F
C43 FF 61040 195000  780 841 2934    -1286289    +36         -40    +44   12  19   81   -1   80  -31   80  -31   7  0  0 L3B E5
C21 FF 61040 200600  780 375  613    +8976412    -56         -47     -1   26  20  132   +7   95   +0   95    0  15  0  0 L3B AB
C23 FF 61040 200600  780 131 2349    +5179605    +11         -10    +88   66  20  349 +139  178  -38  178  -38  38  0  0 L3B 61
C28 FF 61040 200600  780 298 2840    -4659629     +7         -19    +52   17  20  163  -29   90  -38   90  -38  12  0  0 L3B 1F
C34 FF 61040 200600  780 316 1042    -8531978    -93         -34    -11   22  20  153  +26  132  +22  132   22  14  0  0 L3B 12
C37 FF 61040 200600  780 226 2847    +9025950    +49          -9     +4   24  20  209  +20   94   +9   94    9  14  0  0 L3B CD
C38 FF 61040 200600  780 103  365    -2662903    -34         -35    -14   21  20  438 +100   85  +11   85   11  14  0  0 L3B F1
C42 FF 61040 200600  780 427 1304    +9238356    -76         -33    -26   22  20  119  -13  127  +11  127   11  13  0  0 L3B 17
C43 FF 61040 200600  780 891  747    -1286291     +6         -11    +15   10  20   81   +0   78   -5   78   -5   6  0  0 L3B 97
C21 FF 61040 202200  780 348  544    +8976364    -37         -42    +18   19  20  141  +12   90  -13   90  -13  11  0  0 L3B F9
C28 FF 61040 202200  780 356 2867    -4659696    -53         -43     -8   20  20  139  -21  100   +1  100    1  12  0  0 L3B EA
C33 FF 61040 202200  780 148 1763    +9610529    -44         -11    +24   22  20  315 -139  141  -18  141  -18  13  0  0 L3B 39
C34 FF 61040 202200  780 259 1080    -8532056    -66         -34    +16   22  20  184  +39  144   +2  144    2  13  0  0 L3B F8
C37 FF 61040 202200  780 199 2786    +9025999    +26          -3    -19   26  20  235  +36   95  +16   95   16  15  0  0 L3B 17
C42 FF 61040 202200  780 480 1235    +9238316    -49         -25     +1   16  20  109   -9  120  -12  120  -12   9  0  0 L3B EA
C43 FF 61040 202200  780 826 1114    -1286308    -61         -19    -52   14  20   81   +1   85  +31   85   31   8  0  0 L3B C7
C21 FF 61040 203800  780 310  487    +8976311     -2         -42    +53   18  20  156  +20   94  -30   94  -30  11  0  0 L3B E4
C28 FF 61040 203800  780 415 2891    -4659733    -35         -37    +10   13  20  122  -15   92  -10   92  -10   8  0  0 L3B 01
C33 FF 61040 203800  780 215 1758    +9610454    -74         -21     -7   27  20  220  -68  147   +0  147    0  17  0  0 L3B F3
C34 FF 61040 203800  780 202 1117    -8532124    -75         -23     +7   17  20  232  +63  145   -5  145   -5  10  0  0 L3B ED
C37 FF 61040 203800  780 165 2730    +9026033    +69         -12    +24   29  20  281  +62  113   -3  113   -3  17  0  0 L3B 03
C42 FF 61040 203800  780 523 1146    +9238268    -67         -25    -17   16  20  102   -5  109   -1  109   -1   9  0  0 L3B EE
C43 FF 61040 203800  780 759 1172    -1286320    -52         -22    -44   14  20   83   +3   86  +23   86   23   8  0  0 L3B D4
C21 FF 61040 205400  780 265  443    +8976273     -6         -27    +49   26  20  180  +31   86  -27   86  -27  16  0  0 L3B 07
C28 FF 61040 205400  780 477 2908    -4659774    -35         -34    +10   16  20  109  -11   88  -10   88  -10   9  0  0 L3B 17
C33 FF 61040 205400  780 284 1753    +9610382    -72         -28     -5   15  20  170  -40  146   -5  146   -5   9  0  0 L3B F4
C34 FF 61040 205400  780 146 1152    -8532197    -60         -18    +22   28  20  315 +117  155  -12  155  -12  17  0  0 L3B 3F
C37 FF 61040 205400  780 125 2679    +9026088    +21           0    -23   24  20  364 +119  127  +49  127   49  15  0  0 L3B 25
C42 FF 61040 205400  780 552 1036    +9238225    -69         -20    -19   17  20   98   -2   97   +5   97    5  10  0  0 L3B CD
C43 FF 61040 205400  780 692 1216    -1286328    -38         -22    -29   12  20   86   +4   91  +27   91   27   7  0  0 L3B DD
C21 FF 61040 211000  780 214  412    +8976222   -119         -25    -64   14  21  219  +52   85  +46   85   46  10  0  0 L3B 01
C27 FF 61040 211000  780 120 2947    -5761020     +8         -20    +57   23  21  383 -173  115  -67  115  -67  16  0  0 L3B 32
C28 FF 61040 211000  780 539 2917    -4659829    -76         -48    -31   20  21  100   -8   91  +20   91   20  12  0  0 L3B F9
C33 FF 61040 211000  780 355 1747    +9610318    -54         -25    +14   19  21  139  -25  138  -18  138  -18  11  0  0 L3B 39
C42 FF 61040 211000  780 561  914    +9238181    -53         -26     -4   19  21   97   +0   91   +0   91    0  11  0  0 L3B 8D
C43 FF 61040 211000  780 624 1255    -1286343     -6         -25     +3   16  21   91   +6  101   +9  101    9   9  0  0 L3B 9A
C21 FF 61040 212600  780 161  391    +8976161    -10         -33    +45   21  21  288  +96   90  -22   90  -22  13  0  0 L3B FD
C27 FF 61040 212600  780 176 2968    -5761077    -45         -31     +4   24  21  266  -85  108  -17  108  -17  15  0  0 L3B 3C
C28 FF 61040 212600  780 603 2911    -4659871    -56         -47    -11   11  21   93   -6   89   +7   89    7   6  0  0 L3B CE
C33 FF 61040 212600  780 426 1737    +9610248    -69         -29     -2   21  21  119  -17  132   -3  132   -3  14  0  0 L3B FC
C42 FF 61040 212600  780 550  795    +9238129    -50         -30     +0   20  21   99   +3   91   +2   91    2  11  0  0 L3B 8E
C43 FF 61040 212600  780 557 1290    -1286354    -39         -27    -30   16  21   98   +8  115  +34  115   34   9  0  0 L3B 00
C21 FF 61040 214200  780 105  379    +8976123    -44         -18    +11   24  21  431 +222   81   -6   81   -6  15  0  0 L3B E6
C27 FF 61040 214200  780 233 2985    -5761098    -42          -6     +7   33  21  204  -49   80   -8   80   -8  21  0  0 L3B DB
C28 FF 61040 214200  780 666 2880    -4659917    -53         -51     -8   13  21   88   -4   92   +4   92    4   8  0  0 L3B BD
C33 FF 61040 214200  780 499 1719    +9610178   -107         -34    -40   22  21  106  -12  131  +14  131   14  13  0  0 L3B 27
C42 FF 61040 214200  780 521  695    +9238084    -60         -27    -10   18  21  102   +5   89   +7   89    7  10  0  0 L3B C4
C43 FF 61040 214200  780 490 1324    -1286360     -3         -25     +6   17  21  107  +11  126   +3  126    3  10  0  0 L3B C1
C27 FF 61040 215800  780 292 2997    -5761162    -41         -22     +8   19  21  166  -32   86  -11   86  -11  12  0  0 L3B 13
C28 FF 61040 215800  780 725 2798    -4659968    -41         -58     +3   16  21   85   -3   96   +2   96    2   9  0  0 L3B CF
C33 FF 61040 215800  780 570 1688    +9610125    -83         -22    -15   12  21   96   -8  118   -1  118   -1   8  0  0 L3B E4
C41 FF 61040 215800  780 143 2018    +9480837    -48          -9    -27   24  21  325 -146  174  +12  174   12  14  0  0 L3B 32
C42 FF 61040 215800  780 479  619    +9238030    -26         -33    +23   29  21  109   +8   93  -17   93  -17  17  0  0 L3B 05
C43 FF 61040 215800  780 424 1355    -1286362    +25         -18    +34   17  21  120  +16  129  -17  129  -17  10  0  0 L3B 2F
C27 FF 61040 221400  780 352 3001    -5761212    -67         -26    -18   19  22  140  -22   86   +8   86    8  12  0  0 L3B E2
C28 FF 61040 221400  780 771 2612    -4660007    -11         -48    +34   14  22   83   -1   98  -18   98  -18   8  0  0 L3B ED
C33 FF 61040 221400  780 638 1631    +9610057    -88         -21    -20   19  22   90   -5  113   +1  113    1  11  0  0 L3B CA
C41 FF 61040 221400  780 209 2033    +9480823    -38          -8    -17   18  22  227  -71  159   -5  159   -5  10  0  0 L3B 0A
C42 FF 61040 221400  780 428  566    +9237987    -39         -29    +10   18  22  119  +12   88   -3   88   -3  11  0  0 L3B F5
C43 FF 61040 221400  780 358 1384    -1286369     -8         -22     +0   19  22  138  +22  131   +6  131    6  11  0  0 L3B D7
C27 FF 61040 223000  780 412 2995    -5761266    -69         -33    -20   14  22  123  -15   91   +8   91    8   8  0  0 L3B DF
C28 FF 61040 223000  780 785 2292    -4660053    -58         -52    -13   11  22   82   +0  102  +10  102   10   6  0  0 L3B D6
C33 FF 61040 223000  780 699 1526    +9609987    -85         -26    -17   14  22   86   -3  110   -2  110   -2   8  0  0 L3B ED
C39 FF 61040 223000  780 129  668     +174890    +22         -30    +17   21  22  357  -79  101   -3  101   -3  14  0  0 L3B E3
C41 FF 61040 223000  780 275 2051    +9480781     -1         -30    +21   14  22  175  -41  158  -33  158  -33   9  0  0 L3B 0B
C42 FF 61040 223000  780 372  533    +9237935    -40         -34     +9   13  22  133  +18   91   -3   91   -3   7  0  0 L3B B6
C43 FF 61040 223000  780 293 1410    -1286372    -18         -17    -10   19  22  164  +34  133  +16  133   16  11  0  0 L3B 13
C27 FF 61040 224600  780 471 2975    -5761322    -26         -42    +23   19  22  110  -11   94  -16   94  -16  11  0  0 L3B 16
C28 FF 61040 224600  780 754 2011    -4660095    -36         -50    +10   13  22   83   +2  105   +3  105    3   7  0  0 L3B B9
C33 FF 61040 224600  780 741 1336    +9609921    -52         -27    +16   22  22   84   -1  103  -14  103  -14  12  0  0 L3B 03
C39 FF 61040 224600  780 156  653     +174903    +19         -23    +14   21  22  296  -50   92  -15   92  -15  14  0  0 L3B F3
C41 FF 61040 224600  780 344 2071    +9480773    -49         -17    -28   20  22  143  -26  137   +7  137    7  12  0  0 L3B 0E
C42 FF 61040 224600  780 314  515    +9237911    -15         -10    +34   16  22  154  +27   80  -14   80  -14  10  0  0 L3B ED
C43 FF 61040 224600  780 230 1434    -1286375     -3         -13     +6   25  22  206  +55  139   +3  139    3  15  0  0 L3B D8
C27 FF 61040 230200  780 528 2935    -5761365    -56         -34     -7   13  23  101   -8   90   +2   90    2   7  0  0 L3B B2
C28 FF 61040 230200  780 698 1866    -4660134    -45         -48     +0   13  23   86   +4  111  +14  111   14   7  0  0 L3B DE
C33 FF 61040 230200  780 751 1068    +9609861    -70         -37     -4   15  23   84   +0   94   +1   94    1   9  0  0 L3B A3
C39 FF 61040 230200  780 182  636     +174901    +21         -26    +16   23  23  257  -34   88  -15   88  -15  14  0  0 L3B F4
C41 FF 61040 230200  780 413 2094    +9480744     -8         -34    +13   18  23  122  -18  134  -17  134  -17  12  0  0 L3B 1A
C42 FF 61040 230200  780 255  509    +9237866    -64         -17    -16   18  23  187  +41   81  +13   81   13  12  0  0 L3B FB
C43 FF 61040 230200  780 167 1455    -1286381    -16          -8     -7   23  23  278 +101  144   +8  144    8  14  0  0 L3B F6
C27 FF 61040 231800  780 580 2868    -5761414    -59         -35    -10   13  23   95   -5   89   +8   89    8   8  0  0 L3B DB
C28 FF 61040 231800  780 632 1798    -4660183    -25         -53    +20   16  23   90   +6  126   -5  126   -5   9  0  0 L3B EA
C33 FF 61040 231800  780 722  841    +9609786    -69         -48     -2   15  23   85   +2   99   +1   99    1   9  0  0 L3B B1
C39 FF 61040 231800  780 205  617     +174905    +19         -26    +14   16  23  229  -24   87  -11   87  -11  11  0  0 L3B F2
C41 FF 61040 231800  780 484 2118    +9480722    -31         -37    -11   18  23  108  -12  128   +6  128    6  11  0  0 L3B 01
C42 FF 61040 231800  780 196  511    +9237820    -70         -16    -22   21  23  239  +70   80  +10   80   10  13  0  0 L3B E1
C27 FF 61040 233400  780 620 2765    -5761471    -31         -45    +18   20  23   92   -3   98   -5   98   -5  11  0  0 L3B DC
C28 FF 61040 233400  780 562 1766    -4660224    -34         -52    +11   16  23   97   +8  133   -2  133   -2   9  0  0 L3B DF
C30 FF 61040 233400  780 140 3143    -3548293    -98         -27    -14   32  23  331 -132  104  +12  104   12  19  0  0 L3B 27
C33 FF 61040 233400  780 672  711    +9609742   -103         -28    -36   15  23   88   +4   87  +20   87   20   9  0  0 L3B E2
C39 FF 61040 233400  780 225  596     +174913    -22         -23    -27   20  23  210  -17   83  +18   83   18  13  0  0 L3B E2
C41 FF 61040 233400  780 555 2144    +9480701    -44         -38    -24   18  23   98   -9  122  +10  122   10  11  0  0 L3B FB
C42 FF 61040 233400  780 138  521    +9237789    -15          -1    +34   23  23  333 +136   74  -22   74  -22  15  0  0 L3B 01
C27 FF 61040 235000  780 643 2625    -5761514    -40         -41     +9   16  23   90   -1  102   -2  102   -2   9  0  0 L3B BA
C28 FF 61040 235000  780 491 1751    -4660266    -60         -50    -15   14  23  107  +12  135  +13  135   13   9  0  0 L3B 0B
C30 FF 61040 235000  780 196 3135    -3548390   -128         -44    -44   23  23  240  -67  118  +16  118   16  15  0  0 L3B 3F
C33 FF 61040 235000  780 611  647    +9609671    -72         -35     -5   17  23   92   +6   93   +2   93    2   9  0  0 L3B 9A
C39 FF 61040 235000  780 242  573     +174906     +4         -35     -1   21  23  196  -12   88   +0   88    0  12  0  0 L3B 95
C41 FF 61040 235000  780 626 2172    +9480668    -23         -51     -3   21  23   91   -6  125  -11  125  -11  12  0  0 L3B F2
