CGGTTS     GENERIC DATA FORMAT VERSION = 2E
REV DATE = 2026-01-01                    
RCVR = POLARX5-TR                    R2CGGTTS v8.8    
CH = 99 
IMS = POLARX5-TR                    
LAB = PTB                           
X = +3844059.67 m 
Y =  +709661.67 m 
Z = +5023129.80 m 
FRAME = ITRF
COMMENTS = TGD applied
INT DLY =   33.0 ns (BDS B1C),   32.5 ns (BDS B2a)
CAB DLY =  205.7 ns 
REF DLY =   56.2 ns
REF = UTC(PTB)                      
CKSUM = A4

SAT CL  MJD  STTIME TRKL ELV AZTH   REFSV      SRSV     REFSYS    SRSYS  DSG IOE MDTR SMDT MDIO SMDI MSIO SMSI ISG FR HC FRC CK
             hhmmss  s  .1dg .1dg    .1ns     .1ps/s     .1ns    .1ps/s .1ns     .1ns.1ps/s.1ns.1ps/s.1ns.1ps/s.1ns
C19 FF 61068 001000  780 127 2584    +9675551    +17          -6    -25   33   0  364 -151  120   +2  120    2  20  0  0 L3B E5
C20 FF 61068 001000  780 602 2643    +9641905    +80         -41    -27   17   0   93   -6  106  +14  106   14   9  0  0 L3B D9
C23 FF 61068 001000  780 228  906    +5013055    -59         -18     +7   25   0  208  -31  140  -20  140  -20  15  0  0 L3B E6
C25 FF 61068 001000  780 163  407    -9558258   +130         -44    +34   35   0  284  +23  116  -13  116  -13  21  0  0 L3B 19
C29 FF 61068 001000  780 429 2529    -5560644    -38         -37    +14   25   0  118   +8  103   -3  103   -3  15  0  0 L3B ED
C30 FF 61068 001000  780 208 1976    -3741994    -82         -52     +0   22   0  226  +68  182  +10  182   10  14  0  0 L3B 00
C32 FF 61068 001000  780 575  705    +9567798    -38         -36    +14   17   0   96   +7   96   -8   96   -8  10  0  0 L3B D5
C35 FF 61068 001000  780 207 3178    +2483576   +147         -50     +3   31   0  227  -41   99   -7   99   -7  19  0  0 L3B F5
C39 FF 61068 001000  780 257  410     +186034    -15          -2    -20   17   0  185   +8   72  +21   72   21  10  0  0 L3B 93
C19 FF 61068 002600  780 181 2624    +9675581    +17         -16    -25   29   0  260  -77  109  +14  109   14  18  0  0 L3B 2D
C20 FF 61068 002600  780 664 2713    +9642011    +79         -38    -28   15   0   88   -4  104  +13  104   13   8  0  0 L3B E3
C23 FF 61068 002600  780 260  845    +5012990    -65         -20     +2   26   0  184  -19  126   -9  126   -9  15  0  0 L3B E3
C25 FF 61068 002600  780 145  352    -9558167    +19         -46    -77   45   0  317  +49  127  +75  127   75  27  0  0 L3B 30
C29 FF 61068 002600  780 390 2454    -5560694    -50         -38     +2   17   0  128  +12  109   +6  109    6  10  0  0 L3B E6
C30 FF 61068 002600  780 145 1960    -3742066   -127         -45    -45   23   0  318 +134  189  +37  189   37  15  0  0 L3B 52
C32 FF 61068 002600  780 513  743    +9567755    -69         -29    -17   14   0  103   +9   93  +12   93   12   9  0  0 L3B D7
C35 FF 61068 002600  780 242 3129    +2483710   +182         -54    +39   24   0  197  -24   99  -25   99  -25  15  0  0 L3B 2E
C37 FF 61068 002600  780 134 1348    +9144334    +58           1     +0   29   0  346 -144  164   -6  164   -6  17  0  0 L3B EB
C39 FF 61068 002600  780 243  396     +186027     +3         -14     -2   16   0  195  +11   81  -10   81  -10  10  0  0 L3B A7
C19 FF 61068 004200  780 235 2664    +9675622    +16         -15    -26   25   0  202  -46   99  +10   99   10  15  0  0 L3B 03
C20 FF 61068 004200  780 725 2804    +9642117   +102         -35     -5   13   0   85   -3  102   +3  102    3   7  0  0 L3B A5
C23 FF 61068 004200  780 283  778    +5012933    -29         -13    +37   26   0  170  -10  115  -24  115  -24  15  0  0 L3B 0A
C25 FF 61068 004200  780 118  303    -9558068   +100         -40     +4   37   0  386  +98  152  +39  152   39  22  0  0 L3B 11
C29 FF 61068 004200  780 343 2392    -5560746    -40         -41    +11   22   0  143  +19  124  +13  124   13  14  0  0 L3B 04
C32 FF 61068 004200  780 453  782    +9567701    -53         -33     -1   13   0  113  +12   99   +5   99    5   7  0  0 L3B A7
C35 FF 61068 004200  780 267 3071    +2483852   +141         -50     -3   19   0  179  -13   91   +0   91    0  10  0  0 L3B C6
C37 FF 61068 004200  780 190 1313    +9144391   +122           2    +64   36   0  247  -72  153  -40  153  -40  22  0  0 L3B 0B
C39 FF 61068 004200  780 228  386     +186021    +27         -25    +22   15   0  207  +15   88  -12   88  -12   8  0  0 L3B CF
C19 FF 61068 005800  780 290 2705    +9675664    +65         -14    +23   22   0  166  -30   94  -22   94  -22  13  0  0 L3B 13
C20 FF 61068 005800  780 783 2946    +9642221   +108         -33     +1   12   0   83   -2  100   +0  100    0   7  0  0 L3B A3
C23 FF 61068 005800  780 295  707    +5012880    -31          -4    +35   23   0  164   -4  106  -25  106  -25  13  0  0 L3B E7
C29 FF 61068 005800  780 290 2341    -5560796    -46         -41     +5   21   0  166  +29  139  +14  139   14  12  0  0 L3B 15
C32 FF 61068 005800  780 394  823    +9567675    -88         -10    -36   13   0  127  +16   87  +29   87   29   8  0  0 L3B 03
C35 FF 61068 005800  780 283 3006    +2483985    +98         -55    -46   23   0  170   -6   95  +30   95   30  13  0  0 L3B FC
C37 FF 61068 005800  780 246 1274    +9144428    +40         -18    -19   25   0  194  -42  156   +1  156    1  15  0  0 L3B FF
C39 FF 61068 005800  780 210  378     +186036    -12         -15    -17   20   0  223  +19   83   +8   83    8  11  0  0 L3B AE
C19 FF 61068 011400  780 347 2746    +9675698    +48          -9     +6   19   1  142  -21   95   -9   95   -9  12  0  0 L3B ED
C20 FF 61068 011400  780 832 3251    +9642323   +112         -26     +6   13   1   81   -1  100   -2  100   -2   7  0  0 L3B A4
C23 FF 61068 011400  780 296  636    +5012822    -66         -10     -1   18   1  163   +3  101   +2  101    2  11  0  0 L3B 9A
C29 FF 61068 011400  780 235 2298    -5560842    -78         -32    -26   20   1  202  +47  152  +25  152   25  12  0  0 L3B 1B
C32 FF 61068 011400  780 337  863    +9567619    -44           7    +10   20   1  145  +22   97   -1   97   -1  12  0  0 L3B B6
C35 FF 61068 011400  780 287 2937    +2484155   +102         -15    -42   21   1  168   +1   79  +28   79   28  14  0  0 L3B 07
C37 FF 61068 011400  780 300 1228    +9144491    +47           4    -10   25   1  162  -27  139   -1  139   -1  14  0  0 L3B D9
C39 FF 61068 011400  780 190  375     +186026    -57         -27    -61   22   1  245  +25   92  +40   92   40  14  0  0 L3B D4
C19 FF 61068 013000  780 405 2787    +9675722    -15         -24    -56   15   1  125  -15  102  +27  102   27   8  0  0 L3B 0F
C20 FF 61068 013000  780 840  285    +9642434   +123         -17    +16   13   1   81   +0   98  -11   98  -11   7  0  0 L3B C8
C23 FF 61068 013000  780 285  569    +5012749    -73         -20     -8   17   1  169   +9  105   +2  105    2  10  0  0 L3B BB
C29 FF 61068 013000  780 178 2261    -5560895    -53         -35     -1   28   1  262  +82  167  +10  167   10  18  0  0 L3B 15
C32 FF 61068 013000  780 280  904    +9567559    -33          -1    +21   17   1  171  +32  112   -2  112   -2  10  0  0 L3B C5
C35 FF 61068 013000  780 279 2867    +2484280   +115         -28    -28   19   1  172   +8   89  +14   89   14  11  0  0 L3B 11
C37 FF 61068 013000  780 350 1174    +9144549    +68           6    +10   17   1  141  -17  132  -12  132  -12  10  0  0 L3B F2
C39 FF 61068 013000  780 170  374     +186012    -84         -45    -89   17   1  273  +33  112  +44  112   44  11  0  0 L3B EF
C44 FF 61068 013000  780 108 3313    -8910763    +71          -5    -19   19   1  423 -119  139  -17  139  -17  11  0  0 L3B 30
C19 FF 61068 014600  780 464 2828    +9675760     +6         -25    -35   17   1  112  -12   99  +21   99   21  10  0  0 L3B FB
C20 FF 61068 014600  780 796  671    +9642532    +92         -22    -14   10   1   82   +1  102  +11  102   11   6  0  0 L3B BB
C23 FF 61068 014600  780 263  507    +5012696    -75         -10    -10   26   1  181  +18  100   +6  100    6  15  0  0 L3B CE
C29 FF 61068 014600  780 121 2229    -5560954    -28         -44    +24   37   1  377 +171  185   -2  185   -2  23  0  0 L3B 28
C32 FF 61068 014600  780 225  945    +9567512    -19           4    +35   22   1  209  +49  119   -3  119   -3  13  0  0 L3B DD
C35 FF 61068 014600  780 261 2799    +2484417   +156         -28    +12   16   1  183  +16   97   -6   97   -6  10  0  0 L3B 0D
C37 FF 61068 014600  780 394 1108    +9144601    +11           3    -46   25   1  127  -11  124  +21  124   21  14  0  0 L3B E3
C39 FF 61068 014600  780 148  377     +186019    -40         -43    -45   19   1  310  +45  114  +34  114   34  12  0  0 L3B F3
C44 FF 61068 014600  780 134 3264    -8910675    +87          -3     -2   32   1  342  -58  106  -31  106  -31  19  0  0 L3B 0B
C19 FF 61068 020200  780 525 2867    +9675811    +47         -15     +6   18   2  102   -9   89   -9   89   -9  11  0  0 L3B E3
C20 FF 61068 020200  780 739  835    +9642635    +51         -39    -57   13   2   84   +3  103  +31  103   31   8  0  0 L3B D1
C23 FF 61068 020200  780 232  454    +5012644    -40         -16    +23   22   2  204  +30   93  -25   93  -25  13  0  0 L3B D5
C32 FF 61068 020200  780 171  985    +9567453    -68          -8    -14   30   2  271  +83  139  +16  139   16  18  0  0 L3B 11
C35 FF 61068 020200  780 233 2735    +2484564   +129          -5    -13   20   2  203  +27   94  +25   94   25  12  0  0 L3B F2
C37 FF 61068 020200  780 429 1030    +9144665    +54          -2     -5   16   2  119   -7  108   -2  108   -2  10  0  0 L3B C1
C39 FF 61068 020200  780 126  383     +186015    +42         -49    +37   22   2  362  +63  118  -36  118  -36  15  0  0 L3B 06
C44 FF 61068 020200  780 153 3210    -8910591    +30          -1    -59   25   2  302  -27   94  +26   94   26  15  0  0 L3B E3
C19 FF 61068 021800  780 587 2905    +9675844    +51         -21    +10   12   2   95   -7   92   -3   92   -3   7  0  0 L3B C4
C20 FF 61068 021800  780 678  934    +9642738    +75         -39    -32   12   2   87   +4  104  +22  104   22   7  0  0 L3B E1
C23 FF 61068 021800  780 193  410    +5012558   -114         -41    -50   24   2  242  +52  110  +31  110   31  14  0  0 L3B F0
C32 FF 61068 021800  780 118 1025    +9567397    -75         -13    -22   38   2  386 +169  152  +28  152   28  21  0  0 L3B 45
C35 FF 61068 021800  780 197 2678    +2484684   +182         -21    +40   18   2  237  +45  109  -14  109  -14  11  0  0 L3B 48
C37 FF 61068 021800  780 451  942    +9144728    +15           4    -44   21   2  114   -3   99  +21   99   21  13  0  0 L3B BE
C39 FF 61068 021800  780 103  392     +186026     -8         -43    -13   31   2  436  +93  117   +3  117    3  21  0  0 L3B B9
C44 FF 61068 021800  780 162 3152    -8910533    +93         -29     +4   30   2  286   -8  106  -11  106  -11  18  0  0 L3B 02
C19 FF 61068 023400  780 651 2939    +9675893    +50         -12     +8   13   2   89   -5   88   +0   88    0   7  0  0 L3B B2
C20 FF 61068 023400  780 616 1007    +9642834   +117         -46     +9   17   2   92   +6  109   -2  109   -2   9  0  0 L3B D3
C22 FF 61068 023400  780 122 2880    -4341700    -36         -12     -5   41   2  379 -166  102   -5  102   -5  24  0  0 L3B F4
C23 FF 61068 023400  780 148  376    +5012496    -92         -43    -29   33   2  311  +96  117  +33  117   33  19  0  0 L3B 13
C35 FF 61068 023400  780 156 2626    +2484818   +136         -24     -6   29   2  296  +80  121   +4  121    4  19  0  0 L3B 00
C37 FF 61068 023400  780 459  848    +9144771   +100         -10    +41   14   2  112   +0  102  -30  102  -30   9  0  0 L3B E8
C44 FF 61068 023400  780 161 3092    -8910430    +91         -11     +2   31   2  287   +9   90  -18   90  -18  18  0  0 L3B E4
C19 FF 61068 025000  780 717 2969    +9675942    +52          -3    +10   12   2   85   -3   84   -4   84   -4   7  0  0 L3B B4
C20 FF 61068 025000  780 553 1067    +9642936   +143         -48    +35   15   2   98   +8  113  -18  113  -18   9  0  0 L3B 14
C22 FF 61068 025000  780 176 2910    -4341722     +3          -5    +34   27   2  266  -83   92  -25   92  -25  17  0  0 L3B E6
C23 FF 61068 025000  780 100  350    +5012418    -31         -59    +32   27   2  453 +219  152  +12  152   12  17  0  0 L3B FC
C35 FF 61068 025000  780 111 2579    +2484965   +175         -13    +33   26   2  408 +164  135   +3  135    3  17  0  0 L3B 1F
C37 FF 61068 025000  780 451  756    +9144832    +61          -5     +2   18   2  114   +3   96   -6   96   -6  10  0  0 L3B A0
C44 FF 61068 025000  780 151 3032    -8910336    +72          -2    -17   32   2  305  +29   80  +10   80   10  20  0  0 L3B C9
C19 FF 61068 030600  780 783 2984    +9675977    +26         -10    -15    9   3   83   -2   86   +9   86    9   5  0  0 L3B C5
C20 FF 61068 030600  780 491 1120    +9643052   +139         -23    +33   14   3  107  +10  110  -14  110  -14   8  0  0 L3B 00
C22 FF 61068 030600  780 233 2938    -4341771    -36         -30     -6   28   3  204  -49   99   -1   99   -1  17  0  0 L3B E5
C37 FF 61068 030600  780 429  674    +9144877    +42         -24    -18   14   3  119   +7  101   +8  101    8   8  0  0 L3B D0
C44 FF 61068 030600  780 132 2974    -8910267   +138         -17    +49   34   3  346  +59   92  -32   92  -32  21  0  0 L3B 30
C19 FF 61068 032200  780 851 2930    +9676021    +54          -5    +12    9   3   81   -1   83   -7   83   -7   5  0  0 L3B 95
C20 FF 61068 032200  780 428 1168    +9643160   +168         -17    +62   22   3  119  +14  112  -30  112  -30  13  0  0 L3B 23
C22 FF 61068 032200  780 291 2962    -4341780    -26         -11     +4   29   3  166  -32   89   -8   89   -8  18  0  0 L3B EB
C36 FF 61068 032200  780 135 1919    -3038020    +27          22    +11   20   3  344 -161  167  -16  167  -16  12  0  0 L3B 1F
C37 FF 61068 032200  780 394  606    +9144950    +33          -9    -26   24   3  127  +11   89  +15   89   15  14  0  0 L3B E6
C44 FF 61068 032200  780 105 2919    -8910174    +43          -9    -45   34   3  429 +118   90  +37   90   37  20  0  0 L3B 08
C19 FF 61068 033800  780 874 1624    +9676060    +85          -5    +44   13   3   81   +0   84  -22   84  -22   7  0  0 L3B D2
C20 FF 61068 033800  780 366 1211    +9643263   +102         -16     -5   20   3  135  +20  119  +16  119   16  12  0  0 L3B 05
C22 FF 61068 033800  780 351 2981    -4341818    -38         -20     -8   17   3  140  -22   90   +5   90    5  10  0  0 L3B C2
C36 FF 61068 033800  780 200 1923    -3038015     -2          11    -18   23   3  236  -77  160   -9  160   -9  14  0  0 L3B E1
C37 FF 61068 033800  780 351  554    +9145005    +68         -11     +8   16   3  140  +17   88   -4   88   -4   9  0  0 L3B BE
C19 FF 61068 035400  780 805 1439    +9676077    +53         -28    +12   14   3   82   +2  100   -5  100   -5   8  0  0 L3B D2
C20 FF 61068 035400  780 304 1251    +9643367    +88         -15    -18   22   3  159  +30  127  +22  127   22  13  0  0 L3B 16
C22 FF 61068 035400  780 413 2994    -4341853    -58         -26    -28   17   3  122  -16   96  +15   96   15  10  0  0 L3B 0D
C36 FF 61068 035400  780 266 1929    -3037996     -8          14    -24   22   3  180  -44  141   -8  141   -8  13  0  0 L3B FA
C37 FF 61068 035400  780 301  516    +9145067    +65          -6     +6   19   3  160  +26   86   -5   86   -5  11  0  0 L3B B8
C19 FF 61068 042200  780 680 1451    +9676161    +34         -16     -8   15   4   87   +5   96  +10   96   10   9  0  0 L3B C6
C20 FF 61068 042200  780 198 1313    +9643538   +109          -3     +4   28   4  236  +70  147   +8  147    8  17  0  0 L3B F3
C22 FF 61068 042200  780 524 2989    -4341920    -11         -49    +18   16   4  102   -9  104  -10  104  -10  10  0  0 L3B 03
C36 FF 61068 042200  780 387 1939    -3037986    -15          -4    -31   17   4  129  -21  127  +12  127   12  10  0  0 L3B 11
C37 FF 61068 042200  780 207  480    +9145161    +81         -14    +21   20   4  227  +59   91  -17   91  -17  13  0  0 L3B F1
C19 FF 61068 043800  780 608 1473    +9676207    +67         -10    +25   13   4   92   +7   96   -4   96   -4   7  0  0 L3B CE
C20 FF 61068 043800  780 138 1344    +9643647   +130           5    +25   24   4  333 +141  156   -4  156   -4  14  0  0 L3B 08
C22 FF 61068 043800  780 586 2960    -4341936     -8         -36    +22   16   4   95   -6   96  -14   96  -14   9  0  0 L3B E7
C36 FF 61068 043800  780 457 1944    -3037974     +8          -7     -8   19   4  113  -14  119   +1  119    1  13  0  0 L3B D4
C37 FF 61068 043800  780 151  473    +9145211    +76         -22    +16   22   4  306 +111  102   +3  102    3  12  0  0 L3B D8
C40 FF 61068 043800  780 104  678    +2031976    +66         -11    +36   46   4  436 -123  100  -23  100  -23  31  0  0 L3B 1A
C19 FF 61068 045400  780 536 1496    +9676257    +54          -1    +13   16   4  100  +10   96   +6   96    6  10  0  0 L3B D1
C21 FF 61068 045400  780 143 3096    +8851885    -54         -18     -7   24   4  326 -132  109   +3  109    3  16  0  0 L3B 08
C22 FF 61068 045400  780 645 2898    -4341962    -36         -34     -6   14   4   90   -4   95   +8   95    8   8  0  0 L3B B8
C36 FF 61068 045400  780 529 1945    -3037953    +27          -2    +11   19   4  101  -10  108  -15  108  -15  11  0  0 L3B 10
C40 FF 61068 045400  780 133  664    +2032002     +4         -13    -25   33   4  345  -72  103  +16  103   16  19  0  0 L3B DB
C19 FF 61068 051000  780 464 1519    +9676292     +3         -10    -39   15   5  111  +14  107  +32  107   32   9  0  0 L3B F7
C21 FF 61068 051000  780 201 3103    +8851837   -106         -21    -59   26   5  235  -68  103  +20  103   20  17  0  0 L3B 1A
C22 FF 61068 051000  780 695 2781    -4341996    -48         -36    -18   13   5   86   -2  101   +9  101    9   7  0  0 L3B D8
C36 FF 61068 051000  780 600 1937    -3037937    +34          -6    +18   15   5   93   -7  102  -19  102  -19   9  0  0 L3B EB
C40 FF 61068 051000  780 160  649    +2032036    -14         -14    -44   23   5  289  -47   97  +11   97   11  14  0  0 L3B E5
C45 FF 61068 051000  780 143 2173    +6673492   +175         -15    -14   24   5  325 -138  172   -8  172   -8  15  0  0 L3B 37
C19 FF 61068 052600  780 394 1541    +9676335    -19          -8    -61   13   5  127  +20  115  +49  115   49   8  0  0 L3B 13
C21 FF 61068 052600  780 260 3102    +8851784    -18         -28    +29   25   5  184  -40  103  -17  103  -17  15  0  0 L3B 2B
C22 FF 61068 052600  780 724 2588    -4342025    -19         -36    +11   14   5   85   -1  103   -1  103   -1   8  0  0 L3B C5
C36 FF 61068 052600  780 670 1912    -3037928    +48         -11    +32   16   5   88   -5  102  -23  102  -23   9  0  0 L3B F8
C40 FF 61068 052600  780 185  631    +2032050    +53         -29    +23   22   5  252  -32  104  -17  104  -17  15  0  0 L3B FD
C45 FF 61068 052600  780 205 2196    +6673673   +185         -15     -4   20   5  230  -69  158  -15  158  -15  13  0  0 L3B 3F
C19 FF 61068 054200  780 324 1561    +9676383    +14          -1    -28   18   5  150  +29  123  +33  123   33  11  0  0 L3B 08
C21 FF 61068 054200  780 319 3091    +8851747    -48         -21     -1   22   5  153  -26   96   +0   96    0  14  0  0 L3B CB
C22 FF 61068 054200  780 721 2355    -4342052    -12         -34    +18   20   5   85   +1  103   -9  103   -9  11  0  0 L3B CB
C36 FF 61068 054200  780 737 1845    -3037907    +46          -6    +29   15   5   84   -3   96  -18   96  -18   9  0  0 L3B ED
C40 FF 61068 054200  780 208  612    +2032102    +74          -7    +43   27   5  226  -22   95  -23   95  -23  15  0  0 L3B D6
C45 FF 61068 054200  780 268 2222    +6673847   +200         -23    +11   23   5  179  -41  148  -16  148  -16  14  0  0 L3B 44
C19 FF 61068 055800  780 256 1579    +9676406    +47         -18     +5   20   5  186  +47  157  +32  157   32  12  0  0 L3B 2E
C21 FF 61068 055800  780 377 3069    +8851709    -55         -13     -8   18   5  132  -18   90   +5   90    5  11  0  0 L3B DD
C22 FF 61068 055800  780 685 2167    -4342086    -22         -39     +7   12   5   87   +3  110   -1  110   -1   7  0  0 L3B BD
C36 FF 61068 055800  780 794 1666    -3037899     +7         -14    -10   12   5   82   -1   99   +6   99    6   7  0  0 L3B BE
C40 FF 61068 055800  780 227  591    +2032104    -30         -34    -60   20   5  208  -16  116  +50  116   50  12  0  0 L3B EF
C45 FF 61068 055800  780 332 2250    +6674041   +113         -11    -77   17   5  148  -26  130  +33  130   33   9  0  0 L3B 18
C19 FF 61068 061400  780 190 1595    +9676453    +51          -8     +9   21   6  246  +84  190  +48  190   48  12  0  0 L3B 1A
C21 FF 61068 061400  780 431 3030    +8851647    -61         -35    -14   16   6  118  -12  100  +14  100   14   9  0  0 L3B F4
C22 FF 61068 061400  780 630 2051    -4342104    +37         -26    +67   21   6   91   +5  112  -28  112  -28  12  0  0 L3B F1
C36 FF 61068 061400  780 817 1262    -3037892    +17         -31     +0   17   6   82   +0  105   +0  105    0  10  0  0 L3B AA
C40 FF 61068 061400  780 243  568    +2032132    +55         -41    +24   20   6  195  -11  125   -9  125   -9  12  0  0 L3B E4
C45 FF 61068 061400  780 396 2281    +6674224   +210         -10    +21   18   6  127  -18  121  -18  121  -18  11  0  0 L3B 30
C19 FF 61068 063000  780 125 1608    +9676491    +89         -10    +47   25   6  368 +185  262  +66  262   66  14  0  0 L3B 56
C21 FF 61068 063000  780 479 2971    +8851600    -60         -37    -13   16   6  109   -8  107  +12  107   12   9  0  0 L3B FF
C22 FF 61068 063000  780 565 1983    -4342134    -21         -27     +9   13   6   97   +8  123  +10  123   10   7  0  0 L3B CF
C36 FF 61068 063000  780 786  905    -3037869    +61         -24    +44   13   6   82   +1  106  -22  106  -22   7  0  0 L3B E9
C40 FF 61068 063000  780 256  545    +2032181    +40         -21    +10   23   6  186   -8  120   +8  120    8  14  0  0 L3B B8
C45 FF 61068 063000  780 461 2315    +6674392   +213         -24    +24   15   6  112  -13  127  -17  127  -17   8  0  0 L3B 28
C21 FF 61068 064600  780 517 2890    +8851577    -76         -15    -29   13   6  103   -5  100  +27  100   27   8  0  0 L3B 07
C22 FF 61068 064600  780 495 1943    -4342169    -36         -33     -6   16   6  106  +12  146  +28  146   28  10  0  0 L3B 19
C27 FF 61068 064600  780 109  523    -5877453    -28          -9    +22   47   6  417  -71  193   -5  193   -5  30  0  0 L3B 04
C36 FF 61068 064600  780 729  766    -3037852     -3         -23    -20   12   6   85   +3  112  +20  112   20   7  0  0 L3B BE
C40 FF 61068 064600  780 265  520    +2032200    +39         -32     +8   15   6  180   -5  138   +9  138    9   9  0  0 L3B B1
C42 FF 61068 064600  780 113 3230    +9133127    -34         -20     +5   28   6  408 -198  135  -33  135  -33  17  0  0 L3B 2A
C45 FF 61068 064600  780 527 2352    +6674570   +204         -27    +15   18   6  102   -9  129   -7  129   -7  10  0  0 L3B 16
C21 FF 61068 070200  780 541 2787    +8851505    -78         -45    -31   20   7  100   -2  129  +35  129   35  12  0  0 L3B 0F
C22 FF 61068 070200  780 424 1919    -4342182    -35         -21     -5   15   7  119  +17  162  +36  162   36   9  0  0 L3B FE
C27 FF 61068 070200  780 124  466    -5877485    -33          -4    +15   26   7  369  -31  189   -7  189   -7  17  0  0 L3B 11
C36 FF 61068 070200  780 666  719    -3037837    -38         -21    -55   17   7   88   +4  124  +46  124   46  10  0  0 L3B 00
C40 FF 61068 070200  780 270  496    +2032233    +49         -28    +19   20   7  177   -2  149   +8  149    8  11  0  0 L3B DB
C42 FF 61068 070200  780 167 3214    +9133076   -120         -35    -81   32   7  279  -89  127  +52  127   52  20  0  0 L3B 39
C45 FF 61068 070200  780 593 2392    +6674756   +209         -26    +20   18   7   94   -7  132   -5  132   -5  11  0  0 L3B 06
C21 FF 61068 071800  780 546 2670    +8851478    -37         -27     +9   21   7   99   +1  130  +15  130   15  12  0  0 L3B F4
C22 FF 61068 071800  780 353 1904    -4342216    -23         -27     +6   12   7  139  +25  198  +34  198   34   7  0  0 L3B 0A
C27 FF 61068 071800  780 129  408    -5877538    -42         -11     +6   37   7  354   -3  201  +11  201   11  24  0  0 L3B E8
C30 FF 61068 071800  780 142  941    -3744077   -147          -6    -64   48   7  325  -96  282   +8  282    8  29  0  0 L3B 13
C36 FF 61068 071800  780 602  710    -3037830    +19         -30     +2   18   7   93   +6  143  +10  143   10  10  0  0 L3B BF
C40 FF 61068 071800  780 272  472    +2032266    +65         -24    +34   34   7  176   +0  158  -11  158  -11  21  0  0 L3B FF
C42 FF 61068 071800  780 220 3190    +9133043    -35         -30     +4   28   7  216  -49  126   +0  126    0  17  0  0 L3B DA
C45 FF 61068 071800  780 660 2437    +6674940   +168         -24    -21   15   7   89   -5  137  +17  137   17   9  0  0 L3B 1F
C21 FF 61068 073400  780 531 2554    +8851428    -51         -34     -5   10   7  101   +3  149  +19  149   19   6  0  0 L3B EF
C22 FF 61068 073400  780 283 1893    -4342250    -37         -32     -7   18   7  169  +39  245  +57  245   57  11  0  0 L3B 28
C26 FF 61068 073400  780 144 2518    +5881720   +148         -27    +92   27   7  323 -122  205  -57  205  -57  16  0  0 L3B 62
C27 FF 61068 073400  780 126  350    -5877608     +5         -34    +54   38   7  363  +24  229  -11  229  -11  21  0  0 L3B 14
C30 FF 61068 073400  780 183  889    -3744157    -80          -7     +3   26   7  256  -52  261  -16  261  -16  17  0  0 L3B 0F
C36 FF 61068 073400  780 539  718    -3037809    +10         -25     -7   16   7  100   +8  152  +16  152   16   9  0  0 L3B DF
C40 FF 61068 073400  780 269  450    +2032280    +47         -40    +16   22   7  177   +3  176   -4  176   -4  12  0  0 L3B DE
C42 FF 61068 073400  780 268 3154    +9133020    -44         -15     -5   17   7  179  -29  130  +18  130   18  10  0  0 L3B 0A
C45 FF 61068 073400  780 726 2490    +6675120   +191         -26     +1   16   7   85   -3  146   +9  146    9   9  0  0 L3B DD
C21 FF 61068 075000  780 499 2453    +8851386    -76         -30    -30   18   7  106   +6  165  +33  165   33  11  0  0 L3B 1C
C22 FF 61068 075000  780 215 1884    -4342281     +3         -35    +33   18   7  219  +67  304  +52  304   52  12  0  0 L3B 08
C26 FF 61068 075000  780 199 2554    +5881793    +29          -8    -27   22   7  237  -65  196  +24  196   24  14  0  0 L3B 3B
C27 FF 61068 075000  780 112  295    -5877646    +13         -26    +61   33   7  403  +61  236  -14  236  -14  20  0  0 L3B 1D
C30 FF 61068 075000  780 217  832    -3744241    -90         -11     -7   21   7  217  -30  243  -11  243  -11  13  0  0 L3B F1
C36 FF 61068 075000  780 477  737    -3037789    +28         -21    +11   14   7  109  +11  165   +5  165    5   8  0  0 L3B E8
C40 FF 61068 075000  780 263  430    +2032319    +39         -30     +9   14   7  181   +5  179   +3  179    3   8  0  0 L3B B1
C42 FF 61068 075000  780 310 3106    +9132968    -52         -29    -12   18   7  157  -18  151  +19  151   19  10  0  0 L3B 22
C45 FF 61068 075000  780 792 2563    +6675309   +199         -19     +9   11   7   82   -2  147   -2  147   -2   6  0  0 L3B F1
C21 FF 61068 080600  780 454 2370    +8851344    -17         -34    +29   15   8  113  +10  182   +1  182    1   9  0  0 L3B E4
C22 FF 61068 080600  780 148 1876    -4342319    -52         -57    -24   19   8  311 +134  392 +113  392  113  12  0  0 L3B 5E
C26 FF 61068 080600  780 254 2590    +5881844    +18         -16    -38   23   8  188  -40  198  +22  198   22  14  0  0 L3B 41
C29 FF 61068 080600  780 144 1277    -5562107    -55         -21     -4   36   8  323 -122  389  -46  389  -46  23  0  0 L3B 4C
C30 FF 61068 080600  780 244  769    -3744329    -50         -20    +33   28   8  195  -17  237  -36  237  -36  18  0  0 L3B 37
C36 FF 61068 080600  780 416  762    -3037778    +42         -20    +26   17   8  121  +15  184   +4  184    4  10  0  0 L3B EB
C40 FF 61068 080600  780 254  412    +2032359    +21         -22    -10   19   8  187   +7  186  +23  186   23  12  0  0 L3B F2
C42 FF 61068 080600  780 344 3046    +9132945    -30         -19     +9   18   8  143  -11  153   +3  153    3  11  0  0 L3B E4
C45 FF 61068 080600  780 856 2738    +6675492   +202         -23    +12   14   8   81   -1  150   -4  150   -4   8  0  0 L3B ED
C21 FF 61068 082200  780 400 2307    +8851304    -40         -30     +6   15   8  125  +15  201  +22  201   22   9  0  0 L3B D6
C26 FF 61068 082200  780 311 2628    +5881898    +73         -16    +17   27   8  156  -27  193  -23  193  -23  17  0  0 L3B 4E
C29 FF 61068 082200  780 198 1239    -5562167    -37         -31    +14   24   8  237  -64  338  -58  338  -58  15  0  0 L3B 58
C30 FF 61068 082200  780 261  703    -3744400   -120         -12    -37   19   8  183   -8  227  +18  227   18  12  0  0 L3B 09
C36 FF 61068 082200  780 357  791    -3037758    +22         -15     +6   19   8  138  +20  205  +23  205   23  11  0  0 L3B FA
C40 FF 61068 082200  780 242  396    +2032380    +20         -31    -11   12   8  196  +10  206  +18  206   18   8  0  0 L3B E4
C42 FF 61068 082200  780 367 2975    +9132909    -34         -17     +5   14   8  135   -6  161   +8  161    8   8  0  0 L3B DE
C45 FF 61068 082200  780 870  401    +6675678   +182         -19     -8    9   8   81   +0  152  +11  152   11   5  0  0 L3B D0
C21 FF 61068 083800  780 341 2257    +8851256    -23         -34    +23   23   8  144  +23  233  +26  233   26  14  0  0 L3B 1C
C26 FF 61068 083800  780 369 2666    +5881948    +61         -20     +5   17   8  135  -19  191   -6  191   -6  10  0  0 L3B 19
C29 FF 61068 083800  780 251 1195    -5562226    -23         -41    +28   31   8  190  -38  303  -57  303  -57  19  0  0 L3B 42
C30 FF 61068 083800  780 268  634    -3744483   -123         -16    -40   30   8  178   -1  229  +33  229   33  17  0  0 L3B 1F
C36 FF 61068 083800  780 300  822    -3037734     -7          -7    -23   23   8  161  +28  231  +48  231   48  15  0  0 L3B F0
C40 FF 61068 083800  780 228  384    +2032421    +54         -19    +24   21   8  207  +14  217   +6  217    6  13  0  0 L3B DE
C42 FF 61068 083800  780 377 2896    +9132857    -68         -32    -29   19   8  132   -1  178  +26  178   26  11  0  0 L3B 3D
C45 FF 61068 083800  780 809  683    +6675847   +160         -33    -30   10   8   82   +1  167  +23  167   23   6  0  0 L3B 03
C21 FF 61068 085400  780 279 2218    +8851204    -30         -41    +16   17   8  172  +36  277  +36  277   36  10  0  0 L3B 2E
C26 FF 61068 085400  780 427 2704    +5881998    +57         -24     +1   19   8  119  -14  189   -1  189   -1  10  0  0 L3B 18
C29 FF 61068 085400  780 301 1144    -5562265    -46         -31     +5   26   8  161  -24  278  -25  278  -25  16  0  0 L3B 2E
C30 FF 61068 085400  780 264  567    -3744555    -89          -9     -7   29   8  181   +7  233  +14  233   14  17  0  0 L3B F8
C33 FF 61068 085400  780 113 3331    +9463487    -23         -26    +31   37   8  407 -151  221   +6  221    6  22  0  0 L3B 0A
C36 FF 61068 085400  780 244  856    -3037724    +20         -12     +4   22   8  194  +42  275  +56  275   56  14  0  0 L3B 0B
C40 FF 61068 085400  780 211  375    +2032453    +41         -17    +10   17   8  223  +18  231  +10  231   10  11  0  0 L3B E1
C42 FF 61068 085400  780 373 2814    +9132827    -45         -24     -6   19   8  133   +3  186  +22  186   22  11  0  0 L3B 08
C45 FF 61068 085400  780 745  769    +6676033   +165         -29    -25   16   8   84   +3  171  +20  171   20   9  0  0 L3B 04
C21 FF 61068 091000  780 217 2186    +8851164    -40         -32     +6   31   9  217  +61  324  +65  324   65  18  0  0 L3B 11
C26 FF 61068 091000  780 487 2742    +5882061    +72         -14    +15   17   9  108  -10  180  -12  180  -12  11  0  0 L3B 24
C29 FF 61068 091000  780 346 1084    -5562318    -69         -34    -18   23   9  142  -16  254  -10  254  -10  14  0  0 L3B 34
C30 FF 61068 091000  780 248  503    -3744634    -81         -18     +0   24   9  191  +15  245  +12  245   12  14  0  0 L3B F1
C33 FF 61068 091000  780 152 3289    +9463449    -56         -16     -3   33   9  305  -72  225  +15  225   15  21  0  0 L3B 19
C36 FF 61068 091000  780 189  890    -3037718    +57         -20    +42   18   9  247  +69  334  +37  334   37  11  0  0 L3B 29
C40 FF 61068 091000  780 192  370    +2032488   -107         -13   -138   25   9  243  +24  243 +116  243  116  18  0  0 L3B 4D
C42 FF 61068 091000  780 355 2734    +9132797    -29         -14    +10   22   9  139   +8  196  +11  196   11  14  0  0 L3B 19
C45 FF 61068 091000  780 682  829    +6676208   +192         -35     +2   14   9   87   +4  181   +6  181    6   8  0  0 L3B D0
C21 FF 61068 092600  780 155 2158    +8851100    -38         -52     +8   24   9  299 +117  417  +84  417   84  15  0  0 L3B 3C
C26 FF 61068 092600  780 549 2779    +5882106    +70         -24    +14   13   9   99   -8  184  -13  184  -13   8  0  0 L3B 1E
C29 FF 61068 092600  780 384 1014    -5562352    -62         -19    -11   16   9  130  -10  235   +1  235    1  10  0  0 L3B ED
C30 FF 61068 092600  780 223  447    -3744701    -57          -6    +25   27   9  212  +28  256  +17  256   17  16  0  0 L3B 0B
C33 FF 61068 092600  780 184 3240    +9463384    -67         -30    -14   22   9  254  -38  240  +13  240   13  13  0  0 L3B 20
C35 FF 61068 092600  780 147 1605    +2488343   +145         -32     +2   20   9  317 -133  454 -130  454 -130  13  0  0 L3B 5E
C36 FF 61068 092600  780 136  925    -3037685     +9          -2     -7   28   9  338 +129  404 +100  404  100  19  0  0 L3B 1B
C40 FF 61068 092600  780 172  368    +2032499    +14         -32    -17   11   9  270  +32  289  +26  289   26   8  0  0 L3B 10
C42 FF 61068 092600  780 326 2661    +9132768    -65          -7    -26   18   9  149  +14  210  +39  210   39  11  0  0 L3B 20
C45 FF 61068 092600  780 620  880    +6676390   +201         -35    +11   17   9   91   +5  192   +8  192    8  10  0  0 L3B E5
C24 FF 61068 094200  780 140 2775     +345974   +310         -17    +12   28   9  332 -125  276  -31  276  -31  17  0  0 L3B 48
C26 FF 61068 094200  780 611 2814    +5882152    +37         -31    -19   15   9   92   -6  188  +11  188   11   9  0  0 L3B 00
C29 FF 61068 094200  780 410  934    -5562415    -45         -32     +6   20   9  123   -5  238   -9  238   -9  11  0  0 L3B E0
C30 FF 61068 094200  780 189  398    -3744810   -126         -36    -44   27   9  247  +48  307  +62  307   62  15  0  0 L3B 40
C33 FF 61068 094200  780 207 3184    +9463340    -35         -23    +18   36   9  227  -20  237  -12  237  -12  23  0  0 L3B 2E
C35 FF 61068 094200  780 209 1585    +2488479    +96         -32    -47   23   9  226  -67  364  -28  364  -28  12  0  0 L3B 5F
C40 FF 61068 094200  780 151  369    +2032508     +8         -53    -23   23   9  305  +43  329  +31  329   31  13  0  0 L3B F4
C42 FF 61068 094200  780 287 2596    +9132712    -14         -24    +25   17   9  167  +23  247  +12  247   12  10  0  0 L3B 26
C45 FF 61068 094200  780 558  927    +6676573   +200         -34    +10   16   9   98   +7  209  +12  209   12   9  0  0 L3B 03
C24 FF 61068 095800  780 194 2807     +346254   +275         -23    -22   26   9  243  -68  266   +2  266    2  17  0  0 L3B 16
C26 FF 61068 095800  780 675 2845    +5882206    +58         -32     +1   10   9   88   -4  192   +1  192    1   5  0  0 L3B CC
C29 FF 61068 095800  780 424  847    -5562466    -48         -34     +3   20   9  120   -2  239   -4  239   -4  12  0  0 L3B EA
C30 FF 61068 095800  780 148  359    -3744881    -58         -29    +24   22   9  311  +90  337  +23  337   23  13  0  0 L3B 27
C33 FF 61068 095800  780 220 3121    +9463273    -62         -38     -9   27   9  214   -7  256  +17  256   17  15  0  0 L3B 13
C35 FF 61068 095800  780 274 1563    +2488619   +136         -30     -7   19   9  176  -40  325  -31  325  -31  12  0  0 L3B 43
C40 FF 61068 095800  780 129  373    +2032522    +38         -69     +7   40   9  355  +60  367  +27  367   27  22  0  0 L3B 12
C42 FF 61068 095800  780 242 2540    +9132677    -16         -22    +23   27   9  196  +38  280  +34  280   34  16  0  0 L3B 32
C45 FF 61068 095800  780 497  972    +6676739   +201         -50    +11   16   9  106  +10  235  +14  235   14   9  0  0 L3B 22
C24 FF 61068 101400  780 249 2837     +346524   +298         -29     +1   23  10  191  -42  266  -16  266  -16  15  0  0 L3B 36
C26 FF 61068 101400  780 740 2868    +5882268    +73         -19    +17   13  10   84   -3  193   -5  193   -5   7  0  0 L3B FC
C29 FF 61068 101400  780 423  759    -5562506    -55         -21     -4   16  10  120   +2  238   +7  238    7  10  0  0 L3B D1
C30 FF 61068 101400  780 102  328    -3744981   -163         -50    -81   32  10  442 +199  402 +107  402  107  19  0  0 L3B 5C
C33 FF 61068 101400  780 222 3056    +9463255    -28           0    +26   30  10  212   +3  248   +2  248    2  18  0  0 L3B C6
C35 FF 61068 101400  780 339 1537    +2488758   +149         -24     +6   19  10  145  -25  295  -17  295  -17  11  0  0 L3B 58
C40 FF 61068 101400  780 106  381    +2032575    -63         -33    -93   26  10  425  +88  393 +101  393  101  17  0  0 L3B 3A
C42 FF 61068 101400  780 192 2492    +9132644    -55         -10    -15   33  10  244  +64  326  +68  326   68  22  0  0 L3B 34
C45 FF 61068 101400  780 436 1015    +6676920   +159         -31    -28   20  10  117  +13  258  +44  258   44  11  0  0 L3B 3E
C24 FF 61068 103000  780 306 2864     +346830   +315          -9    +18   22  10  158  -28  244  -25  244  -25  13  0  0 L3B 26
C26 FF 61068 103000  780 805 2867    +5882320    +56         -21     +0   12  10   82   -2  197   +3  197    3   7  0  0 L3B C3
C29 FF 61068 103000  780 407  677    -5562549    -42         -14    +10   17  10  124   +6  244  +14  244   14  11  0  0 L3B 00
C33 FF 61068 103000  780 213 2990    +9463211    -18           8    +35   32  10  220  +14  258   -9  258   -9  18  0  0 L3B FB
C35 FF 61068 103000  780 403 1503    +2488902   +158         -17    +15   14  10  125  -17  271  -32  271  -32   8  0  0 L3B 2E
C42 FF 61068 103000  780 139 2449    +9132605    -83         -12    -43   39  10  330 +124  402 +111  402  111  22  0  0 L3B 45
C45 FF 61068 103000  780 377 1056    +6677099   +155         -32    -32   23  10  132  +18  291  +50  291   50  13  0  0 L3B 40
C24 FF 61068 104600  780 365 2887     +347108   +275         -15    -23   18  10  136  -20  238   +5  238    5  11  0  0 L3B 10
C26 FF 61068 104600  780 870 2686    +5882381    +66         -14    +10    9  10   81   +0  198   -4  198   -4   5  0  0 L3B E8
C29 FF 61068 104600  780 379  606    -5562593    -50          -8     +2   18  10  131  +10  257  +13  257   13  11  0  0 L3B F9
C33 FF 61068 104600  780 194 2927    +9463144    -51          -7     +2   30  10  241  +29  283  +18  283   18  17  0  0 L3B 15
C35 FF 61068 104600  780 465 1457    +2489033   +154         -23    +11   19  10  111  -12  252  -19  252  -19  11  0  0 L3B 43
C44 FF 61068 104600  780 137 1852    -8907776    +73          25    -16   28  10  340 -158  444  -57  444  -57  16  0  0 L3B 69
C45 FF 61068 104600  780 318 1096    +6677287   +158         -24    -29   22  10  153  +26  321  +58  321   58  12  0  0 L3B 53
C24 FF 61068 110200  780 426 2906     +347400   +321          -8    +24   19  11  119  -14  224  -20  224  -20  11  0  0 L3B 08
C26 FF 61068 110200  780 855 1445    +5882445    +40         -24    -18   10  11   81   +1  198  +18  198   18   5  0  0 L3B 05
C29 FF 61068 110200  780 341  549    -5562645    -79         -17    -28   14  11  144  +16  273  +39  273   39   8  0  0 L3B 29
C33 FF 61068 110200  780 166 2867    +9463101    -85           4    -31   28  11  279  +53  298  +51  298   51  18  0  0 L3B 2B
C35 FF 61068 110200  780 523 1393    +2489171   +147          -9     +6   20  11  102   -8  241  -14  241  -14  12  0  0 L3B 04
C41 FF 61068 110200  780 112 3345    +9438310   +122         -14   +137   44  11  404  -45  330  -68  330  -68  26  0  0 L3B 51
C44 FF 61068 110200  780 201 1851    -8907712    +76           6    -12   26  11  234  -76  404  -38  404  -38  15  0  0 L3B 22
C45 FF 61068 110200  780 260 1133    +6677464   +171         -39    -18   19  11  183  +39  384  +86  384   86  12  0  0 L3B 5E
C24 FF 61068 111800  780 487 2917     +347687   +328          -6    +31   13  11  108  -11  217  -26  217  -26   8  0  0 L3B 27
C26 FF 61068 111800  780 787 1356    +5882482   +105         -43    +48   13  11   82   +2  218  -16  218  -16   8  0  0 L3B 2B
C29 FF 61068 111800  780 295  505    -5562691    -20         -15    +31   22  11  163  +25  297  +11  297   11  13  0  0 L3B 1D
C33 FF 61068 111800  780 131 2813    +9463050    -66           5    -12   42  11  350 +101  334  +53  334   53  24  0  0 L3B 0E
C35 FF 61068 111800  780 572 1304    +2489316   +167          -1    +25   18  11   96   -5  230  -12  230  -12  10  0  0 L3B 09
C41 FF 61068 111800  780 120 3288    +9438304    -51          -6    -37   37  11  379   -9  333  +25  333   25  22  0  0 L3B 17
C44 FF 61068 111800  780 268 1851    -8907625   +124           8    +36   17  11  179  -43  340  -49  340  -49  11  0  0 L3B 49
C45 FF 61068 111800  780 202 1169    +6677650   +172         -33    -17   27  11  232  +64  444  +81  444   81  16  0  0 L3B 4D
C24 FF 61068 113400  780 550 2916     +347954   +292         -24     -5   18  11   99   -8  225   +3  225    3  11  0  0 L3B DE
C26 FF 61068 113400  780 718 1359    +5882537    +65         -43     +7   13  11   85   +3  229  +13  229   13   7  0  0 L3B F9
C29 FF 61068 113400  780 245  474    -5562731    -55          -5     -4   17  11  194  +40  330  +42  330   42   9  0  0 L3B E9
C35 FF 61068 113400  780 607 1186    +2489444   +119          -9    -23   16  11   93   -2  235  +14  235   14   9  0  0 L3B 04
C41 FF 61068 113400  780 118 3229    +9438281    -85         -16    -70   34  11  385  +21  341  +55  341   55  21  0  0 L3B 35
C44 FF 61068 113400  780 337 1850    -8907532    +93          16     +5   20  11  146  -28  304  -26  304  -26  14  0  0 L3B 20
C45 FF 61068 113400  780 145 1203    +6677833   +187         -32     -1   30  11  317 +121  507  +70  507   70  17  0  0 L3B 3C
C24 FF 61068 115000  780 613 2897     +348249   +287         -14    -10   16  11   92   -6  221   +9  221    9   9  0  0 L3B E1
C26 FF 61068 115000  780 649 1378    +5882587    +69         -48    +12   25  11   89   +5  247  +10  247   10  14  0  0 L3B 26
C29 FF 61068 115000  780 191  454    -5562790    -54         -16     -3   25  11  244  +68  379  +44  379   44  16  0  0 L3B 2B
C35 FF 61068 115000  780 622 1045    +2489570   +137         -19     -4   17  11   91   +0  242   +3  242    3   9  0  0 L3B CC
C41 FF 61068 115000  780 107 3171    +9438262     -3         -21    +11   29  11  423  +61  360  +13  360   13  18  0  0 L3B 04
C44 FF 61068 115000  780 407 1847    -8907460    +79           3     -9   19  11  124  -19  294  -18  294  -18  11  0  0 L3B 2B
C24 FF 61068 120600  780 673 2844     +348529   +312         -26    +15   16  12   88   -4  227  -12  227  -12   9  0  0 L3B 10
C26 FF 61068 120600  780 579 1401    +5882646    +73         -41    +16   16  12   95   +7  262   +6  262    6   9  0  0 L3B E9
C29 FF 61068 120600  780 136  444    -5562849    -91         -32    -40   28  12  337 +135  436  +80  436   80  18  0  0 L3B 48
C35 FF 61068 120600  780 614  902    +2489705   +178         -57    +31   18  12   92   +2  247  -18  247  -18  10  0  0 L3B 27
C44 FF 61068 120600  780 477 1840    -8907377    +76          -3    -13   17  12  109  -13  276  -14  276  -14   9  0  0 L3B 34
C24 FF 61068 122200  780 726 2730     +348811   +280         -30    -18   13  12   85   -2  227   +9  227    9   7  0  0 L3B D8
C25 FF 61068 122200  780 164 3041    -9554005    +54         -24    -43   20  12  285  -99  338  +11  338   11  12  0  0 L3B 2A
C26 FF 61068 122200  780 510 1425    +5882693    +66         -49     +9   15  12  104  +10  284  +14  284   14   8  0  0 L3B 11
C35 FF 61068 122200  780 585  784    +2489850   +142         -53     -5   13  12   95   +4  243   +3  243    3   7  0  0 L3B CE
C38 FF 61068 122200  780 121  682    -2710380    -75         -44    -56   24  12  377  -99  498  -15  498  -15  14  0  0 L3B 50
C44 FF 61068 122200  780 548 1825    -8907299    +80          -9     -8   16  12   99   -9  258  -21  258  -21  10  0  0 L3B 1C
C24 FF 61068 123800  780 761 2514     +349101   +282         -25    -15   16  12   83   -1  221   +8  221    8   9  0  0 L3B CE
C25 FF 61068 123800  780 221 3048    -9553919   +102         -31     +5   30  12  214  -55  323  -28  323  -28  18  0  0 L3B 3D
C26 FF 61068 123800  780 441 1449    +5882742    +81         -55    +24   24  12  116  +15  308  +13  308   13  14  0  0 L3B 30
C34 FF 61068 123800  780 136 2127    -8724205    -58         -12    +22   22  12  341 -154  511  -64  511  -64  14  0  0 L3B 48
C35 FF 61068 123800  780 541  698    +2489989   +157         -55    +10   20  12  100   +6  247   +1  247    1  11  0  0 L3B 02
C38 FF 61068 123800  780 153  668    -2710388     -5         -34    +14   25  12  303  -60  436  -66  436  -66  17  0  0 L3B 31
C44 FF 61068 123800  780 618 1793    -8907212   +108          -8    +19   16  12   92   -6  242  -34  242  -34   9  0  0 L3B 1E
C24 FF 61068 125400  780 759 2229     +349371   +304         -41     +6   15  12   83   +1  234   +0  234    0   9  0  0 L3B BB
C25 FF 61068 125400  780 279 3048    -9553825   +153         -29    +56   34  12  172  -34  298  -50  298  -50  22  0  0 L3B 72
C26 FF 61068 125400  780 373 1472    +5882798    +38         -54    -20   18  12  133  +21  337  +50  337   50  10  0  0 L3B 39
C34 FF 61068 125400  780 199 2146    -8724292    -96         -23    -15   24  12  238  -74  458  -40  458  -40  15  0  0 L3B 5F
C35 FF 61068 125400  780 489  642    +2490130   +141         -55     -5   18  12  107   +9  253  +11  253   11  10  0  0 L3B FD
C38 FF 61068 125400  780 183  651    -2710397    -53         -25    -34   19  12  256  -39  391  -19  391  -19  14  0  0 L3B 4A
C44 FF 61068 125400  780 684 1729    -8907119    +80           0     -9   17  12   87   -4  223   -4  223   -4  10  0  0 L3B D2
C24 FF 61068 131000  780 721 2015     +349668   +261         -39    -38   17  13   85   +2  232  +25  232   25  10  0  0 L3B 03
C25 FF 61068 131000  780 337 3038    -9553723    +52         -24    -45   18  13  145  -23  282  +15  282   15  11  0  0 L3B 2F
C26 FF 61068 131000  780 307 1493    +5882860    +70         -33    +14   17  13  158  +32  372  +24  372   24  10  0  0 L3B 2B
C34 FF 61068 131000  780 262 2169    -8724360    -99         -20    -19   31  13  183  -43  385  -51  385  -51  19  0  0 L3B 54
C35 FF 61068 131000  780 432  609    +2490276   +115         -34    -30   16  13  118  +13  260  +35  260   35  10  0  0 L3B 18
C38 FF 61068 131000  780 210  632    -2710434    -45         -41    -26   22  13  224  -27  374  -10  374  -10  13  0  0 L3B 13
C44 FF 61068 131000  780 741 1597    -8907040    +91         -22     +1   11  13   84   -2  218   -8  218   -8   7  0  0 L3B D6
C24 FF 61068 132600  780 663 1898     +349944   +272         -49    -27   17  13   88   +4  243  +22  243   22  10  0  0 L3B 22
C25 FF 61068 132600  780 394 3016    -9553634    +96         -28     -1   24  13  127  -16  269  -17  269  -17  15  0  0 L3B 4A
C26 FF 61068 132600  780 241 1512    +5882918    +39         -29    -17   24  13  196  +51  414  +62  414   62  14  0  0 L3B 3D
C34 FF 61068 132600  780 327 2194    -8724434    -60         -17    +19   20  13  150  -28  331  -51  331  -51  13  0  0 L3B 38
C35 FF 61068 132600  780 373  593    +2490403   +144         -47     -1   16  13  133  +19  276   +5  276    5  10  0  0 L3B FC
C38 FF 61068 132600  780 234  611    -2710453    +17         -41    +36   25  13  202  -19  352  -38  352  -38  15  0  0 L3B 28
C44 FF 61068 132600  780 775 1346    -8906936    +97          -3     +7   15  13   83   -1  203   -9  203   -9   8  0  0 L3B DD
C24 FF 61068 134200  780 597 1838     +350233   +297         -47     -2   12  13   93   +7  251  +12  251   12   7  0  0 L3B E9
C25 FF 61068 134200  780 448 2978    -9553552   +118         -39    +21   17  13  115  -11  259  -24  259  -24  10  0  0 L3B 63
C26 FF 61068 134200  780 177 1528    +5882969    +69         -31    +13   25  13  263  +92  468  +48  468   48  15  0  0 L3B 62
C34 FF 61068 134200  780 392 2221    -8724524    -64         -30    +16   18  13  128  -19  303  -46  303  -46  11  0  0 L3B 3B
C35 FF 61068 134200  780 313  589    +2490545   +173         -45    +28   21  13  155  +27  291   +3  291    3  12  0  0 L3B 0E
C38 FF 61068 134200  780 255  588    -2710448    -55         -18    -36   21  13  187  -14  307  -10  307  -10  13  0  0 L3B 31
C44 FF 61068 134200  780 768 1037    -8906846    +90           1     +0   15  13   83   +1  198   -2  198   -2   8  0  0 L3B C7
C24 FF 61068 135800  780 528 1806     +350518   +251         -49    -48   12  13  101  +10  266  +39  266   39   7  0  0 L3B 2B
C25 FF 61068 135800  780 496 2920    -9553442   +135         -23    +38   17  13  106   -7  237  -29  237  -29  10  0  0 L3B 55
C26 FF 61068 135800  780 114 1542    +5883003    +46         -51    -10   37  13  399 +210  535  +70  535   70  22  0  0 L3B 43
C34 FF 61068 135800  780 459 2251    -8724601    -99         -32    -19   22  13  113  -13  271  -21  271  -21  13  0  0 L3B 3F
C35 FF 61068 135800  780 255  594    +2490687   +135         -41    -10   23  13  187  +41  312  +37  312   37  15  0  0 L3B 38
C38 FF 61068 135800  780 273  563    -2710489    -40         -41    -21   22  13  176  -10  307   +1  307    1  13  0  0 L3B F2
C44 FF 61068 135800  780 727  836    -8906784    +59         -23    -31   18  13   85   +2  209  +15  209   15  10  0  0 L3B 16
C23 FF 61068 141400  780 124 3170    +5009787    -75         -27    -11   28  14  371 -162  380  -49  380  -49  16  0  0 L3B 63
C24 FF 61068 141400  780 457 1790     +350809   +325         -31    +28   20  14  113  +14  278   +2  278    2  12  0  0 L3B 04
C25 FF 61068 141400  780 534 2838    -9553354    +71         -21    -26   14  14  101   -4  231   +3  231    3   8  0  0 L3B DF
C34 FF 61068 141400  780 526 2283    -8724683    -85         -36     -5   17  14  102  -10  248  -25  248  -25   9  0  0 L3B 31
C35 FF 61068 141400  780 197  606    +2490818    +89         -42    -56   24  14  238  +67  336  +47  336   47  14  0  0 L3B 43
C38 FF 61068 141400  780 286  536    -2710513     +1         -41    +21   23  14  168   -7  293  -31  293  -31  14  0  0 L3B 03
C44 FF 61068 141400  780 670  740    -8906694    +43         -14    -46   13  14   88   +4  206  +22  206   22   7  0  0 L3B F2
C19 FF 61068 143000  780 107  475    +9677677    +24         -34    -19   37  14  425  -80  333  -36  333  -36  24  0  0 L3B 49
C23 FF 61068 143000  780 179 3158    +5009699    -66         -53     -2   36  14  262  -78  359  -44  359  -44  22  0  0 L3B 55
C24 FF 61068 143000  780 387 1781     +351097   +307         -29    +10   18  14  129  +20  293   +9  293    9  10  0  0 L3B 13
C25 FF 61068 143000  780 558 2733    -9553263    +87         -22     -9   17  14   98   -2  224   +0  224    0  10  0  0 L3B DC
C34 FF 61068 143000  780 594 2317    -8724755    -65         -31    +15   20  14   94   -7  224  -26  224  -26  11  0  0 L3B 23
C35 FF 61068 143000  780 140  624    +2490948   +151         -51     +6   25  14  328 +128  346   -5  346   -5  15  0  0 L3B 1D
C38 FF 61068 143000  780 296  509    -2710516    +23         -26    +43   23  14  163   -4  268  -43  268  -43  14  0  0 L3B 22
C44 FF 61068 143000  780 608  701    -8906620   +103         -25    +14   17  14   92   +6  212  -11  212  -11   9  0  0 L3B F3
C19 FF 61068 144600  780 123  417    +9677733    +16         -19    -26   57  14  372  -35  277  -32  277  -32  33  0  0 L3B 4E
C23 FF 61068 144600  780 231 3136    +5009643    -87         -47    -23   22  14  205  -44  317  -14  317  -14  14  0  0 L3B 3B
C24 FF 61068 144600  780 318 1777     +351369   +330         -42    +33   23  14  153  +30  319  +12  319   12  14  0  0 L3B 27
C25 FF 61068 144600  780 564 2614    -9553170    +73         -22    -23   14  14   97   +0  221  +11  221   11   8  0  0 L3B EF
C34 FF 61068 144600  780 661 2354    -8724827    -67         -27    +13   12  14   88   -5  210  -22  210  -22   7  0  0 L3B 10
C38 FF 61068 144600  780 301  481    -2710535    -21         -26     -2   23  14  160   -2  247  -22  247  -22  14  0  0 L3B F8
C44 FF 61068 144600  780 545  689    -8906543    +52         -34    -37   14  14   99   +8  214  +20  214   20   8  0  0 L3B 01
C19 FF 61068 150200  780 129  358    +9677760    +71         -30    +29   37  15  354   -5  238  -69  238  -69  24  0  0 L3B 46
C22 FF 61068 150200  780 115  865    -4343065    +20         -55    +50   47  15  400 -149  348 -102  348 -102  30  0  0 L3B 55
C23 FF 61068 150200  780 280 3104    +5009590    -71         -31     -6   34  15  172  -27  282  -28  282  -28  19  0  0 L3B 30
C24 FF 61068 150200  780 250 1774     +351658   +284         -25    -11   18  15  190  +49  348  +43  348   43  10  0  0 L3B 38
C25 FF 61068 150200  780 550 2495    -9553086    +89         -25     -7   16  15   99   +3  222   +4  222    4  10  0  0 L3B E3
C34 FF 61068 150200  780 729 2394    -8724914    -71         -31     +9   19  15   85   -3  202  -15  202  -15  11  0  0 L3B 0E
C38 FF 61068 150200  780 302  454    -2710565    +24         -33    +43   25  15  160   +0  229  -44  229  -44  14  0  0 L3B 0E
C43 FF 61068 150200  780 172 2457    -1307054    +22         -14    +31   30  15  272  -88  388 -108  388 -108  19  0  0 L3B 6D
C44 FF 61068 150200  780 482  694    -8906464    +99         -26    +11   20  15  108  +11  214  -10  214  -10  12  0  0 L3B 21
C19 FF 61068 151800  780 126  299    +9677808    +52         -23    +10   43  15  362  +23  168  -53  168  -53  24  0  0 L3B 48
C22 FF 61068 151800  780 155  814    -4343091     -6         -53    +23   31  15  299  -73  285  -59  285  -59  18  0  0 L3B 3E
C23 FF 61068 151800  780 324 3059    +5009520    -69         -39     -4   25  15  151  -17  261  -21  261  -21  14  0  0 L3B 28
C24 FF 61068 151800  780 184 1772     +351960   +276          -7    -19   18  15  254  +88  371  +54  371   54  11  0  0 L3B 39
C25 FF 61068 151800  780 518 2391    -9553000   +114         -31    +18   15  15  103   +6  225  -12  225  -12   9  0  0 L3B 1C
C34 FF 61068 151800  780 797 2443    -8724985    -57         -25    +23   14  15   82   -2  186  -28  186  -28   8  0  0 L3B 3B
C38 FF 61068 151800  780 299  429    -2710592    -46         -42    -26   21  15  161   +3  213   -4  213   -4  12  0  0 L3B F7
C43 FF 61068 151800  780 228 2493    -1307050    -35          -1    -26   22  15  208  -50  312  -44  312  -44  15  0  0 L3B 1F
C44 FF 61068 151800  780 421  709    -8906376   +114         -22    +26   17  15  120  +15  204  -18  204  -18  10  0  0 L3B 36
C19 FF 61068 153400  780 113  243    +9677833    +56         -38    +14   38  15  401  +61  152  -32  152  -32  22  0  0 L3B 2D
C22 FF 61068 153400  780 191  758    -4343098   -109         -31    -79   26  15  246  -40  226  +14  226   14  18  0  0 L3B 42
C23 FF 61068 153400  780 360 3002    +5009481    -74         -16     -9   21  15  137  -11  230  -10  230  -10  12  0  0 L3B 08
C24 FF 61068 153400  780 120 1768     +352221   +284         -29    -12   29  15  381 +194  414  +31  414   31  18  0  0 L3B 3F
C25 FF 61068 153400  780 473 2308    -9552900    +94         -23     -2   16  15  110   +9  222   +4  222    4  10  0  0 L3B DA
C34 FF 61068 153400  780 863 2534    -8725064    -86         -26     -5   13  15   81   -1  178   -5  178   -5   8  0  0 L3B F3
C38 FF 61068 153400  780 292  405    -2710606    -53         -37    -34   20  15  165   +5  190   -2  190   -2  12  0  0 L3B EE
C43 FF 61068 153400  780 286 2529    -1307068    -31         -11    -22   24  15  169  -32  266  -31  266  -31  14  0  0 L3B 42
C44 FF 61068 153400  780 361  731    -8906285    +93         -15     +5   15  15  137  +20  197   -7  197   -7  10  0  0 L3B 0A
C21 FF 61068 155000  780 115 1201    +8850039   -208         -28   -161   80  15  400 -188  289  +42  289   42  44  0  0 L3B 71
C22 FF 61068 155000  780 218  696    -4343149   -128         -54    -98   33  15  216  -22  212  +42  212   42  20  0  0 L3B 31
C23 FF 61068 155000  780 387 2933    +5009419    -85         -16    -21   19  15  129   -6  221   +4  221    4  11  0  0 L3B FA
C25 FF 61068 155000  780 420 2244    -9552801   +112         -17    +16   17  15  120  +14  228   +6  228    6  11  0  0 L3B 0B
C34 FF 61068 155000  780 869  592    -8725140    -90         -25    -10   12  15   81   +0  172   +4  172    4   7  0  0 L3B C8
C38 FF 61068 155000  780 282  385    -2710615    -11         -27     +9   16  15  170   +7  177   -7  177   -7   9  0  0 L3B E8
C43 FF 61068 155000  780 344 2568    -1307084     +7         -19    +15   22  15  143  -22  242  -26  242  -26  13  0  0 L3B 25
C44 FF 61068 155000  780 303  756    -8906207   +126         -21    +38   23  15  160  +28  198  -19  198  -19  15  0  0 L3B 55
C21 FF 61068 160600  780 170 1161    +8849969    -63         -52    -16   24  16  275  -87  278  -15  278  -15  15  0  0 L3B 68
C22 FF 61068 160600  780 236  630    -4343176    -54         -55    -24   32  16  201  -11  194  -14  194  -14  18  0  0 L3B 29
C23 FF 61068 160600  780 400 2854    +5009358    +15         -15    +80   19  16  125   -2  218  -59  218  -59  12  0  0 L3B 34
C25 FF 61068 160600  780 362 2195    -9552707    +77         -19    -19   16  16  136  +20  250  +34  250   34  10  0  0 L3B 38
C34 FF 61068 160600  780 804  699    -8725224   -114         -36    -33   12  16   82   +2  173  +12  173   12   6  0  0 L3B 01
C38 FF 61068 160600  780 268  368    -2710619     -3          -8    +17   18  16  178  +10  157  -42  157  -42  11  0  0 L3B 1A
C43 FF 61068 160600  780 402 2607    -1307095    -18         -24    -10   17  16  125  -16  220  -16  220  -16  11  0  0 L3B 27
C44 FF 61068 160600  780 246  785    -8906119   +104         -23    +16   25  16  193  +42  198  -24  198  -24  15  0  0 L3B 58
C21 FF 61068 162200  780 223 1117    +8849929    -85         -46    -38   26  16  213  -48  242  -15  242  -15  15  0  0 L3B 52
C22 FF 61068 162200  780 243  563    -4343202    -32         -53     -2   20  16  195   -1  166  -28  166  -28  12  0  0 L3B 00
C23 FF 61068 162200  780 400 2770    +5009282    -53         -28    +12   20  16  125   +2  219  -14  219  -14  11  0  0 L3B 13
C25 FF 61068 162200  780 301 2156    -9552615   +113         -20    +16   22  16  160  +31  267   +1  267    1  14  0  0 L3B 08
C34 FF 61068 162200  780 739  752    -8725294   -118         -28    -38   11  16   84   +3  157   +8  157    8   7  0  0 L3B FE
C37 FF 61068 162200  780 138 3253    +9147707    +79          -7    +20   31  16  335 -102  191  -27  191  -27  18  0  0 L3B 4D
C38 FF 61068 162200  780 252  354    -2710665    -42         -34    -22   19  16  189  +13  141  -24  141  -24  11  0  0 L3B 25
C43 FF 61068 162200  780 462 2647    -1307100    -12         -21     -4   18  16  112  -12  194  -30  194  -30  11  0  0 L3B 11
C44 FF 61068 162200  780 191  817    -8906039   +134         -28    +45   21  16  244  +68  189  -45  189  -45  12  0  0 L3B 60
C21 FF 61068 163800  780 273 1066    +8849885    -54         -45     -7   26  16  176  -29  201  -33  201  -33  16  0  0 L3B 47
C22 FF 61068 163800  780 239  496    -4343234    -28         -57     +1   31  16  198   +8  141  -22  141  -22  19  0  0 L3B 13
C23 FF 61068 163800  780 387 2687    +5009225    -61         -22     +4   22  16  129   +6  207   -4  207   -4  13  0  0 L3B FA
C25 FF 61068 163800  780 239 2125    -9552524    +79         -21    -17   16  16  198  +49  276  +32  276   32  11  0  0 L3B 4F
C34 FF 61068 163800  780 675  798    -8725380   -111         -38    -30   14  16   87   +4  151   +3  151    3   8  0  0 L3B EE
C37 FF 61068 163800  780 177 3213    +9147748    +80         -22    +21   38  16  264  -53  193  -28  193  -28  22  0  0 L3B 5C
C38 FF 61068 163800  780 233  344    -2710658    +33          -8    +53   15  16  203  +17  104  -55  104  -55   9  0  0 L3B 0D
C43 FF 61068 163800  780 522 2688    -1307117    +10         -30    +18   24  16  102   -9  176  -34  176  -34  13  0  0 L3B 2D
C44 FF 61068 163800  780 137  850    -8905949    +86         -22     -2   27  16  334 +126  169  -13  169  -13  16  0  0 L3B 4F
C21 FF 61068 165400  780 317 1006    +8849833    -92         -52    -45   25  16  153  -18  178   +5  178    5  14  0  0 L3B 28
C22 FF 61068 165400  780 224  433    -4343236    -24         -31     +5   28  16  211  +19  111  -13  111  -13  18  0  0 L3B FF
C23 FF 61068 165400  780 360 2610    +5009168    -91         -18    -26   21  16  137  +11  200  +19  200   19  12  0  0 L3B 1D
C25 FF 61068 165400  780 178 2098    -9552420   +108         -10    +11   22  16  261  +87  298  +26  298   26  14  0  0 L3B 59
C34 FF 61068 165400  780 612  842    -8725465    -87         -45     -7   16  16   92   +6  145   -2  145   -2  10  0  0 L3B E7
C37 FF 61068 165400  780 209 3164    +9147821    +69          -6    +10   33  16  225  -30  176   -5  176   -5  20  0  0 L3B 13
C38 FF 61068 165400  780 212  338    -2710686    -10         -17    +10   18  16  221  +22   97   -1   97   -1  11  0  0 L3B DE
C42 FF 61068 165400  780 122 1484    +9131704    -66         -12    -26   32  16  381 -190  267   -2  267   -2  20  0  0 L3B 2F
C43 FF 61068 165400  780 584 2730    -1307123     +7         -28    +16   18  16   95   -7  157  -26  157  -26  10  0  0 L3B 18
C21 FF 61068 171000  780 354  937    +8849801    -31         -33    +16   23  17  139  -11  158  -20  158  -20  13  0  0 L3B 2D
C22 FF 61068 171000  780 198  377    -4343257    -21         -20     +9   34  17  236  +35  102   -9  102   -9  21  0  0 L3B F2
C23 FF 61068 171000  780 324 2542    +5009108    -96         -19    -31   30  17  150  +17  208  +39  208   39  17  0  0 L3B 31
C25 FF 61068 171000  780 118 2074    -9552347   +151         -33    +54   24  17  386 +188  336   +3  336    3  15  0  0 L3B 3E
C34 FF 61068 171000  780 551  885    -8725533    -55         -36    +25   18  17   98   +8  137  -15  137  -15  10  0  0 L3B 23
C37 FF 61068 171000  780 233 3108    +9147893    +91          11    +32   25  17  203  -16  173  -12  173  -12  14  0  0 L3B 29
C38 FF 61068 171000  780 190  336    -2710692    +17          -5    +37   19  17  245  +28   95  -26   95  -26  13  0  0 L3B 0C
C42 FF 61068 171000  780 184 1459    +9131661    -77         -25    -37   27  17  256  -87  233  -22  233  -22  17  0  0 L3B 53
C43 FF 61068 171000  780 646 2773    -1307144    +11         -44    +19   15  17   89   -5  151  -21  151  -21   9  0  0 L3B 07
C21 FF 61068 172600  780 380  858    +8849749    -46         -39     +1   15  17  131   -6  152   -9  152   -9   8  0  0 L3B F9
C22 FF 61068 172600  780 164  328    -4343315    -66         -49    -36   38  17  282  +64  123  +38  123   38  20  0  0 L3B 30
C23 FF 61068 172600  780 280 2483    +5009048    -56         -17     +8   21  17  171  +27  231  +20  231   20  13  0  0 L3B 10
C28 FF 61068 172600  780 134 2747    -4768849    -62         -17    -17   29  17  345 -135  299  -14  299  -14  18  0  0 L3B 8E
C34 FF 61068 172600  780 490  927    -8725615    -37         -41    +43   16  17  107  +10  142  -20  142  -20   9  0  0 L3B 1C
C37 FF 61068 172600  780 246 3045    +9147928    +41         -11    -18   22  17  193   -6  198  +21  198   21  15  0  0 L3B 35
C38 FF 61068 172600  780 167  337    -2710730    -62         -24    -42   21  17  277  +38  104  +59  104   59  15  0  0 L3B 2E
C42 FF 61068 172600  780 247 1432    +9131615    -19         -33    +20   24  17  194  -48  210  -33  210  -33  15  0  0 L3B 34
C43 FF 61068 172600  780 710 2817    -1307148    -10         -40     -2   13  17   85   -3  142   -6  142   -6   8  0  0 L3B CD
C21 FF 61068 174200  780 393  774    +8849697    -62         -45    -14   25  17  127   -2  148   +7  148    7  16  0  0 L3B 13
C22 FF 61068 174200  780 123  288    -4343319     -4         -25    +26   28  17  372 +130  126   +8  126    8  17  0  0 L3B 00
C23 FF 61068 174200  780 232 2433    +5008985    -57         -18     +7   26  17  204  +43  265  +22  265   22  17  0  0 L3B 26
C28 FF 61068 174200  780 188 2781    -4768896    -26         -20    +20   32  17  250  -71  256  -60  256  -60  19  0  0 L3B 60
C34 FF 61068 174200  780 430  968    -8725694   -140         -43    -60   19  17  118  +14  148  +39  148   39  11  0  0 L3B 51
C37 FF 61068 174200  780 249 2979    +9148001    +48           6    -11   25  17  191   +2  188   +1  188    1  14  0  0 L3B EF
C38 FF 61068 174200  780 144  342    -2710773    -16         -47     +4   27  17  320  +53  127   +9  127    9  15  0  0 L3B F2
C42 FF 61068 174200  780 310 1398    +9131587    -19         -24    +20   21  17  157  -30  188  -28  188  -28  12  0  0 L3B 50
C43 FF 61068 174200  780 774 2864    -1307155    -10         -40     -2   16  17   83   -2  133   -7  133   -7   9  0  0 L3B D8
C21 FF 61068 175800  780 392  690    +8849660    -36         -37    +12   24  17  128   +2  134  -11  134  -11  14  0  0 L3B 21
C23 FF 61068 175800  780 180 2389    +5008929    +68         -12   +133   42  17  259  +74  292  -37  292  -37  24  0  0 L3B 76
C28 FF 61068 175800  780 243 2813    -4768926    -31          -7    +15   20  17  196  -44  205  -54  205  -54  12  0  0 L3B 43
C34 FF 61068 175800  780 371 1008    -8725769   -111         -42    -31   16  17  134  +19  150  +24  150   24  10  0  0 L3B 41
C37 FF 61068 175800  780 241 2913    +9148052    +40           0    -19   24  17  196  +10  197  +20  197   20  14  0  0 L3B 17
C38 FF 61068 175800  780 119  350    -2710778    -79         -33    -59   25  17  380  +76  134  +50  134   50  16  0  0 L3B 3D
C42 FF 61068 175800  780 372 1357    +9131544    -59         -29    -20   19  17  134  -19  172   -8  172   -8  11  0  0 L3B 34
C43 FF 61068 175800  780 839 2924    -1307164    +30         -41    +38   10  17   81   -1  126  -32  126  -32   6  0  0 L3B 0A
C21 FF 61068 181400  780 376  611    +8849629    -13         -31    +33   29  18  132   +7  118  -32  118  -32  16  0  0 L3B 24
C23 FF 61068 181400  780 127 2350    +5008846   -158         -37    -94   40  18  360 +147  330  +74  330   74  24  0  0 L3B 61
C28 FF 61068 181400  780 299 2843    -4768969    -29         -14    +16   19  18  162  -29  165  -36  165  -36  12  0  0 L3B 76
C34 FF 61068 181400  780 313 1047    -8725847    -80         -49     +0   15  18  155  +26  155   +6  155    6   9  0  0 L3B FF
C37 FF 61068 181400  780 223 2848    +9148121   +104           8    +45   28  18  211  +21  191  -24  191  -24  17  0  0 L3B 33
C42 FF 61068 181400  780 431 1304    +9131498    -26         -26    +14   18  18  118  -13  155  -29  155  -29  10  0  0 L3B 44
C43 FF 61068 181400  780 893  761    -1307168     -1         -36     +7   14  18   81   +0  118  -10  118  -10   8  0  0 L3B D2
C21 FF 61068 183000  780 348  542    +8849587    -56         -28     -9   23  18  141  +12  108   -3  108   -3  14  0  0 L3B 07
C28 FF 61068 183000  780 357 2870    -4769021    -42         -23     +3   15  18  138  -21  142  -29  142  -29   9  0  0 L3B 29
C33 FF 61068 183000  780 152 1766    +9461641    -15         -19    +38   26  18  308 -133  236  -53  236  -53  17  0  0 L3B 64
C34 FF 61068 183000  780 255 1085    -8725923   -126         -49    -46   21  18  186  +40  163  +42  163   42  12  0  0 L3B 51
C37 FF 61068 183000  780 196 2788    +9148176     +2           6    -57   29  18  239  +37  197  +47  197   47  18  0  0 L3B 41
C42 FF 61068 183000  780 484 1234    +9131464    -59         -22    -20   19  18  108   -8  138   -2  138   -2  10  0  0 L3B 0A
C43 FF 61068 183000  780 828 1130    -1307187    -60         -47    -52   10  18   81   +1  119  +26  119   26   6  0  0 L3B FB
C21 FF 61068 184600  780 309  485    +8849546    -65         -24    -18   24  18  157  +20  105  +15  105   15  14  0  0 L3B 30
C28 FF 61068 184600  780 417 2893    -4769065    -49         -24     -4   16  18  121  -15  125   -6  125   -6   9  0  0 L3B 19
C33 FF 61068 184600  780 218 1761    +9461597    -98         -11    -45   21  18  217  -66  209   +1  209    1  14  0  0 L3B 25
C34 FF 61068 184600  780 199 1121    -8725987    -65         -37    +15   22  18  235  +65  163   +4  163    4  15  0  0 L3B 2B
C37 FF 61068 184600  780 162 2732    +9148229    +95           2    +36   19  18  286  +65  219   +1  219    1  12  0  0 L3B 06
C42 FF 61068 184600  780 527 1143    +9131419    +22         -29    +62   20  18  102   -5  132  -44  132  -44  11  0  0 L3B 1D
C43 FF 61068 184600  780 761 1183    -1307188    -13         -40     -5   11  18   83   +2  114   -1  114   -1   6  0  0 L3B C7
C21 FF 61068 190200  780 264  442    +8849511    +16         -27    +61   22  19  181  +32   98  -38   98  -38  13  0  0 L3B 20
C28 FF 61068 190200  780 479 2910    -4769107    -47         -20     -2   14  19  109  -11  114   -7  114   -7   8  0  0 L3B 03
C33 FF 61068 190200  780 287 1756    +9461538   -106         -20    -52   18  19  168  -39  193  +13  193   13  11  0  0 L3B 5A
C34 FF 61068 190200  780 143 1156    -8726083    -70         -56    +10   30  19  322 +122  193   +1  193    1  19  0  0 L3B 18
C37 FF 61068 190200  780 122 2681    +9148286    +48          -1    -11   37  19  374 +125  247  +40  247   40  23  0  0 L3B 3C
C42 FF 61068 190200  780 554 1032    +9131383    -81         -31    -42   19  19   98   -2  123  +16  123   16  11  0  0 L3B 06
C43 FF 61068 190200  780 693 1225    -1307209    -17         -33     -7   13  19   86   +4  123  +10  123   10   7  0  0 L3B DD
C21 FF 61068 191800  780 213  411    +8849465    -55         -29     -9   30  19  221  +53  101  +23  101   23  19  0  0 L3B 0A
C27 FF 61068 191800  780 124 2949    -5879644    +39           2    +88   18  19  374 -165  162 -121  162 -121  11  0  0 L3B 7B
C28 FF 61068 191800  780 541 2917    -4769170    -63         -39    -18   19  19  100   -8  118   +8  118    8  10  0  0 L3B 1C
C33 FF 61068 191800  780 358 1750    +9461480    -64         -26    -10   19  19  138  -25  176  -14  176  -14  11  0  0 L3B 55
C42 FF 61068 191800  780 563  909    +9131350    -11         -27    +28   16  19   97   +0  116  -25  116  -25  10  0  0 L3B 0D
C43 FF 61068 191800  780 626 1263    -1307224    -27         -39    -17   16  19   91   +6  130  +11  130   11   9  0  0 L3B F8
C21 FF 61068 193400  780 159  391    +8849411    -31         -40    +14   25  19  291  +99  121  +14  121   14  15  0  0 L3B 21
C27 FF 61068 193400  780 179 2971    -5879707    -28         -14    +21   25  19  261  -82  126  -46  126  -46  15  0  0 L3B 68
C28 FF 61068 193400  780 605 2910    -4769198    -41         -24     +4   11  19   93   -6  103   -7  103   -7   6  0  0 L3B E4
C33 FF 61068 193400  780 430 1740    +9461425    -36         -29    +17   24  19  119  -17  158  -24  158  -24  15  0  0 L3B 51
C42 FF 61068 193400  780 551  790    +9131325    -10         -14    +30   14  19   98   +3  104  -22  104  -22   8  0  0 L3B E9
C43 FF 61068 193400  780 558 1298    -1307218    -69         -24    -60   16  19   98   +8  124  +39  124   39   9  0  0 L3B 26
C21 FF 61068 195000  780 103  380    +8849374    -25         -33    +21   33  19  438 +230  144  +17  144   17  21  0  0 L3B 2F
C27 FF 61068 195000  780 237 2987    -5879738    -34           2    +14   21  19  201  -48   97  -12   97  -12  12  0  0 L3B 20
C28 FF 61068 195000  780 667 2877    -4769255    -35         -37    +10   13  19   88   -4  108   -9  108   -9   7  0  0 L3B 17
C33 FF 61068 195000  780 502 1723    +9461365    -85         -38    -32   18  19  105  -11  146   +4  146    4  11  0  0 L3B 11
C42 FF 61068 195000  780 521  691    +9131279    -20         -22    +20   16  19  102   +5  104  -14  104  -14   9  0  0 L3B F4
C43 FF 61068 195000  780 491 1331    -1307235    -36         -32    -26   12  19  107  +11  137  +23  137   23   6  0  0 L3B 12
C27 FF 61068 200600  780 296 2998    -5879804    -47         -24     +2   15  20  164  -31  101  -12  101  -12  10  0  0 L3B 29
C28 FF 61068 200600  780 726 2791    -4769306    -54         -43     -9   14  20   85   -3  112   +5  112    5   8  0  0 L3B D1
C33 FF 61068 200600  780 574 1691    +9461327    -46         -23     +8   16  20   96   -8  127  -16  127  -16  10  0  0 L3B 14
C41 FF 61068 200600  780 146 2021    +9437837     +8         -14    +22   24  20  319 -141  232  -35  232  -35  16  0  0 L3B 30
C42 FF 61068 200600  780 478  616    +9131241    -30         -20    +10   14  20  109   +8  100  -10  100  -10   8  0  0 L3B D7
C43 FF 61068 200600  780 425 1361    -1307239    +15         -37    +23   12  20  119  +16  145   -1  145   -1   7  0  0 L3B F0
C27 FF 61068 202200  780 355 3001    -5879838    -52         -12     -4   17  20  139  -21   86   -2   86   -2  11  0  0 L3B E9
C28 FF 61068 202200  780 771 2599    -4769351     -6         -45    +39   13  20   83   -1  112  -26  112  -26   7  0  0 L3B 04
C33 FF 61068 202200  780 642 1634    +9461273    -40         -26    +14   19  20   90   -5  118  -14  118  -14  11  0  0 L3B 0C
C41 FF 61068 202200  780 211 2036    +9437821    -33         -16    -19   19  20  224  -69  207  -17  207  -17  13  0  0 L3B 39
C42 FF 61068 202200  780 427  565    +9131209    -15         -14    +24   16  20  119  +13   94  -14   94  -14   9  0  0 L3B F1
C43 FF 61068 202200  780 359 1389    -1307242    +21         -32    +29   18  20  137  +22  154   +0  154    0  10  0  0 L3B F2
C27 FF 61068 203800  780 415 2994    -5879904    -33         -31    +16   17  20  122  -15   96  -10   96  -10  10  0  0 L3B 26
C28 FF 61068 203800  780 782 2280    -4769389    -68         -39    -23   12  20   83   +0  107  +14  107   14   7  0  0 L3B 10
C33 FF 61068 203800  780 702 1526    +9461217    -37         -30    +17   10  20   86   -3  115  -17  115  -17   6  0  0 L3B 00
C39 FF 61068 203800  780 125  682     +186339    -80         -62    -86   32  20  365  -84  121  +44  121   44  20  0  0 L3B 16
C41 FF 61068 203800  780 278 2055    +9437803     +2         -20    +16   21  20  173  -40  188  -35  188  -35  13  0  0 L3B 2F
C42 FF 61068 203800  780 371  533    +9131160    -36         -24     +4   23  20  134  +18   99   -3   99   -3  13  0  0 L3B D0
C43 FF 61068 203800  780 294 1416    -1307241    +16         -24    +24   20  20  164  +34  162   +4  162    4  13  0  0 L3B F2
C27 FF 61068 205400  780 475 2973    -5879960    -29         -40    +19   13  20  110  -11   99  -13   99  -13   8  0  0 L3B 29
C28 FF 61068 205400  780 750 2009    -4769435    +13         -42    +58   12  20   84   +2  111  -31  111  -31   7  0  0 L3B FA
C33 FF 61068 205400  780 744 1331    +9461172    -27         -24    +26   14  20   84   -1  105  -20  105  -20   8  0  0 L3B F4
C39 FF 61068 205400  780 154  668     +186372    +22         -35    +16   26  20  301  -53  100  -19  100  -19  16  0  0 L3B 0F
C41 FF 61068 205400  780 347 2075    +9437794    -10         -16     +4   25  20  142  -26  163  -26  163  -26  15  0  0 L3B 30
C42 FF 61068 205400  780 312  515    +9131137    -39         -10     +1   16  20  155  +27   93   +5   93    5  10  0  0 L3B B3
C43 FF 61068 205400  780 230 1439    -1307251     +9         -25    +18   20  20  205  +55  186  +12  186   12  12  0  0 L3B 0A
C27 FF 61068 211000  780 531 2932    -5880017    -72         -55    -24   16  21  101   -7  100   +9  100    9  10  0  0 L3B E4
C28 FF 61068 211000  780 694 1868    -4769478    -36         -44     +9   10  21   86   +4  113   +5  113    5   6  0  0 L3B DB
C33 FF 61068 211000  780 752 1060    +9461133    -50         -11     +3   11  21   84   +0   91   -8   91   -8   6  0  0 L3B 98
C39 FF 61068 211000  780 180  651     +186383    -16         -22    -21   21  21  259  -36   93  +11   93   11  14  0  0 L3B DE
C41 FF 61068 211000  780 416 2098    +9437776    +21         -17    +35   20  21  122  -17  146  -46  146  -46  13  0  0 L3B 3E
C42 FF 61068 211000  780 253  510    +9131102    -90         -19    -51   13  21  188  +42   96  +36   96   36   8  0  0 L3B E6
C43 FF 61068 211000  780 167 1460    -1307260    +59         -24    +68   29  21  277 +101  203  -24  203  -24  18  0  0 L3B 41
C27 FF 61068 212600  780 582 2862    -5880056    -57         -48     -9   14  21   95   -5   94   +7   94    7   8  0  0 L3B D1
C28 FF 61068 212600  780 628 1802    -4769523    -33         -45    +12   15  21   91   +6  118   -4  118   -4   8  0  0 L3B EE
C33 FF 61068 212600  780 722  834    +9461066    -67         -26    -13   11  21   85   +2   96   +3   96    3   7  0  0 L3B AF
C39 FF 61068 212600  780 204  632     +186382    -26         -27    -31   20  21  230  -25   91  +21   91   21  14  0  0 L3B D7
C41 FF 61068 212600  780 486 2123    +9437765     +1         -14    +16   16  21  108  -12  125  -22  125  -22  10  0  0 L3B 18
C42 FF 61068 212600  780 194  513    +9131072    -41         -11     -2   28  21  241  +71   94   +3   94    3  18  0  0 L3B B9
C43 FF 61068 212600  780 106 1478    -1307265    -47         -21    -39   51  21  429 +238  210  +36  210   36  31  0  0 L3B 3E
C27 FF 61068 214200  780 621 2756    -5880106    -31         -52    +17   14  21   91   -3   96   -9   96   -9   8  0  0 L3B D8
C28 FF 61068 214200  780 558 1770    -4769558    -27         -37    +18   14  21   98   +8  118   -4  118   -4   8  0  0 L3B 0C
C30 FF 61068 214200  780 140 3145    -3748362    -19         -18    +64   30  21  331 -131  107  -44  107  -44  17  0  0 L3B 43
C33 FF 61068 214200  780 671  707    +9461030    -72         -11    -18   17  21   88   +4   85   +8   85    8   9  0  0 L3B B4
C39 FF 61068 214200  780 225  612     +186384     -8         -30    -14   26  21  209  -18   95  +13   95   13  16  0  0 L3B DD
C41 FF 61068 214200  780 558 2150    +9437743    -15         -22     -1   16  21   98   -9  117   -7  117   -7   9  0  0 L3B E2
C42 FF 61068 214200  780 136  523    +9131036     -8         -10    +31   25  21  337 +139   97  -22   97  -22  17  0  0 L3B 04
C27 FF 61068 215800  780 642 2615    -5880151    -42         -52     +6   19  21   90   -1   97   -6   97   -6  10  0  0 L3B D3
C28 FF 61068 215800  780 486 1755    -4769608    -20         -44    +25   18  21  107  +12  129   +1  129    1  11  0  0 L3B 16
C30 FF 61068 215800  780 196 3136    -3748455   -132         -33    -49   27  21  240  -67  108  +18  108   18  16  0  0 L3B 57
C33 FF 61068 215800  780 610  646    +9460975    -12         -14    +41   17  21   92   +6   87  -26   87  -26  10  0  0 L3B F6
C39 FF 61068 215800  780 243  589     +186390    +51         -29    +46   17  21  195  -13   96  -30   96  -30  10  0  0 L3B 0D
C41 FF 61068 215800  780 629 2178    +9437731    +36         -20    +50   17  21   91   -6  110  -38  110  -38   9  0  0 L3B 11
C27 FF 61068 221400  780 639 2458    -5880195    -84         -41    -35   17  22   90   +1   96  +22   96   22  10  0  0 L3B FF
C28 FF 61068 221400  780 415 1749    -4769641    -49         -25     -4   18  22  122  +18  136  +13  136   13  10  0  0 L3B 25
C30 FF 61068 221400  780 250 3118    -3748521    -65         -24    +17   20  22  191  -39   96  -21   96  -21  12  0  0 L3B 18
C32 FF 61068 221400  780 145 2330    +9563624    -91         -10    -38   41  22  322 -129  189   +1  189    1  26  0  0 L3B 21
C33 FF 61068 221400  780 546  621    +9460915    -73         -28    -20   18  22   99   +8   89  +14   89   14  10  0  0 L3B EF
C39 FF 61068 221400  780 258  566     +186395     -7         -27    -12   16  22  185   -9   91  +11   91   11   9  0  0 L3B C9
C41 FF 61068 221400  780 700 2207    +9437715    +20         -26    +34   11  22   86   -4  105  -27  105  -27   7  0  0 L3B FB
C27 FF 61068 223000  780 612 2317    -5880244    -21         -43    +28   11  22   92   +3  101  -12  101  -12   6  0  0 L3B E8
C28 FF 61068 223000  780 345 1747    -4769695    -51         -35     -5   15  22  142  +26  156  +25  156   25   9  0  0 L3B 27
C30 FF 61068 223000  780 302 3089    -3748572    -79           3     +3   17  22  161  -25   75   -8   75   -8  11  0  0 L3B D2
C32 FF 61068 223000  780 203 2364    +9563593    +18           9    +71   29  22  232  -66  157  -62  157  -62  18  0  0 L3B 33
C33 FF 61068 223000  780 483  617    +9460872    -26         -21    +27   15  22  108  +11   85  -17   85  -17   9  0  0 L3B 03
C39 FF 61068 223000  780 269  542     +186400    +41         -27    +36   12  22  178   -6   93  -22   93  -22   7  0  0 L3B D6
C41 FF 61068 223000  780 771 2234    +9437697    +16         -31    +30   17  22   83   -2  102  -18  102  -18  10  0  0 L3B 0C
C24 FF 61068 224600  780 102  719     +359959   +268         -34    -30   42  22  443 -138  114   -7  114   -7  31  0  0 L3B 24
C27 FF 61068 224600  780 568 2210    -5880289    -87         -42    -38   12  22   97   +6  106  +29  106   29   6  0  0 L3B 1C
C28 FF 61068 224600  780 276 1747    -4769731    -27         -28    +18   17  22  173  +40  167   +1  167    1  11  0  0 L3B 22
C30 FF 61068 224600  780 349 3047    -3748667    -79         -13     +3   17  22  141  -16   81   -3   81   -3  11  0  0 L3B EF
C32 FF 61068 224600  780 262 2402    +9563530    -69          -3    -17   23  22  183  -40  140  -20  140  -20  14  0  0 L3B 17
C33 FF 61068 224600  780 420  626    +9460833    -56          -9     -3   16  22  121  +15   79   +3   79    3   9  0  0 L3B B0
C39 FF 61068 224600  780 276  517     +186407    -13         -25    -18   22  22  173   -3   91  +11   91   11  12  0  0 L3B D3
C41 FF 61068 224600  780 842 2246    +9437700    -13         -14     +1   10  22   81   -1   90   -5   90   -5   6  0  0 L3B A3
C24 FF 61068 230200  780 132  665     +360235   +290         -53     -9   39  23  348  -68  113   -6  113   -6  23  0  0 L3B F7
C27 FF 61068 230200  780 512 2135    -5880339    -23         -33    +26   15  23  104   +9  114   -1  114   -1   9  0  0 L3B E5
C28 FF 61068 230200  780 209 1747    -4769775    -75         -23    -29   21  23  225  +69  182  +23  182   23  12  0  0 L3B 49
C30 FF 61068 230200  780 389 2991    -3748752    -95         -22    -13   22  23  129  -10   85   +7   85    7  13  0  0 L3B FF
C32 FF 61068 230200  780 322 2442    +9563483    -98          -3    -45   20  23  152  -26  112  +13  112   13  12  0  0 L3B 0A
C33 FF 61068 230200  780 358  643    +9460785    -51           8     +3   22  23  138  +21   79   +4   79    4  13  0  0 L3B B3
C39 FF 61068 230200  780 280  492     +186418    -40         -20    -45   16  23  171   -1   87  +24   87   24  10  0  0 L3B D6
C41 FF 61068 230200  780 888  731    +9437686     +4          -8    +19   17  23   81   +0   87  -11   87  -11  10  0  0 L3B D0
C24 FF 61068 231800  780 154  607     +360542   +310         -33    +11   25  23  300  -35   98   -1   98   -1  16  0  0 L3B D6
C27 FF 61068 231800  780 450 2082    -5880379    -39         -26    +11   14  23  114  +13  120   +5  120    5   9  0  0 L3B F3
C28 FF 61068 231800  780 144 1747    -4769813     +3         -17    +50   19  23  320 +140  191  -26  191  -26  12  0  0 L3B 45
C30 FF 61068 231800  780 419 2920    -3748835    -84         -26     -2   11  23  121   -6   84   -2   84   -2   7  0  0 L3B CB
C32 FF 61068 231800  780 382 2485    +9563422    -52         -13     +1   19  23  131  -18  109  -13  109  -13  11  0  0 L3B 24
C33 FF 61068 231800  780 299  666    +9460741   -108          16    -54   23  23  161  +30   78  +36   78   36  13  0  0 L3B 1A
C39 FF 61068 231800  780 279  469     +186422    +61         -20    +56   16  23  172   +1   92  -33   92  -33   9  0  0 L3B E3
C41 FF 61068 231800  780 820  593    +9437675    -20          -5     -6   14  23   82   +1   85   +3   85    3   8  0  0 L3B 8D
C24 FF 61068 233400  780 168  547     +360821   +303         -41     +4   25  23  276  -15  108  +15  108   15  16  0  0 L3B 04
C25 FF 61068 233400  780 130 1113    -9550137   +152         -42    +56   60  23  355 -133  168  -49  168  -49  38  0  0 L3B 71
C27 FF 61068 233400  780 385 2045    -5880429    -53         -27     -3   18  23  130  +19  138  +18  138   18  11  0  0 L3B 2E
C29 FF 61068 233400  780 105 3262    -5564969    -49         -35     +2   23  23  436 -199  160   -9  160   -9  16  0  0 L3B 3B
C30 FF 61068 233400  780 437 2837    -3748923    -61         -36    +21   14  23  117   -2   90  -16   90  -16   9  0  0 L3B 03
C32 FF 61068 233400  780 442 2532    +9563369    -93         -15    -41   18  23  116  -13   99  +12   99   12  11  0  0 L3B 1B
C33 FF 61068 233400  780 241  693    +9460688    -14          15    +40   24  23  197  +45   82  -20   82  -20  13  0  0 L3B 00
C39 FF 61068 233400  780 275  447     +186428    +27         -20    +22   16  23  174   +3   94  -13   94  -13  10  0  0 L3B E6
C41 FF 61068 233400  780 753  619    +9437658    +38          -8    +53   10  23   84   +3   86  -31   86  -31   6  0  0 L3B DB
C24 FF 61068 235000  780 172  486     +361087   +296         -62     -3   37  23  270   +1  138  +17  138   17  22  0  0 L3B 00
C25 FF 61068 235000  780 178 1068    -9550025    +92         -23     -5   22  23  262  -69  141  -13  141  -13  12  0  0 L3B 25
C27 FF 61068 235000  780 318 2018    -5880474    -61         -25    -12   15  23  152  +29  153  +22  153   22   9  0  0 L3B 1E
C29 FF 61068 235000  780 152 3233    -5565003    -53         -21     -2   25  23  306  -90  140   +3  140    3  16  0  0 L3B E2
C30 FF 61068 235000  780 439 2747    -3749008    -79         -41     +3   14  23  116   +1   95   +1   95    1   8  0  0 L3B BD
C32 FF 61068 235000  780 503 2582    +9563306    -40         -29    +12   17  23  105  -10   98  -11   98  -11   9  0  0 L3B 08
C33 FF 61068 235000  780 185  723    +9460644    -80          23    -25   23  23  252  +73   85  +30   85   30  16  0  0 L3B F2
C39 FF 61068 235000  780 268  428     +186437    +38         -15    +33   16  23  178   +6   92  -10   92  -10  10  0  0 L3B EA
C41 FF 61068 235000  780 687  654    +9437639    +21         -13    +36   17  23   87   +4   91  -21   91  -21   9  0  0 L3B E6
