CGGTTS     GENERIC DATA FORMAT VERSION = 2E
REV DATE = 2026-01-01                    
RCVR = POLARX5-TR                    R2CGGTTS v8.8    
CH = 99 
IMS = POLARX5-TR                    
LAB = PTB                           
X = +3844059.67 m 
Y =  +709661.67 m 
Z = +5023129.80 m 
FRAME = ITRF
COMMENTS = TGD applied
INT DLY =   33.0 ns (BDS B1C),   32.5 ns (BDS B2a)
CAB DLY =  205.7 ns 
REF DLY =   56.2 ns
REF = UTC(PTB)                      
CKSUM = A4

SAT CL  MJD  STTIME TRKL ELV AZTH   REFSV      SRSV     REFSYS    SRSYS  DSG IOE MDTR SMDT MDIO SMDI MSIO SMSI ISG FR HC FRC CK
             hhmmss  s  .1dg .1dg    .1ns     .1ps/s     .1ns    .1ps/s .1ns     .1ns.1ps/s.1ns.1ps/s.1ns.1ps/s.1ns
C24 FF 61062 000200  780 168  548     +182494   +307         -22    +14   34   0  277  -15   62   -4   62   -4  20  0  0 L3B C1
C25 FF 61062 000200  780 129 1112    -9608389    +75         -64    -22   61   0  357 -135  106  +13  106   13  40  0  0 L3B 20
C27 FF 61062 000200  780 386 2045    -5850774    -36         -18    +14   10   0  129  +19   89   -5   89   -5   6  0  0 L3B E0
C29 FF 61062 000200  780 105 3262    -5533970    -53         -41     -1   30   0  436 -199   85   -3   85   -3  19  0  0 L3B E4
C30 FF 61062 000200  780 437 2837    -3699163    -64         -23    +18   16   0  117   -2   80  -11   80  -11  10  0  0 L3B E2
C32 FF 61062 000200  780 442 2530    +9595467    -43           3    +12   22   0  116  -13   70   -9   70   -9  13  0  0 L3B B1
C33 FF 61062 000200  780 241  692    +9494445    -60           7     +0   17   0  196  +45   60   -3   60   -3  10  0  0 L3B 8E
C39 FF 61062 000200  780 273  443     +183477     -3         -45     -8   16   0  175   +4   66   +6   66    6   9  0  0 L3B 72
C41 FF 61062 000200  780 754  619    +9446767    +14         -16    +30   12   0   83   +3   76  -19   76  -19   7  0  0 L3B C8
C24 FF 61062 001800  780 172  487     +182764   +260         -34    -34   31   0  270   +1   71  +20   71   20  18  0  0 L3B BD
C25 FF 61062 001800  780 177 1068    -9608278    +99         -47     +2   26   0  264  -69   93   -4   93   -4  15  0  0 L3B F3
C27 FF 61062 001800  780 320 2018    -5850825    -79         -21    -29   16   0  152  +29   95  +21   95   21  10  0  0 L3B F6
C29 FF 61062 001800  780 152 3233    -5534004    -18         -26    +34   20   0  306  -90   72  -21   72  -21  12  0  0 L3B EA
C30 FF 61062 001800  780 440 2747    -3699243   -103         -23    -20   15   0  116   +1   80  +13   80   13   9  0  0 L3B CF
C32 FF 61062 001800  780 503 2580    +9595410    -78          -1    -23   18   0  105  -10   71  +15   71   15  10  0  0 L3B D0
C33 FF 61062 001800  780 185  723    +9494393    -86          12    -26   24   0  251  +73   58  +21   58   21  15  0  0 L3B E2
C39 FF 61062 001800  780 265  423     +183507     +1         -20     -4   16   0  180   +6   51   +0   51    0   9  0  0 L3B 49
C41 FF 61062 001800  780 688  653    +9446740    +54         -28    +70   15   0   87   +4   83  -41   83  -41   9  0  0 L3B D1
C24 FF 61062 003400  780 166  427     +183027   +313         -53    +19   27   0  278  +17   87   -5   87   -5  16  0  0 L3B D7
C25 FF 61062 003400  780 223 1017    -9608184    +87         -46    -10   25   0  213  -40   86   +5   86    5  16  0  0 L3B D2
C27 FF 61062 003400  780 254 1996    -5850859    -52          -6     -2   19   0  187  +46   89   +6   89    6  12  0  0 L3B D8
C29 FF 61062 003400  780 194 3195    -5534075     -6         -46    +46   30   0  242  -48   85  -34   85  -34  18  0  0 L3B 08
C30 FF 61062 003400  780 428 2657    -3699318    -80         -18     +3   15   0  119   +4   77   +5   77    5   8  0  0 L3B B0
C32 FF 61062 003400  780 564 2636    +9595356    -46          -3     +9   17   0   97   -7   71   -8   71   -8  10  0  0 L3B B1
C33 FF 61062 003400  780 131  756    +9494317    -84          -7    -25   58   0  349 +139   71  +22   71   22  42  0  0 L3B F1
C39 FF 61062 003400  780 254  407     +183521     +6         -10     +1   19   0  187   +9   46   +1   46    1  12  0  0 L3B 63
C41 FF 61062 003400  780 624  692    +9446724    +50         -29    +66   11   0   91   +5   86  -34   86  -34   6  0  0 L3B CB
C24 FF 61062 005000  780 151  371     +183327   +262         -35    -31   28   0  305  +39   80  +28   80   28  18  0  0 L3B DA
C25 FF 61062 005000  780 263  961    -9608092    +59         -47    -38   16   0  182  -25   85  +17   85   17   9  0  0 L3B F1
C27 FF 61062 005000  780 190 1978    -5850923    -67         -21    -17   20   0  246  +81  105  +16  105   16  14  0  0 L3B 17
C29 FF 61062 005000  780 230 3148    -5534137    -75         -59    -23   23   0  206  -28   94  +17   94   17  13  0  0 L3B FF
C30 FF 61062 005000  780 402 2574    -3699397    -86         -18     -3   20   0  125   +8   78   +0   78    0  11  0  0 L3B B2
C32 FF 61062 005000  780 625 2698    +9595303    -44          -2    +11   12   0   91   -5   72   -6   72   -6   7  0  0 L3B 9A
C39 FF 61062 005000  780 240  393     +183526    -32         -10    -37   16   0  197  +12   48  +24   48   24  10  0  0 L3B C5
C41 FF 61062 005000  780 561  732    +9446717    +11         -20    +27   14   0   97   +7   80  -15   80  -15   8  0  0 L3B B6
C20 FF 61062 010600  780 126 2653    +9587716    +83         -25    -20   34   1  367 -152   84  +18   84   18  22  0  0 L3B 15
C24 FF 61062 010600  780 127  320     +183589   +323         -53    +30   49   1  359  +77   99  -11   99  -11  28  0  0 L3B 01
C25 FF 61062 010600  780 296  897    -9608003   +111         -31    +15   25   1  163  -15   84  -18   84  -18  15  0  0 L3B 0B
C27 FF 61062 010600  780 127 1961    -5850976    -50         -30     +0   22   1  360 +171  112  +10  112   10  15  0  0 L3B F8
C29 FF 61062 010600  780 258 3092    -5534155    -72         -30    -21   24   1  185  -16   75   +7   75    7  15  0  0 L3B DC
C30 FF 61062 010600  780 365 2501    -3699482   -114         -20    -30   25   1  135  +14   83  +23   83   23  14  0  0 L3B F7
C32 FF 61062 010600  780 686 2773    +9595252    -61         -10     -7   18   1   87   -4   70   +5   70    5  11  0  0 L3B A6
C39 FF 61062 010600  780 225  383     +183509    -45         -33    -50   17   1  210  +15   64  +28   64   28  11  0  0 L3B CA
C41 FF 61062 010600  780 500  773    +9446703    -21         -22     -5   13   1  105  +10   79   +4   79    4   7  0  0 L3B 90
C20 FF 61062 012200  780 179 2693    +9587811   +117         -28    +14   28   1  262  -78   85  -18   85  -18  18  0  0 L3B 37
C25 FF 61062 012200  780 320  826    -9607912    +85         -31    -10   35   1  152   -8   82  +15   82   15  21  0  0 L3B C9
C29 FF 61062 012200  780 275 3029    -5534217     +1         -42    +53   32   1  174   -7   82  -33   82  -33  18  0  0 L3B DD
C30 FF 61062 012200  780 320 2440    -3699551    -97         -10    -14   20   1  152  +21   81  +19   81   19  12  0  0 L3B E2
C32 FF 61062 012200  780 747 2875    +9595205    -52          -6     +2   15   1   84   -2   67   +0   67    0   8  0  0 L3B 81
C39 FF 61062 012200  780 207  376     +183545    -10          -2    -15   24   1  227  +20   43   +8   43    8  14  0  0 L3B 8A
C41 FF 61062 012200  780 441  814    +9446689    -19         -20     -4   12   1  116  +13   78   +1   78    1   8  0  0 L3B 9C
C20 FF 61062 013800  780 233 2732    +9587908   +133         -30    +30   21   1  204  -47   85  -23   85  -23  12  0  0 L3B 0E
C23 FF 61062 013800  780 264 1321    +5047093    -98         -22    -30   24   1  182  -38   87  +15   87   15  14  0  0 L3B FC
C25 FF 61062 013800  780 333  752    -9607819    +98         -30     +2   25   1  147   -3   84   +6   84    6  15  0  0 L3B AF
C29 FF 61062 013800  780 282 2961    -5534254    +11         -29    +62   32   1  170   -1   74  -36   74  -36  20  0  0 L3B F4
C30 FF 61062 013800  780 270 2388    -3699637    -36         -15    +47   21   1  177  +33   90  -21   90  -21  12  0  0 L3B 0B
C32 FF 61062 013800  780 803 3049    +9595144    -69         -14    -15   11   1   82   -1   72  +10   72   10   7  0  0 L3B BC
C39 FF 61062 013800  780 187  372     +183525    +37         -27    +32   17   1  249  +26   64  -12   64  -12  11  0  0 L3B E1
C41 FF 61062 013800  780 383  856    +9446679     +4         -15    +19   17   1  130  +17   75   -8   75   -8  10  0  0 L3B D2
C20 FF 61062 015400  780 289 2771    +9588005    +81         -32    -22   19   1  167  -31   84  +11   84   11  11  0  0 L3B F6
C23 FF 61062 015400  780 320 1277    +5047019   -147         -30    -78   23   1  153  -24   88  +40   88   40  15  0  0 L3B 08
C25 FF 61062 015400  780 333  677    -9607717   +108         -20    +12   21   1  147   +2   78   -6   78   -6  13  0  0 L3B D4
C29 FF 61062 015400  780 277 2891    -5534312    +18         -37    +69   19   1  173   +6   77  -34   77  -34  12  0  0 L3B 0E
C30 FF 61062 015400  780 216 2344    -3699728   -105         -27    -22   24   1  218  +53  100  +19  100   19  14  0  0 L3B 1F
C32 FF 61062 015400  780 844 3481    +9595095    -15         -11    +39   12   1   81   +0   72  -16   72  -16   7  0  0 L3B D4
C39 FF 61062 015400  780 166  372     +183514    -97         -42   -102   18   1  278  +35   80  +60   80   60  11  0  0 L3B E5
C41 FF 61062 015400  780 326  898    +9446665    -30         -14    -14   19   1  149  +24   76  +11   76   11  12  0  0 L3B EE
C20 FF 61062 021000  780 345 2809    +9588107    +97         -33     -6   20   2  142  -22   79   -1   79   -1  11  0  0 L3B CE
C23 FF 61062 021000  780 372 1223    +5046965    -74         -27     -7   19   2  134  -16   77   +4   77    4  11  0  0 L3B C3
C25 FF 61062 021000  780 321  605    -9607641    +24         -51    -73   27   2  151   +8   90  +47   90   47  15  0  0 L3B D0
C29 FF 61062 021000  780 261 2823    -5534363    -60         -40     -8   22   2  183  +14   79  +14   79   14  13  0  0 L3B E2
C30 FF 61062 021000  780 161 2306    -3699826    -29         -51    +53   31   2  287  +97  112  -27  112  -27  18  0  0 L3B 2C
C32 FF 61062 021000  780 829  516    +9595048    -70         -29    -17   10   2   81   +1   69  +10   69   10   6  0  0 L3B B2
C37 FF 61062 021000  780 105 1682    +9115312     -3           7    -57   34   2  440 -253   91  +36   91   36  21  0  0 L3B CF
C39 FF 61062 021000  780 145  375     +183515    -17         -46    -22   18   2  318  +48   85  +21   85   21  11  0  0 L3B D0
C41 FF 61062 021000  780 270  939    +9446654     +2          -5    +18   20   2  177  +35   76  -11   76  -11  12  0  0 L3B C9
C20 FF 61062 022600  780 404 2846    +9588207    +51         -32    -53   19   2  125  -16   78  +36   78   36  13  0  0 L3B 07
C23 FF 61062 022600  780 418 1157    +5046894    -77         -34     -9   17   2  121  -10   79   +5   79    5  10  0  0 L3B CE
C25 FF 61062 022600  780 298  541    -9607535    +71         -38    -25   21   2  162  +14   84  +15   84   15  12  0  0 L3B EB
C29 FF 61062 022600  780 235 2759    -5534405    -25         -32    +27   23   2  201  +25   76  -19   76  -19  14  0  0 L3B 0E
C30 FF 61062 022600  780 106 2271    -3699903   -151         -49    -69   21   2  428 +214  117  +48  117   48  14  0  0 L3B 4B
C32 FF 61062 022600  780 777  789    +9594992    -57         -34     -4   11   2   83   +2   72   +1   72    1   6  0  0 L3B 93
C35 FF 61062 022600  780 106 3320    +2410943   +171         -94    +29   42   2  428  -95  107  -19  107  -19  25  0  0 L3B 3B
C37 FF 61062 022600  780 167 1668    +9115368    +32          10    -22   25   2  281 -106   84   +5   84    5  14  0  0 L3B DD
C39 FF 61062 022600  780 122  382     +183522    +44         -43    +39   19   2  372  +67   81  -21   81  -21  12  0  0 L3B D9
C41 FF 61062 022600  780 215  980    +9446654     +8          11    +24   25   2  219  +54   68   -7   68   -7  15  0  0 L3B C0
C20 FF 61062 024200  780 464 2880    +9588299    +96         -39     -7   18   2  112  -12   82   +2   82    2  10  0  0 L3B CF
C23 FF 61062 024200  780 456 1077    +5046827    -86         -36    -19   14   2  113   -6   81   +8   81    8   8  0  0 L3B C0
C25 FF 61062 024200  780 265  486    -9607429   +152         -24    +55   24   2  180  +24   79  -27   79  -27  15  0  0 L3B 1D
C29 FF 61062 024200  780 201 2700    -5534468    -51         -46     +0   28   2  233  +42   86   -1   86   -1  17  0  0 L3B C7
C32 FF 61062 024200  780 717  918    +9594941    -19         -35    +34   14   2   85   +3   72  -19   72  -19   8  0  0 L3B D8
C35 FF 61062 024200  780 126 3268    +2411100   +134         -73     -9   32   2  364  -44   92   -1   92   -1  20  0  0 L3B CB
C37 FF 61062 024200  780 231 1653    +9115414    +51           5     -3   21   2  206  -57   82   -6   82   -6  12  0  0 L3B A2
C41 FF 61062 024200  780 161 1020    +9446619     +4          -9    +20   26   2  288  +95   84  -10   84  -10  17  0  0 L3B DB
C20 FF 61062 025800  780 526 2912    +9588403    +53         -34    -50   20   2  102   -9   78  +31   78   31  11  0  0 L3B E3
C23 FF 61062 025800  780 480  985    +5046775    -71         -22     -3   11   2  109   -3   70   +1   70    1   7  0  0 L3B 87
C25 FF 61062 025800  780 224  442    -9607329    +74         -17    -23   17   2  210  +40   77  +18   77   18  10  0  0 L3B EA
C29 FF 61062 025800  780 161 2647    -5534517    -21         -46    +30   27   2  287  +74   88  -17   88  -17  18  0  0 L3B 28
C32 FF 61062 025800  780 655 1002    +9594883    -56         -42     -4   13   2   89   +5   78   -1   78   -1   7  0  0 L3B B2
C35 FF 61062 025800  780 136 3211    +2411245   +166         -66    +24   24   2  336  -15   84  -17   84  -17  16  0  0 L3B 16
C37 FF 61062 025800  780 297 1635    +9115464    +37           3    -16   22   2  163  -34   75   +2   75    2  13  0  0 L3B BC
C19 FF 61062 031400  780 115 2908    +9654775    -31         -33    -72   38   3  400 -185   77  +48   77   48  23  0  0 L3B 2B
C20 FF 61062 031400  780 590 2938    +9588500    +71         -47    -33   16   3   94   -7   82  +18   82   18   9  0  0 L3B DD
C23 FF 61062 031400  780 489  885    +5046704    -65         -35     +2   14   3  107   +0   74   -2   74   -2   8  0  0 L3B 9B
C25 FF 61062 031400  780 178  408    -9607267    +80         -66    -18   22   3  261  +70   97  +12   97   12  13  0  0 L3B F4
C29 FF 61062 031400  780 117 2599    -5534586    -72         -77    -21   34   3  388 +147  101  +17  101   17  21  0  0 L3B 3B
C32 FF 61062 031400  780 592 1068    +9594838    -29         -33    +24   16   3   94   +6   75  -12   75  -12   9  0  0 L3B E8
C35 FF 61062 031400  780 138 3153    +2411369    +99         -82    -44   37   3  333   +8   92  +26   92   26  22  0  0 L3B F2
C37 FF 61062 031400  780 364 1614    +9115511    +74         -12    +19   21   3  136  -23   73  -13   73  -13  13  0  0 L3B F2
C19 FF 61062 033000  780 170 2937    +9654827    -11         -20    -52   26   3  275  -90   70  +34   70   34  16  0  0 L3B FE
C20 FF 61062 033000  780 655 2956    +9588597    +63         -50    -42   18   3   89   -5   84  +28   84   28  10  0  0 L3B FA
C23 FF 61062 033000  780 481  787    +5046627    -92         -47    -25   17   3  108   +3   80  +18   80   18  10  0  0 L3B D9
C25 FF 61062 033000  780 128  384    -9607165   +113         -58    +15   29   3  357 +140   94   -6   94   -6  17  0  0 L3B 04
C32 FF 61062 033000  780 529 1124    +9594794    -77         -27    -24   18   3  101   +9   71  +18   71   18  10  0  0 L3B EF
C35 FF 61062 033000  780 129 3094    +2411502   +198         -86    +55   29   3  353  +34   88  -34   88  -34  17  0  0 L3B 2A
C37 FF 61062 033000  780 430 1585    +9115551    +32         -24    -23   16   3  118  -15   78  +11   78   11  10  0  0 L3B E8
C19 FF 61062 034600  780 227 2963    +9654854    +92         -32    +51   25   3  209  -52   77  -40   77  -40  16  0  0 L3B 1F
C20 FF 61062 034600  780 721 2956    +9588716    +80         -31    -24   11   3   85   -3   74  +14   74   14   7  0  0 L3B CF
C23 FF 61062 034600  780 458  700    +5046568    -43         -42    +24   18   3  113   +6   77  -18   77  -18  10  0  0 L3B E8
C32 FF 61062 034600  780 465 1173    +9594734    -39         -37    +14   19   3  111  +12   78   -4   78   -4  11  0  0 L3B EF
C35 FF 61062 034600  780 112 3037    +2411635   +139         -91     -4   30   3  403  +73   90   -5   90   -5  17  0  0 L3B D5
C37 FF 61062 034600  780 496 1544    +9115607    +41         -20    -14   15   3  106  -10   74   +9   74    9   8  0  0 L3B C8
C19 FF 61062 040200  780 285 2984    +9654897    -26         -32    -68   27   4  169  -33   74  +41   74   41  16  0  0 L3B 23
C20 FF 61062 040200  780 788 2906    +9588802   +121         -50    +17   13   4   82   -2   80   -9   80   -9   7  0  0 L3B C9
C23 FF 61062 040200  780 422  629    +5046505    -40         -34    +27   22   4  120  +10   76  -20   76  -20  13  0  0 L3B D2
C32 FF 61062 040200  780 402 1217    +9594688    -98          -9    -43   17   4  125  +17   78  +27   78   27  10  0  0 L3B 01
C37 FF 61062 040200  780 557 1483    +9115659    +45         -18     -9   15   4   98   -7   74   +5   74    5   9  0  0 L3B B1
C19 FF 61062 041800  780 346 3000    +9654939    +43         -29     +2   21   4  142  -23   71   -2   71   -2  12  0  0 L3B C5
C20 FF 61062 041800  780 846 2637    +9588909   +124         -43    +19   11   4   81   -1   77  -10   77  -10   6  0  0 L3B F2
C23 FF 61062 041800  780 378  575    +5046448    -70         -27     -2   21   4  132  +15   71   +3   71    3  12  0  0 L3B A8
C32 FF 61062 041800  780 340 1258    +9594633    -90         -10    -34   18   4  144  +24   83  +29   83   29  11  0  0 L3B 01
C37 FF 61062 041800  780 610 1392    +9115708    +36         -21    -19   14   4   92   -4   76  +10   76   10   8  0  0 L3B C4
C19 FF 61062 044600  780 454 3007    +9654995    +54         -42    +13   15   4  113  -13   78   -8   78   -8   9  0  0 L3B EE
C20 FF 61062 044600  780 795 1670    +9589067   +108         -61     +3   11   4   82   +2   88   -4   88   -4   6  0  0 L3B C3
C23 FF 61062 044600  780 287  519    +5046325    -94         -36    -27   22   4  168  +30   79  +25   79   25  13  0  0 L3B FD
C32 FF 61062 044600  780 231 1320    +9594538    -36         -12    +20   32   4  204  +52   94   -1   94   -1  19  0  0 L3B D7
C37 FF 61062 044600  780 663 1142    +9115808    +39         -13    -16   13   4   88   -1   70   +5   70    5   7  0  0 L3B A4
C19 FF 61062 050200  780 517 2994    +9655022    +31         -51    -10   14   5  103   -9   86   +7   86    7   8  0  0 L3B BD
C20 FF 61062 050200  780 725 1600    +9589176   +152         -27    +49   12   5   85   +3   83  -27   83  -27   6  0  0 L3B F0
C23 FF 61062 050200  780 231  504    +5046261    -47         -38    +20   20   5  204  +48   78  -13   78  -13  12  0  0 L3B E0
C32 FF 61062 050200  780 170 1352    +9594483    -75         -18    -20   39   5  273  +95  105  +21  105   21  23  0  0 L3B 18
C37 FF 61062 050200  780 660  973    +9115849    +36         -30    -18   15   5   88   +1   77  +11   77   11   8  0  0 L3B C2
C40 FF 61062 050200  780 104  680    +2016264    +93         -32    +63   26   5  435 -123   88  -30   88  -30  20  0  0 L3B F7
C19 FF 61062 051800  780 578 2958    +9655066    +19         -46    -22   15   5   96   -7   82  +12   82   12   9  0  0 L3B EB
C20 FF 61062 051800  780 653 1586    +9589272   +151         -29    +48   15   5   89   +5   85  -32   85  -32   9  0  0 L3B 09
C23 FF 61062 051800  780 175  497    +5046192    -92         -42    -24   22   5  266  +85   80  +13   80   13  13  0  0 L3B EC
C32 FF 61062 051800  780 110 1380    +9594435    -44         -13    +11   44   5  414 +218  112   -3  112   -3  29  0  0 L3B 03
C37 FF 61062 051800  780 633  830    +9115908    +53         -23     -2   16   5   90   +3   73   +2   73    2   9  0  0 L3B 7C
C40 FF 61062 051800  780 133  666    +2016265    +58         -59    +28   31   5  345  -72  107  -13  107  -13  20  0  0 L3B 11
C19 FF 61062 053400  780 634 2888    +9655105    +52         -45    +11   11   5   90   -4   81   -5   81   -5   6  0  0 L3B B7
C20 FF 61062 053400  780 580 1590    +9589376    +94         -24     -9   16   5   95   +8   85   +5   85    5   9  0  0 L3B B8
C22 FF 61062 053400  780 129 3118    -4326303    -59         -61    -29   27   5  360 -161   98  +12   98   12  17  0  0 L3B 17
C23 FF 61062 053400  780 118  499    +5046126    -64         -44     +3   19   5  386 +179   87   +6   87    6  12  0  0 L3B E0
C37 FF 61062 053400  780 589  731    +9115956    +64         -28    +10   18   5   94   +5   75   -4   75   -4  10  0  0 L3B C2
C40 FF 61062 053400  780 161  650    +2016333    +37         -21     +7   25   5  289  -47   82   -3   82   -3  17  0  0 L3B B8
C19 FF 61062 055000  780 679 2766    +9655151    +60         -39    +19   16   5   87   -2   77  -13   77  -13   9  0  0 L3B F8
C20 FF 61062 055000  780 506 1601    +9589483   +133         -16    +30   14   5  104  +11   84  -13   84  -13   8  0  0 L3B F8
C22 FF 61062 055000  780 187 3123    -4326336    -62         -65    -32   30   5  251  -78   98  +20   98   20  18  0  0 L3B 02
C36 FF 61062 055000  780 107 2221    -3046088    +22          -6     +7   31   5  431 -236   95   +7   95    7  20  0  0 L3B BE
C37 FF 61062 055000  780 535  670    +9116010    +44         -27    -11   17   5  100   +8   77   +9   77    9  10  0  0 L3B AC
C40 FF 61062 055000  780 186  633    +2016361     +8         -21    -22   24   5  252  -32   87   +9   87    9  15  0  0 L3B B0
C19 FF 61062 060600  780 703 2583    +9655188    +43         -31     +3   10   6   86   -1   81   +2   81    2   6  0  0 L3B 90
C20 FF 61062 060600  780 434 1614    +9589586   +134         -12    +31   21   6  117  +16   90  -12   90  -12  12  0  0 L3B 0B
C22 FF 61062 060600  780 246 3119    -4326353     +9         -42    +40   22   6  194  -45   90  -23   90  -23  14  0  0 L3B EE
C36 FF 61062 060600  780 167 2246    -3046074    +22           2     +7   21   6  281 -101   93  -11   93  -11  13  0  0 L3B D4
C37 FF 61062 060600  780 477  636    +9116068    +74         -15    +20   20   6  109  +11   77  -10   77  -10  12  0  0 L3B EF
C40 FF 61062 060600  780 208  613    +2016362    +18         -52    -13   22   6  226  -22  109  +14  109   14  13  0  0 L3B EC
C19 FF 61062 062200  780 696 2377    +9655229    +15         -28    -25   13   6   86   +1   83  +20   83   20   7  0  0 L3B D7
C20 FF 61062 062200  780 363 1628    +9589680   +104         -17     +1   17   6  136  +24  108  +17  108   17  11  0  0 L3B 18
C22 FF 61062 062200  780 304 3106    -4326383    -69         -42    -38   25   6  160  -28   88  +26   88   26  15  0  0 L3B 0A
C36 FF 61062 062200  780 227 2273    -3046056    +50           6    +35   26   6  209  -55   91  -21   91  -21  17  0  0 L3B E4
C37 FF 61062 062200  780 417  621    +9116123    +16         -12    -38   18   6  121  +15   84  +32   84   32  10  0  0 L3B D5
C40 FF 61062 062200  780 228  592    +2016412    +35         -31     +4   29   6  208  -16  108  +10  108   10  18  0  0 L3B DD
C19 FF 61062 063800  780 661 2210    +9655283    +80         -12    +41   18   6   88   +3   82  -16   82  -16  10  0  0 L3B E9
C20 FF 61062 063800  780 293 1641    +9589774   +121         -22    +18   21   6  165  +36  130  +16  130   16  13  0  0 L3B 29
C22 FF 61062 063800  780 360 3080    -4326421    -17         -50    +14   18   6  137  -19   94   -9   94   -9  11  0  0 L3B EA
C36 FF 61062 063800  780 289 2303    -3046032    +31          16    +16   29   6  167  -34   86   +2   86    2  17  0  0 L3B D0
C37 FF 61062 063800  780 357  619    +9116174    +72         -13    +18   24   6  138  +21   99   +3   99    3  13  0  0 L3B D8
C40 FF 61062 063800  780 244  569    +2016434    +62         -38    +32   12   6  195  -11  121  -14  121  -14   8  0  0 L3B F6
C19 FF 61062 065400  780 607 2100    +9655313    +64         -21    +24   10   6   93   +6   97   -8   97   -8   6  0  0 L3B BC
C20 FF 61062 065400  780 224 1652    +9589879    +81         -16    -21   20   6  210  +61  158  +45  158   45  12  0  0 L3B 28
C22 FF 61062 065400  780 412 3039    -4326443     -6         -42    +25   19   6  123  -13   97   -6   97   -6  11  0  0 L3B D5
C36 FF 61062 065400  780 351 2336    -3046035    +16          -1     +1   20   6  141  -23  101   +4  101    4  11  0  0 L3B A4
C37 FF 61062 065400  780 297  626    +9116230    +88         -10    +34   17   6  162  +30  118  +10  118   10  10  0  0 L3B FA
C40 FF 61062 065400  780 257  546    +2016463    +21         -38     -9   19   6  186   -8  131  +25  131   25  11  0  0 L3B E4
C19 FF 61062 071000  780 543 2033    +9655354    +51          -9    +12   12   7   99   +9  107   +5  107    5   7  0  0 L3B B5
C20 FF 61062 071000  780 158 1662    +9589981    +93          -5     -9   21   7  294 +120  190  +51  190   51  13  0  0 L3B 16
C22 FF 61062 071000  780 458 2980    -4326484    -23         -51     +8   15   7  113   -8  112   +4  112    4   9  0  0 L3B BD
C28 FF 61062 071000  780 102  685    -4743625    -24         -20    +21   44   7  443 -133  208  +29  208   29  33  0  0 L3B 1B
C36 FF 61062 071000  780 414 2372    -3046006    -30           6    -45   17   7  122  -16   96  +31   96   31  11  0  0 L3B CD
C37 FF 61062 071000  780 239  641    +9116273    +29         -18    -25   29   7  198  +46  153  +54  153   54  18  0  0 L3B 22
C40 FF 61062 071000  780 266  522    +2016489    +28         -43     -3   18   7  180   -5  147  +19  147   19  11  0  0 L3B E7
C19 FF 61062 072600  780 475 1990    +9655398    +33          -3     -6   19   7  109  +13  117  +21  117   21  12  0  0 L3B 06
C22 FF 61062 072600  780 494 2899    -4326495    -46         -32    -14   18   7  106   -5  107  +17  107   17  10  0  0 L3B 1C
C28 FF 61062 072600  780 130  630    -4743684    -64         -36    -19   49   7  352  -66  227  -18  227  -18  31  0  0 L3B 36
C36 FF 61062 072600  780 477 2410    -3046002    +57          -5    +42   15   7  109  -11  105  -24  105  -24   9  0  0 L3B F6
C37 FF 61062 072600  780 182  660    +9116337    +42          -7    -12   28   7  256  +77  185  +55  185   55  18  0  0 L3B 17
C40 FF 61062 072600  780 271  497    +2016516    +26         -46     -4   12   7  177   -2  157  +11  157   11   8  0  0 L3B D3
C19 FF 61062 074200  780 404 1963    +9655428    +47         -11     +7   15   7  124  +18  137  +13  137   13   9  0  0 L3B 03
C21 FF 61062 074200  780 140 3242    +8876357    -48         -28     +3   26   7  331 -125  112  +27  112   27  16  0  0 L3B 1A
C22 FF 61062 074200  780 515 2800    -4326540     -2         -47    +29   19   7  103   -2  131   +0  131    0  11  0  0 L3B B1
C28 FF 61062 074200  780 151  572    -4743716    -73         -25    -28   22   7  306  -33  214   +6  214    6  17  0  0 L3B ED
C36 FF 61062 074200  780 541 2451    -3045981    -24           2    -39   12   7  100   -8  109  +34  109   34   7  0  0 L3B D7
C37 FF 61062 074200  780 127  683    +9116362    +82         -34    +28   27   7  361 +151  250  +27  250   27  17  0  0 L3B 24
C40 FF 61062 074200  780 272  474    +2016570    +52         -20    +21   25   7  176   +0  150   -4  150   -4  16  0  0 L3B C4
C19 FF 61062 075800  780 334 1945    +9655477    +44           0     +5   18   7  146  +28  151  +18  151   18  10  0  0 L3B FE
C21 FF 61062 075800  780 192 3217    +8876302    -58         -35     -7   27   7  245  -63  136  +19  136   19  16  0  0 L3B 29
C22 FF 61062 075800  780 518 2691    -4326548    -65         -25    -33   20   7  103   +1  128  +33  128   33  12  0  0 L3B 0B
C27 FF 61062 075800  780 157  933    -5852168    -43         -22     +6   41   7  295  -77  272  +42  272   42  24  0  0 L3B 17
C28 FF 61062 075800  780 163  512    -4743770    -16         -35    +29   36   7  285  -12  220  +11  220   11  23  0  0 L3B 05
C36 FF 61062 075800  780 606 2496    -3045965     -1           3    -17   16   7   93   -6  117  +15  117   15   9  0  0 L3B CE
C40 FF 61062 075800  780 270  451    +2016585     +6         -35    -25   19   7  177   +3  178  +24  178   24  12  0  0 L3B F1
C45 FF 61062 075800  780 121 2503    +6577989   +230         -44    +43   30   7  380 -168  168   -6  168   -6  20  0  0 L3B 45
C19 FF 61062 081400  780 265 1931    +9655515    +53          -4    +14   18   8  180  +44  185  +37  185   37  10  0  0 L3B 1C
C21 FF 61062 081400  780 239 3182    +8876254    -15         -39    +35   28   8  199  -36  148  -10  148  -10  16  0  0 L3B 44
C22 FF 61062 081400  780 503 2583    -4326586    -46         -37    -15   13   8  105   +4  145  +17  145   17   7  0  0 L3B 00
C27 FF 61062 081400  780 197  879    -5852211    -52          -7     -2   24   8  239  -44  241  -18  241  -18  15  0  0 L3B 0A
C28 FF 61062 081400  780 165  452    -4743813   -107         -44    -62   36   8  281   +5  244  +43  244   43  22  0  0 L3B 13
C36 FF 61062 081400  780 670 2546    -3045954    +16          -2     +0   15   8   88   -4  124   +5  124    5   9  0  0 L3B A4
C40 FF 61062 081400  780 264  431    +2016625    +14         -22    -16   15   8  181   +5  175   +5  175    5   9  0  0 L3B B9
C45 FF 61062 081400  780 176 2539    +6578188   +164         -23    -22   25   8  266  -82  171  +45  171   45  17  0  0 L3B 4F
C19 FF 61062 083000  780 197 1920    +9655545    +30         -12    -10   20   8  237  +78  240  +71  240   71  13  0  0 L3B 19
C21 FF 61062 083000  780 281 3136    +8876211    -81         -33    -31   20   8  171  -22  156  +23  156   23  12  0  0 L3B 0E
C22 FF 61062 083000  780 471 2487    -4326610    -21         -31    +11   18   8  110   +7  155   +7  155    7  11  0  0 L3B D5
C27 FF 61062 083000  780 229  820    -5852251    -67           1    -17   30   8  206  -26  243  +31  243   31  18  0  0 L3B E8
C28 FF 61062 083000  780 157  393    -4743869    +14         -58    +58   30   8  295  +23  239  -57  239  -57  19  0  0 L3B 4A
C30 FF 61062 083000  780 105 1354    -3701695    -10         -38    +73   42   8  437 -227  390  -65  390  -65  30  0  0 L3B 45
C36 FF 61062 083000  780 734 2608    -3045939    +13          -2     -3   12   8   84   -3  128   +8  128    8   7  0  0 L3B AB
C40 FF 61062 083000  780 255  413    +2016658    +74         -18    +44   13   8  186   +7  182   -6  182   -6   9  0  0 L3B D9
C45 FF 61062 083000  780 231 2576    +6578362   +196         -27    +10   24   8  205  -48  186   -8  186   -8  15  0  0 L3B 35
C19 FF 61062 084600  780 132 1909    +9655579    -19         -16    -59   22   8  348 +167  312 +124  312  124  13  0  0 L3B 6F
C21 FF 61062 084600  780 314 3079    +8876165    -71         -31    -20   22   8  155  -13  162  +16  162   16  13  0  0 L3B 1E
C22 FF 61062 084600  780 427 2408    -4326638    -32         -28     -1   15   8  119  +11  172  +28  172   28   8  0  0 L3B 04
C27 FF 61062 084600  780 254  756    -5852304   -103          -4    -53   21   8  188  -14  251  +31  251   31  15  0  0 L3B 0C
C28 FF 61062 084600  780 139  338    -4743919    -57         -65    -13   31   8  329  +50  247  -12  247  -12  20  0  0 L3B 2F
C30 FF 61062 084600  780 161 1321    -3701761    -80         -25     +3   34   8  290 -101  321  -52  321  -52  22  0  0 L3B 10
C36 FF 61062 084600  780 798 2698    -3045923    +20           0     +4   13   8   82   -2  134   +3  134    3   8  0  0 L3B 9B
C40 FF 61062 084600  780 243  397    +2016695     +2         -10    -29   15   8  195  +10  188  +21  188   21   9  0  0 L3B F0
C45 FF 61062 084600  780 287 2613    +6578530   +198         -38    +12   36   8  168  -31  189   -4  189   -4  22  0  0 L3B 41
C21 FF 61062 090200  780 337 3011    +8876125    -73         -25    -23   18   9  145   -7  157  +16  157   16  11  0  0 L3B 10
C22 FF 61062 090200  780 375 2346    -4326668     -7         -29    +25   22   9  132  +17  194   +5  194    5  13  0  0 L3B F4
C27 FF 61062 090200  780 269  688    -5852368    -81         -32    -32   31   9  178   -6  236  +30  236   30  20  0  0 L3B 0E
C28 FF 61062 090200  780 114  289    -4743934     +9         -32    +53   37   9  400 +102  251  -10  251  -10  22  0  0 L3B 09
C30 FF 61062 090200  780 217 1284    -3701840    -89         -27     -6   24   9  218  -55  304  +38  304   38  16  0  0 L3B 17
C36 FF 61062 090200  780 858 2942    -3045903    +14           6     -2   11   9   81   -1  136   +1  136    1   6  0  0 L3B 8B
C40 FF 61062 090200  780 228  385    +2016713    -10         -24    -41   20   9  206  +14  207  +46  207   46  11  0  0 L3B F1
C45 FF 61062 090200  780 345 2652    +6578722   +169         -29    -18   24   9  143  -22  180   +2  180    2  15  0  0 L3B 15
C21 FF 61062 091800  780 348 2935    +8876065    -73         -38    -23   19   9  141   -2  177  +26  177   26  11  0  0 L3B 2C
C22 FF 61062 091800  780 317 2296    -4326689    +12         -20    +43   22   9  153  +26  209   +2  209    2  13  0  0 L3B F6
C27 FF 61062 091800  780 273  619    -5852402    -38         -19    +10   36   9  175   +1  214  -22  214  -22  22  0  0 L3B 06
C30 FF 61062 091800  780 272 1241    -3701924    -62         -31    +21   26   9  177  -33  292  -64  292  -64  15  0  0 L3B 32
C36 FF 61062 091800  780 863  474    -3045891     -7           4    -22   12   9   81   +0  141  +23  141   23   7  0  0 L3B A5
C40 FF 61062 091800  780 212  376    +2016754    +56         -13    +26   19   9  222  +18  216   +7  216    7  11  0  0 L3B E1
C45 FF 61062 091800  780 403 2691    +6578900   +240         -29    +53   19   9  125  -16  168  -41  168  -41  11  0  0 L3B 4F
C21 FF 61062 093400  780 346 2857    +8876022    -44         -32     +6   20   9  142   +3  180  +13  180   13  12  0  0 L3B F0
C22 FF 61062 093400  780 257 2256    -4326727    -97         -28    -66   18   9  185  +42  244  +77  244   77  11  0  0 L3B 46
C27 FF 61062 093400  780 265  552    -5852451    -68         -21    -19   18   9  180   +8  232  +28  232   28  11  0  0 L3B 0A
C30 FF 61062 093400  780 324 1191    -3701993   -117         -21    -34   23   9  151  -22  264  -36  264  -36  14  0  0 L3B 3C
C36 FF 61062 093400  780 803  754    -3045885     -2          -5    -17   12   9   82   +2  152  +16  152   16   7  0  0 L3B B9
C40 FF 61062 093400  780 193  371    +2016759    +32         -37     +2   16   9  242  +24  257  +28  257   28   9  0  0 L3B F4
C42 FF 61062 093400  780 121 3327    +9153592    +42         -40    +84   38   9  379 -120  214  -33  214  -33  23  0  0 L3B 3D
C45 FF 61062 093400  780 462 2729    +6579073   +164         -36    -22   18   9  112  -12  170   +7  170    7  10  0  0 L3B 14
C21 FF 61062 095000  780 330 2780    +8875977    -56         -30     -6   18   9  148   +9  191  +23  191   23  10  0  0 L3B 0E
C22 FF 61062 095000  780 196 2222    -4326768    -39         -39     -8   26   9  239  +73  277  +23  277   23  17  0  0 L3B 31
C27 FF 61062 095000  780 247  490    -5852503    -50         -26     -2   25   9  192  +18  257   +3  257    3  15  0  0 L3B E1
C29 FF 61062 095000  780 134 1619    -5535787    -49         -27     +4   23   9  347 -159  407 -120  407 -120  14  0  0 L3B 67
C30 FF 61062 095000  780 371 1130    -3702066    -51         -15    +31   21   9  134  -14  226  -11  226  -11  12  0  0 L3B 04
C36 FF 61062 095000  780 741  850    -3045876    -19         -11    -35   16   9   84   +3  162  +21  162   21   9  0  0 L3B DD
C40 FF 61062 095000  780 173  368    +2016774    +16         -51    -14   16   9  268  +32  286   +8  286    8   9  0  0 L3B ED
C42 FF 61062 095000  780 157 3282    +9153569    -26         -23    +16   26   9  296  -60  214   +6  214    6  16  0  0 L3B 09
C45 FF 61062 095000  780 523 2767    +6579250   +197         -38    +11   17   9  102   -9  169   -1  169   -1  10  0  0 L3B 1A
C21 FF 61062 100600  780 303 2708    +8875937    -56         -20     -6   19  10  160  +16  198  +27  198   27  11  0  0 L3B 2A
C22 FF 61062 100600  780 135 2193    -4326793     -7         -35    +24   32  10  339 +147  306  +17  306   17  20  0  0 L3B 25
C27 FF 61062 100600  780 218  435    -5852546   -120         -27    -72   24  10  215  +31  268  +59  268   59  15  0  0 L3B 3C
C29 FF 61062 100600  780 196 1601    -5535836    -48         -32     +5   27  10  240  -77  334  -20  334  -20  17  0  0 L3B 28
C30 FF 61062 100600  780 410 1058    -3702160   -109         -26    -26   17  10  123   -9  238  +48  238   48   9  0  0 L3B 17
C36 FF 61062 100600  780 678  914    -3045854    -18         -14    -34   17  10   87   +4  156  +17  156   17   9  0  0 L3B FA
C40 FF 61062 100600  780 152  370    +2016784    +68         -70    +38   19  10  303  +43  321   +1  321    1  13  0  0 L3B D5
C42 FF 61062 100600  780 184 3230    +9153525    -47         -28     -5   34  10  254  -32  218   +6  218    6  20  0  0 L3B EE
C45 FF 61062 100600  780 584 2804    +6579434   +185         -35     -1   19  10   95   -7  165   +0  165    0  11  0  0 L3B EC
C21 FF 61062 102200  780 266 2644    +8875878    -10         -31    +41   17  10  180  +26  221  -11  221  -11  10  0  0 L3B 1F
C27 FF 61062 102200  780 182  389    -5852605    -49         -40     -1   27  10  256  +55  289  +42  289   42  17  0  0 L3B 21
C29 FF 61062 102200  780 260 1580    -5535891    -11         -38    +41   20  10  184  -44  296  -40  296  -40  13  0  0 L3B 39
C30 FF 61062 102200  780 439  975    -3702227   -104         -14    -21   21  10  117   -5  203  -29  203  -29  12  0  0 L3B 0F
C36 FF 61062 102200  780 615  968    -3045845    +32         -20    +16   17  10   92   +6  164   +5  164    5   9  0  0 L3B C3
C40 FF 61062 102200  780 130  374    +2016823   +153         -60   +122   35  10  352  +59  320  -52  320  -52  20  0  0 L3B 21
C42 FF 61062 102200  780 202 3172    +9153493    -20         -20    +21   36  10  232  -15  218   +0  218    0  23  0  0 L3B DD
C45 FF 61062 102200  780 647 2839    +6579603   +193         -45     +6   17  10   89   -5  172   -2  172   -2  10  0  0 L3B 00
C21 FF 61062 103800  780 222 2588    +8875819    -37         -42    +13   27  10  212  +43  247  +16  247   16  16  0  0 L3B 37
C26 FF 61062 103800  780 132 2844    +5853203   -115         -17   -170  142  10  350 -141  238  +87  238   87  78  0  0 L3B 82
C27 FF 61062 103800  780 140  352    -5852665    -27         -54    +21   30  10  329 +104  326  +16  326   16  19  0  0 L3B 29
C29 FF 61062 103800  780 326 1556    -5535934    -50         -30     +2   15  10  150  -28  270  -69  270  -69  11  0  0 L3B 2F
C30 FF 61062 103800  780 453  883    -3702308   -102         -14    -19   15  10  114   -1  201  +35  201   35   9  0  0 L3B EE
C36 FF 61062 103800  780 553 1016    -3045833    +63         -24    +47   16  10   98   +8  182   -5  182   -5  10  0  0 L3B F3
C40 FF 61062 103800  780 107  381    +2016871     +5         -41    -25   22  10  421  +86  353  +51  353   51  14  0  0 L3B F3
C42 FF 61062 103800  780 210 3109    +9153451    +46         -21    +87   27  10  224   -3  229  -46  229  -46  17  0  0 L3B 28
C45 FF 61062 103800  780 712 2868    +6579794   +156         -34    -31   17  10   85   -3  164  +19  164   19  10  0  0 L3B 37
C21 FF 61062 105400  780 174 2539    +8875779    -13         -34    +37   32  10  267  +75  262   +4  262    4  19  0  0 L3B 1F
C26 FF 61062 105400  780 187 2873    +5853247    +63         -26     +7   26  10  251  -74  232  -22  232  -22  16  0  0 L3B 2C
C29 FF 61062 105400  780 391 1526    -5535998    -56         -44     -4   21  10  128  -19  222  -15  222  -15  11  0  0 L3B 2F
C30 FF 61062 105400  780 452  790    -3702387    -82         -15     +0   14  10  114   +2  213  +13  213   13   8  0  0 L3B C6
C36 FF 61062 105400  780 491 1060    -3045818    +36         -24    +20   16  10  107  +10  201   +8  201    8   9  0  0 L3B DA
C42 FF 61062 105400  780 207 3044    +9153419    -30         -13    +12   25  10  227   +9  227  -15  227  -15  15  0  0 L3B 15
C45 FF 61062 105400  780 777 2886    +6579964   +181         -43     -6   13  10   83   -2  170   +1  170    1   7  0  0 L3B E6
C21 FF 61062 111000  780 123 2495    +8875721    -39         -43    +12   36  11  372 +154  293  +24  293   24  24  0  0 L3B 3F
C26 FF 61062 111000  780 243 2898    +5853298    +85         -29    +29   22  11  196  -45  223  -31  223  -31  14  0  0 L3B 47
C29 FF 61062 111000  780 455 1484    -5536038    -37         -38    +14   18  11  113  -13  219  -24  219  -24  11  0  0 L3B 36
C30 FF 61062 111000  780 436  703    -3702483   -122         -38    -40   14  11  117   +5  224  +29  224   29   9  0  0 L3B F8
C36 FF 61062 111000  780 430 1102    -3045793    +25          -5    +10   20  11  118  +14  217  +21  217   21  11  0  0 L3B E6
C42 FF 61062 111000  780 193 2981    +9153379    +11         -17    +53   28  11  241  +23  234  -10  234  -10  17  0  0 L3B 26
C45 FF 61062 111000  780 843 2852    +6580147   +213         -34    +27   14  11   81   -1  169  -13  169  -13   8  0  0 L3B 15
C26 FF 61062 112600  780 301 2920    +5853353    +99         -28    +43   24  11  161  -30  212  -42  212  -42  15  0  0 L3B 28
C29 FF 61062 112600  780 514 1427    -5536090    -59         -39     -7   22  11  103   -9  214   +4  214    4  13  0  0 L3B E1
C30 FF 61062 112600  780 407  628    -3702556    -65         -33    +18   25  11  124   +9  227   +0  227    0  14  0  0 L3B D8
C35 FF 61062 112600  780 101 1913    +2415521   +189         -91    +47   34  11  456 -278  397 -128  397 -128  24  0  0 L3B 9B
C36 FF 61062 112600  780 369 1142    -3045790    +14         -16     -1   21  11  134  +19  235   -2  235   -2  12  0  0 L3B ED
C42 FF 61062 112600  780 170 2920    +9153347    -26          -9    +16   35  11  272  +43  239   +1  239    1  24  0  0 L3B F1
C45 FF 61062 112600  780 882 1687    +6580330   +207         -30    +21   11  11   81   +0  171   -4  171   -4   6  0  0 L3B E1
C26 FF 61062 114200  780 360 2937    +5853408    +68         -26    +12   18  11  137  -21  199  -17  199  -17  12  0  0 L3B 4D
C29 FF 61062 114200  780 567 1345    -5536140    -48         -40     +3   15  11   97   -5  207   +3  207    3   8  0  0 L3B C2
C30 FF 61062 114200  780 367  569    -3702634    -84         -31     -2   14  11  135  +14  234   +0  234    0   9  0  0 L3B C2
C35 FF 61062 114200  780 164 1916    +2415686    +96         -62    -45   19  11  285 -111  300   +2  300    2  12  0  0 L3B 0D
C36 FF 61062 114200  780 309 1179    -3045770     +6         -11     -9   22  11  157  +28  239  +35  239   35  13  0  0 L3B 0D
C42 FF 61062 114200  780 139 2863    +9153301   -140         -14    -99   37  11  330  +80  257  +77  257   77  21  0  0 L3B 4B
C45 FF 61062 114200  780 818 1353    +6580487   +187         -52     +1   19  11   82   +1  189   +3  189    3  11  0  0 L3B F1
C26 FF 61062 115800  780 421 2946    +5853461    +18         -26    -38   14  11  121  -15  189  +11  189   11   9  0  0 L3B 27
C29 FF 61062 115800  780 607 1233    -5536188    -99         -39    -47   16  11   93   -3  203  +19  203   19   9  0  0 L3B 16
C30 FF 61062 115800  780 320  526    -3702713    -81         -32     +1   19  11  152  +22  254  +19  254   19  13  0  0 L3B F6
C33 FF 61062 115800  780 105 3324    +9491911    +12         -17    +70   46  11  429   -8  276  -31  276  -31  28  0  0 L3B 31
C35 FF 61062 115800  780 230 1920    +2415821   +134         -63     -8   23  11  207  -58  283   -7  283   -7  14  0  0 L3B 17
C36 FF 61062 115800  780 249 1214    -3045752    -21          -7    -36   17  11  190  +43  272  +64  272   64  10  0  0 L3B 1A
C45 FF 61062 115800  780 749 1346    +6580682   +123         -36    -63   13  11   84   +3  179  +32  179   32   7  0  0 L3B 21
C26 FF 61062 121400  780 483 2946    +5853511    +92         -30    +36   16  12  108  -11  181  -32  181  -32   9  0  0 L3B 26
C29 FF 61062 121400  780 628 1093    -5536244    -52         -51     -1   17  12   91   -1  195  -11  195  -11  10  0  0 L3B FD
C30 FF 61062 121400  780 269  495    -3702792    -89         -32     -7   21  12  178  +34  257  +12  257   12  13  0  0 L3B 14
C33 FF 61062 121400  780 102 3266    +9491851   -116         -16    -57   33  12  440  +32  281  +32  281   32  19  0  0 L3B 38
C35 FF 61062 121400  780 298 1926    +2415957   +121         -69    -21   18  12  163  -35  264  -29  264  -29  10  0  0 L3B 5E
C36 FF 61062 121400  780 191 1247    -3045750    +15         -13     +1   24  12  245  +73  326  +53  326   53  14  0  0 L3B 0A
C45 FF 61062 121400  780 679 1364    +6580849   +164         -46    -22   12  12   87   +4  185  +12  185   12   7  0  0 L3B 1C
C26 FF 61062 123000  780 544 2930    +5853567    +73         -28    +17   19  12   99   -8  174  -15  174  -15  11  0  0 L3B 2C
C29 FF 61062 123000  780 626  944    -5536288    -47         -47     +5   13  12   91   +1  185   -6  185   -6   7  0  0 L3B D6
C30 FF 61062 123000  780 214  476    -3702871    -49         -32    +33   21  12  219  +55  264  -17  264  -17  14  0  0 L3B 23
C35 FF 61062 123000  780 367 1932    +2416094   +166         -68    +23   16  12  135  -23  228  -43  228  -43  10  0  0 L3B 49
C36 FF 61062 123000  780 133 1277    -3045726    +10          -3     -5   28  12  346 +147  355  +22  355   22  19  0  0 L3B 13
C45 FF 61062 123000  780 610 1387    +6581023   +209         -51    +23   18  12   92   +6  188  -11  188  -11  10  0  0 L3B 1D
C24 FF 61062 124600  780 144 3036     +195975   +338          -6    +44   21  12  323 -127  263  -44  263  -44  14  0  0 L3B 3E
C26 FF 61062 124600  780 604 2891    +5853614    +21         -34    -35   15  12   93   -6  174  +18  174   18   8  0  0 L3B 08
C29 FF 61062 124600  780 602  815    -5536346    -82         -55    -31   13  12   93   +3  188  +22  188   22   7  0  0 L3B F5
C30 FF 61062 124600  780 159  467    -3702962    -97         -45    -15   20  12  292 +101  282  +10  282   10  12  0  0 L3B 25
C35 FF 61062 124600  780 437 1936    +2416233   +121         -66    -21   22  12  117  -16  201  -10  201  -10  14  0  0 L3B 27
C38 FF 61062 124600  780 121  683    -2700129    -58         -51    -38   25  12  377  -99  324   +1  324    1  14  0  0 L3B 00
C45 FF 61062 124600  780 540 1412    +6581197   +179         -56     -8   17  12  100   +9  195  +14  195   14  10  0  0 L3B 22
C24 FF 61062 130200  780 201 3045     +196243   +277         -22    -17   30  13  235  -66  260   -5  260   -5  19  0  0 L3B 06
C26 FF 61062 130200  780 659 2813    +5853671    +44         -34    -12   12  13   89   -4  169   +8  169    8   7  0  0 L3B EE
C29 FF 61062 130200  780 561  719    -5536380    -49         -36     +3   14  13   97   +6  180   +2  180    2   8  0  0 L3B B8
C30 FF 61062 130200  780 102  466    -3703039   -121         -40    -38   27  13  442 +234  297  +30  297   30  16  0  0 L3B 31
C35 FF 61062 130200  780 509 1938    +2416365   +121         -75    -21   16  13  104  -11  189   -2  189   -2   9  0  0 L3B 17
C38 FF 61062 130200  780 153  669    -2700146    +16         -52    +36   21  13  302  -60  269  -48  269  -48  14  0  0 L3B 30
C45 FF 61062 130200  780 471 1437    +6581383   +143         -55    -44   19  13  110  +13  201  +33  201   33  11  0  0 L3B 22
C24 FF 61062 131800  780 259 3048     +196526   +327         -21    +33   26  13  185  -40  238  -44  238  -44  17  0  0 L3B 47
C26 FF 61062 131800  780 701 2676    +5853725    +29         -34    -27   12  13   86   -2  167  +13  167   13   7  0  0 L3B 08
C29 FF 61062 131800  780 510  656    -5536436    -44         -43     +7   15  13  104   +8  189   -2  189   -2   9  0  0 L3B E2
C35 FF 61062 131800  780 580 1932    +2416502   +132         -74    -11   16  13   95   -8  178   +0  178    0   9  0  0 L3B E8
C38 FF 61062 131800  780 183  652    -2700141    -30         -28    -11   25  13  256  -39  240   -2  240   -2  16  0  0 L3B F3
C44 FF 61062 131800  780 142 2163    -8953004    +58         -21    -31   34  13  328 -141  302  -49  302  -49  24  0  0 L3B 48
C45 FF 61062 131800  780 403 1461    +6581568   +134         -49    -52   14  13  125  +18  205  +34  205   34   8  0  0 L3B 2E
C24 FF 61062 133400  780 317 3041     +196809   +296         -20     +2   30  13  154  -26  212  -16  212  -16  18  0  0 L3B 17
C26 FF 61062 133400  780 720 2475    +5853778    +35         -35    -21   19  13   85   +0  168  +11  168   11  11  0  0 L3B 0F
C29 FF 61062 133400  780 454  618    -5536477    -57         -35     -6   17  13  113  +12  188   +6  188    6  10  0  0 L3B FC
C35 FF 61062 133400  780 651 1912    +2416629   +129         -85    -13   20  13   89   -5  179   -2  179   -2  12  0  0 L3B 11
C38 FF 61062 133400  780 210  634    -2700182    -49         -50    -30   28  13  224  -27  245  +16  245   16  16  0  0 L3B 13
C44 FF 61062 133400  780 204 2185    -8952923    +74         -25    -14   24  13  232  -70  273  -34  273  -34  14  0  0 L3B 40
C45 FF 61062 133400  780 335 1483    +6581750   +175         -46    -12   14  13  146  +26  215  +21  215   21   8  0  0 L3B 27
C24 FF 61062 135000  780 374 3024     +197082   +284         -30    -10   19  13  133  -18  201   -7  201   -7  12  0  0 L3B FD
C26 FF 61062 135000  780 707 2261    +5853841    +53         -26     -3   16  13   86   +2  158   +0  158    0   9  0  0 L3B C3
C29 FF 61062 135000  780 395  599    -5536535    -36         -43    +15   18  13  127  +17  197   -5  197   -5  11  0  0 L3B 24
C35 FF 61062 135000  780 720 1858    +2416771   +116         -80    -27   16  13   85   -3  165   +8  165    8   9  0  0 L3B F7
C38 FF 61062 135000  780 234  612    -2700192    -11         -41     +9   23  13  202  -19  232  -17  232  -17  15  0  0 L3B FD
C44 FF 61062 135000  780 267 2210    -8952834    +58         -21    -31   28  13  180  -41  241   +9  241    9  17  0  0 L3B 0C
C45 FF 61062 135000  780 269 1503    +6581931   +149         -45    -37   21  13  177  +41  229  +42  229   42  12  0  0 L3B 46
C24 FF 61062 140600  780 429 2992     +197364   +292         -31     -2   17  14  119  -12  185  -13  185  -13  10  0  0 L3B 2C
C26 FF 61062 140600  780 667 2102    +5853889    +38         -32    -18   16  14   88   +3  161   +9  161    9   9  0  0 L3B F0
C29 FF 61062 140600  780 335  593    -5536583    -94         -38    -42   16  14  146  +24  206  +38  206   38   9  0  0 L3B 27
C35 FF 61062 140600  780 780 1718    +2416925   +115         -47    -26    9  14   83   -2  148  +11  148   11   6  0  0 L3B FF
C38 FF 61062 140600  780 255  589    -2700201    -46         -31    -26   23  14  187  -14  212   +3  212    3  14  0  0 L3B E8
C44 FF 61062 140600  780 331 2237    -8952756    +66         -28    -22   29  14  148  -27  222  -17  222  -17  17  0  0 L3B 4D
C45 FF 61062 140600  780 204 1522    +6582097   +212         -48    +26   19  14  229  +70  257  +12  257   12  11  0  0 L3B 3B
C24 FF 61062 142200  780 480 2941     +197644   +311         -34    +17   16  14  109   -8  175  -27  175  -27   9  0  0 L3B 24
C26 FF 61062 142200  780 610 2003    +5853946     +2         -29    -54   19  14   92   +6  163  +29  163   29  11  0  0 L3B FB
C29 FF 61062 142200  780 276  596    -5536620    -60         -26     -9   17  14  174  +35  207  +13  207   13  10  0  0 L3B 0D
C35 FF 61062 142200  780 815 1372    +2417039   +158         -68    +16   18  14   82   +0  159  -14  159  -14  10  0  0 L3B 2B
C38 FF 61062 142200  780 273  564    -2700225    -16         -37     +4   12  14  175  -10  206   -7  206   -7   7  0  0 L3B D8
C44 FF 61062 142200  780 395 2267    -8952662    +82         -19     -6   18  14  127  -18  191  -23  191  -23  11  0  0 L3B 3D
C45 FF 61062 142200  780 141 1537    +6582262   +178         -62     -8   23  14  327 +142  287  +31  287   31  13  0  0 L3B 46
C24 FF 61062 143800  780 522 2868     +197939   +285         -21     -9   24  14  102   -5  158   +3  158    3  13  0  0 L3B F7
C26 FF 61062 143800  780 546 1944    +5854004    +39         -25    -17   14  14   99   +8  162  +15  162   15   8  0  0 L3B 0C
C29 FF 61062 143800  780 218  607    -5536687    -61         -43    -10   14  14  216  +56  228  +22  228   22   9  0  0 L3B 19
C35 FF 61062 143800  780 795  968    +2417186   +164         -57    +23   13  14   82   +1  152  -15  152  -15   7  0  0 L3B 15
C38 FF 61062 143800  780 287  537    -2700261    +10         -53    +29   14  14  168   -7  207  -29  207  -29   9  0  0 L3B 17
C44 FF 61062 143800  780 461 2299    -8952579    +75         -21    -14   16  14  112  -13  177  -13  177  -13  10  0  0 L3B 4C
C24 FF 61062 145400  780 551 2770     +198205   +310         -38    +16   19  14   99   -3  165  -10  165  -10  11  0  0 L3B 11
C26 FF 61062 145400  780 478 1908    +5854053    +78         -30    +22   18  14  109  +12  173   -4  173   -4  11  0  0 L3B 1B
C29 FF 61062 145400  780 161  624    -5536741    -42         -47    +10   23  14  288  +99  239   +7  239    7  14  0  0 L3B 11
C35 FF 61062 145400  780 742  786    +2417319   +140         -59     -2   13  14   84   +3  153   +0  153    0   7  0  0 L3B BD
C38 FF 61062 145400  780 296  510    -2700269     -5         -42    +15   15  14  163   -4  197   -7  197   -7   9  0  0 L3B E4
C44 FF 61062 145400  780 527 2334    -8952498    +71         -24    -18   22  14  102   -9  165   -1  165   -1  13  0  0 L3B 0E
C20 FF 61062 151000  780 125  529    +9592933   +100         -41     -3   55  15  366  -62  233  -10  233  -10  34  0  0 L3B 17
C24 FF 61062 151000  780 563 2655     +198500   +292         -23     -2   21  15   97   +0  157   +5  157    5  12  0  0 L3B CC
C25 FF 61062 151000  780 147 3192    -9603090   +112         -28    +15   23  15  315 -112  249  -33  249  -33  14  0  0 L3B 54
C26 FF 61062 151000  780 409 1885    +5854100    +53         -31     -3   16  15  123  +18  190  +26  190   26  10  0  0 L3B 0D
C29 FF 61062 151000  780 105  645    -5536802    -48         -63     +3   45  15  431 +216  242  -16  242  -16  28  0  0 L3B 29
C35 FF 61062 151000  780 680  723    +2417461   +167         -41    +27   19  15   87   +4  149  -15  149  -15  11  0  0 L3B 1C
C38 FF 61062 151000  780 302  482    -2700290    -39         -44    -19   16  15  160   -2  191   +3  191    3  10  0  0 L3B D4
C44 FF 61062 151000  780 594 2371    -8952418   +102         -33    +14   13  15   94   -7  163  -14  163  -14   8  0  0 L3B 1A
C20 FF 61062 152600  780 142  470    +9593046   +152         -27    +49   48  15  324  -28  214  -44  214  -44  29  0  0 L3B 45
C24 FF 61062 152600  780 556 2534     +198777   +307         -27    +13   16  15   98   +2  161   -8  161   -8   9  0  0 L3B FA
C25 FF 61062 152600  780 199 3169    -9603026   +150         -57    +53   38  15  237  -59  251  -55  251  -55  24  0  0 L3B 69
C26 FF 61062 152600  780 340 1871    +5854167    +39         -17    -17   14  15  144  +26  199  +24  199   24   8  0  0 L3B 38
C34 FF 61062 152600  780 124 2457    -8683419    -73         -32     +7   39  15  372 -164  290  -28  290  -28  25  0  0 L3B 5C
C35 FF 61062 152600  780 616  706    +2417584   +170         -53    +30   11  15   92   +6  159  -16  159  -16   6  0  0 L3B 0E
C38 FF 61062 152600  780 303  455    -2700321     -1         -57    +19   21  15  160   +0  189  -17  189  -17  11  0  0 L3B FE
C44 FF 61062 152600  780 660 2413    -8952324    +86         -25     -3   19  15   88   -5  154   -5  154   -5  11  0  0 L3B F1
C19 FF 61062 154200  780 144  878    +9656579    -14         -23    -54   33  15  321  -94  203   +6  203    6  19  0  0 L3B 0F
C20 FF 61062 154200  780 150  410    +9593146    +91         -26    -12   38  15  308   -6  197   -9  197   -9  23  0  0 L3B 03
C24 FF 61062 154200  780 530 2424     +199058   +264         -29    -30   15  15  101   +5  164  +19  164   19   9  0  0 L3B 0A
C25 FF 61062 154200  780 246 3136    -9602921   +119         -45    +22   25  15  194  -35  224  -35  224  -35  14  0  0 L3B 4E
C26 FF 61062 154200  780 272 1860    +5854212    +65         -26     +9   19  15  176  +41  222  +17  222   17  12  0  0 L3B 19
C34 FF 61062 154200  780 179 2492    -8683481    -67         -16    +14   27  15  261  -80  251  -41  251  -41  17  0  0 L3B 4D
C35 FF 61062 154200  780 552  711    +2417731   +120         -41    -21   14  15   98   +8  151   +9  151    9   8  0  0 L3B CD
C38 FF 61062 154200  780 300  430    -2700344    -63         -61    -43   19  15  161   +2  182  +13  182   13  11  0  0 L3B EE
C44 FF 61062 154200  780 727 2460    -8952239    +83         -25     -6   16  15   85   -3  149   -1  149   -1   9  0  0 L3B E9
C19 FF 61062 155800  780 184  825    +9656619    +51         -22    +10   24  15  254  -51  185  -31  185  -31  16  0  0 L3B 39
C20 FF 61062 155800  780 147  349    +9593229    +50         -43    -53   47  15  313  +16  197  +30  197   30  28  0  0 L3B 31
C24 FF 61062 155800  780 489 2334     +199340   +279         -29    -15   16  15  107   +8  163  +13  163   13   9  0  0 L3B 1D
C25 FF 61062 155800  780 289 3092    -9602807    +83         -23    -14   23  15  167  -21  194  -15  194  -15  14  0  0 L3B 50
C26 FF 61062 155800  780 206 1851    +5854262    +77         -30    +21   20  15  228  +70  246  +12  246   12  13  0  0 L3B 25
C34 FF 61062 155800  780 235 2528    -8683540    -71           2     +9   24  15  202  -47  208  -38  208  -38  15  0  0 L3B 1F
C35 FF 61062 155800  780 490  727    +2417862   +137         -45     -3   18  15  107  +10  151   -2  151   -2  10  0  0 L3B FB
C38 FF 61062 155800  780 293  406    -2700346    -10         -44     +9   18  15  164   +5  162  -12  162  -12  11  0  0 L3B FC
C44 FF 61062 155800  780 793 2522    -8952148    +92         -19     +3   10  15   82   -2  138   -9  138   -9   5  0  0 L3B ED
C19 FF 61062 161400  780 218  766    +9656649    +62         -35    +21   23  16  217  -29  165  -30  165  -30  14  0  0 L3B 3B
C20 FF 61062 161400  780 135  292    +9593337    +96         -34     -7   30  16  340  +43  182  -16  182  -16  18  0  0 L3B 20
C24 FF 61062 161400  780 439 2264     +199618   +311         -28    +17   18  16  116  +12  166   -8  166   -8  10  0  0 L3B 20
C25 FF 61062 161400  780 323 3037    -9602721   +116         -30    +19   19  16  151  -13  181  -23  181  -23  12  0  0 L3B 3A
C26 FF 61062 161400  780 142 1843    +5854316    +36         -30    -20   18  16  324 +142  273  +39  273   39  12  0  0 L3B 40
C34 FF 61062 161400  780 292 2565    -8683625    -94          -6    -13   20  16  165  -31  187  -12  187  -12  12  0  0 L3B 3A
C35 FF 61062 161400  780 429  750    +2417993   +118         -54    -23   15  16  118  +14  151  +11  151   11   9  0  0 L3B 15
C38 FF 61062 161400  780 283  386    -2700352    +41         -29    +61   17  16  170   +7  147  -47  147  -47  10  0  0 L3B 1F
C44 FF 61062 161400  780 859 2660    -8952056    +79         -11    -10   11  16   81   -1  128   +0  128    0   7  0  0 L3B D6
C19 FF 61062 163000  780 243  701    +9656687    +75         -35    +35   29  16  196  -16  149  -42  149  -42  17  0  0 L3B 4C
C20 FF 61062 163000  780 113  239    +9593438   +142         -33    +39   34  16  402  +91  164  -49  164  -49  21  0  0 L3B 43
C22 FF 61062 163000  780 139 1233    -4327517   -107         -41    -76   52  16  334 -134  206   -2  206   -2  32  0  0 L3B 2D
C24 FF 61062 163000  780 382 2210     +199904   +310         -24    +17   15  16  130  +18  169   -7  169   -7   8  0  0 L3B 05
C25 FF 61062 163000  780 348 2971    -9602612   +114         -14    +17   20  16  141   -7  159  -12  159  -12  12  0  0 L3B 32
C34 FF 61062 163000  780 350 2604    -8683705    -45          -9    +36   23  16  141  -21  168  -40  168  -40  13  0  0 L3B 2B
C35 FF 61062 163000  780 369  778    +2418127   +137         -55     -3   18  16  134  +19  148   -4  148   -4  11  0  0 L3B 14
C38 FF 61062 163000  780 269  369    -2700353    -11         -11     +9   12  16  178   +9  124  -23  124  -23   8  0  0 L3B F1
C44 FF 61062 163000  780 872  499    -8951974    +74         -14    -15   12  16   81   +0  124   +4  124    4   7  0  0 L3B D0
C19 FF 61062 164600  780 258  633    +9656746    +27         -15    -14   24  16  185   -7  124   +1  124    1  14  0  0 L3B F2
C22 FF 61062 164600  780 195 1194    -4327549    -74         -42    -43   26  16  242  -68  174   +0  174    0  17  0  0 L3B 1C
C24 FF 61062 164600  780 322 2168     +200199   +310         -12    +16   20  16  151  +26  168   +4  168    4  12  0  0 L3B F5
C25 FF 61062 164600  780 362 2897    -9602533   +127         -28    +30   21  16  137   -2  162  -30  162  -30  12  0  0 L3B 37
C34 FF 61062 164600  780 408 2644    -8683786    -76         -12     +5   18  16  124  -15  157  -17  157  -17  10  0  0 L3B 46
C35 FF 61062 164600  780 311  809    +2418279   +163         -39    +22   18  16  156  +26  135  -19  135  -19  11  0  0 L3B 47
C38 FF 61062 164600  780 253  355    -2700404    -11         -43     +9   16  16  188  +13  131  -15  131  -15   9  0  0 L3B FD
C44 FF 61062 164600  780 808  707    -8951897    +73         -22    -16   13  16   82   +2  121   +1  121    1   7  0  0 L3B C9
C19 FF 61062 170200  780 261  564    +9656782     +7         -14    -34   26  17  183   +1  117  +13  117   13  15  0  0 L3B FB
C22 FF 61062 170200  780 249 1149    -4327575     -7         -37    +24   25  17  192  -39  152  -43  152  -43  16  0  0 L3B 37
C23 FF 61062 170200  780 120 3277    +5043331    -61         -30     +6   36  17  383 -128  198  -19  198  -19  21  0  0 L3B 42
C24 FF 61062 170200  780 260 2135     +200472   +305         -19    +12   19  17  183  +41  185   +0  185    0  12  0  0 L3B EB
C25 FF 61062 170200  780 362 2818    -9602445   +118         -33    +21   19  17  137   +2  159  -19  159  -19  11  0  0 L3B 46
C34 FF 61062 170200  780 468 2684    -8683854    -78          -4     +3   22  17  111  -11  139   -8  139   -8  13  0  0 L3B 0D
C35 FF 61062 170200  780 255  842    +2418398   +169         -66    +28   23  17  186  +39  139  -21  139  -21  14  0  0 L3B 53
C38 FF 61062 170200  780 234  345    -2700399    +61         -16    +81   12  17  202  +16  110  -62  110  -62   8  0  0 L3B 04
C44 FF 61062 170200  780 744  777    -8951809    +57         -17    -32   16  17   84   +3  112  +13  112   13   9  0  0 L3B F4
C19 FF 61062 171800  780 253  497    +9656827    +63          -8    +23   19  17  188  +10  110  -18  110  -18  12  0  0 L3B 28
C22 FF 61062 171800  780 300 1097    -4327621    -24         -53     +8   22  17  162  -25  145  -18  145  -18  13  0  0 L3B 25
C23 FF 61062 171800  780 157 3237    +5043278    -53         -18    +15   25  17  295  -64  173  -28  173  -28  16  0  0 L3B 55
C24 FF 61062 171800  780 199 2107     +200760   +339         -13    +45   21  17  235  +70  192  -14  192  -14  14  0  0 L3B 33
C25 FF 61062 171800  780 349 2740    -9602339    +50         -20    -46   22  17  141   +7  149  +36  149   36  13  0  0 L3B 27
C34 FF 61062 171800  780 528 2724    -8683940    -87         -12     -6   18  17  101   -9  134   -3  134   -3  11  0  0 L3B 01
C35 FF 61062 171800  780 200  876    +2418539   +134         -61     -8   23  17  234  +62  137   +1  137    1  15  0  0 L3B F7
C38 FF 61062 171800  780 213  339    -2700422     +7         -21    +27   12  17  220  +21  105   -3  105   -3   8  0  0 L3B C4
C44 FF 61062 171800  780 681  830    -8951720    +56         -12    -32   13  17   87   +4  104  +14  104   14   8  0  0 L3B E7
C19 FF 61062 173400  780 233  435    +9656865    +93          -9    +53   24  17  202  +20  106  -32  106  -32  15  0  0 L3B 1A
C21 FF 61062 173400  780 123 1535    +8874551    -12         -58    +38   45  17  377 -189  188  -51  188  -51  27  0  0 L3B 77
C22 FF 61062 173400  780 345 1035    -4327634    -33         -36     -2   14  17  143  -16  125   -2  125   -2   8  0  0 L3B E7
C23 FF 61062 173400  780 188 3188    +5043195    -62         -36     +6   26  17  249  -35  175   -5  175   -5  14  0  0 L3B 20
C24 FF 61062 173400  780 139 2082     +201031   +283         -24    -10   22  17  332 +140  207  +24  207   24  14  0  0 L3B 19
C25 FF 61062 173400  780 325 2667    -9602248   +110         -22    +14   19  17  150  +13  151   -4  151   -4  13  0  0 L3B 18
C34 FF 61062 173400  780 590 2765    -8684016   -107         -11    -26   16  17   94   -6  124   +5  124    5   9  0  0 L3B F8
C35 FF 61062 173400  780 147  911    +2418661    +80         -75    -62   34  17  314 +111  139  +28  139   28  21  0  0 L3B 35
C38 FF 61062 173400  780 191  337    -2700434    -12         -13     +8   16  17  244  +28  102  -11  102  -11  11  0  0 L3B F9
C44 FF 61062 173400  780 618  878    -8951648    +64         -25    -24   12  17   92   +6  108  +13  108   13   7  0  0 L3B 00
C19 FF 61062 175000  780 204  380    +9656899     +9         -13    -31   18  17  229  +37  104  +12  104   12  11  0  0 L3B 0B
C21 FF 61062 175000  780 186 1513    +8874504    -49         -56     +1   20  17  253  -86  165  -20  165  -20  12  0  0 L3B 2C
C22 FF 61062 175000  780 382  962    -4327668    -40         -39     -9   30  17  131  -10  122   +1  122    1  18  0  0 L3B DC
C23 FF 61062 175000  780 210 3132    +5043131    -68         -35     +0   27  17  224  -18  170  -13  170  -13  16  0  0 L3B 0B
C25 FF 61062 175000  780 291 2601    -9602164   +106         -30     +9   23  17  166  +20  161   +5  161    5  13  0  0 L3B F6
C34 FF 61062 175000  780 653 2805    -8684100    -71         -18    +10   18  17   89   -5  120  -11  120  -11  10  0  0 L3B 07
C38 FF 61062 175000  780 168  338    -2700485    -59         -45    -39   23  17  275  +38  119  +42  119   42  13  0  0 L3B 36
C43 FF 61062 175000  780 109 2763    -1302694    -12           7     -3   38  17  420 -199  204  -25  204  -25  24  0  0 L3B 1E
C44 FF 61062 175000  780 556  923    -8951555    +99         -17    +10   10  17   98   +7  102   -8  102   -8   6  0  0 L3B E4
C19 FF 61062 180600  780 167  335    +9656920     -4         -29    -44   29  18  278  +66  114  +32  114   32  17  0  0 L3B 23
C21 FF 61062 180600  780 251 1489    +8874465    -76         -45    -26   19  18  191  -48  148   +4  148    4  12  0  0 L3B 2F
C22 FF 61062 180600  780 407  880    -4327691    -22         -40     +9   18  18  124   -5  112   -8  112   -8  10  0  0 L3B DD
C23 FF 61062 180600  780 222 3071    +5043080    -81         -22    -13   23  18  212   -7  155   +4  155    4  14  0  0 L3B DF
C25 FF 61062 180600  780 249 2543    -9602059   +132         -19    +35   21  18  190  +32  159  -14  159  -14  13  0  0 L3B 54
C34 FF 61062 180600  780 717 2845    -8684165    -57         -10    +23   13  18   85   -3  108  -19  108  -19   7  0  0 L3B 21
C38 FF 61062 180600  780 144  343    -2700504    -78         -45    -58   28  18  318  +52  115  +30  115   30  17  0  0 L3B 1E
C43 FF 61062 180600  780 162 2795    -1302716    -15         -13     -6   23  18  287  -95  192  -20  192  -20  15  0  0 L3B 32
C44 FF 61062 180600  780 495  966    -8951478   +102         -23    +14   15  18  106  +10  105  -11  105  -11   9  0  0 L3B 28
C19 FF 61062 182200  780 123  298    +9656983    +48          -4     +8   20  18  370 +135   96  -14   96  -14  11  0  0 L3B 0F
C21 FF 61062 182200  780 316 1460    +8874413    -85         -49    -35   23  18  154  -30  139  +11  139   11  13  0  0 L3B 2F
C22 FF 61062 182200  780 419  792    -4327720     -5         -39    +26   25  18  121   -1  108  -25  108  -25  14  0  0 L3B 04
C23 FF 61062 182200  780 224 3007    +5043034    -56          -3    +12   21  18  210   +3  133  -16  133  -16  13  0  0 L3B ED
C25 FF 61062 182200  780 203 2493    -9601990   +120         -42    +23   28  18  231  +54  181   -2  181   -2  18  0  0 L3B 21
C34 FF 61062 182200  780 782 2884    -8684247    -82         -14     -2   11  18   83   -2  106   -2  106   -2   6  0  0 L3B DC
C38 FF 61062 182200  780 120  351    -2700527    -80         -49    -60   25  18  378  +75  110  +33  110   33  17  0  0 L3B 14
C43 FF 61062 182200  780 217 2826    -1302710    +85           1    +93   27  18  218  -55  153  -95  153  -95  18  0  0 L3B 2E
C44 FF 61062 182200  780 435 1008    -8951395   +118         -25    +29   12  18  117  +13  106  -20  106  -20   7  0  0 L3B 33
C21 FF 61062 183800  780 380 1424    +8874370    -54         -43     -3   18  18  131  -19  126  -14  126  -14  10  0  0 L3B 2A
C22 FF 61062 183800  780 415  703    -4327759    -17         -49    +13   17  18  122   +3  112   -8  112   -8   9  0  0 L3B E9
C23 FF 61062 183800  780 216 2942    +5042955    -75         -17     -7   24  18  218  +13  139   +4  139    4  14  0  0 L3B 07
C25 FF 61062 183800  780 153 2448    -9601889   +131         -35    +34   27  18  301  +97  185   -6  185   -6  16  0  0 L3B 4B
C34 FF 61062 183800  780 847 2919    -8684321    -47         -11    +34   15  18   81   -1  100  -28  100  -28   9  0  0 L3B 16
C43 FF 61062 183800  780 273 2854    -1302709    -10          11     -1   20  18  176  -35  118  -22  118  -22  13  0  0 L3B 11
C44 FF 61062 183800  780 375 1048    -8951311    +37         -25    -51   16  18  132  +18  107  +30  107   30  10  0  0 L3B 27
C21 FF 61062 185400  780 443 1376    +8874327    -14         -38    +37   23  18  116  -13  115  -31  115  -31  13  0  0 L3B 3B
C22 FF 61062 185400  780 397  622    -4327774    -11         -33    +20   30  18  126   +7  100  -13  100  -13  17  0  0 L3B 02
C23 FF 61062 185400  780 197 2880    +5042893    -63         -14     +5   28  18  237  +27  133   +1  133    1  17  0  0 L3B 00
C25 FF 61062 185400  780 102 2408    -9601777    +62         -15    -35   56  18  442 +214  182  +34  182   34  36  0  0 L3B 4D
C34 FF 61062 185400  780 886 1199    -8684388    -49          -1    +32   10  18   81   +0   92  -20   92  -20   6  0  0 L3B EB
C42 FF 61062 185400  780 112 1793    +9152215    -24         -30    +17   21  18  412 -234  172  -37  172  -37  12  0  0 L3B 46
C43 FF 61062 185400  780 331 2879    -1302739    -15         -11     -6   16  18  148  -24  116  -10  116  -10  10  0  0 L3B 20
C44 FF 61062 185400  780 316 1087    -8951235    +72         -33    -16   18  18  153  +26  114  +13  114   13  10  0  0 L3B 29
C21 FF 61062 191000  780 500 1311    +8874282    -53         -44     -3   15  19  105   -9  109   -1  109   -1   8  0  0 L3B D7
C22 FF 61062 191000  780 366  552    -4327806    -45         -40    -15   21  19  135  +12  103   +5  103    5  12  0  0 L3B E1
C23 FF 61062 191000  780 170 2821    +5042820    -33         -22    +35   39  19  272  +48  142  -16  142  -16  24  0  0 L3B 2E
C34 FF 61062 191000  780 818 1210    -8684477    -88         -24     -9   11  19   82   +1   96   +2   96    2   6  0  0 L3B B9
C37 FF 61062 191000  780 104 3306    +9118660    +16           5    -39   54  19  436  -54  104  +27  104   27  31  0  0 L3B 0F
C42 FF 61062 191000  780 178 1789    +9152175    -81         -30    -39   19  19  264  -99  148   +8  148    8  13  0  0 L3B 38
C43 FF 61062 191000  780 391 2900    -1302747    +16         -13    +24   16  19  128  -17  105  -28  105  -28   9  0  0 L3B 25
C44 FF 61062 191000  780 258 1124    -8951146    +76         -28    -12   20  19  184  +39  116  +12  116   12  12  0  0 L3B 2A
C21 FF 61062 192600  780 549 1222    +8874238    -51         -40     -1   16  19   99   -5  102   -8  102   -8  10  0  0 L3B E7
C22 FF 61062 192600  780 325  497    -4327832    -36         -37     -6   19  19  150  +19  101   +7  101    7  11  0  0 L3B EA
C23 FF 61062 192600  780 136 2767    +5042757    -67         -20     +0   35  19  336  +88  143   -3  143   -3  21  0  0 L3B 0E
C34 FF 61062 192600  780 751 1244    -8684547   -146         -18    -66   13  19   84   +3   89  +34   89   34   8  0  0 L3B 18
C37 FF 61062 192600  780 112 3250    +9118696    +57         -11     +2   37  19  404  -14  111   -1  111   -1  23  0  0 L3B F3
C42 FF 61062 192600  780 246 1786    +9152147    -31         -19    +10   28  19  194  -53  128  -24  128  -24  17  0  0 L3B 4F
C43 FF 61062 192600  780 452 2915    -1302746    -39          -4    -31   20  19  114  -13   92  +10   92   10  12  0  0 L3B EB
C44 FF 61062 192600  780 201 1159    -8951054   +109         -21    +21   27  19  233  +64  116  -11  116  -11  15  0  0 L3B 3F
C21 FF 61062 194200  780 583 1108    +8874193    -22         -38    +27   19  19   95   -3   98  -20   98  -20  10  0  0 L3B 0E
C22 FF 61062 194200  780 277  456    -4327856    +22         -32    +52   17  19  173  +30   95  -33   95  -33  11  0  0 L3B 13
C34 FF 61062 194200  780 682 1278    -8684629   -111         -24    -32   14  19   87   +4   92  +20   92   20   8  0  0 L3B FE
C37 FF 61062 194200  780 111 3193    +9118752    +46          -8     -9   30  19  407  +19  104   +0  104    0  19  0  0 L3B E3
C42 FF 61062 194200  780 316 1784    +9152104    -53         -22    -12   18  19  155  -32  117  -10  117  -10  10  0  0 L3B 28
C43 FF 61062 194200  780 514 2920    -1302751    -25          -2    -16   15  19  103   -9   83   +3   83    3   9  0  0 L3B AD
C44 FF 61062 194200  780 145 1193    -8950968   +109         -19    +21   37  19  318 +121  119  -20  119  -20  23  0  0 L3B 6A
C21 FF 61062 195800  780 597  974    +8874150    -69         -33    -20   16  19   94   +0   94  +10   94   10   9  0  0 L3B E4
C22 FF 61062 195800  780 225  427    -4327878    -89         -24    -58   20  19  210  +49   88  +32   88   32  12  0  0 L3B 1D
C34 FF 61062 195800  780 614 1311    -8684723    -50         -42    +29   11  19   92   +6  100  -18  100  -18   6  0  0 L3B 07
C37 FF 61062 195800  780 101 3136    +9118815    +29           2    -26   29  19  443  +60   98  +10   98   10  17  0  0 L3B FF
C42 FF 61062 195800  780 387 1779    +9152065    -48         -21     -7   18  19  129  -21  108   -4  108   -4  10  0  0 L3B 1D
C43 FF 61062 195800  780 576 2911    -1302769    -21         -11    -13   17  19   96   -7   85   +2   85    2  10  0  0 L3B D3
C21 FF 61062 201400  780 588  839    +8874096     -3         -41    +47   17  20   94   +2   94  -30   94  -30  10  0  0 L3B DD
C22 FF 61062 201400  780 170  409    -4327932    -20         -45    +11   19  20  273  +88  100   -2  100   -2  11  0  0 L3B E0
C34 FF 61062 201400  780 546 1343    -8684803    -61         -45    +19   12  20   99   +9  102  -10  102  -10   7  0  0 L3B FB
C42 FF 61062 201400  780 459 1770    +9152016    -58         -30    -17   19  20  113  -14  107   +4  107    4  13  0  0 L3B F8
C43 FF 61062 201400  780 638 2878    -1302778     +2         -13    +10   13  20   90   -5   84   -6   84   -6   7  0  0 L3B AF
C21 FF 61062 203000  780 560  726    +8874057    -65         -32    -15   12  20   97   +4   87   +7   87    7   7  0  0 L3B B1
C22 FF 61062 203000  780 114  400    -4327936    -44         -20    -13   35  20  401 +195   81   -1   81   -1  20  0  0 L3B CE
C28 FF 61062 203000  780 135 3020    -4745804    -42         -18     +3   21  20  344 -143  103  -21  103  -21  14  0  0 L3B 11
C34 FF 61062 203000  780 478 1373    -8684868    -84         -33     -5   19  20  109  +12   98   +2   98    2  11  0  0 L3B ED
C42 FF 61062 203000  780 532 1753    +9151969     -5         -38    +36   20  20  101  -10  104  -24  104  -24  12  0  0 L3B 0B
C43 FF 61062 203000  780 696 2802    -1302791     -2         -18     +7   12  20   86   -3   85   -8   85   -8   7  0  0 L3B A4
C21 FF 61062 204600  780 517  642    +8874005    -42         -37     +7   20  20  103   +7   89   -7   89   -7  11  0  0 L3B C3
C28 FF 61062 204600  780 192 3033    -4745845    -51         -15     -5   25  20  246  -73   91   -9   91   -9  14  0  0 L3B F4
C33 FF 61062 204600  780 121 2069    +9490051    -63         -18     -4   21  20  384 -200  133   -2  133   -2  14  0  0 L3B FD
C34 FF 61062 204600  780 411 1401    -8684943    -84         -33     -4   18  20  123  +17  100   -1  100   -1  11  0  0 L3B E5
C42 FF 61062 204600  780 603 1720    +9151943    -57         -24    -15   15  20   93   -7   90   +4   90    4   9  0  0 L3B B3
C43 FF 61062 204600  780 741 2646    -1302797     +5         -15    +13   10  20   84   -2   81  -11   81  -11   6  0  0 L3B BF
C21 FF 61062 210200  780 465  587    +8873948    -56         -37     -6   12  21  111  +11   92   +3   92    3   7  0  0 L3B B9
C28 FF 61062 210200  780 250 3040    -4745904    -92         -35    -46   20  21  191  -43   94  +21   94   21  13  0  0 L3B 00
C33 FF 61062 210200  780 184 2088    +9490019    -12           7    +46   22  21  255  -89  111  -34  111  -34  13  0  0 L3B 12
C34 FF 61062 210200  780 344 1427    -8685020   -121         -20    -41   18  21  142  +25  106  +32  106   32  11  0  0 L3B 19
C39 FF 61062 210200  780 126  679     +183840    -26         -45    -31   26  21  363  -83   87  +26   87   26  14  0  0 L3B FA
C42 FF 61062 210200  780 671 1655    +9151900    -29         -31    +12   17  21   88   -4   89   -8   89   -8   9  0  0 L3B D4
C43 FF 61062 210200  780 761 2392    -1302813    -51         -23    -43   15  21   83   +0   87  +26   87   26   9  0  0 L3B D1
C21 FF 61062 211800  780 407  553    +8873894    -68         -42    -17   21  21  124  +15   95   +8   95    8  12  0  0 L3B EA
C28 FF 61062 211800  780 308 3039    -4745946    -69         -34    -23   24  21  158  -28   86  +11   86   11  15  0  0 L3B 23
C33 FF 61062 211800  780 250 2109    +9489973    -71          16    -13   22  21  191  -49   97   -3   97   -3  13  0  0 L3B FC
C34 FF 61062 211800  780 279 1451    -8685095    -85         -18     -4   14  21  172  +38  110   +9  110    9   9  0  0 L3B F7
C39 FF 61062 211800  780 155  664     +183854    +38         -36    +33   28  21  299  -52   80  -29   80  -29  17  0  0 L3B 13
C42 FF 61062 211800  780 730 1527    +9151869    -52         -24    -11   14  21   85   -2   82   +4   82    4   8  0  0 L3B B4
C43 FF 61062 211800  780 741 2132    -1302807     +5          -9    +13   10  21   84   +2   77   -8   77   -8   6  0  0 L3B 95
C21 FF 61062 213400  780 348  535    +8873852    -34         -35    +16   14  21  141  +22   92  -10   92  -10   7  0  0 L3B EC
C28 FF 61062 213400  780 367 3028    -4745994    -45         -39     +0   22  21  135  -19   89   -1   89   -1  13  0  0 L3B F9
C33 FF 61062 213400  780 316 2134    +9489902    -82           2    -24   26  21  154  -30   98   +2   98    2  15  0  0 L3B CE
C34 FF 61062 213400  780 215 1472    -8685183    -72         -28     +9   22  21  219  +63  125   +5  125    5  14  0  0 L3B FB
C39 FF 61062 213400  780 181  647     +183864     +7         -31     +3   23  21  258  -35   74   -5   74   -5  16  0  0 L3B B6
C42 FF 61062 213400  780 765 1288    +9151839    -20         -14    +21   12  21   83   -1   74  -15   74  -15   7  0  0 L3B E3
C43 FF 61062 213400  780 693 1967    -1302825     +6         -18    +14   12  21   86   +3   82   -9   82   -9   7  0  0 L3B BA
C21 FF 61062 215000  780 288  530    +8873813    -40         -26    +10   13  21  167  +33   88   -7   88   -7   9  0  0 L3B DD
C28 FF 61062 215000  780 424 3003    -4746034    -51         -35     -6   14  21  120  -13   85   +0   85    0   8  0  0 L3B AD
C33 FF 61062 215000  780 384 2162    +9489846    -57           2     +2   17  21  130  -20   89   -6   89   -6  10  0  0 L3B D0
C34 FF 61062 215000  780 152 1491    -8685255    -84         -23     -3   20  21  304 +123  125   +8  125    8  13  0  0 L3B FF
C39 FF 61062 215000  780 205  628     +183873     +0         -26     -5   20  21  230  -25   69   +9   69    9  13  0  0 L3B A1
C42 FF 61062 215000  780 761  989    +9151806    -68          -8    -27   18  21   83   +1   69  +12   69   12  10  0  0 L3B D6
C43 FF 61062 215000  780 631 1879    -1302842    +25         -27    +34   15  21   90   +5   88  -20   88  -20   9  0  0 L3B E4
C21 FF 61062 220600  780 228  534    +8873766    -17         -32    +33   17  22  207  +52   87  -19   87  -19  10  0  0 L3B 17
C28 FF 61062 220600  780 477 2961    -4746079    -21         -37    +24   15  22  109   -9   83  -17   83  -17  10  0  0 L3B 1B
C33 FF 61062 220600  780 452 2192    +9489786    -60           0     -1   17  22  114  -14   85   -6   85   -6  10  0  0 L3B CB
C39 FF 61062 220600  780 225  607     +183867     -8         -33    -12   19  22  209  -18   77   +7   77    7  11  0  0 L3B C4
C42 FF 61062 220600  780 721  784    +9151739    -33         -34     +8   15  22   85   +3   85   -5   85   -5   9  0  0 L3B AF
C43 FF 61062 220600  780 564 1833    -1302838    -12          -1     -2   10  22   97   +8   82   +8   82    8   6  0  0 L3B 8D
C21 FF 61062 222200  780 169  545    +8873716    -38         -35    +12   20  22  274  +92   87  -15   87  -15  12  0  0 L3B 15
C27 FF 61062 222200  780 153 3148    -5854734    -83         -38    -35   29  22  305 -111   91  +25   91   25  16  0  0 L3B 29
C28 FF 61062 222200  780 524 2897    -4746103    -22         -18    +24   16  22  102   -6   69  -14   69  -14  10  0  0 L3B 07
C33 FF 61062 222200  780 521 2226    +9489730    -66           0     -8   15  22  102  -10   80   +1   80    1   9  0  0 L3B 92
C39 FF 61062 222200  780 243  585     +183877    +40         -28    +36   21  22  195  -13   73  -26   73  -26  12  0  0 L3B FC
C42 FF 61062 222200  780 664  683    +9151707    -94         -26    -53   14  22   88   +4   79  +29   79   29   8  0  0 L3B EB
C43 FF 61062 222200  780 494 1808    -1302852    +20          -5    +30   16  22  106  +12   90  -10   90  -10   9  0  0 L3B D5
C21 FF 61062 223800  780 112  562    +8873669    -82         -34    -32   38  22  405 +197   81  +22   81   22  27  0  0 L3B 1A
C27 FF 61062 223800  780 208 3137    -5854798    -25         -55    +24   27  22  227  -59  104   -9  104   -9  16  0  0 L3B 35
C28 FF 61062 223800  780 561 2805    -4746161    -81         -32    -36   19  22   97   -3   77  +23   77   23  11  0  0 L3B FB
C33 FF 61062 223800  780 590 2263    +9489666    -49          -8     +9   15  22   94   -7   82   -9   82   -9   9  0  0 L3B D0
C39 FF 61062 223800  780 258  562     +183883    -28         -26    -33   21  22  185   -9   70  +24   70   24  13  0  0 L3B E2
C41 FF 61062 223800  780 105 2331    +9445491     -3           3    +13   48  22  439 -237  119  -17  119  -17  28  0  0 L3B 25
C42 FF 61062 223800  780 601  639    +9151664    -64         -30    -23   14  22   93   +6   82  +10   82   10   8  0  0 L3B BF
C43 FF 61062 223800  780 424 1795    -1302861    +13          -6    +22   12  22  120  +17   97   -5   97   -5   8  0  0 L3B D0
C27 FF 61062 225400  780 262 3116    -5854814    -11         -25    +37   22  22  183  -35   84  -28   84  -28  12  0  0 L3B 23
C28 FF 61062 225400  780 581 2689    -4746209    -37         -38     +8   12  22   95   -1   80   -7   80   -7   6  0  0 L3B CC
C33 FF 61062 225400  780 660 2306    +9489609    -84          -9    -25   12  22   89   -5   81  +11   81   11   7  0  0 L3B D5
C39 FF 61062 225400  780 268  537     +183889     +0         -25     -4   15  22  178   -6   70   +7   70    7   8  0  0 L3B 92
C41 FF 61062 225400  780 162 2364    +9445455    -72         -17    -56   36  22  288 -102  123  +17  123   17  21  0  0 L3B 43
C42 FF 61062 225400  780 537  625    +9151633    -59         -21    -18   14  22  100   +8   76   +8   76    8   8  0  0 L3B BF
C43 FF 61062 225400  780 354 1788    -1302869    -11          -5     -1   18  22  139  +24  103   +6  103    6  11  0  0 L3B DB
C27 FF 61062 231000  780 312 3083    -5854845    -41         -12     +8   23  23  156  -23   69   -1   69   -1  14  0  0 L3B E1
C28 FF 61062 231000  780 581 2561    -4746250    -81         -32    -36   12  23   95   +1   82  +19   82   19   7  0  0 L3B DD
C33 FF 61062 231000  780 729 2359    +9489556    -99          -9    -40   13  23   85   -3   77  +26   77   26   8  0  0 L3B F3
C39 FF 61062 231000  780 275  513     +183894    +12         -26     +7   15  23  174   -3   72   -5   72   -5   9  0  0 L3B 9E
C41 FF 61062 231000  780 220 2401    +9445448    -26         -13    -10   35  23  215  -56  108   -1  108   -1  20  0  0 L3B F6
C42 FF 61062 231000  780 474  629    +9151591     -9         -20    +32   14  23  110  +11   77  -20   77  -20   8  0  0 L3B D4
C43 FF 61062 231000  780 285 1784    -1302872     -2          -3     +7   17  23  168  +38  107   +0  107    0  10  0  0 L3B C1
C26 FF 61062 232600  780 132  786    +5855774    -52         -41   -108   47  23  348  -90   84  +53   84   53  27  0  0 L3B 2F
C27 FF 61062 232600  780 358 3038    -5854902    -41         -22     +7   22  23  138  -15   76   -6   76   -6  13  0  0 L3B F1
C28 FF 61062 232600  780 561 2439    -4746294    -32         -32    +14   22  23   97   +3   83   -5   83   -5  12  0  0 L3B DC
C33 FF 61062 232600  780 798 2436    +9489499    -44         -10    +14   11  23   82   -2   78  -10   78  -10   6  0  0 L3B FA
C39 FF 61062 232600  780 278  488     +183910    -19         -14    -24   19  23  172   -1   67  +20   67   20  11  0  0 L3B DB
C41 FF 61062 232600  780 279 2439    +9445451    -35           6    -19   29  23  173  -35   89   +1   89    1  16  0  0 L3B E7
C42 FF 61062 232600  780 411  643    +9151554    -56         -17    -15   23  23  123  +16   74   +2   74    2  14  0  0 L3B C9
C43 FF 61062 232600  780 218 1781    -1302884    -47          -6    -38   23  23  216  +63  113  +29  113   29  14  0  0 L3B 1F
C26 FF 61062 234200  780 163  730    +5855837    +45         -32    -12   34  23  284  -48   74   +4   74    4  22  0  0 L3B DF
C27 FF 61062 234200  780 395 2977    -5854943    -49         -16     -1   18  23  127   -9   69   -4   69   -4  10  0  0 L3B FA
C28 FF 61062 234200  780 524 2337    -4746336    -52         -31     -7   11  23  102   +6   84   +8   84    8   7  0  0 L3B B9
C33 FF 61062 234200  780 863 2663    +9489453    -69           0    -10   10  23   81   -1   69   +6   69    6   6  0  0 L3B A8
C39 FF 61062 234200  780 278  465     +183892    +16         -37    +11   20  23  173   +1   83  -15   83  -15  11  0  0 L3B E1
C41 FF 61062 234200  780 338 2481    +9445428    -30          -2    -14   22  23  145  -23   88   +9   88    9  13  0  0 L3B E1
C42 FF 61062 234200  780 351  664    +9151519    -38         -13     +3   20  23  140  +21   72   -3   72   -3  12  0  0 L3B B8
C43 FF 61062 234200  780 153 1777    -1302891    -47          -5    -38   24  23  302 +124  118  +27  118   27  14  0  0 L3B 2E
C24 FF 61062 235800  780 113 1128     +207798   +355         -29    +62   67  23  408 -177  117  -43  117  -43  46  0  0 L3B 64
C26 FF 61062 235800  780 187  671    +5855890    +33         -34    -23   25  23  250  -26   76  +14   76   14  14  0  0 L3B 0C
C27 FF 61062 235800  780 422 2903    -5854991    -84         -18    -36   19  23  120   -5   67  +15   67   15  11  0  0 L3B 11
C28 FF 61062 235800  780 475 2259    -4746387    -39         -38     +6   18  23  109  +10   92   +0   92    0  11  0  0 L3B E9
C33 FF 61062 235800  780 861  341    +9489396    -78           0    -20   10  23   81   +1   70  +15   70   15   6  0  0 L3B A9
C39 FF 61062 235800  780 273  443     +183900    +20         -34    +15   20  23  175   +4   79  -10   79  -10  12  0  0 L3B D7
C41 FF 61062 235800  780 398 2525    +9445408    -22          -7     -6   24  23  126  -16   84   -1   84   -1  14  0  0 L3B DD
C42 FF 61062 235800  780 292  690    +9151485    -49          -6     -8   16  23  165  +31   66   +5   66    5   9  0  0 L3B BD
