CGGTTS     GENERIC DATA FORMAT VERSION = 2E
REV DATE = 2026-01-01                    
RCVR = POLARX5-TR                    R2CGGTTS v8.8    
CH = 99 
IMS = POLARX5-TR                    
LAB = PTB                           
X = +3844059.67 m 
Y =  +709661.67 m 
Z = +5023129.80 m 
FRAME = ITRF
COMMENTS = TGD applied
INT DLY =   33.0 ns (BDS B1C),   32.5 ns (BDS B2a)
CAB DLY =  205.7 ns 
REF DLY =   56.2 ns
REF = UTC(PTB)                      
CKSUM = A4

SAT CL  MJD  STTIME TRKL ELV AZTH   REFSV      SRSV     REFSYS    SRSYS  DSG IOE MDTR SMDT MDIO SMDI MSIO SMSI ISG FR HC FRC CK
             hhmmss  s  .1dg .1dg    .1ns     .1ps/s     .1ns    .1ps/s .1ns     .1ns.1ps/s.1ns.1ps/s.1ns.1ps/s.1ns
C20 FF 61061 000600  780 479 2529    +9578434   +115         -38    +12   15   0  109  -11  103   -7  103   -7   9  0  0 L3B FE
C23 FF 61061 000600  780 146 1011    +5053370   -143         -32    -75   42   0  318  -98   96  +37   96   37  28  0  0 L3B 0F
C25 FF 61061 000600  780 171  526    -9616699    +73         -45    -24   32   0  272  -10  156   +9  156    9  21  0  0 L3B EF
C29 FF 61061 000600  780 471 2711    -5529537    -44         -47     +8   16   0  110   +1  119   -7  119   -7   9  0  0 L3B D2
C30 FF 61061 000600  780 340 2017    -3692049   -103         -43    -21   17   0  144  +25   98  +16   98   16  10  0  0 L3B F9
C32 FF 61061 000600  780 705  639    +9600120    -68         -16    -13   13   0   86   +4  113  +13  113   13   8  0  0 L3B B9
C35 FF 61061 000600  780 119 3249    +2397539   +131         -75    -11   25   0  385 -154  177  -19  177  -19  14  0  0 L3B 60
C39 FF 61061 000600  780 272  442     +183058     -8         -53    -13   17   0  176   +4  138  +10  138   10  10  0  0 L3B BE
C41 FF 61061 000600  780 148  695    +9448175    -26         -10    -10   32   0  311 +112  151  +11  151   11  19  0  0 L3B FB
C20 FF 61061 002200  780 540 2582    +9578531    +72         -40    -31   18   0  100   -8  113  +20  113   20  11  0  0 L3B DE
C23 FF 61061 002200  780 189  962    +5053305    -55         -31    +13   26   0  248  -54  102  +20  102   20  16  0  0 L3B E8
C25 FF 61061 002200  780 172  465    -9616612   +134         -51    +37   30   0  270   +6  167   -6  167   -6  21  0  0 L3B EA
C29 FF 61061 002200  780 458 2615    -5529585    -54         -46     -3   18   0  113   +4  118   -4  118   -4  11  0  0 L3B E1
C30 FF 61061 002200  780 274 1994    -3692129    -64         -45    +19   17   0  175  +40  104   -4  104   -4  11  0  0 L3B F9
C32 FF 61061 002200  780 639  669    +9600068    -44         -14    +11   18   0   90   +5  114   +1  114    1  10  0  0 L3B A5
C35 FF 61061 002200  780 166 3219    +2397680   +115         -71    -27   24   0  281  -74  167   +2  167    2  15  0  0 L3B 0A
C39 FF 61061 002200  780 265  423     +183091     +6         -25     +1   13   0  180   +6  127   -6  127   -6   8  0  0 L3B 85
C19 FF 61061 003800  780 127 2583    +9650979    -43          -2    -83   29   0  365 -152   77  +66   77   66  19  0  0 L3B 28
C20 FF 61061 003800  780 602 2641    +9578631    +89         -39    -14   15   0   93   -6  111   +6  111    6   9  0  0 L3B C3
C23 FF 61061 003800  780 227  906    +5053235    -83         -36    -14   21   0  208  -32  120  +10  120   10  13  0  0 L3B DF
C25 FF 61061 003800  780 163  407    -9616526   +110         -59    +13   34   0  284  +23  174  -33  174  -33  22  0  0 L3B 22
C29 FF 61061 003800  780 430 2528    -5529638    -35         -49    +17   21   0  118   +8  114  -21  114  -21  11  0  0 L3B 0E
C30 FF 61061 003800  780 209 1976    -3692212   -102         -48    -20   19   0  225  +67  121  +35  121   35  13  0  0 L3B 1D
C32 FF 61061 003800  780 576  704    +9600025    -24          -4    +31   17   0   96   +7  109  -15  109  -15   9  0  0 L3B CA
C35 FF 61061 003800  780 207 3179    +2397814   +143         -74     +0   25   0  228  -41  153  -34  153  -34  15  0  0 L3B 25
C39 FF 61061 003800  780 254  406     +183104     +5         -17     +0   17   0  187   +9  123  -10  123  -10  11  0  0 L3B AB
C19 FF 61061 005400  780 180 2623    +9651002    +14         -16    -25   32   0  260  -77   89  +55   89   55  21  0  0 L3B FC
C20 FF 61061 005400  780 663 2712    +9578730    +78         -38    -25   16   0   88   -4  108  +12  108   12   9  0  0 L3B EF
C23 FF 61061 005400  780 259  845    +5053164   -105         -41    -37   29   0  184  -19  121  +25  121   25  17  0  0 L3B 13
C25 FF 61061 005400  780 145  352    -9616437    +74         -62    -24   27   0  318  +49  165   +4  165    4  17  0  0 L3B F0
C29 FF 61061 005400  780 391 2454    -5529691    -75         -53    -23   18   0  128  +12  102   -3  102   -3  10  0  0 L3B F8
C30 FF 61061 005400  780 146 1959    -3692282    -79         -39     +4   23   0  317 +133  141  +27  141   27  15  0  0 L3B 1F
C32 FF 61061 005400  780 514  742    +9599980    -45           4    +10   13   0  103   +9  103  -10  103  -10   7  0  0 L3B BB
C35 FF 61061 005400  780 241 3130    +2397926   +150         -99     +7   23   0  197  -24  158  -12  158  -12  14  0  0 L3B 29
C37 FF 61061 005400  780 133 1347    +9110411     -3           0    -56   41   0  348 -145   99  +37   99   37  24  0  0 L3B DE
C39 FF 61061 005400  780 240  393     +183106    -20         -20    -25   17   0  197  +12  120   +7  120    7  10  0  0 L3B AE
C19 FF 61061 011000  780 235 2663    +9651044    +27         -10    -12   26   1  203  -46  105   +8  105    8  15  0  0 L3B E0
C20 FF 61061 011000  780 724 2802    +9578821   +101         -53     -2   14   1   85   -3  111   +0  111    0   8  0  0 L3B 9A
C23 FF 61061 011000  780 282  778    +5053099    -58         -42    +10   23   1  171  -10  130   -2  130   -2  14  0  0 L3B D1
C25 FF 61061 011000  780 118  303    -9616343   +154         -53    +58   31   1  386  +98  188  +34  188   34  20  0  0 L3B 24
C29 FF 61061 011000  780 344 2392    -5529730    -25         -44    +26   23   1  143  +19   90  -18   90  -18  15  0  0 L3B 04
C32 FF 61061 011000  780 453  781    +9599929    -72          -1    -17   14   1  113  +12  104  +15  104   15   8  0  0 L3B DA
C35 FF 61061 011000  780 267 3072    +2398083   +111         -78    -31   21   1  179  -14  137  +16  137   16  12  0  0 L3B 22
C37 FF 61061 011000  780 189 1312    +9110460   +102          -3    +50   29   1  248  -73   86  -38   86  -38  18  0  0 L3B 06
C39 FF 61061 011000  780 224  382     +183089    -56         -40    -61   17   1  210  +16  136  +41  136   41  11  0  0 L3B DE
C19 FF 61061 012600  780 290 2704    +9651078    +47         -15     +7   21   1  167  -30  108   -3  108   -3  13  0  0 L3B EA
C20 FF 61061 012600  780 783 2943    +9578920   +112         -53     +8   15   1   83   -2  110   +0  110    0   9  0  0 L3B AF
C23 FF 61061 012600  780 294  708    +5053035    -46         -40    +22   19   1  164   -4  130  -17  130  -17  11  0  0 L3B EB
C29 FF 61061 012600  780 291 2340    -5529782    -49         -46     +3   28   1  165  +29   95   +6   95    6  17  0  0 L3B E0
C32 FF 61061 012600  780 394  822    +9599881    -43           4    +11   16   1  127  +16  103  -10  103  -10   9  0  0 L3B D9
C35 FF 61061 012600  780 283 3007    +2398227   +162         -71    +19   19   1  170   -6  130   -2  130   -2  11  0  0 L3B ED
C37 FF 61061 012600  780 245 1273    +9110509    +39          -5    -14   28   1  194  -42   82   +7   82    7  18  0  0 L3B C9
C39 FF 61061 012600  780 206  375     +183130    +11          -5     +6   17   1  227  +20  121   -4  121   -4  10  0  0 L3B 90
C19 FF 61061 014200  780 346 2745    +9651111    +28         -20    -11   18   1  142  -21  112   +1  112    1  11  0  0 L3B CB
C20 FF 61061 014200  780 832 3247    +9579016    +98         -57     -5   10   1   81   -1  113   +2  113    2   6  0  0 L3B A2
C23 FF 61061 014200  780 295  637    +5052984    -48         -25    +20   27   1  163   +3  122   -9  122   -9  16  0  0 L3B DE
C29 FF 61061 014200  780 236 2297    -5529827    -71         -43    -19   24   1  201  +46   96  +15   96   15  13  0  0 L3B 09
C32 FF 61061 014200  780 337  862    +9599823   -109          -2    -54   23   1  145  +22  101  +26  101   26  14  0  0 L3B FD
C35 FF 61061 014200  780 287 2938    +2398369    +66         -65    -76   28   1  168   +1  125  +44  125   44  18  0  0 L3B 29
C37 FF 61061 014200  780 299 1227    +9110564    +93           0    +41   25   1  162  -27   80  -24   80  -24  15  0  0 L3B DD
C39 FF 61061 014200  780 186  372     +183124    +38         -16    +33   21   1  250  +27  131  -21  131  -21  12  0  0 L3B E0
C19 FF 61061 015800  780 404 2786    +9651135    +17         -34    -23   18   1  125  -16  118   +7  118    7  11  0  0 L3B FB
C20 FF 61061 015800  780 840  281    +9579130   +113         -41    +10   11   1   81   +0  103  -11  103  -11   7  0  0 L3B C3
C23 FF 61061 015800  780 284  569    +5052905    -99         -39    -30   21   1  169   +9  137  +24  137   24  12  0  0 L3B 07
C29 FF 61061 015800  780 179 2261    -5529880    -65         -46    -14   27   1  260  +81  108  +22  108   22  17  0  0 L3B 28
C32 FF 61061 015800  780 281  903    +9599783    -39          11    +16   20   1  171  +32   95   -9   95   -9  13  0  0 L3B D9
C35 FF 61061 015800  780 280 2868    +2398489   +121         -81    -22   26   1  171   +7  134   +8  134    8  15  0  0 L3B 06
C37 FF 61061 015800  780 349 1173    +9110621    +77           6    +25   24   1  141  -17   73  -11   73  -11  14  0  0 L3B DA
C39 FF 61061 015800  780 166  372     +183093   -148         -51   -153   20   1  279  +35  164  +97  164   97  11  0  0 L3B 31
C44 FF 61061 015800  780 107 3313    -8964265    +97         -16     +8   30   1  424 -120  181  +13  181   13  20  0  0 L3B 13
C19 FF 61061 021400  780 463 2827    +9651180     +7         -27    -32   16   2  112  -12  110  +18  110   18  10  0  0 L3B F0
C20 FF 61061 021400  780 797  669    +9579227    +91         -42    -12   13   2   82   +1  102   +6  102    6   7  0  0 L3B AE
C23 FF 61061 021400  780 263  507    +5052848    -51         -30    +17   21   2  182  +18  143   -9  143   -9  13  0  0 L3B E5
C29 FF 61061 021400  780 122 2228    -5529938     +4         -57    +55   19   2  375 +169  140   -3  140   -3  13  0  0 L3B 09
C32 FF 61061 021400  780 226  944    +9599738     +0          10    +54   21   2  209  +49   90  -31   90  -31  14  0  0 L3B D2
C35 FF 61061 021400  780 261 2800    +2398634   +115         -63    -27   17   2  182  +15  129  +16  129   16  11  0  0 L3B 24
C37 FF 61061 021400  780 393 1107    +9110660    +41         -11    -12   26   2  127  -11   84  +16   84   16  15  0  0 L3B E1
C39 FF 61061 021400  780 144  375     +183099    -22         -47    -27   16   2  319  +48  165  +23  165   23  11  0  0 L3B FC
C44 FF 61061 021400  780 134 3265    -8964184    +91         -21     +2   26   2  342  -58  153  -36  153  -36  17  0  0 L3B 1E
C19 FF 61061 023000  780 524 2866    +9651221    +83         -24    +43   16   2  102   -9  103  -34  103  -34   9  0  0 L3B F8
C20 FF 61061 023000  780 739  834    +9579321    +88         -47    -15   14   2   84   +3  105   +8  105    8   7  0  0 L3B BA
C23 FF 61061 023000  780 232  454    +5052788    -61         -25     +7   22   2  204  +30  141  -11  141  -11  13  0  0 L3B DB
C32 FF 61061 023000  780 172  984    +9599672    -58          -5     -5   28   2  271  +83   87   -9   87   -9  18  0  0 L3B DD
C35 FF 61061 023000  780 234 2736    +2398771   +156         -63    +14   20   2  202  +27  123   -6  123   -6  12  0  0 L3B 03
C37 FF 61061 023000  780 428 1029    +9110719    +40          -3    -13   17   2  119   -7   87  +12   87   12  10  0  0 L3B C6
C39 FF 61061 023000  780 122  381     +183100    +28         -50    +23   18   2  374  +68  167   +3  167    3  10  0  0 L3B BE
C44 FF 61061 023000  780 153 3211    -8964090    +70         -12    -19   27   2  302  -28  133   -7  133   -7  15  0  0 L3B F7
C19 FF 61061 024600  780 586 2904    +9651252     +8         -30    -32   11   2   95   -7  108  +21  108   21   6  0  0 L3B D2
C20 FF 61061 024600  780 678  932    +9579422    +51         -45    -52   11   2   87   +4  105  +29  105   29   6  0  0 L3B DF
C23 FF 61061 024600  780 193  410    +5052698    -95         -49    -26   19   2  242  +51  167  +21  167   21  13  0  0 L3B 0E
C32 FF 61061 024600  780 118 1024    +9599616   -126         -10    -73   42   2  385 +168   90  +52   90   52  23  0  0 L3B 24
C35 FF 61061 024600  780 198 2679    +2398911   +186         -59    +44   27   2  236  +45  111  -38  111  -38  15  0  0 L3B 55
C37 FF 61061 024600  780 451  941    +9110770    +32          -4    -21   17   2  114   -3   92  +15   92   15   9  0  0 L3B A6
C44 FF 61061 024600  780 162 3153    -8964002    +74         -10    -15   32   2  285   -8  134   +0  134    0  22  0  0 L3B D1
C19 FF 61061 030200  780 650 2939    +9651289     +9         -28    -30   14   3   89   -5  108  +20  108   20   8  0  0 L3B E0
C20 FF 61061 030200  780 616 1005    +9579519   +116         -36    +14   17   3   92   +6  106   -4  106   -4   9  0  0 L3B D8
C22 FF 61061 030200  780 121 2879    -4323316    -72         -22    -39   60   3  380 -167  161  +14  161   14  38  0  0 L3B 26
C23 FF 61061 030200  780 148  375    +5052638    -73         -41     -4   29   3  310  +96  165   +1  165    1  18  0  0 L3B CF
C35 FF 61061 030200  780 157 2627    +2399038   +196         -51    +56   25   3  294  +79   99  -81   99  -81  16  0  0 L3B 44
C37 FF 61061 030200  780 458  847    +9110812    +51         -20     -3   19   3  113   +0  104   +5  104    5  12  0  0 L3B A0
C44 FF 61061 030200  780 162 3093    -8963911    +85           5     -3   27   3  286   +9  118   +5  118    5  17  0  0 L3B C2
C19 FF 61061 031800  780 716 2968    +9651336    +69         -20    +30   11   3   85   -3  100  -20  100  -20   6  0  0 L3B E5
C20 FF 61061 031800  780 554 1066    +9579623   +143         -30    +41   18   3   98   +8  103  -26  103  -26  10  0  0 L3B 10
C22 FF 61061 031800  780 176 2910    -4323336    -14         -11    +18   24   3  266  -83  136  -21  136  -21  16  0  0 L3B 1B
C23 FF 61061 031800  780 100  350    +5052565    -30         -47    +39   27   3  452 +218  165  -57  165  -57  16  0  0 L3B 2B
C35 FF 61061 031800  780 113 2580    +2399166   +209         -58    +68   33   3  403 +161   94  -45   94  -45  20  0  0 L3B 38
C37 FF 61061 031800  780 450  755    +9110870    +61         -13     +7   20   3  114   +3  100   -7  100   -7  11  0  0 L3B AC
C44 FF 61061 031800  780 152 3033    -8963846    +78         -15    -11   29   3  304  +29  128  +26  128   26  18  0  0 L3B 2C
C19 FF 61061 033400  780 783 2984    +9651375    +20         -18    -19   11   3   83   -2   98   +9   98    9   6  0  0 L3B C7
C20 FF 61061 033400  780 491 1119    +9579725   +166         -26    +64   16   3  107  +10  100  -42  100  -42  10  0  0 L3B 23
C22 FF 61061 033400  780 232 2938    -4323394    -83         -38    -51   37   3  204  -49  146  +23  146   23  23  0  0 L3B 21
C37 FF 61061 033400  780 428  673    +9110912    +37         -23    -17   17   3  119   +7  108  +16  108   16   9  0  0 L3B E9
C44 FF 61061 033400  780 133 2974    -8963764    +77         -19    -12   22   3  344  +58  136   +8  136    8  15  0  0 L3B 13
C19 FF 61061 035000  780 851 2933    +9651419    +55         -12    +15   12   3   81   -1   91  -11   91  -11   7  0  0 L3B C8
C20 FF 61061 035000  780 429 1166    +9579830   +130         -19    +28   20   3  118  +14   98  -17   98  -17  12  0  0 L3B 21
C22 FF 61061 035000  780 291 2962    -4323417    -27         -30     +5   31   3  166  -32  137   -9  137   -9  20  0  0 L3B ED
C36 FF 61061 035000  780 135 1918    -3047488    +80          33    +66   18   3  345 -162   95  -58   95  -58  12  0  0 L3B 2A
C37 FF 61061 035000  780 394  606    +9110971    +55         -16     +1   29   3  127  +11  112  +10  112   10  17  0  0 L3B D9
C44 FF 61061 035000  780 106 2919    -8963681    +94         -21     +6   40   3  425 +116  144   +5  144    5  24  0  0 L3B FA
C19 FF 61061 040600  780 874 1626    +9651457    +72         -17    +32   14   4   81   +0   92  -16   92  -16   8  0  0 L3B DF
C20 FF 61061 040600  780 367 1210    +9579929    +78          11    -21   17   4  135  +20  100  +20  100   20  10  0  0 L3B EA
C22 FF 61061 040600  780 351 2981    -4323443    -30         -28     +2   17   4  141  -22  123   -6  123   -6  11  0  0 L3B D7
C36 FF 61061 040600  780 199 1922    -3047486     -3          26    -16   19   4  237  -77   94   -2   94   -2  12  0  0 L3B DA
C37 FF 61061 040600  780 350  554    +9111031    +67          -7    +13   18   4  140  +17  104  -20  104  -20  11  0  0 L3B DC
C19 FF 61061 042200  780 806 1437    +9651489    +94         -22    +55   11   4   82   +2   97  -29   97  -29   7  0  0 L3B F3
C20 FF 61061 042200  780 305 1250    +9580024    +75          12    -24   26   4  159  +30  102  +17  102   17  16  0  0 L3B EC
C22 FF 61061 042200  780 412 2993    -4323471    -64         -25    -33   16   4  123  -16  119  +12  119   12  11  0  0 L3B 08
C36 FF 61061 042200  780 266 1928    -3047466     -8          33    -21   23   4  181  -44   81   +4   81    4  15  0  0 L3B B9
C37 FF 61061 042200  780 301  516    +9111078    +40         -11    -14   20   4  160  +26  108   +5  108    5  11  0  0 L3B BE
C19 FF 61061 045000  780 681 1449    +9651554    +53         -25    +14   16   4   87   +5  101   -4  101   -4   9  0  0 L3B CF
C20 FF 61061 045000  780 198 1312    +9580202    +92          23     -7   33   4  236  +70   99  +11   99   11  19  0  0 L3B D9
C22 FF 61061 045000  780 523 2989    -4323541    -28         -42     +3   19   4  102   -9  121   +1  121    1  11  0  0 L3B B9
C36 FF 61061 045000  780 386 1938    -3047446     +4          30    -10   18   4  130  -21   79  +13   79   13  11  0  0 L3B D4
C37 FF 61061 045000  780 207  480    +9111173    +58          -7     +4   19   4  227  +59  116   +1  116    1  12  0  0 L3B B4
C19 FF 61061 050600  780 609 1471    +9651598    +47         -27     +7   16   5   92   +7   97   -2   97   -2   9  0  0 L3B C2
C20 FF 61061 050600  780 138 1343    +9580306   +146          22    +46   28   5  332 +140  112   -4  112   -4  16  0  0 L3B 02
C22 FF 61061 050600  780 586 2961    -4323562    -55         -35    -24   11   5   95   -6  111   +7  111    7   6  0  0 L3B C3
C36 FF 61061 050600  780 457 1943    -3047436    -11          20    -25   20   5  113  -14   86  +17   86   17  13  0  0 L3B E8
C37 FF 61061 050600  780 151  472    +9111215    +16         -13    -37   26   5  306 +112  133  +24  133   24  15  0  0 L3B FF
C40 FF 61061 050600  780 104  680    +2013657   +113         -15    +83   25   5  435 -123  130  -52  130  -52  19  0  0 L3B 20
C19 FF 61061 052200  780 537 1495    +9651641    +61         -23    +20   14   5  100  +10   90  -11   90  -11   9  0  0 L3B DE
C21 FF 61061 052200  780 142 3096    +8881144    -89          -6    -38   20   5  327 -133  131  +13  131   13  12  0  0 L3B 0F
C22 FF 61061 052200  780 645 2899    -4323587    -60         -29    -29   15   5   90   -4  104  +16  104   16   9  0  0 L3B F6
C36 FF 61061 052200  780 528 1943    -3047424     +7          17     -8   13   5  102  -10   90   +8   90    8   8  0  0 L3B 92
C40 FF 61061 052200  780 133  666    +2013660   +101         -41    +71   32   5  344  -72  138  -53  138  -53  20  0  0 L3B 11
C19 FF 61061 053800  780 465 1518    +9651677     +8         -25    -33   18   5  111  +13   91  +21   91   21  10  0  0 L3B E9
C21 FF 61061 053800  780 200 3102    +8881085    -57         -16     -5   35   5  235  -68  125   -4  125   -4  20  0  0 L3B EE
C22 FF 61061 053800  780 695 2782    -4323623    -29         -35     +3   16   5   86   -2  105   -8  105   -8   9  0  0 L3B CF
C36 FF 61061 053800  780 599 1936    -3047406    +31          22    +17   13   5   93   -7   85  -29   85  -29   8  0  0 L3B E6
C40 FF 61061 053800  780 161  650    +2013723    +22          -7     -9   25   5  289  -47  110   +7  110    7  16  0  0 L3B B5
C45 FF 61061 053800  780 143 2172    +6560360   +221         -18    +36   26   5  325 -138  105  -21  105  -21  16  0  0 L3B 3C
C19 FF 61061 055400  780 395 1540    +9651720     +6         -22    -35   18   5  127  +19   93  +26   93   26  11  0  0 L3B F2
C21 FF 61061 055400  780 259 3102    +8881041    -46         -10     +6   24   5  185  -41  118  -11  118  -11  15  0  0 L3B 06
C22 FF 61061 055400  780 724 2590    -4323644    -30         -26     +2   14   5   85   -1   98   +1   98    1   8  0  0 L3B 91
C36 FF 61061 055400  780 670 1910    -3047396    +30          18    +16   13   5   88   -5   82   -9   82   -9   8  0  0 L3B B5
C40 FF 61061 055400  780 186  633    +2013743    +23         -16     -7   30   5  251  -32  117   -9  117   -9  18  0  0 L3B DA
C45 FF 61061 055400  780 205 2195    +6560536   +144         -19    -41   25   5  230  -69  108  +10  108   10  15  0  0 L3B 25
C19 FF 61061 061000  780 325 1560    +9651757    +16         -24    -24   16   6  150  +29  101  +26  101   26  10  0  0 L3B 08
C21 FF 61061 061000  780 318 3091    +8880997    -55         -13     -4   19   6  153  -26  104   +0  104    0  11  0  0 L3B DA
C22 FF 61061 061000  780 722 2357    -4323671     -2         -25    +29   11   6   85   +1   96  -16   96  -16   6  0  0 L3B C1
C36 FF 61061 061000  780 737 1843    -3047382    +44          10    +29   13   6   84   -3   82  -15   82  -15   7  0  0 L3B C7
C40 FF 61061 061000  780 208  613    +2013756    +15         -39    -15   25   6  226  -22  129  +11  129   11  16  0  0 L3B F2
C45 FF 61061 061000  780 268 2221    +6560717   +198         -22    +12   33   6  179  -41  103   +3  103    3  20  0  0 L3B F5
C19 FF 61061 062600  780 257 1578    +9651791    +14         -29    -27   13   6  185  +46  122  +44  122   44   8  0  0 L3B 21
C21 FF 61061 062600  780 376 3069    +8880950    -45         -11     +6   17   6  132  -18   97   -2   97   -2  10  0  0 L3B E0
C22 FF 61061 062600  780 686 2168    -4323709    -29         -33     +2   17   6   87   +3  105   +0  105    0  10  0  0 L3B B8
C36 FF 61061 062600  780 794 1665    -3047364     -2          13    -17   15   6   82   -1   83  +16   83   16   8  0  0 L3B B5
C40 FF 61061 062600  780 228  592    +2013802    +38         -23     +8   27   6  208  -16  125   -2  125   -2  17  0  0 L3B D4
C45 FF 61061 062600  780 332 2249    +6560893   +174         -25    -11   18   6  148  -26  108   +7  108    7  11  0  0 L3B 15
C19 FF 61061 064200  780 190 1594    +9651838    +41         -21     +1   19   6  246  +83  161  +68  161   68  11  0  0 L3B 1A
C21 FF 61061 064200  780 430 3030    +8880895    -69         -17    -18   15   6  118  -12  102  +13  102   13  10  0  0 L3B 09
C22 FF 61061 064200  780 631 2051    -4323732    +25         -26    +57   23   6   91   +5  108  -24  108  -24  14  0  0 L3B F4
C36 FF 61061 064200  780 817 1263    -3047357    +27           6    +12   16   6   82   +0   95   -1   95   -1   9  0  0 L3B 93
C40 FF 61061 064200  780 244  570    +2013822    +35         -33     +4   21   6  195  -11  131   -3  131   -3  13  0  0 L3B BA
C45 FF 61061 064200  780 396 2280    +6561082   +204         -13    +18   19   6  127  -18  102   -5  102   -5  11  0  0 L3B 09
C19 FF 61061 065800  780 125 1607    +9651872    +32         -26     -9   22   6  366 +183  243 +105  243  105  13  0  0 L3B 49
C21 FF 61061 065800  780 478 2972    +8880840     -7         -23    +44   17   6  109   -8  111  -18  111  -18  10  0  0 L3B 12
C22 FF 61061 065800  780 566 1983    -4323763    -23         -27     +8   16   6   97   +8  118   +6  118    6   9  0  0 L3B D2
C36 FF 61061 065800  780 785  907    -3047339    +38          10    +23   13   6   82   +1   98   -8   98   -8   7  0  0 L3B B1
C40 FF 61061 065800  780 257  546    +2013851    +45         -34    +14   15   6  186   -8  140   +9  140    9   9  0  0 L3B C8
C45 FF 61061 065800  780 462 2314    +6561249   +180         -25     -5   15   6  112  -13  115  +12  115   12   9  0  0 L3B FE
C21 FF 61061 071400  780 517 2891    +8880803    -51         -23     -1   13   7  103   -5  106   +1  106    1   8  0  0 L3B B2
C22 FF 61061 071400  780 496 1943    -4323794    -20         -29    +11   16   7  106  +11  135  +13  135   13  10  0  0 L3B 0A
C27 FF 61061 071400  780 108  524    -5847802    -53         -36     -6   40   7  418  -73  192   +1  192    1  26  0  0 L3B DF
C36 FF 61061 071400  780 729  766    -3047323     -9         -25    -26   12   7   85   +3  107  +22  107   22   7  0  0 L3B C8
C40 FF 61061 071400  780 266  522    +2013878    +10         -36    -20   18   7  180   -5  152  +20  152   20  11  0  0 L3B D9
C42 FF 61061 071400  780 112 3230    +9157544    -16         -23    +25   30   7  411 -201  107   -8  107   -8  19  0  0 L3B 05
C45 FF 61061 071400  780 528 2350    +6561435   +162         -23    -24   16   7  102   -9  116  +18  116   18   9  0  0 L3B 0A
C21 FF 61061 073000  780 541 2788    +8880732    -36         -46    +14   17   7  100   -2  128   +6  128    6   9  0  0 L3B DE
C22 FF 61061 073000  780 425 1918    -4323819    -43         -24    -12   15   7  119  +17  155  +40  155   40   8  0  0 L3B 07
C27 FF 61061 073000  780 123  467    -5847833    -42         -22     +4   29   7  370  -31  179   -6  179   -6  19  0  0 L3B FC
C36 FF 61061 073000  780 666  719    -3047305    -28         -24    -45   15   7   88   +4  111  +35  111   35   9  0  0 L3B DC
C40 FF 61061 073000  780 271  498    +2013894    +12         -50    -19   14   7  176   -2  162  +17  162   17   9  0  0 L3B E6
C42 FF 61061 073000  780 167 3214    +9157496    -61         -31    -19   27   7  280  -90  117  +31  117   31  17  0  0 L3B 22
C45 FF 61061 073000  780 594 2391    +6561610   +200         -26    +14   18   7   94   -7  122   -1  122   -1  10  0  0 L3B DF
C21 FF 61061 074600  780 546 2671    +8880699    -53         -31     -3   19   7   99   +1  126  +16  126   16  11  0  0 L3B FD
C22 FF 61061 074600  780 354 1903    -4323851    -20         -25    +11   15   7  139  +25  195  +40  195   40   8  0  0 L3B 07
C27 FF 61061 074600  780 129  408    -5847888    -16         -32    +31   41   7  354   -4  188  -17  188  -17  27  0  0 L3B 2F
C30 FF 61061 074600  780 142  941    -3694314    -64         -15    +18   69   7  327  -97  317  -46  317  -46  42  0  0 L3B 38
C36 FF 61061 074600  780 602  710    -3047291    -14         -27    -31   13   7   93   +6  122  +26  122   26   7  0  0 L3B CB
C40 FF 61061 074600  780 272  474    +2013952    +41         -22    +10   24   7  176   +0  151   -5  151   -5  17  0  0 L3B CA
C42 FF 61061 074600  780 219 3190    +9157470    -55         -18    -13   24   7  216  -49  112   -1  112   -1  14  0  0 L3B 00
C45 FF 61061 074600  780 660 2435    +6561787   +174         -27    -12   11   7   88   -5  128   +8  128    8   6  0  0 L3B F3
C21 FF 61061 080200  780 532 2555    +8880654    -24         -27    +26   13   8  101   +3  133   -9  133   -9   7  0  0 L3B E0
C22 FF 61061 080200  780 284 1892    -4323877    -41         -52    -14   14   8  169  +39  245  +69  245   69   9  0  0 L3B 30
C26 FF 61061 080200  780 144 2517    +5847791    +83         -40    +26   30   8  323 -122  178  -32  178  -32  24  0  0 L3B 44
C27 FF 61061 080200  780 126  351    -5847944    -50         -38     -3   33   8  363  +23  203  +13  203   13  20  0  0 L3B EB
C30 FF 61061 080200  780 182  889    -3694386    -65           2    +18   25   8  257  -53  279  -41  279  -41  16  0  0 L3B 21
C36 FF 61061 080200  780 539  718    -3047281     -8         -13    -23   14   8  100   +8  133  +22  133   22   8  0  0 L3B C9
C40 FF 61061 080200  780 270  451    +2013970    +18         -27    -13   19   8  177   +2  164  +13  164   13  11  0  0 L3B E3
C42 FF 61061 080200  780 267 3154    +9157434    -58         -12    -17   21   8  179  -29  116  +18  116   18  13  0  0 L3B 29
C45 FF 61061 080200  780 726 2488    +6561967   +180         -27     -6   17   8   85   -3  129   +6  129    6  10  0  0 L3B F2
C21 FF 61061 081800  780 500 2453    +8880609    -52         -24     -2   18   8  105   +6  139   +9  139    9  10  0  0 L3B DC
C22 FF 61061 081800  780 216 1884    -4323913    -28         -62     -1   19   8  218  +66  323  +87  323   87  11  0  0 L3B 1F
C26 FF 61061 081800  780 199 2553    +5847857    +41         -28    -16   34   8  237  -65  157   +2  157    2  21  0  0 L3B 19
C27 FF 61061 081800  780 113  296    -5847983    +19         -32    +66   39   8  402  +60  205  -32  205  -32  22  0  0 L3B 25
C30 FF 61061 081800  780 216  832    -3694470    -79          -3     +4   22   8  218  -31  249  -28  249  -28  13  0  0 L3B 09
C36 FF 61061 081800  780 477  737    -3047274    +17         -20     +1   11   8  109  +11  151  +12  151   12   6  0  0 L3B D6
C40 FF 61061 081800  780 264  431    +2014013    +48         -13    +18   20   8  180   +5  161  -11  161  -11  12  0  0 L3B DC
C42 FF 61061 081800  780 310 3107    +9157385    -11         -21    +31   13   8  157  -18  124  -15  124  -15   8  0  0 L3B 0D
C45 FF 61061 081800  780 792 2561    +6562151   +198         -21    +12   10   8   82   -2  128   -4  128   -4   5  0  0 L3B E6
C21 FF 61061 083400  780 455 2371    +8880557    -26         -28    +24   11   8  113  +10  153   -1  153   -1   7  0  0 L3B EB
C22 FF 61061 083400  780 149 1876    -4323941    -15         -63    +12   21   8  309 +133  420  +98  420   98  13  0  0 L3B 38
C26 FF 61061 083400  780 255 2589    +5847913    +73         -27    +16   25   8  188  -40  151  -10  151  -10  15  0  0 L3B 36
C29 FF 61061 083400  780 143 1276    -5531091    -88         -19    -36   28   8  325 -123  434 -112  434 -112  17  0  0 L3B 6D
C30 FF 61061 083400  780 243  769    -3694557    -91         -10     -8   25   8  195  -18  233  -10  233  -10  16  0  0 L3B 13
C36 FF 61061 083400  780 416  761    -3047260    +11         -22     -5   14   8  121  +15  165  +19  165   19   9  0  0 L3B E3
C40 FF 61061 083400  780 255  413    +2014048    +62          -8    +31   13   8  186   +7  166  -15  166  -15   9  0  0 L3B DF
C42 FF 61061 083400  780 344 3047    +9157353    -55         -13    -13   23   8  143  -11  125  +14  125   14  13  0  0 L3B 0D
C45 FF 61061 083400  780 856 2736    +6562339   +171         -13    -15   11   8   81   -1  126  +12  126   12   6  0  0 L3B F9
C21 FF 61061 085000  780 401 2307    +8880521    -31         -16    +19   23   8  125  +15  164  +16  164   16  13  0  0 L3B 0C
C26 FF 61061 085000  780 311 2627    +5847965    +51         -29     -6   18   8  156  -27  153   +0  153    0  11  0  0 L3B ED
C29 FF 61061 085000  780 197 1238    -5531157    -11         -36    +41   26   8  238  -64  349  -84  349  -84  15  0  0 L3B 4D
C30 FF 61061 085000  780 261  703    -3694640   -117         -13    -33   23   8  183   -9  222   +7  222    7  13  0  0 L3B DF
C36 FF 61061 085000  780 357  790    -3047251     -2         -27    -17   16   8  138  +20  192  +37  192   37   9  0  0 L3B F7
C40 FF 61061 085000  780 243  397    +2014087    +24           2     -6   15   8  195  +10  166  +15  166   15   9  0  0 L3B C4
C42 FF 61061 085000  780 367 2976    +9157317    -55          -8    -13   19   8  135   -6  128  +18  128   18  11  0  0 L3B 14
C45 FF 61061 085000  780 870  407    +6562513   +170         -16    -16   10   8   81   +0  133  +19  133   19   5  0  0 L3B DE
C21 FF 61061 090600  780 342 2257    +8880459    -66         -21    -15   17   9  143  +23  202  +54  202   54  10  0  0 L3B 18
C26 FF 61061 090600  780 369 2665    +5848011    +47         -35     -9   21   9  135  -19  161   +9  161    9  12  0  0 L3B FC
C29 FF 61061 090600  780 250 1194    -5531200    -49         -57     +1   22   9  191  -38  304  -50  304  -50  14  0  0 L3B 10
C30 FF 61061 090600  780 268  634    -3694714   -116         -24    -34   34   9  178   -1  212  +16  212   16  20  0  0 L3B 0A
C36 FF 61061 090600  780 300  822    -3047225    -17          10    -29   27   9  161  +28  214  +50  214   50  16  0  0 L3B EF
C40 FF 61061 090600  780 229  385    +2014101     +4         -13    -26   17   9  206  +14  186  +31  186   31  10  0  0 L3B E1
C42 FF 61061 090600  780 377 2897    +9157265    -23         -17    +19   23   9  132   -1  143   +5  143    5  15  0  0 L3B F4
C45 FF 61061 090600  780 809  684    +6562679   +166         -55    -22   11   9   82   +1  147  +17  147   17   6  0  0 L3B 06
C21 FF 61061 092200  780 280 2218    +8880408    -19         -24    +32   22   9  171  +36  245  +18  245   18  13  0  0 L3B 1E
C26 FF 61061 092200  780 428 2703    +5848074    +35         -26    -21   29   9  119  -14  153  +10  153   10  16  0  0 L3B 1A
C29 FF 61061 092200  780 301 1143    -5531256    -52         -65     -3   20   9  161  -24  276  -17  276  -17  13  0  0 L3B 18
C30 FF 61061 092200  780 264  567    -3694789    -73         -19     +9   25   9  181   +6  208   -6  208   -6  15  0  0 L3B F3
C33 FF 61061 092200  780 112 3331    +9497496    +36         -29    +95   36   9  408 -152  172  -41  172  -41  22  0  0 L3B 4D
C36 FF 61061 092200  780 244  855    -3047217     +1           5    -12   31   9  194  +42  252  +60  252   60  19  0  0 L3B D4
C40 FF 61061 092200  780 212  376    +2014143    +63          -1    +32   16   9  221  +18  185  -11  185  -11   9  0  0 L3B DB
C42 FF 61061 092200  780 373 2815    +9157238    -54          -5    -11   21   9  133   +3  146  +22  146   22  13  0  0 L3B F0
C45 FF 61061 092200  780 745  769    +6562861   +145         -54    -43   15   9   84   +3  151  +31  151   31   9  0  0 L3B F8
C21 FF 61061 093800  780 218 2185    +8880352    -42         -30     +9   21   9  216  +60  307  +75  307   75  13  0  0 L3B 14
C26 FF 61061 093800  780 488 2741    +5848132    +70         -23    +14   14   9  107  -10  150  -12  150  -12   8  0  0 L3B 11
C29 FF 61061 093800  780 346 1083    -5531297    -58         -59     -8   23   9  142  -16  250  -13  250  -13  14  0  0 L3B 2A
C30 FF 61061 093800  780 248  503    -3694869    -30         -22    +51   28   9  191  +15  216  -24  216  -24  17  0  0 L3B 25
C33 FF 61061 093800  780 151 3290    +9497449     +1         -19    +59   29   9  306  -72  178  -19  178  -19  17  0  0 L3B 4A
C36 FF 61061 093800  780 189  889    -3047204    +22           6     +9   18   9  247  +69  296  +42  296   42  11  0  0 L3B 03
C40 FF 61061 093800  780 193  371    +2014151    +25         -22     -5   26   9  241  +24  210  +12  210   12  15  0  0 L3B D1
C42 FF 61061 093800  780 356 2735    +9157197    -27          -5    +16   29   9  138   +8  159   +3  159    3  18  0  0 L3B FD
C45 FF 61061 093800  780 682  828    +6563041   +150         -54    -38   13   9   87   +4  161  +34  161   34   7  0  0 L3B FA
C21 FF 61061 095400  780 156 2157    +8880306    -64         -27    -13   17   9  297 +115  386 +100  386  100  11  0  0 L3B 5D
C26 FF 61061 095400  780 549 2778    +5848171    +37         -39    -19   18   9   99   -8  161   +8  161    8  10  0  0 L3B 08
C29 FF 61061 095400  780 383 1013    -5531338    -46         -52     +4   17   9  130  -10  230   -5  230   -5  10  0  0 L3B E2
C30 FF 61061 095400  780 223  447    -3694944   -104         -18    -23   24   9  212  +28  221  +34  221   34  15  0  0 L3B 18
C33 FF 61061 095400  780 184 3240    +9497390    -57         -22     +2   21   9  255  -39  185  +10  185   10  13  0  0 L3B 14
C35 FF 61061 095400  780 145 1605    +2402537   +137         -34     -4   24   9  320 -135  483 -129  483 -129  15  0  0 L3B 6A
C36 FF 61061 095400  780 136  924    -3047186    -23          12    -36   34   9  338 +129  341  +67  341   67  21  0  0 L3B 23
C40 FF 61061 095400  780 173  369    +2014162    +38         -40     +7   17   9  268  +31  238   +9  238    9  10  0  0 L3B DC
C42 FF 61061 095400  780 327 2662    +9157154     +5          -7    +47   23   9  149  +14  177   -7  177   -7  15  0  0 L3B FE
C45 FF 61061 095400  780 619  879    +6563216   +185         -60     -3   15   9   91   +5  176  +15  176   15   9  0  0 L3B F9
C24 FF 61061 101000  780 140 2774     +167857   +284           1     -9   25  10  332 -126  207   -6  207   -6  15  0  0 L3B EF
C26 FF 61061 101000  780 611 2813    +5848229    +51         -29     -6   17  10   92   -6  160   +3  160    3  10  0  0 L3B C1
C29 FF 61061 101000  780 409  933    -5531399    -77         -43    -26   17  10  123   -5  227   +1  227    1  10  0  0 L3B DF
C30 FF 61061 101000  780 189  398    -3695039    -50         -38    +31   25  10  247  +48  241  -11  241  -11  14  0  0 L3B 1E
C33 FF 61061 101000  780 207 3184    +9497349    -49         -19     +9   24  10  227  -20  181   -5  181   -5  16  0  0 L3B 0B
C35 FF 61061 101000  780 208 1585    +2402675   +165         -45    +23   20  10  227  -68  372  -89  372  -89  10  0  0 L3B 54
C40 FF 61061 101000  780 152  370    +2014165    +90         -65    +60   13  10  303  +42  264  -37  264  -37   9  0  0 L3B FB
C42 FF 61061 101000  780 288 2597    +9157107    -21         -14    +21   17  10  167  +23  204   +6  204    6  10  0  0 L3B F2
C45 FF 61061 101000  780 557  926    +6563394   +200         -46    +14   12  10   98   +7  189   +1  189    1   7  0  0 L3B DC
C24 FF 61061 102600  780 194 2806     +168129   +264          -9    -29   21  10  243  -68  209  +15  209   15  14  0  0 L3B 1F
C26 FF 61061 102600  780 675 2845    +5848279    +53         -33     -3   14  10   88   -4  163   +4  163    4   8  0  0 L3B D5
C29 FF 61061 102600  780 423  847    -5531455    -45         -49     +7   16  10  120   -2  217  -17  217  -17   9  0  0 L3B F9
C30 FF 61061 102600  780 148  359    -3695131    -39         -52    +42   32  10  311  +89  251  -16  251  -16  19  0  0 L3B 27
C33 FF 61061 102600  780 220 3122    +9497283    -41         -29    +17   34  10  214   -8  188  -11  188  -11  19  0  0 L3B 28
C35 FF 61061 102600  780 272 1563    +2402814   +133         -42     -9   19  10  177  -40  310  -45  310  -45  13  0  0 L3B 26
C40 FF 61061 102600  780 130  374    +2014204   +125         -55    +94   35  10  351  +59  263  -58  263  -58  21  0  0 L3B 2E
C42 FF 61061 102600  780 243 2541    +9157063    -29         -17    +13   18  10  195  +37  230  +30  230   30  10  0  0 L3B 11
C45 FF 61061 102600  780 496  971    +6563563   +237         -57    +51   14  10  106  +10  204  -15  204  -15   9  0  0 L3B 25
C24 FF 61061 104200  780 249 2836     +168414   +320          -5    +27   29  10  192  -42  201  -37  201  -37  17  0  0 L3B 1C
C26 FF 61061 104200  780 740 2868    +5848336    +46         -29    -10    9  10   84   -3  161   +6  161    6   5  0  0 L3B CC
C29 FF 61061 104200  780 422  759    -5531497    -49         -42     +3   18  10  120   +2  210  -10  210  -10  10  0  0 L3B E3
C30 FF 61061 104200  780 103  328    -3695217   -144         -60    -63   24  10  441 +198  268  +39  268   39  14  0  0 L3B 4A
C33 FF 61061 104200  780 222 3057    +9497224    -47         -32    +11   23  10  212   +3  200   -1  200   -1  13  0  0 L3B D3
C35 FF 61061 104200  780 337 1537    +2402945   +170         -47    +28   23  10  146  -26  275  -53  275  -53  12  0  0 L3B 4D
C40 FF 61061 104200  780 107  381    +2014262    +57         -27    +27   24  10  420  +86  244  -15  244  -15  15  0  0 L3B 0F
C42 FF 61061 104200  780 193 2492    +9157033    +40          -8    +82   31  10  242  +63  264   -7  264   -7  20  0  0 L3B FB
C45 FF 61061 104200  780 436 1014    +6563738   +165         -61    -22   16  10  117  +13  225  +25  225   25  10  0  0 L3B 29
C24 FF 61061 105800  780 306 2863     +168707   +295           6     +1   23  10  159  -28  183  -13  183  -13  14  0  0 L3B 0D
C26 FF 61061 105800  780 806 2868    +5848394    +76         -26    +20   11  10   82   -2  158  -12  158  -12   6  0  0 L3B 15
C29 FF 61061 105800  780 407  677    -5531538    -62         -33    -11   20  10  124   +6  201   -2  201   -2  12  0  0 L3B D9
C33 FF 61061 105800  780 214 2991    +9497183    -58         -17     -1   34  10  220  +14  197  +12  197   12  20  0  0 L3B 1F
C35 FF 61061 105800  780 402 1503    +2403075   +154         -53    +12   18  10  125  -17  246  -30  246  -30  10  0  0 L3B 2A
C42 FF 61061 105800  780 140 2449    +9156988    -51         -12     -9   34  10  328 +122  322  +68  322   68  22  0  0 L3B 39
C45 FF 61061 105800  780 376 1055    +6563915   +186         -63     +0   18  10  132  +18  243  +20  243   20   9  0  0 L3B 16
C24 FF 61061 111400  780 365 2887     +168968   +274         -24    -20   22  11  136  -20  186   +8  186    8  14  0  0 L3B 19
C26 FF 61061 111400  780 870 2690    +5848454    +63         -15     +8   12  11   81   +0  153   -5  153   -5   7  0  0 L3B CD
C29 FF 61061 111400  780 379  606    -5531591    -57         -16     -3   24  11  131  +10  200   +5  200    5  14  0  0 L3B CC
C33 FF 61061 111400  780 195 2927    +9497123    -56         -20     +2   25  11  240  +29  214  +10  214   10  15  0  0 L3B 05
C35 FF 61061 111400  780 464 1457    +2403222   +167         -52    +24   21  11  112  -12  214  -45  214  -45  12  0  0 L3B 29
C44 FF 61061 111400  780 135 1852    -8961284   +101          14    +13   24  11  343 -160  482 -134  482 -134  15  0  0 L3B 6B
C45 FF 61061 111400  780 317 1094    +6564103   +169         -21    -14   17  11  153  +26  255  +25  255   25  10  0  0 L3B 2F
C24 FF 61061 113000  780 425 2905     +169255   +320         -19    +26   27  11  120  -14  174  -19  174  -19  16  0  0 L3B 31
C26 FF 61061 113000  780 855 1439    +5848515    +39          -7    -17   12  11   81   +1  152  +15  152   15   7  0  0 L3B E4
C29 FF 61061 113000  780 341  548    -5531644    -68         -17    -14   21  11  144  +16  202  +18  202   18  12  0  0 L3B 09
C33 FF 61061 113000  780 167 2868    +9497076    -38         -12    +20   32  11  278  +52  225   +2  225    2  20  0  0 L3B 05
C35 FF 61061 113000  780 522 1394    +2403348   +140         -63     -2   25  11  102   -8  202  -16  202  -16  14  0  0 L3B 02
C41 FF 61061 113000  780 112 3345    +9447500    +29         -18    +44   38  11  405  -45  241  -27  241  -27  22  0  0 L3B 2B
C44 FF 61061 113000  780 200 1851    -8961220    +91          -7     +3   21  11  236  -77  379 -116  379 -116  12  0  0 L3B 39
C45 FF 61061 113000  780 259 1132    +6564268   +160         -31    -24   23  11  184  +39  285  +49  285   49  13  0  0 L3B 4A
C24 FF 61061 114600  780 487 2916     +169537   +318         -19    +24   22  11  108  -11  169  -21  169  -21  13  0  0 L3B 3F
C26 FF 61061 114600  780 787 1353    +5848556    +90         -20    +35   10  11   82   +2  165  -14  165  -14   6  0  0 L3B 09
C29 FF 61061 114600  780 295  505    -5531681    -62          -3     -8   20  11  163  +25  199   +6  199    6  12  0  0 L3B E2
C33 FF 61061 114600  780 131 2813    +9497016    -66         -16     -8   39  11  348  +99  250  +35  250   35  23  0  0 L3B 2B
C35 FF 61061 114600  780 571 1306    +2403480   +178         -67    +36   17  11   96   -5  190  -28  190  -28   9  0  0 L3B 27
C41 FF 61061 114600  780 120 3288    +9447475    -49         -29    -34   35  11  379  -10  252  +42  252   42  22  0  0 L3B 37
C44 FF 61061 114600  780 267 1850    -8961129    +89           0     +1   19  11  180  -44  293  -53  293  -53  11  0  0 L3B 19
C45 FF 61061 114600  780 202 1168    +6564449   +139         -26    -44   25  11  232  +64  312  +70  312   70  15  0  0 L3B 39
C24 FF 61061 120200  780 550 2916     +169805   +311         -37    +16   19  12   99   -8  173  -10  173  -10  10  0  0 L3B 0C
C26 FF 61061 120200  780 718 1357    +5848603    +70         -52    +13   15  12   85   +3  174   +1  174    1   8  0  0 L3B CD
C29 FF 61061 120200  780 245  474    -5531730    -60         -21     -8   16  12  194  +40  209  +16  209   16  10  0  0 L3B FB
C35 FF 61061 120200  780 606 1188    +2403615   +111         -68    -32   19  12   93   -3  185  +13  185   13  10  0  0 L3B 0C
C41 FF 61061 120200  780 118 3230    +9447474    +38          -9    +53   37  12  384  +21  253  -24  253  -24  22  0  0 L3B 22
C44 FF 61061 120200  780 335 1849    -8961045   +103         -11    +14   19  12  146  -28  254  -41  254  -41  11  0  0 L3B 42
C45 FF 61061 120200  780 145 1202    +6564633   +228         -33    +44   27  12  317 +121  353  +29  353   29  17  0  0 L3B 48
C24 FF 61061 121800  780 612 2897     +170094   +308         -30    +14   18  12   92   -6  166  -11  166  -11  10  0  0 L3B 0B
C26 FF 61061 121800  780 649 1376    +5848652    +46         -58    -11   15  12   89   +5  184   +9  184    9   8  0  0 L3B FD
C29 FF 61061 121800  780 191  454    -5531785    -30         -27    +22   22  12  244  +68  217  -14  217  -14  12  0  0 L3B 25
C35 FF 61061 121800  780 622 1047    +2403748   +144         -72     +2   14  12   91   +0  181   -8  181   -8   8  0  0 L3B D8
C41 FF 61061 121800  780 107 3172    +9447461    -23          -7     -8   29  12  422  +60  254  +12  254   12  18  0  0 L3B 03
C44 FF 61061 121800  780 405 1846    -8960964    +71         -17    -19   16  12  124  -19  231  -14  231  -14  10  0  0 L3B 3C
C24 FF 61061 123400  780 673 2845     +170375   +304         -32    +10   14  12   88   -4  164  -14  164  -14   7  0  0 L3B FC
C25 FF 61061 123400  780 107 3027    -9612340    +46         -11    -50   21  12  428 -219  250  +25  250   25  13  0  0 L3B 26
C26 FF 61061 123400  780 579 1399    +5848710    +21         -55    -36   16  12   95   +7  186  +22  186   22  10  0  0 L3B 1D
C29 FF 61061 123400  780 136  443    -5531833    -66         -24    -14   28  12  337 +135  213   +6  213    6  18  0  0 L3B 08
C35 FF 61061 123400  780 614  905    +2403876   +154         -81    +11   16  12   92   +2  181  -14  181  -14   9  0  0 L3B FC
C44 FF 61061 123400  780 476 1839    -8960883    +97         -22     +8   19  12  110  -13  208  -33  208  -33  11  0  0 L3B 37
C24 FF 61061 125000  780 726 2732     +170660   +283         -29    -12   11  12   85   -2  158   +4  158    4   6  0  0 L3B CD
C25 FF 61061 125000  780 164 3040    -9612231    +46           5    -51   26  12  285  -99  225  +17  225   17  17  0  0 L3B 0E
C26 FF 61061 125000  780 510 1424    +5848768    +82         -52    +25   17  12  104  +10  192   -9  192   -9   9  0  0 L3B 0B
C35 FF 61061 125000  780 585  785    +2404017   +186         -77    +44   14  12   95   +4  174  -32  174  -32   8  0  0 L3B 11
C38 FF 61061 125000  780 121  683    -2698415    -85         -40    -66   23  12  377  -99  251  +34  251   34  14  0  0 L3B 2F
C44 FF 61061 125000  780 547 1824    -8960798    +96         -22     +7   15  12   99   -9  185  -30  185  -30   8  0  0 L3B 1A
C24 FF 61061 130600  780 761 2517     +170941   +289         -28     -5   16  13   83   -1  156   +2  156    2   9  0  0 L3B C6
C25 FF 61061 130600  780 221 3048    -9612173    +81         -33    -16   22  13  214  -55  230  -10  230  -10  13  0  0 L3B 17
C26 FF 61061 130600  780 441 1448    +5848816    +59         -55     +3   21  13  116  +15  203  +16  203   16  12  0  0 L3B 10
C34 FF 61061 130600  780 135 2126    -8675781   -104         -17    -24   27  13  344 -156  372  -92  372  -92  19  0  0 L3B 76
C35 FF 61061 130600  780 542  699    +2404153   +115         -72    -27   14  13   99   +6  175  +17  175   17   8  0  0 L3B 07
C38 FF 61061 130600  780 153  669    -2698433    -11         -50     +7   24  13  303  -60  239  -36  239  -36  15  0  0 L3B 24
C44 FF 61061 130600  780 617 1793    -8960714   +101         -26    +11   15  13   92   -6  174  -18  174  -18   9  0  0 L3B 25
C24 FF 61061 132200  780 759 2231     +171204   +316         -46    +22   12  13   83   +1  165  -18  165  -18   7  0  0 L3B F6
C25 FF 61061 132200  780 280 3047    -9612074   +135         -27    +38   29  13  172  -34  203  -44  203  -44  18  0  0 L3B 48
C26 FF 61061 132200  780 374 1470    +5848876    +88         -50    +31   23  13  133  +21  210   -8  210   -8  13  0  0 L3B 0E
C34 FF 61061 132200  780 197 2145    -8675861    -90         -21    -11   24  13  239  -75  303  -49  303  -49  16  0  0 L3B 4C
C35 FF 61061 132200  780 490  643    +2404298   +122         -63    -20   21  13  107   +9  168  +12  168   12  12  0  0 L3B 09
C38 FF 61061 132200  780 183  653    -2698431    -17         -30     +2   18  13  256  -39  205   -5  205   -5  11  0  0 L3B F1
C44 FF 61061 132200  780 683 1729    -8960621   +113         -19    +23   13  13   87   -4  159  -24  159  -24   7  0  0 L3B 28
C24 FF 61061 133800  780 722 2015     +171502   +271         -31    -23   15  13   85   +2  156  +15  156   15   8  0  0 L3B E3
C25 FF 61061 133800  780 338 3038    -9611972    +67         -19    -30   28  13  145  -23  184   +8  184    8  17  0  0 L3B 25
C26 FF 61061 133800  780 307 1491    +5848937    +65         -43     +8   23  13  158  +32  221   +9  221    9  14  0  0 L3B 04
C34 FF 61061 133800  780 261 2168    -8675929    -89         -13     -9   25  13  184  -43  240  -39  240  -39  16  0  0 L3B 4E
C35 FF 61061 133800  780 433  610    +2404441   +127         -56    -15   17  13  118  +13  165  +15  165   15  10  0  0 L3B 18
C38 FF 61061 133800  780 210  634    -2698470    -40         -51    -21   28  13  224  -27  209   -2  209   -2  16  0  0 L3B 03
C44 FF 61061 133800  780 740 1599    -8960541    +87         -25     -2   12  13   84   -2  153   -7  153   -7   6  0  0 L3B E4
C24 FF 61061 135400  780 664 1898     +171781   +258         -35    -35   18  13   88   +4  160  +22  160   22  11  0  0 L3B 11
C25 FF 61061 135400  780 394 3016    -9611882    +81         -22    -16   20  13  127  -16  178   +4  178    4  13  0  0 L3B 0F
C26 FF 61061 135400  780 241 1510    +5848985    +57         -50     +0   24  13  196  +51  249  +31  249   31  13  0  0 L3B 1E
C34 FF 61061 135400  780 326 2193    -8675996    -81          -3     -1   19  13  150  -28  201  -24  201  -24  12  0  0 L3B 18
C35 FF 61061 135400  780 374  593    +2404573   +119         -60    -23   20  13  133  +19  172  +16  172   16  12  0  0 L3B 22
C38 FF 61061 135400  780 234  613    -2698479     +9         -42    +27   21  13  202  -19  191  -31  191  -31  14  0  0 L3B 1C
C44 FF 61061 135400  780 775 1351    -8960442   +101         -12    +11   15  13   83   -1  141  -12  141  -12   9  0  0 L3B FF
C24 FF 61061 141000  780 598 1837     +172065   +287         -32     -7   12  14   93   +7  163  +12  163   12   7  0  0 L3B E6
C25 FF 61061 141000  780 448 2978    -9611801   +110         -40    +12   13  14  115  -11  178  -13  178  -13   8  0  0 L3B 30
C26 FF 61061 141000  780 177 1527    +5849038    +70         -43    +14   28  14  263  +92  282  +34  282   34  16  0  0 L3B 37
C34 FF 61061 141000  780 391 2220    -8676099    -69         -29    +10   22  14  128  -19  198  -26  198  -26  13  0  0 L3B 54
C35 FF 61061 141000  780 315  589    +2404704   +165         -63    +23   16  14  154  +27  185   -1  185   -1  11  0  0 L3B 0B
C38 FF 61061 141000  780 255  590    -2698489    -13         -36     +6   20  14  187  -14  179  -10  179  -10  11  0  0 L3B 24
C44 FF 61061 141000  780 769 1042    -8960346   +101           4    +12   14  14   83   +1  134   -9  134   -9   8  0  0 L3B CD
C24 FF 61061 142600  780 529 1806     +172341   +291         -38     -3   17  14  101  +10  176   +7  176    7  10  0  0 L3B EC
C25 FF 61061 142600  780 496 2920    -9611696   +117         -29    +19   19  14  106   -7  162  -20  162  -20  11  0  0 L3B 41
C26 FF 61061 142600  780 115 1541    +5849098   +150         -37    +94   41  14  398 +209  321  +11  321   11  26  0  0 L3B 51
C34 FF 61061 142600  780 458 2249    -8676168    -66         -21    +14   12  14  113  -13  179  -22  179  -22   7  0  0 L3B 3C
C35 FF 61061 142600  780 256  594    +2404850   +163         -53    +22   21  14  186  +41  182  -12  182  -12  13  0  0 L3B 2D
C38 FF 61061 142600  780 273  564    -2698510    -37         -40    -18   12  14  175  -10  172   +2  172    2   7  0  0 L3B E7
C44 FF 61061 142600  780 727  838    -8960295    +87         -30     -2   14  14   85   +2  151   -1  151   -1   8  0  0 L3B C8
C23 FF 61061 144200  780 124 3170    +5049766    -19         -46    +49   32  14  372 -163  233  -48  233  -48  19  0  0 L3B 5E
C24 FF 61061 144200  780 458 1789     +172630   +295         -31     +1   19  14  112  +14  179   +6  179    6  12  0  0 L3B FD
C25 FF 61061 144200  780 535 2838    -9611601    +75         -28    -22   17  14  101   -4  155   +7  155    7  10  0  0 L3B F5
C34 FF 61061 144200  780 525 2281    -8676256    -85         -33     -5   25  14  102  -10  171  -14  171  -14  15  0  0 L3B 25
C35 FF 61061 144200  780 198  606    +2404977   +150         -62     +8   25  14  237  +67  187  -11  187  -11  16  0  0 L3B 38
C38 FF 61061 144200  780 287  538    -2698546    -13         -58     +5   21  14  168   -7  171  -18  171  -18  13  0  0 L3B 21
C44 FF 61061 144200  780 671  741    -8960193    +43         -14    -46   14  14   88   +4  139  +23  139   23   8  0  0 L3B F6
C19 FF 61061 145800  780 106  476    +9653014    +17         -22    -24   43  14  428  -81  130   +4  130    4  27  0  0 L3B F3
C23 FF 61061 145800  780 178 3157    +5049688    -66         -59     +2   22  14  263  -78  225  -23  225  -23  13  0  0 L3B 42
C24 FF 61061 145800  780 388 1780     +172910   +292         -33     -2   17  14  129  +20  190  +15  190   15  10  0  0 L3B 13
C25 FF 61061 145800  780 559 2733    -9611514   +121         -33    +23   17  14   98   -2  154  -16  154  -16  10  0  0 L3B 2C
C34 FF 61061 145800  780 593 2315    -8676320   -103         -21    -24   21  14   94   -7  152   +7  152    7  12  0  0 L3B F8
C35 FF 61061 145800  780 141  623    +2405119   +153         -57    +12   26  14  326 +126  177  -26  177  -26  16  0  0 L3B 4F
C38 FF 61061 145800  780 296  510    -2698550     -5         -45    +14   17  14  163   -4  158  -15  158  -15  10  0  0 L3B 14
C44 FF 61061 145800  780 609  701    -8960121    +84         -28     -5   17  14   92   +6  147   +1  147    1   9  0  0 L3B BD
C19 FF 61061 151400  780 122  418    +9653037    +26         -47    -15   52  15  374  -35  127   +0  127    0  33  0  0 L3B F3
C23 FF 61061 151400  780 231 3136    +5049629    -67         -53     +0   29  15  206  -44  203  -11  203  -11  17  0  0 L3B 16
C24 FF 61061 151400  780 319 1776     +173187   +330         -27    +37   22  15  152  +30  206   +0  206    0  13  0  0 L3B F1
C25 FF 61061 151400  780 564 2613    -9611429    +90         -42     -8   13  15   97   +0  159   +7  159    7   7  0  0 L3B D6
C34 FF 61061 151400  780 660 2352    -8676408    -73         -26     +7   14  15   88   -5  154  -10  154  -10   8  0  0 L3B FE
C38 FF 61061 151400  780 302  483    -2698573    -34         -44    -15   17  15  160   -2  150   +0  150    0  10  0  0 L3B D4
C43 FF 61061 151400  780 117 2423    -1301885    +67         -19    +76   49  15  395 -186  295 -111  295 -111  29  0  0 L3B 8C
C44 FF 61061 151400  780 546  689    -8960043    +71         -43    -19   16  15   99   +8  149  +10  149   10   9  0  0 L3B 03
C19 FF 61061 153000  780 129  359    +9653080   +109         -44    +68   48  15  355   -5  118  -47  118  -47  28  0  0 L3B 49
C22 FF 61061 153000  780 114  866    -4324724    -20         -37    +11   54  15  403 -151  201  -25  201  -25  35  0  0 L3B 1E
C23 FF 61061 153000  780 280 3104    +5049564    -63         -52     +4   24  15  172  -27  189  -21  189  -21  13  0  0 L3B 26
C24 FF 61061 153000  780 251 1773     +173470   +285         -24     -8   16  15  190  +49  223  +28  223   28  10  0  0 L3B 16
C25 FF 61061 153000  780 550 2494    -9611328   +122         -34    +25   21  15   99   +3  156   -9  156   -9  12  0  0 L3B 0B
C34 FF 61061 153000  780 728 2393    -8676478    -62         -19    +18   17  15   85   -3  146  -11  146  -11  10  0  0 L3B 2A
C38 FF 61061 153000  780 303  456    -2698604     +0         -58    +18   21  15  159   +0  149  -19  149  -19  11  0  0 L3B 0E
C43 FF 61061 153000  780 172 2456    -1301872    +68           2    +77   27  15  272  -88  230  -89  230  -89  17  0  0 L3B 34
C44 FF 61061 153000  780 483  694    -8959961    +66         -48    -24   17  15  108  +11  152  +14  152   14   9  0  0 L3B 21
C19 FF 61061 154600  780 126  300    +9653128    +44         -35     +3   39  15  363  +22   98  -18   98  -18  22  0  0 L3B 05
C22 FF 61061 154600  780 155  815    -4324764    +10         -47    +42   22  15  300  -74  185  -44  185  -44  13  0  0 L3B 29
C23 FF 61061 154600  780 324 3060    +5049506    -67         -46     +0   21  15  151  -17  175  -17  175  -17  12  0  0 L3B 24
C24 FF 61061 154600  780 185 1771     +173759   +253         -16    -40   17  15  253  +87  247  +71  247   71   9  0  0 L3B 36
C25 FF 61061 154600  780 519 2391    -9611242   +102         -42     +4   20  15  103   +6  165   -5  165   -5  12  0  0 L3B F4
C34 FF 61061 154600  780 796 2441    -8676553    -66         -18    +14   16  15   82   -2  140  -17  140  -17   9  0  0 L3B 1C
C38 FF 61061 154600  780 300  430    -2698628    -46         -64    -27   23  15  161   +2  142   +2  142    2  14  0  0 L3B DE
C43 FF 61061 154600  780 229 2491    -1301883    -59          -1    -51   28  15  207  -50  208   +3  208    3  19  0  0 L3B FC
C44 FF 61061 154600  780 422  709    -8959871   +102         -44    +12   15  15  120  +15  145  -11  145  -11   9  0  0 L3B 25
C19 FF 61061 160200  780 113  244    +9653153    +73         -44    +32   31  16  401  +60   95  -30   95  -30  19  0  0 L3B FB
C22 FF 61061 160200  780 190  758    -4324773    -64         -30    -33   33  16  247  -41  147   -3  147   -3  21  0  0 L3B 04
C23 FF 61061 160200  780 360 3003    +5049459    -73         -23     -5   17  16  137  -11  149  -13  149  -13  11  0  0 L3B 1D
C24 FF 61061 160200  780 121 1768     +174021   +275         -34    -17   24  16  378 +192  303  +57  303   57  15  0  0 L3B 3D
C25 FF 61061 160200  780 474 2307    -9611143    +98         -33     +1   23  16  110   +9  161   -2  161   -2  13  0  0 L3B DD
C34 FF 61061 160200  780 862 2530    -8676626    -83         -12     -2   12  16   81   -1  127   -9  127   -9   7  0  0 L3B DC
C38 FF 61061 160200  780 293  407    -2698636     -2         -42    +17   16  16  164   +5  124  -19  124  -19  10  0  0 L3B 0A
C43 FF 61061 160200  780 286 2528    -1301897     -6          -6     +3   23  16  169  -32  186  -38  186  -38  15  0  0 L3B 1E
C44 FF 61061 160200  780 362  730    -8959785    +77         -48    -13   18  16  136  +20  139   +2  139    2  11  0  0 L3B 08
C21 FF 61061 161800  780 114 1201    +8879122    -87         -66    -36   41  16  403 -191  224  -60  224  -60  24  0  0 L3B 4C
C22 FF 61061 161800  780 217  697    -4324815    -69         -43    -38   30  16  217  -23  133   +8  133    8  17  0  0 L3B 08
C23 FF 61061 161800  780 387 2933    +5049397    -75         -20     -7   21  16  129   -6  136   -7  136   -7  12  0  0 L3B 09
C25 FF 61061 161800  780 421 2243    -9611047    +90         -31     -8   15  16  120  +14  160   +5  160    5   9  0  0 L3B D5
C34 FF 61061 161800  780 870  588    -8676703    -91         -12    -10   12  16   81   +0  120   +2  120    2   7  0  0 L3B B9
C38 FF 61061 161800  780 283  386    -2698639    +45         -26    +65   15  16  170   +7  104  -54  104  -54  10  0  0 L3B 2B
C43 FF 61061 161800  780 344 2566    -1301913    -17         -14     -9   24  16  143  -22  162  -19  162  -19  14  0  0 L3B 29
C44 FF 61061 161800  780 303  756    -8959696   +138         -46    +47   18  16  159  +28  129  -37  129  -37  11  0  0 L3B 6E
C21 FF 61061 163400  780 169 1162    +8879075    -54         -65     -4   21  16  277  -88  176  -37  176  -37  13  0  0 L3B 53
C22 FF 61061 163400  780 235  631    -4324845    -65         -43    -34   29  16  201  -11  120   +7  120    7  18  0  0 L3B EA
C23 FF 61061 163400  780 401 2854    +5049325    -17         -27    +51   17  16  125   -2  134  -34  134  -34  11  0  0 L3B 1B
C25 FF 61061 163400  780 363 2194    -9610953   +101         -30     +3   15  16  136  +20  161   -5  161   -5   9  0  0 L3B F8
C34 FF 61061 163400  780 805  697    -8676784    -97         -16    -17   14  16   82   +2  114   +1  114    1   8  0  0 L3B DA
C38 FF 61061 163400  780 269  369    -2698653     -8         -21    +11   14  16  177   +9   90  -19   90  -19   9  0  0 L3B F7
C43 FF 61061 163400  780 403 2606    -1301919    -12         -12     -3   18  16  125  -16  139  -18  139  -18  11  0  0 L3B 20
C44 FF 61061 163400  780 247  784    -8959612   +121         -49    +31   26  16  192  +42  125  -25  125  -25  15  0  0 L3B 4A
C21 FF 61061 165000  780 222 1117    +8879033    -68         -59    -18   16  16  214  -49  146   +4  146    4  11  0  0 L3B 13
C22 FF 61061 165000  780 243  563    -4324894    -45         -62    -14   31  16  195   -1  124   +2  124    2  18  0  0 L3B DE
C23 FF 61061 165000  780 401 2770    +5049242    -55         -45    +13   21  16  125   +2  142  -11  142  -11  12  0  0 L3B 02
C25 FF 61061 165000  780 302 2155    -9610860   +127         -31    +30   20  16  160  +30  167  -14  167  -14  12  0  0 L3B 32
C34 FF 61061 165000  780 740  750    -8676860   -124         -15    -43   12  16   84   +3  107  +20  107   20   7  0  0 L3B F2
C37 FF 61061 165000  780 138 3253    +9113488    +78         -15    +24   22  16  335 -101  109  -25  109  -25  12  0  0 L3B 4B
C38 FF 61061 165000  780 253  355    -2698707    -29         -56     -9   20  16  188  +13  103   -5  103   -5  11  0  0 L3B FC
C43 FF 61061 165000  780 462 2646    -1301922    -22          -7    -13   19  16  112  -12  122   -5  122   -5  11  0  0 L3B E8
C44 FF 61061 165000  780 192  816    -8959536    +95         -60     +5   26  16  243  +67  131   -2  131   -2  16  0  0 L3B 01
C21 FF 61061 170600  780 272 1066    +8878992    -27         -52    +23   24  17  177  -30  134  -23  134  -23  15  0  0 L3B 45
C22 FF 61061 170600  780 239  497    -4324910    -14         -48    +17   41  17  198   +8  110  -16  110  -16  24  0  0 L3B 17
C23 FF 61061 170600  780 387 2687    +5049194    -45         -25    +23   21  17  129   +6  130   -8  130   -8  13  0  0 L3B 0C
C25 FF 61061 170600  780 240 2124    -9610771    +79         -35    -19   19  17  197  +49  173  +16  173   16  12  0  0 L3B 41
C34 FF 61061 170600  780 676  797    -8676942   -107         -47    -29   17  17   87   +4  108  +11  108   11  10  0  0 L3B 28
C37 FF 61061 170600  780 177 3212    +9113527    +45         -33     -9   30  17  264  -53  120   +8  120    8  17  0  0 L3B F5
C38 FF 61061 170600  780 234  345    -2698695    +66         -24    +85   19  17  202  +16   80  -62   80  -62  11  0  0 L3B 1B
C43 FF 61061 170600  780 523 2687    -1301935     +5         -15    +13   19  17  102   -9  116  -20  116  -20  11  0  0 L3B 03
C44 FF 61061 170600  780 138  848    -8959438   +113         -41    +23   25  17  332 +125  124  -10  124  -10  17  0  0 L3B 4C
C21 FF 61061 172200  780 316 1006    +8878936    -81         -60    -31   24  17  154  -19  131  +13  131   13  14  0  0 L3B 24
C22 FF 61061 172200  780 224  434    -4324919    -59         -27    -28   32  17  211  +19   90   +9   90    9  18  0  0 L3B E3
C23 FF 61061 172200  780 361 2610    +5049127    -84         -27    -16   21  17  137  +11  133  +15  133   15  12  0  0 L3B 16
C25 FF 61061 172200  780 179 2097    -9610669    +87         -26    -10   27  17  261  +87  181  +23  181   23  17  0  0 L3B 47
C34 FF 61061 172200  780 613  840    -8677024    -77         -53     +2   15  17   92   +6  109   -5  109   -5   8  0  0 L3B CC
C37 FF 61061 172200  780 209 3164    +9113605    +40          -8    -15   38  17  225  -30  105  +11  105   11  21  0  0 L3B 01
C38 FF 61061 172200  780 213  339    -2698702    -13         -11     +7   15  17  220  +21   66   +6   66    6   9  0  0 L3B B2
C42 FF 61061 172200  780 121 1484    +9156044   -120          -8    -79   33  17  384 -193  147  +43  147   43  19  0  0 L3B 50
C43 FF 61061 172200  780 584 2729    -1301943     -7         -14     +1   15  17   95   -7  110   -6  110   -6   9  0  0 L3B BC
C21 FF 61061 173800  780 353  937    +8878901     -9         -46    +41   24  17  140  -11  118  -31  118  -31  13  0  0 L3B 1E
C22 FF 61061 173800  780 198  377    -4324962    +10         -41    +41   29  17  236  +35   89  -36   89  -36  18  0  0 L3B 28
C23 FF 61061 173800  780 325 2542    +5049057    -80         -32    -12   18  17  150  +17  139   +7  139    7  11  0  0 L3B 0B
C25 FF 61061 173800  780 119 2073    -9610589    +99         -39     +2   19  17  385 +187  210  +29  210   29  13  0  0 L3B 4C
C34 FF 61061 173800  780 552  883    -8677096    -73         -50     +5   15  17   98   +8  105   -6  105   -6   9  0  0 L3B E4
C37 FF 61061 173800  780 233 3107    +9113651    +88         -14    +34   27  17  203  -16  110  -22  110  -22  16  0  0 L3B 28
C38 FF 61061 173800  780 191  337    -2698728    -15         -18     +5   18  17  244  +28   71  -11   71  -11  13  0  0 L3B 05
C42 FF 61061 173800  780 182 1459    +9155988    -26         -24    +15   22  17  258  -88  143  -24  143  -24  14  0  0 L3B 58
C43 FF 61061 173800  780 647 2772    -1301962     +6         -26    +15   13  17   89   -5  110  -15  110  -15   7  0  0 L3B F4
C21 FF 61061 175400  780 379  859    +8878844    -60         -55    -10   24  17  131   -6  116   +1  116    1  14  0  0 L3B F4
C22 FF 61061 175400  780 164  329    -4324996     -5         -45    +26   24  17  282  +64   87  -10   87  -10  16  0  0 L3B 08
C23 FF 61061 175400  780 281 2483    +5048993    -71         -31     -3   23  17  171  +27  143   -1  143   -1  14  0  0 L3B 01
C28 FF 61061 175400  780 134 2746    -4741480    -57         -34    -12   33  17  346 -136  176  -11  176  -11  21  0  0 L3B 58
C34 FF 61061 175400  780 491  925    -8677176    -60         -55    +19   13  17  107  +10  105   -9  105   -9   7  0  0 L3B 08
C37 FF 61061 175400  780 247 3045    +9113687    +88         -30    +33   26  17  192   -6  118  -27  118  -27  14  0  0 L3B 3F
C38 FF 61061 175400  780 168  338    -2698768    -45         -39    -26   29  17  275  +38   78  +33   78   33  17  0  0 L3B 39
C42 FF 61061 175400  780 246 1431    +9155944    -35         -28     +7   20  17  194  -49  133  -24  133  -24  12  0  0 L3B 30
C43 FF 61061 175400  780 710 2817    -1301958    +13         -14    +21   17  17   85   -3   98  -20   98  -20  10  0  0 L3B F4
C21 FF 61061 181000  780 392  775    +8878801    -20         -43    +30   21  18  128   -2  107  -19  107  -19  12  0  0 L3B 16
C22 FF 61061 181000  780 123  289    -4325007    -27         -25     +5   26  18  370 +129   75   +6   75    6  17  0  0 L3B D9
C23 FF 61061 181000  780 233 2432    +5048941    -64         -15     +4   28  18  203  +43  144   +3  144    3  17  0  0 L3B E7
C28 FF 61061 181000  780 187 2780    -4741514    -24         -26    +21   26  18  251  -72  146  -33  146  -33  15  0  0 L3B 40
C34 FF 61061 181000  780 431  966    -8677260   -122         -45    -42   18  18  118  +14  110  +21  110   21  11  0  0 L3B 1A
C37 FF 61061 181000  780 250 2979    +9113752    +24         -14    -30   30  18  190   +2  105  +14  105   14  18  0  0 L3B 0A
C38 FF 61061 181000  780 145  343    -2698794    -23         -47     -4   35  18  317  +52   82   +7   82    7  20  0  0 L3B D8
C42 FF 61061 181000  780 309 1398    +9155913    -58         -18    -16   22  18  157  -30  116   +1  116    1  13  0  0 L3B 09
C43 FF 61061 181000  780 775 2864    -1301972    +14         -20    +23   15  18   83   -2   95  -18   95  -18   8  0  0 L3B F1
C21 FF 61061 182600  780 391  691    +8878753    -48         -43     +3   25  18  128   +2  103   -6  103   -6  15  0  0 L3B EE
C23 FF 61061 182600  780 181 2389    +5048871     +6         -20    +74   24  18  257  +73  157  -25  157  -25  15  0  0 L3B 3F
C28 FF 61061 182600  780 242 2812    -4741550    -56         -18    -11   26  18  197  -44  121  -13  121  -13  16  0  0 L3B 39
C34 FF 61061 182600  780 372 1007    -8677338    -77         -47     +3   19  18  133  +19  111   +1  111    1  11  0  0 L3B F5
C37 FF 61061 182600  780 242 2912    +9113809    +89          -9    +35   30  18  196  +10  106  -17  106  -17  17  0  0 L3B 35
C38 FF 61061 182600  780 120  351    -2698816    -80         -50    -61   17  18  377  +74   83  +38   83   38  11  0  0 L3B 16
C42 FF 61061 182600  780 371 1357    +9155865    -84         -26    -43   24  18  134  -20  111  +19  111   19  14  0  0 L3B 33
C43 FF 61061 182600  780 840 2926    -1301979    +14         -18    +22   14  18   81   -1   90  -21   90  -21   8  0  0 L3B E3
C21 FF 61061 184200  780 376  611    +8878704    -28         -43    +22   36  18  132   +7  101  -17  101  -17  21  0  0 L3B 11
C23 FF 61061 184200  780 128 2350    +5048783    -71         -42     -3   65  18  358 +145  186  +27  186   27  37  0  0 L3B 4A
C28 FF 61061 184200  780 299 2842    -4741582    -25          -8    +20   18  18  162  -29   95  -22   95  -22  11  0  0 L3B 1F
C34 FF 61061 184200  780 314 1046    -8677416    -72         -47     +8   21  18  155  +26  113   +1  113    1  12  0  0 L3B EF
C37 FF 61061 184200  780 224 2848    +9113872   +110           2    +56   23  18  211  +21   99  -36   99  -36  15  0  0 L3B 19
C42 FF 61061 184200  780 430 1304    +9155823    -69         -27    -27   24  18  119  -13  106   +9  106    9  14  0  0 L3B 10
C43 FF 61061 184200  780 893  750    -1301975    -23          -7    -15   15  18   81   +0   82   +6   82    6   9  0  0 L3B 9A
C21 FF 61061 185800  780 348  542    +8878659    -60         -40     -9   19  18  141  +12   93   -3   93   -3  11  0  0 L3B E9
C28 FF 61061 185800  780 357 2869    -4741643    -13         -25    +33   21  18  138  -21   97  -25   97  -25  11  0  0 L3B 37
C33 FF 61061 185800  780 151 1765    +9495507    -27         -13    +32   29  18  310 -135  147  -39  147  -39  18  0  0 L3B 6D
C34 FF 61061 185800  780 256 1084    -8677496    -94         -51    -14   15  18  186  +39  120  +18  120   18   9  0  0 L3B 40
C37 FF 61061 185800  780 197 2787    +9113917    +68          -5    +14   22  18  238  +37  103   -2  103   -2  13  0  0 L3B 14
C42 FF 61061 185800  780 483 1234    +9155789    -39         -22     +3   19  18  108   -9   97   -6   97   -6  11  0  0 L3B FB
C43 FF 61061 185800  780 827 1126    -1301994    -42         -18    -33   10  18   81   +1   86  +18   86   18   6  0  0 L3B E7
C21 FF 61061 191400  780 310  486    +8878612    -33         -46    +16   23  19  156  +20   90  -15   90  -15  14  0  0 L3B 09
C28 FF 61061 191400  780 417 2892    -4741682    -17         -26    +28   17  19  122  -15   87  -21   87  -21  11  0  0 L3B 2D
C33 FF 61061 191400  780 218 1761    +9495448   -118         -11    -59   23  19  218  -67  133  +20  133   20  14  0  0 L3B 49
C34 FF 61061 191400  780 200 1120    -8677563    -69         -27    +12   18  19  234  +64  113   -5  113   -5  13  0  0 L3B 13
C37 FF 61061 191400  780 162 2731    +9113960    +91          -9    +37   25  19  285  +64  115  -26  115  -26  17  0  0 L3B 39
C42 FF 61061 191400  780 526 1144    +9155750    -39         -26     +3   19  19  102   -5   91  -11   91  -11  11  0  0 L3B ED
C43 FF 61061 191400  780 760 1180    -1302002    -45          -1    -35   11  19   83   +2   84  +16   84   16   6  0  0 L3B B3
C21 FF 61061 193000  780 264  443    +8878569     -1         -41    +49   19  19  181  +32   82  -33   82  -33  11  0  0 L3B 04
C28 FF 61061 193000  780 478 2909    -4741730    -26         -30    +18   16  19  109  -11   88  -13   88  -13  10  0  0 L3B 28
C33 FF 61061 193000  780 286 1756    +9495375    -83         -28    -24   16  19  169  -39  130   +3  130    3  10  0  0 L3B 1E
C34 FF 61061 193000  780 144 1155    -8677651   -101         -37    -20   33  19  320 +121  127   +4  127    4  21  0  0 L3B 1E
C37 FF 61061 193000  780 123 2680    +9114018    +63          -2     +9   31  19  372 +123  114   -9  114   -9  19  0  0 L3B 01
C42 FF 61061 193000  780 554 1034    +9155707   -112         -30    -70   17  19   98   -2   88  +38   88   38  10  0  0 L3B 0C
C43 FF 61061 193000  780 693 1223    -1302016    -32          -6    -22   14  19   86   +4   87  +15   87   15   8  0  0 L3B C4
C21 FF 61061 194600  780 213  412    +8878526   -118         -36    -68   21  19  220  +53   75  +47   75   47  13  0  0 L3B 21
C27 FF 61061 194600  780 123 2949    -5850003    +55         -16   +104   31  19  376 -167   84  -78   84  -78  18  0  0 L3B 65
C28 FF 61061 194600  780 541 2917    -4741775    -87         -32    -42   20  19  100   -8   86  +26   86   26  12  0  0 L3B 15
C33 FF 61061 194600  780 357 1749    +9495318    -67         -28     -8   17  19  139  -25  114  -10  114  -10  11  0  0 L3B 40
C42 FF 61061 194600  780 562  911    +9155661    -30         -36    +12   15  19   97   +0   89   -9   89   -9   9  0  0 L3B D1
C43 FF 61061 194600  780 625 1261    -1302037    -11         -18     -1   15  19   91   +6   93   +0   93    0   8  0  0 L3B 95
C21 FF 61061 200200  780 160  391    +8878470    -13         -49    +36   23  20  290  +98   77  -22   77  -22  14  0  0 L3B 0D
C27 FF 61061 200200  780 178 2970    -5850051    -29         -18    +20   24  20  263  -83   89   -6   89   -6  15  0  0 L3B 05
C28 FF 61061 200200  780 604 2911    -4741831    -67         -46    -22   16  20   93   -6   92  +12   92   12  10  0  0 L3B DD
C33 FF 61061 200200  780 429 1739    +9495260    -44         -24    +15   18  20  119  -17  107  -12  107  -12  12  0  0 L3B 2F
C42 FF 61061 200200  780 551  792    +9155628    -40         -29     +2   16  20   98   +3   84   -1   84   -1   9  0  0 L3B 9E
C43 FF 61061 200200  780 558 1296    -1302043    -21         -24    -13   13  20   98   +8   92   +8   92    8   8  0  0 L3B AD
C21 FF 61061 201800  780 104  380    +8878421    -40         -51     +9   36  20  436 +227   75  -20   75  -20  24  0  0 L3B FE
C27 FF 61061 201800  780 236 2987    -5850073    -44           7     +5   26  20  202  -48   68   +4   68    4  17  0  0 L3B C9
C28 FF 61061 201800  780 667 2877    -4741869    -50         -41     -6   15  20   88   -4   88   +0   88    0   9  0  0 L3B C5
C33 FF 61061 201800  780 501 1722    +9495204   -106         -23    -47   15  20  105  -12  101  +21  101   21   9  0  0 L3B 06
C42 FF 61061 201800  780 521  692    +9155595    -37         -22     +5   17  20  102   +5   77   -6   77   -6  10  0  0 L3B C1
C43 FF 61061 201800  780 491 1329    -1302049    -11         -21     -3   11  20  107  +11   93   +1   93    1   7  0  0 L3B A0
C27 FF 61061 203400  780 295 2998    -5850138    -38         -11    +11   20  20  164  -31   79   -9   79   -9  12  0  0 L3B 09
C28 FF 61061 203400  780 725 2793    -4741919    -56         -48    -11   13  20   85   -3   90   +6   90    6   8  0  0 L3B C7
C33 FF 61061 203400  780 573 1691    +9495157    -65         -13     -6   13  20   96   -8   89   -1   89   -1   8  0  0 L3B CB
C41 FF 61061 203400  780 145 2020    +9446978    -16          -6     +1   21  20  321 -142  129  -20  129  -20  13  0  0 L3B 0F
C42 FF 61061 203400  780 478  617    +9155547    -25         -30    +17   18  20  109   +8   81  -13   81  -13  11  0  0 L3B F1
C43 FF 61061 203400  780 425 1359    -1302055    -20         -20    -12   17  20  119  +16   94  +11   94   11  10  0  0 L3B E6
C27 FF 61061 205000  780 354 3001    -5850180   -103          -6    -54   20  20  139  -21   73  +31   73   31  13  0  0 L3B EB
C28 FF 61061 205000  780 771 2603    -4741961    -25         -47    +20   13  20   83   -1   88  -15   88  -15   7  0  0 L3B EA
C33 FF 61061 205000  780 641 1633    +9495103    -88         -10    -28   12  20   90   -5   83  +11   83   11   7  0  0 L3B CA
C41 FF 61061 205000  780 211 2036    +9446955    -21         -14     -5   28  20  225  -70  117  -12  117  -12  18  0  0 L3B 15
C42 FF 61061 205000  780 427  565    +9155510    -41         -28     +0   16  20  119  +13   76   +1   76    1  10  0  0 L3B AB
C43 FF 61061 205000  780 359 1388    -1302060     -9         -17     -1   17  20  137  +22   93   +2   93    2  10  0  0 L3B AE
C27 FF 61061 210600  780 415 2995    -5850242    -76         -26    -27   15  21  122  -15   81  +12   81   12   9  0  0 L3B FB
C28 FF 61061 210600  780 783 2284    -4742006    -57         -46    -12   11  21   83   +0   88   +4   88    4   7  0  0 L3B BB
C33 FF 61061 210600  780 701 1526    +9495039    -79         -27    -20   11  21   86   -3   86   +5   86    5   6  0  0 L3B C0
C39 FF 61061 210600  780 127  678     +183424    -10         -50    -14   33  21  362  -83   73  +26   73   26  19  0  0 L3B E9
C41 FF 61061 210600  780 278 2054    +9446943    -19         -11     -2   15  21  174  -40  104  -10  104  -10   9  0  0 L3B 03
C42 FF 61061 210600  780 371  533    +9155455    -43         -36     -2   22  21  133  +18   82   -1   82   -1  12  0  0 L3B BD
C43 FF 61061 210600  780 294 1414    -1302062    -13         -10     -5   19  21  164  +34   91   +9   91    9  12  0  0 L3B C0
C27 FF 61061 212200  780 474 2974    -5850288    -40         -25     +8   17  21  110  -11   78   -6   78   -6  10  0  0 L3B EC
C28 FF 61061 212200  780 751 2010    -4742043     +0         -40    +45   12  21   84   +2   83  -28   83  -28   7  0  0 L3B BD
C33 FF 61061 212200  780 743 1333    +9494981    -49         -28    +10   18  21   84   -1   83   -6   83   -6  10  0  0 L3B D9
C39 FF 61061 212200  780 155  663     +183431    +25         -47    +20   21  21  299  -52   71  -16   71  -16  13  0  0 L3B EA
C41 FF 61061 212200  780 346 2074    +9446931     +1          -7    +17   22  21  142  -26   94  -17   94  -17  13  0  0 L3B F0
C42 FF 61061 212200  780 313  515    +9155429    -59         -23    -17   14  21  155  +27   74   +9   74    9   8  0  0 L3B CE
C43 FF 61061 212200  780 230 1438    -1302073    -12         -13     -4   27  21  205  +55   96   +4   96    4  16  0  0 L3B BF
C27 FF 61061 213800  780 531 2933    -5850337    -57         -28     -9   12  21  101   -8   76   +1   76    1   7  0  0 L3B BB
C28 FF 61061 213800  780 695 1868    -4742087    -34         -41    +11   11  21   86   +4   83   -2   83   -2   6  0  0 L3B CC
C33 FF 61061 213800  780 752 1063    +9494937    -74         -16    -15   13  21   84   +0   74   +7   74    7   7  0  0 L3B C4
C39 FF 61061 213800  780 181  646     +183448     -7         -34    -12   19  21  258  -35   62   +6   62    6  11  0  0 L3B BA
C41 FF 61061 213800  780 415 2097    +9446908    -20         -14     -4   23  21  122  -17   93   -6   93   -6  14  0  0 L3B E6
C42 FF 61061 213800  780 254  509    +9155392    -63         -19    -22   16  21  187  +42   71  +12   71   12  10  0  0 L3B F2
C43 FF 61061 213800  780 167 1459    -1302083     +7         -15    +15   29  21  277 +101  106   +5  106    5  18  0  0 L3B FE
C27 FF 61061 215400  780 581 2864    -5850387    -68         -31    -20   16  21   95   -5   75  +11   75   11   9  0  0 L3B EA
C28 FF 61061 215400  780 629 1801    -4742133    -49         -44     -4   15  21   91   +6   85   +1   85    1   9  0  0 L3B A7
C33 FF 61061 215400  780 723  836    +9494864    -50         -32     +9   16  21   85   +2   83   -4   83   -4   9  0  0 L3B B0
C39 FF 61061 215400  780 205  627     +183449    +11         -38     +6   20  21  229  -25   65   +4   65    4  12  0  0 L3B AB
C41 FF 61061 215400  780 486 2122    +9446883     -8         -24     +9   16  21  108  -12   95   -5   95   -5   9  0  0 L3B D4
C42 FF 61061 215400  780 195  512    +9155362    -55          -9    -13   21  21  240  +70   61   +8   61    8  14  0  0 L3B BA
C43 FF 61061 215400  780 106 1477    -1302074    +12           2    +20   33  21  428 +238  101   -6  101   -6  20  0  0 L3B E0
C27 FF 61061 221000  780 621 2759    -5850437    -12         -30    +36   13  22   91   -3   77  -21   77  -21   7  0  0 L3B E1
C28 FF 61061 221000  780 559 1769    -4742181    -11         -34    +35   17  22   97   +8   90  -19   90  -19   9  0  0 L3B FC
C30 FF 61061 221000  780 140 3145    -3698611     +3         -30    +86   34  22  331 -132   83  -50   83  -50  22  0  0 L3B 00
C33 FF 61061 221000  780 671  708    +9494827    -71         -21    -13   18  22   88   +4   71   +6   71    6  10  0  0 L3B B5
C39 FF 61061 221000  780 225  607     +183444     -2         -48     -7   15  22  209  -18   75   +7   75    7   9  0  0 L3B 98
C41 FF 61061 221000  780 557 2149    +9446865     -4         -28    +12   20  22   98   -9   92  -11   92  -11  12  0  0 L3B E7
C42 FF 61061 221000  780 137  522    +9155316    -29         -17    +13   23  22  336 +138   60  -25   60  -25  14  0  0 L3B 06
C27 FF 61061 222600  780 642 2618    -5850494    -68         -40    -19   14  22   90   -1   82   +9   82    9   8  0  0 L3B CB
C28 FF 61061 222600  780 488 1754    -4742222    -38         -32     +8   20  22  107  +12   91   +5   91    5  12  0  0 L3B D1
C30 FF 61061 222600  780 196 3136    -3698704    -95         -45    -13   33  22  240  -67   95  +12   95   12  21  0  0 L3B 17
C33 FF 61061 222600  780 610  647    +9494758    -57         -34     +1   11  22   92   +6   79   -2   79   -2   6  0  0 L3B AF
C39 FF 61061 222600  780 243  584     +183459    +42         -37    +37   19  22  195  -12   67  -28   67  -28  11  0  0 L3B 0C
C41 FF 61061 222600  780 628 2177    +9446852     -2         -25    +15   17  22   91   -6   87  -12   87  -12   9  0  0 L3B E4
C27 FF 61061 224200  780 640 2460    -5850535    -39         -35    +10   16  22   90   +1   79   -6   79   -6   9  0  0 L3B CB
C28 FF 61061 224200  780 416 1748    -4742260    -58         -25    -12   15  22  121  +17   90  +10   90   10  10  0  0 L3B F5
C30 FF 61061 224200  780 250 3118    -3698765    -58         -26    +25   25  22  191  -39   84  -15   84  -15  15  0  0 L3B 2B
C32 FF 61061 224200  780 144 2329    +9595720    +13         -14    +67   26  22  323 -130  103  -45  103  -45  17  0  0 L3B 3F
C33 FF 61061 224200  780 547  621    +9494711    -75         -25    -17   16  22   99   +8   72  +12   72   12   9  0  0 L3B D2
C39 FF 61061 224200  780 257  561     +183460    -32         -41    -37   22  22  185   -9   70  +24   70   24  13  0  0 L3B CE
C41 FF 61061 224200  780 699 2205    +9446831     +4         -30    +21   15  22   86   -4   89  -15   89  -15   9  0  0 L3B E2
C27 FF 61061 225800  780 613 2319    -5850583    -53         -35     -4   14  22   92   +3   78   -1   78   -1   8  0  0 L3B BE
C28 FF 61061 225800  780 346 1746    -4742305    -52         -26     -6   17  22  142  +26   94  +11   94   11  10  0  0 L3B F9
C30 FF 61061 225800  780 302 3089    -3698839    -26         -21    +56   21  22  161  -25   77  -35   77  -35  14  0  0 L3B 2E
C32 FF 61061 225800  780 203 2363    +9595674    -96          -7    -42   35  22  233  -67   90  +16   90   16  22  0  0 L3B 0E
C33 FF 61061 225800  780 483  617    +9494650    -68         -30    -10   15  22  108  +11   75   +4   75    4   8  0  0 L3B CD
C39 FF 61061 225800  780 268  536     +183469    +11         -37     +6   19  22  178   -6   66   +0   66    0  11  0  0 L3B AD
C41 FF 61061 225800  780 770 2231    +9446814     +4         -31    +20   13  22   83   -2   88  -10   88  -10   7  0  0 L3B CA
C24 FF 61061 231400  780 102  720     +181640   +263         -30    -31   35  23  446 -141   66  +11   66   11  27  0  0 L3B ED
C27 FF 61061 231400  780 569 2211    -5850633    -53         -27     -3   15  23   96   +6   81   +4   81    4   9  0  0 L3B A9
C28 FF 61061 231400  780 277 1746    -4742350    -47         -25     +0   17  23  173  +40  101   +6  101    6  10  0  0 L3B E3
C30 FF 61061 231400  780 349 3047    -3698913    -82         -14     +1   17  23  141  -16   75   -1   75   -1  10  0  0 L3B DD
C32 FF 61061 231400  780 262 2401    +9595625    -31           4    +24   27  23  183  -40   83  -18   83  -18  16  0  0 L3B FB
C33 FF 61061 231400  780 420  625    +9494595    -97         -14    -37   13  23  120  +15   73  +22   73   22   8  0  0 L3B EA
C39 FF 61061 231400  780 275  512     +183476    +33         -36    +28   15  23  174   -3   65  -24   65  -24  10  0  0 L3B E1
C41 FF 61061 231400  780 841 2242    +9446806    -12         -21     +4   12  23   81   -1   82   -5   82   -5   7  0  0 L3B A0
C24 FF 61061 233000  780 131  665     +181905   +302         -48     +9   43  23  350  -70   81   -7   81   -7  26  0  0 L3B CB
C27 FF 61061 233000  780 513 2135    -5850685    -61         -31    -11   12  23  103   +9   85  +16   85   16   7  0  0 L3B E2
C28 FF 61061 233000  780 210 1746    -4742391    -55         -22     -9   17  23  224  +69  106   +6  106    6  12  0  0 L3B F4
C30 FF 61061 233000  780 389 2991    -3698993    -82         -15     +0   17  23  129  -10   75   +2   75    2  10  0  0 L3B E1
C32 FF 61061 233000  780 321 2441    +9595575    -78           8    -23   22  23  152  -26   76  +12   76   12  13  0  0 L3B EE
C33 FF 61061 233000  780 359  642    +9494547    -61          -5     -2   22  23  137  +21   68   +4   68    4  12  0  0 L3B B6
C39 FF 61061 233000  780 278  488     +183490    -29         -26    -34   18  23  172   -1   56  +24   56   24  11  0  0 L3B E0
C41 FF 61061 233000  780 888  760    +9446806    -15          -6     +2   13  23   81   +0   73   -1   73   -1   7  0  0 L3B 86
C24 FF 61061 234600  780 154  608     +182206   +340         -29    +47   35  23  301  -36   67  -28   67  -28  21  0  0 L3B 0A
C27 FF 61061 234600  780 451 2083    -5850727    -54         -25     -4   17  23  114  +13   85   +8   85    8  10  0  0 L3B DE
C28 FF 61061 234600  780 145 1746    -4742446    -45         -32     +1   28  23  318 +138  120   +6  120    6  17  0  0 L3B 09
C30 FF 61061 234600  780 419 2920    -3699071    -84         -13     -1   17  23  121   -6   72   -4   72   -4  11  0  0 L3B CC
C32 FF 61061 234600  780 381 2484    +9595526    -52          12     +3   17  23  131  -18   68  -10   68  -10  10  0  0 L3B F9
C33 FF 61061 234600  780 299  665    +9494496    -76           1    -16   17  23  161  +30   64   +9   64    9  10  0  0 L3B D3
C39 FF 61061 234600  780 277  464     +183475    -11         -47    -16   16  23  173   +2   68   -1   68   -1   9  0  0 L3B BD
C41 FF 61061 234600  780 821  595    +9446779    -16         -17     +0   12  23   82   +1   79   +0   79    0   7  0  0 L3B 9C
