CGGTTS     GENERIC DATA FORMAT VERSION = 2E
REV DATE = 2026-01-01                    
RCVR = POLARX5-TR                    R2CGGTTS v8.8    
CH = 99 
IMS = POLARX5-TR                    
LAB = PTB                           
X = +3844059.67 m 
Y =  +709661.67 m 
Z = +5023129.80 m 
FRAME = ITRF
COMMENTS = TGD applied
INT DLY =   33.0 ns (BDS B1C),   32.5 ns (BDS B2a)
CAB DLY =  205.7 ns 
REF DLY =   56.2 ns
REF = UTC(PTB)                      
CKSUM = A4

SAT CL  MJD  STTIME TRKL ELV AZTH   REFSV      SRSV     REFSYS    SRSYS  DSG IOE MDTR SMDT MDIO SMDI MSIO SMSI ISG FR HC FRC CK
             hhmmss  s  .1dg .1dg    .1ns     .1ps/s     .1ns    .1ps/s .1ns     .1ns.1ps/s.1ns.1ps/s.1ns.1ps/s.1ns
C21 FF 61071 001400  780 217  777    +8840717    -80          -9    -36   21   0  217  +53   80  +30   80   30  13  0  0 L3B C9
C26 FF 61071 001400  780 236 1115    +5894821    +57         -14     +1   24   0  201  -40  144  -28  144  -28  14  0  0 L3B 02
C27 FF 61071 001400  780 145 3251    -5889030    -19         -25    +30   25   0  320  -92   83  -29   83  -29  15  0  0 L3B 08
C28 FF 61071 001400  780 380 2865    -4777810     -6         -19    +39   17   0  131   -1   84  -26   84  -26  10  0  0 L3B EB
C33 FF 61071 001400  780 472 2661    +9451403    -79          -3    -26   16   0  110  -11   85  +15   85   15  10  0  0 L3B D6
C39 FF 61071 001400  780 245  398     +187306    +30           7    +25   12   0  194  +11   57  -26   57  -26   8  0  0 L3B B1
C42 FF 61071 001400  780 723  655    +9123982    -72          -9    -34   14   0   85   +3   81  +21   81   21   8  0  0 L3B 9D
C43 FF 61071 001400  780 288 2161    -1308814     -8         -18     +0   17   0  167  +33  115  +11  115   11  11  0  0 L3B D8
C45 FF 61071 001400  780 209  508    +6719185   +153         -24    -38   26   0  225   +6   94  +23   94   23  15  0  0 L3B EA
C21 FF 61071 003000  780 163  812    +8840679    -49          -5     -4   29   0  285  +92   82   +7   82    7  19  0  0 L3B B2
C26 FF 61071 003000  780 282 1061    +5894869    +63         -19     +8   20   0  171  -25  126  -23  126  -23  12  0  0 L3B 0F
C27 FF 61071 003000  780 184 3210    -5889072    -32         -21    +16   27   0  255  -49   81  -20   81  -20  16  0  0 L3B FB
C28 FF 61071 003000  780 377 2783    -4777862    -60         -27    -15   15   0  132   +3   91   +0   91    0  10  0  0 L3B BC
C33 FF 61071 003000  780 532 2712    +9451354    -54          -1     -2   22   0  101   -8   84   -1   84   -1  13  0  0 L3B 8D
C39 FF 61071 003000  780 229  387     +187290    +11         -14     +6   14   0  206  +15   71   -3   71   -3   8  0  0 L3B 88
C42 FF 61071 003000  780 661  720    +9123941    -79         -13    -40   15   0   88   +4   85  +26   85   26   9  0  0 L3B B7
C43 FF 61071 003000  780 227 2130    -1308816    -34         -12    -26   16   0  208  +54  119  +27  119   27  10  0  0 L3B 03
C45 FF 61071 003000  780 197  447    +6719357   +152         -35    -39   31   0  237  +19   99  +27   99   27  18  0  0 L3B 1B
C21 FF 61071 004600  780 110  849    +8840607    -39         -35     +5   31   0  413 +190  110   +9  110    9  19  0  0 L3B D8
C24 FF 61071 004600  780 146 1467     +413691   +369         -10    +71   36   0  318 -127  139  -50  139  -50  21  0  0 L3B 39
C26 FF 61071 004600  780 321  999    +5894919    +14         -22    -42   21   0  152  -16  113   +9  113    9  11  0  0 L3B E5
C27 FF 61071 004600  780 215 3160    -5889114    -35         -16    +14   29   0  219  -28   73   +3   73    3  17  0  0 L3B D8
C28 FF 61071 004600  780 361 2704    -4777903    -60         -25    -15   22   0  137   +8   90  +19   90   19  13  0  0 L3B EC
C33 FF 61071 004600  780 592 2767    +9451298    -91          -7    -38   17   0   94   -6   87  +18   87   18   9  0  0 L3B E4
C39 FF 61071 004600  780 211  379     +187298    -44         -10    -50   21   0  222  +19   69  +29   69   29  13  0  0 L3B DF
C41 FF 61071 004600  780 107 2690    +9435174    -40           4    -26   36   0  427 -204  120   -5  120   -5  22  0  0 L3B E3
C42 FF 61071 004600  780 599  776    +9123912    -49          -6    -10   13   0   93   +6   81   +7   81    7   8  0  0 L3B 8E
C43 FF 61071 004600  780 166 2103    -1308827    -18         -14     -9   26   0  279  +99  132  +12  132   12  16  0  0 L3B 05
C45 FF 61071 004600  780 176  392    +6719542   +184         -32     -7   28   0  264  +38   96   +7   96    7  16  0  0 L3B E2
C24 FF 61071 010200  780 206 1439     +413981   +303          -9     +4   19   1  229  -66  131   -5  131   -5  11  0  0 L3B CC
C26 FF 61071 010200  780 353  929    +5894980    +71         -11    +15   19   1  140   -9   99  -13   99  -13  11  0  0 L3B EF
C27 FF 61071 010200  780 238 3103    -5889164    -58         -15     -9   19   1  199  -15   75   +2   75    2  11  0  0 L3B D1
C28 FF 61071 010200  780 333 2631    -4777937    -19         -15    +26   20   1  147  +13   95   -5   95   -5  12  0  0 L3B E7
C33 FF 61071 010200  780 653 2829    +9451249    -69         -11    -16   14   1   89   -5   84  +10   84   10   8  0  0 L3B CC
C39 FF 61071 010200  780 192  375     +187302     -1          -8     -6   25   1  243  +25   66  +10   66   10  15  0  0 L3B 8C
C41 FF 61071 010200  780 160 2728    +9435163    -30           9    -16   29   1  292  -96   98   -8   98   -8  19  0  0 L3B E2
C42 FF 61071 010200  780 538  827    +9123873    -36          -6     +3   15   1  100   +8   81   -2   81   -2   9  0  0 L3B 7F
C43 FF 61071 010200  780 107 2078    -1308855    -69         -26    -60   28   1  425 +225  153  +48  153   48  17  0  0 L3B 37
C45 FF 61071 010200  780 146  343    +6719712   +145         -44    -45   48   1  314  +70  105  +31  105   31  28  0  0 L3B 0B
C24 FF 61071 011800  780 266 1406     +414267   +355         -10    +57   24   1  180  -39  130  -33  130  -33  14  0  0 L3B 13
C26 FF 61071 011800  780 373  851    +5895019    +14         -25    -41   16   1  133   -5  103  +24  103   24  10  0  0 L3B E2
C27 FF 61071 011800  780 251 3039    -5889216    -47         -21     +1   24   1  189   -5   79   +2   79    2  14  0  0 L3B BF
C28 FF 61071 011800  780 296 2566    -4777986    -57         -20    -12   19   1  163  +21  110  +16  110   16  11  0  0 L3B 1D
C33 FF 61071 011800  780 715 2904    +9451207    -51          -3     +1   19   1   85   -3   77   +1   77    1  11  0  0 L3B 83
C39 FF 61071 011800  780 171  375     +187290    -26         -24    -31   23   1  270  +33   83  +18   83   18  15  0  0 L3B D4
C41 FF 61071 011800  780 214 2766    +9435165    -32          24    -18   25   1  221  -55   73   -3   73   -3  14  0  0 L3B D0
C42 FF 61071 011800  780 478  876    +9123843    -71           1    -32   21   1  109  +11   79  +20   79   20  12  0  0 L3B C4
C45 FF 61071 011800  780 110  301    +6719909   +280         -29    +90   31   1  413 +145  104  -34  104  -34  18  0  0 L3B 29
C24 FF 61071 013400  780 325 1368     +414545   +349         -18    +50   24   1  150  -25  137  -33  137  -33  15  0  0 L3B 1E
C26 FF 61071 013400  780 381  770    +5895088    +71         -10    +15   26   1  131   +0   92  -16   92  -16  16  0  0 L3B DE
C27 FF 61071 013400  780 253 2972    -5889260   -104         -18    -55   27   1  188   +3   76  +48   76   48  16  0  0 L3B 1C
C28 FF 61071 013400  780 251 2509    -4778024    -11         -15    +35   25   1  189  +34  114  -13  114  -13  15  0  0 L3B 1A
C33 FF 61071 013400  780 776 3012    +9451156    -60          -4     -8   15   1   83   -2   79   +5   79    5   9  0  0 L3B 88
C39 FF 61071 013400  780 150  378     +187307    +27         -12    +22   20   1  307  +44   76  -12   76  -12  13  0  0 L3B D0
C41 FF 61071 013400  780 269 2803    +9435132    -30           5    -16   20   1  179  -36   84  +10   84   10  13  0  0 L3B CB
C42 FF 61071 013400  780 420  922    +9123799    -64          -6    -25   15   1  121  +14   84  +13   84   13   9  0  0 L3B BF
C24 FF 61071 015000  780 383 1320     +414838   +243         -13    -56   23   1  131  -17  123  +18  123   18  13  0  0 L3B FF
C26 FF 61071 015000  780 375  690    +5895146    +75          -5    +19   18   1  132   +4   87  -12   87  -12  10  0  0 L3B D7
C27 FF 61071 015000  780 244 2905    -5889301    -59         -12    -10   30   1  195  +11   73  +13   73   13  18  0  0 L3B EF
C28 FF 61071 015000  780 203 2460    -4778093    -32         -40    +13   29   1  231  +56  138   -3  138   -3  17  0  0 L3B FC
C33 FF 61071 015000  780 834 3239    +9451103    -62          -7    -10   14   1   81   -1   80   +4   80    4   8  0  0 L3B 7B
C39 FF 61071 015000  780 128  384     +187290    +73         -33    +68   30   1  357  +61   93  -50   93  -50  20  0  0 L3B E4
C41 FF 61071 015000  780 325 2838    +9435114    -36           1    -22   24   1  150  -24   85   +7   85    7  15  0  0 L3B AF
C42 FF 61071 015000  780 362  967    +9123768    -40           1     -1   19   1  136  +19   84  +10   84   10  11  0  0 L3B AB
C24 FF 61071 020600  780 435 1260     +415114   +310         -23    +11   18   2  117  -11  113  -29  113  -29  11  0  0 L3B F9
C25 FF 61071 020600  780 102 1791    -9532565   +166         -22    +71   31   2  453 -272  158  -49  158  -49  19  0  0 L3B 62
C26 FF 61071 020600  780 356  617    +5895202    +21         -12    -36   26   2  138   +9   85  +22   85   22  15  0  0 L3B D5
C27 FF 61071 020600  780 224 2840    -5889358    -56          -6     -7   20   2  210  +22   83  +15   83   15  13  0  0 L3B D6
C28 FF 61071 020600  780 152 2417    -4778118     +1         -11    +47   34   2  304 +102  133  -18  133  -18  20  0  0 L3B 12
C33 FF 61071 020600  780 858  375    +9451060    -42          -2    +10   12   2   81   +0   73   -4   73   -4   7  0  0 L3B 78
C39 FF 61071 020600  780 105  392     +187314    +35         -13    +30   32   2  429  +90   83  -23   83  -23  21  0  0 L3B D2
C41 FF 61071 020600  780 384 2872    +9435096     -7           1     +8   18   2  130  -18   83   -4   83   -4  10  0  0 L3B A2
C42 FF 61071 020600  780 305 1011    +9123742    -18          13    +21   15   2  159  +27   84   -8   84   -8   9  0  0 L3B BC
C24 FF 61071 022200  780 480 1183     +415403   +266         -21    -32   19   2  109   -7  100  +13  100   13  11  0  0 L3B DB
C25 FF 61071 022200  780 165 1784    -9532458   +154          -7    +59   19   2  284 -111  141  -40  141  -40  11  0  0 L3B 38
C26 FF 61071 022200  780 326  553    +5895252    -12         -17    -69   20   2  149  +15   90  +44   90   44  11  0  0 L3B E6
C27 FF 61071 022200  780 196 2780    -5889399    -69           2    -19   20   2  239  +38   84  +19   84   19  13  0  0 L3B 06
C30 FF 61071 022200  780 105 3313    -3763960    -81          12     +2   34   2  431  -61  107   -8  107   -8  21  0  0 L3B CE
C33 FF 61071 022200  780 812  872    +9451009    -78          -3    -26   13   2   82   +1   76  +13   76   13   7  0  0 L3B 9E
C41 FF 61071 022200  780 444 2902    +9435093    -16          12     -1   18   2  116  -13   78   +4   78    4  10  0  0 L3B A9
C42 FF 61071 022200  780 248 1053    +9123707    -58          16    -19   20   2  191  +41   96  +27   96   27  12  0  0 L3B EE
C24 FF 61071 023800  780 513 1089     +415679   +276         -32    -23   17   2  103   -4  101  +12  101   12  10  0  0 L3B EA
C25 FF 61071 023800  780 230 1778    -9532359   +120           0    +25   19   2  207  -58  129  -25  129  -25  13  0  0 L3B 22
C26 FF 61071 023800  780 287  502    +5895312    +55         -11     -2   23   2  167  +23   88   -4   88   -4  14  0  0 L3B C6
C27 FF 61071 023800  780 161 2724    -5889443    -49           5     +1   29   2  288  +67   85  -10   85  -10  16  0  0 L3B F0
C30 FF 61071 023800  780 115 3257    -3764055   -121          -4    -38   28   2  394  -20  107  +14  107   14  17  0  0 L3B 13
C33 FF 61071 023800  780 750 1029    +9450961    -68          -1    -16   16   2   84   +3   73   +7   73    7   9  0  0 L3B 9C
C41 FF 61071 023800  780 506 2928    +9435073    -78           6    -63   15   2  105  -10   79  +41   79   41   9  0  0 L3B DC
C42 FF 61071 023800  780 193 1093    +9123668    -57          14    -18   26   2  243  +68  113  +36  113   36  16  0  0 L3B 17
C24 FF 61071 025400  780 531  982     +415990   +302          -8     +3   14   2  101   -1   87   -5   87   -5   9  0  0 L3B 87
C25 FF 61071 025400  780 297 1771    -9532261    +81           6    -15   19   2  163  -35  124   +5  124    5  11  0  0 L3B D8
C26 FF 61071 025400  780 242  463    +5895374    +97          -3    +40   22   2  196  +37   87  -28   87  -28  14  0  0 L3B 00
C27 FF 61071 025400  780 120 2674    -5889496    -71           0    -21   30   2  380 +131  102  +44  102   44  19  0  0 L3B 06
C30 FF 61071 025400  780 116 3200    -3764146    -71         -16    +11   35   2  390  +11  110   -6  110   -6  23  0  0 L3B DD
C33 FF 61071 025400  780 685 1116    +9450912    -85           0    -33   17   2   87   +4   76  +26   76   26  10  0  0 L3B BF
C41 FF 61071 025400  780 569 2948    +9435054    +19           1    +34   16   2   96   -7   82  -21   82  -21   9  0  0 L3B C3
C42 FF 61071 025400  780 137 1132    +9123630    -57          13    -18   32   2  334 +131  132  +32  132   32  21  0  0 L3B FC
C24 FF 61071 031000  780 530  870     +416276   +278         -16    -21   13   3  101   +1   86  +13   86   13   7  0  0 L3B AF
C25 FF 61071 031000  780 366 1763    -9532179   +103          -5     +8   20   3  136  -23  127   -6  127   -6  12  0  0 L3B EC
C26 FF 61071 031000  780 192  435    +5895403    +28         -32    -29   33   3  243  +64  104  +17  104   17  21  0  0 L3B FD
C30 FF 61071 031000  780 108 3143    -3764219    -56          -8    +26   25   3  417  +46  104  -28  104  -28  15  0  0 L3B 0F
C33 FF 61071 031000  780 619 1179    +9450856    -39          -5    +13   17   3   91   +6   80   -7   80   -7   9  0  0 L3B AB
C41 FF 61071 031000  780 634 2955    +9435048    -35           8    -21   16   3   90   -5   77  +13   77   13   9  0  0 L3B AF
C24 FF 61071 032600  780 512  768     +416553   +323         -27    +23   20   3  104   +4   93  -15   93  -15  11  0  0 L3B D1
C25 FF 61071 032600  780 436 1749    -9532086    +78          -4    -18   25   3  117  -16  118   +1  118    1  15  0  0 L3B EF
C26 FF 61071 032600  780 139  417    +5895476    +90         -14    +33   26   3  331 +125   94  -20   94  -20  15  0  0 L3B 0B
C32 FF 61071 032600  780 142 2992    +9553598     -2           4    +51   31   3  326 -128   86  -29   86  -29  18  0  0 L3B 05
C33 FF 61071 032600  780 553 1231    +9450807    -50          -4     +2   19   3   98   +8   81   +2   81    2  11  0  0 L3B 83
C41 FF 61071 032600  780 700 2941    +9435038    +11          12    +25   12   3   86   -4   77  -14   77  -14   7  0  0 L3B BE
C24 FF 61071 034200  780 479  684     +416839   +314         -28    +15   20   3  109   +7   95   -7   95   -7  11  0  0 L3B CF
C25 FF 61071 034200  780 506 1728    -9531990    +42           0    -54   18   3  105  -11  101  +18  101   18  11  0  0 L3B E7
C32 FF 61071 034200  780 199 3013    +9553566    -15          24    +38   25   3  236  -68   72  -29   72  -29  16  0  0 L3B 10
C33 FF 61071 034200  780 487 1276    +9450765    -45           5     +7   22   3  107  +11   80   -2   80   -2  13  0  0 L3B AA
C41 FF 61071 034200  780 764 2872    +9435034    -42          21    -28   13   3   83   -2   73  +15   73   15   7  0  0 L3B B7
C23 FF 61071 041000  780 201 2040    +4995501    -37           2    +27   21   4  235  -75  131  -24  131  -24  14  0  0 L3B E9
C24 FF 61071 041000  780 398  587     +417352   +281         -27    -19   15   4  126  +14   89  +10   89   10   8  0  0 L3B DF
C25 FF 61071 041000  780 623 1647    -9531832    +74         -10    -22   18   4   91   -6   92   +8   92    8  10  0  0 L3B B4
C32 FF 61071 041000  780 303 3036    +9553463    -68           9    -15   25   4  160  -30   80  +16   80   16  15  0  0 L3B D0
C33 FF 61071 041000  780 372 1343    +9450688    -31          36    +23   24   4  133  +21   86   -4   86   -4  14  0  0 L3B CF
C41 FF 61071 041000  780 830 2253    +9435000     -6          13     +8   13   4   81   +0   82   -1   82   -1   7  0  0 L3B 5C
C23 FF 61071 042600  780 266 2054    +4995428    -71          -9     -7   16   4  181  -43  137   -2  137   -2   9  0  0 L3B E1
C24 FF 61071 042600  780 344  556     +417649   +295         -18     -5   16   4  143  +21   83   +5   83    5  10  0  0 L3B B5
C25 FF 61071 042600  780 682 1549    -9531745   +111         -16    +15   10   4   87   -3   96   -8   96   -8   6  0  0 L3B D8
C32 FF 61071 042600  780 364 3038    +9553415    -58          12     -5   14   4  136  -21   79   +5   79    5   9  0  0 L3B B5
C33 FF 61071 042600  780 307 1377    +9450632    -56          31     -2   30   4  158  +31  100  +15  100   15  18  0  0 L3B E5
C40 FF 61071 042600  780 104  678    +2039851    +50          18    +21   29   4  436 -123   83  -19   83  -19  23  0  0 L3B FE
C41 FF 61071 042600  780 790 1862    +9434978    -24           5    -10   13   4   82   +2   88   +4   88    4   7  0  0 L3B 96
C23 FF 61071 044200  780 333 2071    +4995372    -74          -4    -10   15   4  147  -27  124   -2  124   -2  10  0  0 L3B E2
C24 FF 61071 044200  780 287  538     +417927   +352         -28    +52   21   4  167  +31   90  -28   90  -28  11  0  0 L3B FC
C25 FF 61071 044200  780 724 1382    -9531645    +64          -8    -32   12   4   85   -2   90  +21   90   21   7  0  0 L3B B1
C32 FF 61071 044200  780 425 3030    +9553361    -83          10    -30   16   4  120  -14   82  +19   82   19  10  0  0 L3B D6
C33 FF 61071 044200  780 243 1407    +9450578    -70          29    -16   25   4  195  +49  124  +39  124   39  16  0  0 L3B 21
C40 FF 61071 044200  780 133  664    +2039859    +10          -2    -19   26   4  345  -72   97  +16   97   16  16  0  0 L3B E2
C41 FF 61071 044200  780 726 1732    +9434960    -19           1     -5   13   4   85   +3   92   +5   92    5   7  0  0 L3B 76
C23 FF 61071 045800  780 401 2089    +4995305    -72         -10     -8   19   4  126  -19  118   -5  118   -5  11  0  0 L3B FB
C24 FF 61071 045800  780 230  531     +418227   +305         -16     +5   18   4  205  +50   86   -5   86   -5  11  0  0 L3B B3
C25 FF 61071 045800  780 738 1147    -9531564   +117         -20    +21   13   4   84   +0   95  -15   95  -15   8  0  0 L3B ED
C32 FF 61071 045800  780 486 3006    +9553305    -63           5    -10   18   4  108  -10   87   +9   87    9  11  0  0 L3B C2
C33 FF 61071 045800  780 179 1433    +9450544     -5          47    +49   24   4  259  +89  136   -7  136   -7  15  0  0 L3B 08
C40 FF 61071 045800  780 160  649    +2039907    +14          17    -15   16   4  289  -47   86   -2   86   -2  10  0  0 L3B D2
C41 FF 61071 045800  780 654 1689    +9434953    -10           8     +4   19   4   89   +5   90   -4   90   -4  11  0  0 L3B A5
C23 FF 61071 051400  780 470 2107    +4995246    -53         -17    +10   21   5  111  -13  103  -17  103  -17  14  0  0 L3B 0D
C24 FF 61071 051400  780 172  532     +418521   +278          -9    -22   19   5  269  +88   91  +24   91   24  12  0  0 L3B DE
C25 FF 61071 051400  780 717  927    -9531468   +103         -25     +6   12   5   85   +2   94   +1   94    1   7  0  0 L3B 95
C32 FF 61071 051400  780 543 2960    +9553243    -39         -15    +13   15   5  100   -7   94   -8   94   -8   9  0  0 L3B CC
C33 FF 61071 051400  780 117 1457    +9450484    -43          31    +11   55   5  389 +199  158   +6  158    6  33  0  0 L3B 14
C40 FF 61071 051400  780 185  631    +2039914    +28         -14     -2   26   5  252  -32   97   +0   97    0  17  0  0 L3B AC
C41 FF 61071 051400  780 582 1676    +9434950    -17          -4     -3   17   5   95   +8   88   +1   88    1  11  0  0 L3B A0
C23 FF 61071 053000  780 540 2126    +4995189    -48         -13    +16   26   5  100   -9   96  -10   96  -10  16  0  0 L3B F8
C24 FF 61071 053000  780 116  540     +418783   +261         -36    -39   37   5  394 +186  120  +53  120   53  21  0  0 L3B 17
C25 FF 61071 053000  780 673  787    -9531364    +74         -14    -23   14   5   88   +3   88  +14   88   14   8  0  0 L3B CE
C32 FF 61071 053000  780 593 2883    +9553220    -58          12     -6   15   5   94   -5   76   +3   76    3   9  0  0 L3B 94
C40 FF 61071 053000  780 208  612    +2039954    +76          -3    +46   27   5  226  -22   94  -26   94  -26  16  0  0 L3B E9
C41 FF 61071 053000  780 508 1676    +9434937     -3          -4    +10   13   5  104  +11   91   -3   91   -3   7  0  0 L3B A1
C20 FF 61071 054600  780 141 3171    +9672814    +96           7    -16   19   5  330 -135   96  +19   96   19  11  0  0 L3B 00
C23 FF 61071 054600  780 610 2142    +4995132   -119          -9    -56   15   5   92   -7   94  +35   94   35   8  0  0 L3B DB
C25 FF 61071 054600  780 617  712    -9531284   +140         -28    +43   15   5   92   +5   98  -21   98  -21   8  0  0 L3B E2
C32 FF 61071 054600  780 631 2767    +9553164    -32           7    +21   10   5   91   -2   81  -10   81  -10   6  0  0 L3B A8
C37 FF 61071 054600  780 118 2293    +9161002    +59           8     -2   22   5  393 -192  139   +3  139    3  15  0  0 L3B E1
C40 FF 61071 054600  780 227  590    +2039976    -23          -9    -53   20   5  208  -16  105  +44  105   44  12  0  0 L3B F5
C41 FF 61071 054600  780 435 1681    +9434931    +12           2    +25   21   5  117  +16   95   -5   95   -5  13  0  0 L3B C3
C20 FF 61071 060200  780 198 3164    +9672916   +132          -8    +19   27   6  238  -68   98  -23   98  -23  17  0  0 L3B 2B
C23 FF 61071 060200  780 680 2153    +4995066   -111         -18    -48   12   6   87   -4   97  +32   97   32   7  0  0 L3B EA
C25 FF 61071 060200  780 556  676    -9531189    +89         -18     -8   13   6   98   +7  101  +14  101   14   7  0  0 L3B D5
C32 FF 61071 060200  780 648 2615    +9553120    -67           9    -15   17   6   89   +0   82  +13   82   13  10  0  0 L3B B7
C37 FF 61071 060200  780 176 2321    +9161052    +73          -2    +12   29   6  266  -88  142  -20  142  -20  17  0  0 L3B 0B
C40 FF 61071 060200  780 243  568    +2039992    +41         -31    +11   20   6  195  -11  120   -1  120   -1  12  0  0 L3B CC
C41 FF 61071 060200  780 364 1688    +9434910    -41           8    -26   16   6  136  +24  117  +38  117   38   9  0  0 L3B FB
C20 FF 61071 061800  780 254 3147    +9673018   +141         -14    +28   21   6  188  -40   97  -17   97  -17  13  0  0 L3B 27
C23 FF 61071 061800  780 750 2146    +4995007   -135         -17    -72   12   6   84   -3  100  +45  100   45   7  0  0 L3B F4
C25 FF 61071 061800  780 494  664    -9531098    +86         -20    -10   14   6  106  +10  114  +25  114   25   8  0  0 L3B F6
C32 FF 61071 061800  780 639 2453    +9553073    -65          12    -13   16   6   90   +2   85  +15   85   15   9  0  0 L3B C6
C37 FF 61071 061800  780 235 2353    +9161129    -26          15    -88   25   6  202  -50  112  +35  112   35  15  0  0 L3B 0A
C40 FF 61071 061800  780 256  544    +2040043    +33         -10     +2   26   6  186   -8  117  +17  117   17  16  0  0 L3B D5
C41 FF 61071 061800  780 293 1696    +9434894    -23           7     -8   17   6  164  +37  147  +40  147   40  10  0  0 L3B 02
C20 FF 61071 063400  780 308 3120    +9673121    +95         -19    -18   23   6  158  -25  102  +16  102   16  13  0  0 L3B 0C
C23 FF 61071 063400  780 818 2077    +4994952    -39         -11    +24   16   6   82   -1  106   -2  106   -2   9  0  0 L3B D9
C25 FF 61071 063400  780 432  667    -9530996    +72         -10    -24   17   6  118  +14  127  +43  127   43  11  0  0 L3B 10
C32 FF 61071 063400  780 606 2316    +9553018    -56           7     -4   12   6   93   +4   97  +11   97   11   7  0  0 L3B 9C
C34 FF 61071 063400  780 110  759    -8743287    -68          -4    +12   70   6  416 -129  266   +0  266    0  36  0  0 L3B F8
C37 FF 61071 063400  780 295 2386    +9161167   +104          -6    +42   25   6  164  -32  123  -23  123  -23  15  0  0 L3B 26
C40 FF 61071 063400  780 265  520    +2040066    +44         -16    +14   17   6  180   -5  136  +10  136   10   9  0  0 L3B CA
C41 FF 61071 063400  780 224 1703    +9434891    -46          18    -32   21   6  210  +62  183  +82  183   82  12  0  0 L3B 0F
C20 FF 61071 065000  780 357 3078    +9673249   +114           0     +1   18   6  138  -16   97  +12   97   12  12  0  0 L3B DF
C23 FF 61071 065000  780 868 1549    +4994900    -51          -3    +12   14   6   81   +0  111   +5  111    5   8  0  0 L3B A8
C25 FF 61071 065000  780 371  679    -9530902   +121          -8    +25   17   6  134  +19  154  +12  154   12  10  0  0 L3B 01
C32 FF 61071 065000  780 557 2215    +9552966    -57           4     -5   22   6   98   +7  113  +23  113   23  13  0  0 L3B CD
C34 FF 61071 065000  780 141  705    -8743361    -97           0    -16   36   6  327  -65  255   -1  255   -1  23  0  0 L3B DC
C37 FF 61071 065000  780 356 2423    +9161243    +54          11     -7   21   6  139  -21  115  +10  115   10  13  0  0 L3B E0
C40 FF 61071 065000  780 270  496    +2040100    +41         -11    +11   23   6  177   -2  153  +19  153   19  13  0  0 L3B D5
C41 FF 61071 065000  780 157 1708    +9434863    +15           3    +29   25   6  294 +121  258  +74  258   74  16  0  0 L3B 26
C20 FF 61071 070600  780 400 3022    +9673356    +99          -2    -14   19   7  126  -10  112  +30  112   30  11  0  0 L3B EB
C23 FF 61071 070600  780 830  834    +4994832    -90          -5    -27   13   7   81   +1  130  +29  130   29   7  0  0 L3B CA
C25 FF 61071 070600  780 312  698    -9530808   +111           0    +15   18   7  155  +27  191  +35  191   35  10  0  0 L3B FD
C32 FF 61071 070600  780 497 2145    +9552916    -63           0    -11   16   7  106  +10  135  +31  135   31   9  0  0 L3B E4
C34 FF 61071 070600  780 166  648    -8743431    -98          -3    -18   23   7  280  -35  241   +1  241    1  16  0  0 L3B DD
C37 FF 61071 070600  780 417 2461    +9161296    +35           6    -26   22   7  121  -15  129  +26  129   26  14  0  0 L3B 03
C40 FF 61071 070600  780 271  472    +2040132     -1          -8    -32   24   7  176   +0  171  +36  171   36  15  0  0 L3B BD
C20 FF 61071 072200  780 432 2949    +9673452   +142         -15    +29   19   7  118   -6  137   -2  137   -2  11  0  0 L3B 0A
C23 FF 61071 072200  780 766  742    +4994759    -16         -17    +48   14   7   83   +2  151  -12  151  -12   8  0  0 L3B F2
C25 FF 61071 072200  780 254  721    -9530713   +109           3    +13   18   7  187  +40  241  +55  241   55  11  0  0 L3B F3
C32 FF 61071 072200  780 432 2097    +9552868    -80           2    -29   20   7  118  +15  159  +51  159   51  13  0  0 L3B 0B
C34 FF 61071 072200  780 182  587    -8743507    -55          -2    +25   29   7  256  -16  249   -9  249   -9  17  0  0 L3B 0B
C37 FF 61071 072200  780 479 2502    +9161358    +85           9    +23   19   7  109  -11  140   -6  140   -6  11  0  0 L3B E9
C40 FF 61071 072200  780 269  450    +2040142    +52         -27    +21   19   7  178   +3  198   -2  198   -2  11  0  0 L3B D8
C43 FF 61071 072200  780 130 1124    -1309035    -64         -12    -55   43   7  355 -134  382  +47  382   47  28  0  0 L3B 31
C19 FF 61071 073800  780 132 3272    +9687632   +135          22    +92   31   7  350 -132  130  -28  130  -28  19  0  0 L3B 46
C20 FF 61071 073800  780 452 2862    +9673562   +102         -13    -11   20   7  114   -2  151  +24  151   24  12  0  0 L3B 04
C23 FF 61071 073800  780 701  736    +4994704    -70         -12     -7   17   7   86   +4  163  +17  163   17  10  0  0 L3B E1
C25 FF 61071 073800  780 198  748    -9530620   +115           3    +20   25   7  236  +64  293  +47  293   47  16  0  0 L3B 16
C32 FF 61071 073800  780 365 2063    +9552821    -68           4    -16   14   7  135  +22  200  +54  200   54   9  0  0 L3B EA
C34 FF 61071 073800  780 189  525    -8743579    -90           2    -10   24   7  247   -2  250  +17  250   17  15  0  0 L3B EB
C37 FF 61071 073800  780 541 2546    +9161415    +51           7    -10   15   7  100   -8  151  +17  151   17   8  0  0 L3B D5
C40 FF 61071 073800  780 263  429    +2040184    +56         -15    +26   13   7  181   +5  204   +1  204    1   8  0  0 L3B AE
C43 FF 61071 073800  780 178 1079    -1309042    -41         -12    -33   24   7  262  -69  356  -20  356  -20  15  0  0 L3B 30
C19 FF 61071 075400  780 180 3241    +9687645    +23          -7    -20   29   7  260  -65  175  +30  175   30  18  0  0 L3B 1C
C20 FF 61071 075400  780 455 2767    +9673686    +68           3    -45   19   7  113   +1  156  +50  156   50  12  0  0 L3B 00
C23 FF 61071 075400  780 636  753    +4994636    -36         -19    +27   14   7   90   +5  182   +2  182    2   8  0  0 L3B C8
C25 FF 61071 075400  780 144  778    -9530540   +121          -9    +25   60   7  320 +117  366  +47  366   47  36  0  0 L3B 30
C32 FF 61071 075400  780 297 2038    +9552774    -76           7    -25   12   7  162  +34  236  +57  236   57   7  0  0 L3B 0E
C34 FF 61071 075400  780 185  463    -8743649    -88           9     -8   20   7  252  +11  256  +10  256   10  13  0  0 L3B EB
C37 FF 61071 075400  780 604 2593    +9161479    +48          12    -14   20   7   93   -6  157  +15  157   15  11  0  0 L3B FC
C40 FF 61071 075400  780 254  411    +2040233    +45           5    +14   19   7  187   +8  212  +13  212   13  13  0  0 L3B BA
C43 FF 61071 075400  780 224 1029    -1309039     -4           0     +5   30   7  211  -40  313  -28  313  -28  18  0  0 L3B D4
C19 FF 61071 081000  780 223 3201    +9687687    -14          -3    -57   25   8  212  -37  191  +44  191   44  16  0  0 L3B 1A
C20 FF 61071 081000  780 443 2673    +9673793   +105           4     -8   13   8  116   +4  175  +21  175   21   8  0  0 L3B DD
C23 FF 61071 081000  780 573  779    +4994580    -68         -18     -5   12   8   96   +7  194  +21  194   21   7  0  0 L3B E7
C32 FF 61071 081000  780 230 2018    +9552730    -41          17    +11   26   8  205  +57  277  +54  277   54  16  0  0 L3B 0F
C34 FF 61071 081000  780 172  405    -8743745   -118          -8    -38   23   8  270  +28  282  +46  282   46  15  0  0 L3B 20
C37 FF 61071 081000  780 667 2645    +9161532    +61           5     +0   12   8   88   -4  167   +4  167    4   7  0  0 L3B 9F
C40 FF 61071 081000  780 242  396    +2040247     -7         -13    -38   14   8  196  +10  239  +36  239   36   8  0  0 L3B EA
C43 FF 61071 081000  780 265  973    -1309044    -34          22    -24   17   8  181  -25  279   +4  279    4  10  0  0 L3B E1
C19 FF 61071 082600  780 259 3150    +9687742    +93          12    +51   28   8  184  -22  192  -26  192  -26  17  0  0 L3B 3C
C20 FF 61071 082600  780 415 2586    +9673902   +118           5     +5   18   8  122   +8  190  +17  190   17  10  0  0 L3B F1
C23 FF 61071 082600  780 511  811    +4994521    -46         -17    +17   19   8  104   +9  211  +12  211   12  11  0  0 L3B E6
C32 FF 61071 082600  780 165 2001    +9552680    -55          17     -3   17   8  281 +108  347  +75  347   75  11  0  0 L3B 1F
C34 FF 61071 082600  780 149  352    -8743859    -94         -46    -14   37   8  309  +55  322  +26  322   26  22  0  0 L3B 29
C37 FF 61071 082600  780 731 2708    +9161578    +55          -7     -7   15   8   85   -3  180  +13  180   13   9  0  0 L3B DA
C40 FF 61071 082600  780 227  384    +2040274    +23         -16     -7   25   8  207  +14  261  +30  261   30  15  0  0 L3B E3
C43 FF 61071 082600  780 299  909    -1309063     +0          13    +10   24   8  162  -15  274  -18  274  -18  15  0  0 L3B FF
C19 FF 61071 084200  780 286 3089    +9687781    +15           9    -27   24   8  169  -12  202  +23  202   23  14  0  0 L3B 13
C20 FF 61071 084200  780 376 2511    +9673993   +131         -12    +18   15   8  132  +14  219   +8  219    8   9  0  0 L3B 04
C23 FF 61071 084200  780 451  845    +4994453    -65         -25     -2   19   8  114  +12  234  +26  234   26  11  0  0 L3B FD
C28 FF 61071 084200  780 159 1432    -4779193    -52           2     -6   32   8  293 -108  421  -76  421  -76  19  0  0 L3B 2A
C32 FF 61071 084200  780 102 1984    +9552611    -60          -2     -8   17   8  446 +264  430  +53  430   53  15  0  0 L3B 0D
C34 FF 61071 084200  780 118  305    -8743914    -92         -25    -12   32   8  384 +109  324  +19  324   19  19  0  0 L3B 2E
C37 FF 61071 084200  780 794 2799    +9161649    +81           4    +20   12   8   82   -2  180   -7  180   -7   7  0  0 L3B CE
C40 FF 61071 084200  780 210  375    +2040313     +9          -7    -22   14   8  223  +18  266  +13  266   13   9  0  0 L3B C3
C43 FF 61071 084200  780 323  839    -1309074    -20          11    -10   22   8  151   -8  267   -5  267   -5  15  0  0 L3B D3
C19 FF 61071 085800  780 301 3021    +9687820    +29           7    -13   26   8  161   -5  209  +17  209   17  15  0  0 L3B F9
C20 FF 61071 085800  780 328 2449    +9674106   +123          -7    +10   23   8  148  +21  243  +27  243   27  13  0  0 L3B 1D
C23 FF 61071 085800  780 392  881    +4994385    -86         -32    -24   17   8  127  +16  264  +50  264   50  11  0  0 L3B 27
C28 FF 61071 085800  780 219 1402    -4779220    -64          19    -18   23   8  217  -58  362  -10  362  -10  17  0  0 L3B 2E
C37 FF 61071 085800  780 854 3024    +9161715    +51          12    -11   13   8   81   -1  178   +7  178    7   7  0  0 L3B C6
C40 FF 61071 085800  780 192  370    +2040343   -132          -6   -163   32   8  243  +24  271 +118  271  118  23  0  0 L3B 34
C43 FF 61071 085800  780 337  764    -1309081     -8          13     +2   26   8  145   -3  261   +5  261    5  15  0  0 L3B A8
C19 FF 61071 091400  780 305 2949    +9687860    +75          13    +32   23   9  159   +1  220  -11  220  -11  15  0  0 L3B 0D
C20 FF 61071 091400  780 275 2397    +9674211   +135          -3    +22   26   9  174  +33  279  +30  279   30  16  0  0 L3B 27
C23 FF 61071 091400  780 334  918    +4994332    -84          -6    -19   16   9  146  +23  287  +31  287   31  10  0  0 L3B 0E
C28 FF 61071 091400  780 278 1367    -4779267     +3          15    +49   21   9  173  -35  337  -52  337  -52  13  0  0 L3B 2D
C37 FF 61071 091400  780 865  507    +9161779    +64          13     +2   12   9   81   +0  180   +3  180    3   7  0  0 L3B 98
C40 FF 61071 091400  780 172  368    +2040370     -2          -6    -33   15   9  270  +32  298  +30  298   30  10  0  0 L3B DB
C43 FF 61071 091400  780 338  689    -1309091    -28          -1    -19   24   9  145   +2  261   +3  261    3  13  0  0 L3B C5
C19 FF 61071 093000  780 296 2875    +9687904    +42          17     -1   27   9  163   +8  226  +13  226   13  16  0  0 L3B 05
C20 FF 61071 093000  780 219 2354    +9674315    +93          -7    -19   30   9  215  +54  318  +50  318   50  18  0  0 L3B 14
C23 FF 61071 093000  780 278  955    +4994278    -98           1    -33   14   9  173  +33  309  +56  309   56   9  0  0 L3B 07
C28 FF 61071 093000  780 337 1325    -4779321    +24           4    +70   22   9  146  -23  287  -81  287  -81  13  0  0 L3B 1D
C37 FF 61071 093000  780 807  839    +9161821    +16          -4    -46   16   9   82   +1  191  +27  191   27   9  0  0 L3B DA
C40 FF 61071 093000  780 150  369    +2040373    +46         -33    +15   28   9  306  +43  327   -4  327   -4  17  0  0 L3B ED
C43 FF 61071 093000  780 327  616    -1309087    -44          12    -35   24   9  149   +7  243  +25  243   25  14  0  0 L3B EF
C19 FF 61071 094600  780 275 2805    +9687938    +73           9    +31   17   9  174  +15  240   -7  240   -7  11  0  0 L3B 06
C20 FF 61071 094600  780 161 2316    +9674424   +119          -6     +6   30   9  287 +101  369  +50  369   50  19  0  0 L3B 2D
C22 FF 61071 094600  780 129 3329    -4350099    -20         -16     +9   18   9  356  -78  293  -12  293  -12  11  0  0 L3B 2E
C23 FF 61071 094600  780 222  991    +4994207    -71          -7     -6   22   9  212  +51  341  +45  341   45  12  0  0 L3B EC
C27 FF 61071 094600  780 157 1669    -5890694    -56          19     -7   25   9  298 -120  454  -41  454  -41  15  0  0 L3B 50
C28 FF 61071 094600  780 392 1272    -4779353    -57          17    -12   24   9  128  -15  240   -8  240   -8  14  0  0 L3B 11
C37 FF 61071 094600  780 744  941    +9161884    +29          -1    -33   16   9   84   +3  190  +21  190   21   9  0  0 L3B D7
C40 FF 61071 094600  780 128  373    +2040400    +37         -34     +6   39   9  355  +60  347  +18  347   18  24  0  0 L3B FE
C43 FF 61071 094600  780 304  551    -1309095    +15          12    +24   22   9  159  +14  248   -8  248   -8  13  0  0 L3B ED
C19 FF 61071 100200  780 245 2740    +9687986    +68          18    +25   29  10  194  +27  251  +19  251   19  17  0  0 L3B 3C
C20 FF 61071 100200  780 104 2283    +9674537    +83           0    -29   18  10  436 +232  433  +89  433   89  11  0  0 L3B 25
C22 FF 61071 100200  780 153 3276    -4350132    -34         -19     -5   32  10  303  -38  298   +6  298    6  19  0  0 L3B F7
C23 FF 61071 100200  780 167 1028    +4994153    -70          -3     -6   30  10  277  +88  379  +51  379   51  18  0  0 L3B 19
C27 FF 61071 100200  780 221 1654    -5890760    +15          -2    +64   21  10  215  -62  373 -140  373 -140  13  0  0 L3B 37
C28 FF 61071 100200  780 441 1207    -4779410    -39           3     +7   16  10  116  -10  235  -25  235  -25   9  0  0 L3B EC
C37 FF 61071 100200  780 681 1007    +9161941    +74         -21    +11   16  10   87   +4  196   +2  196    2   9  0  0 L3B CD
C40 FF 61071 100200  780 106  381    +2040453    -44          -4    -75   28  10  426  +88  356  +60  356   60  17  0  0 L3B 01
C43 FF 61071 100200  780 272  495    -1309102    -16          -5     -9   18  10  176  +23  268  +35  268   35  11  0  0 L3B F3
C19 FF 61071 101800  780 206 2682    +9688036    +64          28    +22   32  10  227  +45  276  +31  276   31  20  0  0 L3B 25
C22 FF 61071 101800  780 167 3218    -4350176     +9         -35    +38   31  10  277  -16  312  -17  312  -17  18  0  0 L3B 26
C27 FF 61071 101800  780 287 1638    -5890795    -28          10    +21   17  10  168  -37  298  -55  298  -55  10  0  0 L3B 56
C28 FF 61071 101800  780 482 1125    -4779448    -71           9    -25   21  10  108   -6  218   +9  218    9  12  0  0 L3B E9
C37 FF 61071 101800  780 617 1061    +9162000    +39         -22    -24   12  10   92   +6  203  +30  203   30   7  0  0 L3B D2
C43 FF 61071 101800  780 231  451    -1309104     +5           0    +11   27  10  204  +37  283   +6  283    6  16  0  0 L3B A8
C19 FF 61071 103400  780 162 2631    +9688068    +38          19     -4   30  10  286  +80  328  +43  328   43  19  0  0 L3B 22
C22 FF 61071 103400  780 172 3157    -4350179    -47         -10    -18   23  10  270   +1  311  +23  311   23  15  0  0 L3B FA
C27 FF 61071 103400  780 354 1617    -5890840    -71          13    -22   16  10  140  -24  272   -5  272   -5  10  0  0 L3B FE
C28 FF 61071 103400  780 509 1028    -4779514    -50         -13     -4   17  10  104   -3  229   +8  229    8  10  0  0 L3B E3
C36 FF 61071 103400  780 118 2893    -3033332     -9           9    -26   45  10  392 -178  334  +12  334   12  29  0  0 L3B 16
C37 FF 61071 103400  780 553 1108    +9162067    +82         -15    +19   13  10   98   +8  212   +3  212    3   7  0  0 L3B C9
C43 FF 61071 103400  780 185  416    -1309132    +36         -21    +43   31  10  251  +64  336  +26  336   26  20  0  0 L3B 03
C19 FF 61071 105000  780 114 2584    +9688114    +94          24    +52   26  10  398 +166  380  +26  380   26  16  0  0 L3B 44
C22 FF 61071 105000  780 166 3095    -4350200    -44          -3    -15   29  10  280  +18  311  +22  311   22  18  0  0 L3B F9
C27 FF 61071 105000  780 421 1590    -5890901    -55          -1     -6   20  10  121  -16  254  -12  254  -12  13  0  0 L3B FD
C28 FF 61071 105000  780 520  920    -4779561    -55         -16    -10   20  10  102   +0  234  +11  234   11  11  0  0 L3B E1
C36 FF 61071 105000  780 172 2918    -3033298    +65          28    +49   31  10  272  -87  314  -39  314  -39  22  0  0 L3B 3E
C37 FF 61071 105000  780 490 1151    +9162127   +117         -16    +54   14  10  107  +11  228  -13  228  -13   8  0  0 L3B 23
C43 FF 61071 105000  780 136  392    -1309139     -6         -22     +0   32  10  339 +126  381  +43  381   43  22  0  0 L3B F7
C22 FF 61071 110600  780 150 3034    -4350234    -61         -10    -32   35  11  308  +41  327  +39  327   39  22  0  0 L3B 14
C27 FF 61071 110600  780 487 1552    -5890935    -69           7    -20   14  11  108  -11  237   -5  237   -5   8  0  0 L3B F8
C28 FF 61071 110600  780 513  814    -4779602     +4         -22    +49   15  11  103   +2  236  -25  236  -25   9  0  0 L3B EE
C36 FF 61071 110600  780 229 2940    -3033309     +6          -5    -11   27  11  208  -51  310  -25  310  -25  17  0  0 L3B FF
C37 FF 61071 110600  780 427 1190    +9162181    +70          23    +12   18  11  119  +15  254  +15  254   15  11  0  0 L3B 0A
C22 FF 61071 112200  780 125 2977    -4350275    +16         -23    +44   25  11  365  +82  350  -17  350  -17  15  0  0 L3B 33
C27 FF 61071 112200  780 549 1495    -5890993    -39          -3     +9   18  11   99   -8  226  -23  226  -23  10  0  0 L3B 12
C28 FF 61071 112200  780 490  720    -4779629    -96          -6    -51   17  11  107   +5  233  +32  233   32  10  0  0 L3B F7
C30 FF 61071 112200  780 138 1972    -3766643    -81          -9     +1   25  11  336 -154  393  -38  393  -38  17  0  0 L3B 40
C36 FF 61071 112200  780 286 2958    -3033263    +57          25    +40   30  11  168  -33  268  -56  268  -56  19  0  0 L3B 44
C37 FF 61071 112200  780 365 1227    +9162238    +96          24    +38   20  11  135  +20  279   +6  279    6  12  0  0 L3B 00
C27 FF 61071 113800  780 604 1409    -5891050    -93         -13    -44   19  11   93   -5  216  +16  216   16  11  0  0 L3B 0B
C28 FF 61071 113800  780 453  645    -4779663    -33           3    +12   16  11  113   +8  229   +3  229    3  10  0  0 L3B C8
C30 FF 61071 113800  780 203 1981    -3766725    -41         -12    +41   23  11  233  -74  368  -27  368  -27  15  0  0 L3B 44
C36 FF 61071 113800  780 346 2969    -3033252    +35          19    +19   25  11  142  -22  242  -43  242  -43  15  0  0 L3B 2B
C37 FF 61071 113800  780 303 1262    +9162298    +68          28    +10   18  11  159  +30  311  +36  311   36  12  0  0 L3B 17
C27 FF 61071 115400  780 646 1285    -5891081    -28           2    +21   13  11   89   -3  198  -16  198  -16   7  0  0 L3B 00
C28 FF 61071 115400  780 407  590    -4779715    -55          -6    -10   20  11  124  +13  241  +15  241   15  12  0  0 L3B FB
C30 FF 61071 115400  780 269 1991    -3766793   -102          -1    -20   23  11  179  -43  302  -34  302  -34  15  0  0 L3B 38
C36 FF 61071 115400  780 406 2972    -3033252     -2           4    -18   22  11  124  -16  229   -4  229   -4  13  0  0 L3B D9
C37 FF 61071 115400  780 242 1294    +9162352    +26          27    -32   24  11  196  +47  357  +62  357   62  13  0  0 L3B 2B
C27 FF 61071 121000  780 667 1123    -5891136    -70         -10    -22   16  12   88   -1  198   +7  198    7   9  0  0 L3B E4
C28 FF 61071 121000  780 355  552    -4779756    -14         -14    +30   15  12  139  +19  248   -9  248   -9  10  0  0 L3B 15
C30 FF 61071 121000  780 337 2003    -3766883    -78         -16     +3   17  12  146  -27  281  -32  281  -32  11  0  0 L3B 23
C36 FF 61071 121000  780 467 2963    -3033228     -4           5    -21   15  12  111  -12  212   +4  212    4   9  0  0 L3B AA
C37 FF 61071 121000  780 182 1323    +9162423    +18          30    -41   26  12  256  +82  398  +79  398   79  14  0  0 L3B 34
C38 FF 61071 121000  780 121  682    -2715502    -39         -38    -21   28  12  377  -99  418  -35  418  -35  16  0  0 L3B 3D
C27 FF 61071 122600  780 661  952    -5891186    -48         -13     +0   21  12   88   +1  197   -1  197   -1  12  0  0 L3B DA
C28 FF 61071 122600  780 300  529    -4779809    -18         -25    +26   20  12  161  +28  270   +3  270    3  12  0  0 L3B F4
C30 FF 61071 122600  780 406 2016    -3766960    -86         -15     -4   18  12  124  -18  250  -34  250  -34  11  0  0 L3B 21
C36 FF 61071 122600  780 526 2939    -3033222    +12          -6     -5   13  12  102   -8  211   +2  211    2   8  0  0 L3B A3
C37 FF 61071 122600  780 123 1350    +9162486   +162          36   +103   36  12  373 +175  445  -17  445  -17  24  0  0 L3B 68
C38 FF 61071 122600  780 153  667    -2715511    +16         -30    +34   22  12  303  -60  353  -89  353  -89  14  0  0 L3B 2E
C27 FF 61071 124200  780 631  812    -5891228    -42          -9     +7   17  12   91   +3  197   +3  197    3  10  0  0 L3B B7
C28 FF 61071 124200  780 243  517    -4779848    -32         -23    +12   17  12  195  +44  284   +0  284    0  11  0  0 L3B FB
C30 FF 61071 124200  780 477 2028    -3767042    -89         -18     -8   18  12  109  -13  233   -3  233   -3  13  0  0 L3B 06
C36 FF 61071 124200  780 583 2889    -3033202    +28          -3    +10   13  12   95   -6  206   -9  206   -9   8  0  0 L3B D2
C38 FF 61071 124200  780 182  651    -2715515    -31         -17    -13   24  12  256  -39  304  -30  304  -30  15  0  0 L3B 1A
C45 FF 61071 124200  780 123 3083    +6727728   +218           1    +27   24  12  376 -172  350  -36  350  -36  14  0  0 L3B 42
C27 FF 61071 125800  780 585  717    -5891276    -47         -10     +1   15  12   95   +5  200   -2  200   -2   8  0  0 L3B BE
C28 FF 61071 125800  780 185  514    -4779904    -63         -37    -19   19  12  252  +76  302  +20  302   20  13  0  0 L3B 24
C30 FF 61071 125800  780 548 2038    -3767112    -84          -9     -2   18  12   99   -9  221   -6  221   -6  11  0  0 L3B DB
C36 FF 61071 125800  780 632 2804    -3033190     -2          -7    -20   16  12   91   -4  206  +12  206   12   9  0  0 L3B C1
C38 FF 61071 125800  780 210  632    -2715557    -51         -41    -33   21  12  224  -27  288   +5  288    5  12  0  0 L3B FC
C45 FF 61071 125800  780 180 3088    +6727909   +169          -1    -22   21  12  261  -82  327  -23  327  -23  12  0  0 L3B 45
C27 FF 61071 131400  780 531  660    -5891328    -37         -19    +11   18  13  101   +8  204   -5  204   -5  11  0  0 L3B E5
C28 FF 61071 131400  780 128  519    -4779939    -26         -30    +18   31  13  357 +154  308  -11  308  -11  19  0  0 L3B 4B
C29 FF 61071 131400  780 133 2240    -5576389    -84         -24    -34   26  13  349 -155  378  -39  378  -39  16  0  0 L3B 7A
C30 FF 61071 131400  780 619 2042    -3767201   -130         -16    -48   17  13   92   -6  215  +16  215   16  10  0  0 L3B 0B
C36 FF 61071 131400  780 667 2671    -3033171    +37          -6    +20   14  13   88   -2  201  -15  201  -15   8  0  0 L3B E3
C38 FF 61071 131400  780 234  611    -2715577    +20         -38    +39   21  13  202  -19  270  -37  270  -37  13  0  0 L3B 24
C45 FF 61071 131400  780 237 3086    +6728093   +153          -6    -38   24  13  201  -47  293  -25  293  -25  14  0  0 L3B 48
C27 FF 61071 133000  780 472  629    -5891369    -45         -14     +4   21  13  110  +11  197   -9  197   -9  12  0  0 L3B 00
C29 FF 61071 133000  780 193 2267    -5576426    -47         -12     +4   26  13  244  -76  342   -8  342   -8  16  0  0 L3B 18
C30 FF 61071 133000  780 690 2033    -3767272    -89          -8     -7   13  13   87   -4  196   -8  196   -8   8  0  0 L3B DF
C36 FF 61071 133000  780 680 2498    -3033155    +24          -7     +7   16  13   87   +0  196  -12  196  -12   9  0  0 L3B E9
C38 FF 61071 133000  780 255  588    -2715575    -34         -18    -16   18  13  187  -14  234  -15  234  -15  12  0  0 L3B 36
C45 FF 61071 133000  780 294 3074    +6728285   +163           2    -28   27  13  164  -30  254  -16  254  -16  17  0  0 L3B 38
C27 FF 61071 134600  780 411  615    -5891408    -25          -6    +23   13  13  123  +15  192  -10  192  -10   8  0  0 L3B F9
C29 FF 61071 134600  780 254 2296    -5576466    -70          -4    -20   18  13  188  -44  309  -33  309  -33  12  0  0 L3B 41
C30 FF 61071 134600  780 760 1988    -3767355    -91         -13     -9   15  13   83   -3  183  -11  183  -11   9  0  0 L3B 09
C36 FF 61071 134600  780 665 2323    -3033143    +25         -11     +8   16  13   88   +2  193   -6  193   -6   9  0  0 L3B D3
C38 FF 61071 134600  780 273  562    -2715607    -51         -33    -33   14  13  176  -10  229   +8  229    8   8  0  0 L3B F4
C45 FF 61071 134600  780 349 3051    +6728459   +180          -7    -11   23  13  141  -20  232  -19  232  -19  15  0  0 L3B 39
C27 FF 61071 140200  780 350  615    -5891468    -34         -10    +15   19  14  140  +22  204   +2  204    2  11  0  0 L3B DB
C29 FF 61071 140200  780 315 2328    -5576527    -20         -21    +30   20  14  154  -28  265  -74  265  -74  11  0  0 L3B 3B
C30 FF 61071 140200  780 822 1816    -3767434    -52         -12    +30   13  14   82   -1  174  -25  174  -25   7  0  0 L3B FD
C36 FF 61071 140200  780 626 2186    -3033131     +2         -14    -16   15  14   91   +4  192   +6  192    6   8  0  0 L3B B6
C38 FF 61071 140200  780 286  536    -2715623     +3         -26    +22   23  14  168   -7  216  -26  216  -26  14  0  0 L3B 05
C45 FF 61071 140200  780 401 3013    +6728632   +200         -15     +8   19  14  125  -13  218  -22  218  -22  11  0  0 L3B 1C
C27 FF 61071 141800  780 291  623    -5891508    -71          -3    -22   19  14  165  +32  208  +30  208   30  11  0  0 L3B 05
C29 FF 61071 141800  780 378 2363    -5576579    -35         -25    +15   25  14  132  -19  224  -44  224  -44  15  0  0 L3B 53
C30 FF 61071 141800  780 845 1229    -3767495   -108           5    -26   16  14   81   +0  156  +11  156   11   9  0  0 L3B F4
C36 FF 61071 141800  780 573 2092    -3033097    +29           4    +12   20  14   96   +6  181   -4  181   -4  11  0  0 L3B CE
C38 FF 61071 141800  780 296  508    -2715633     -4         -17    +14   16  14  163   -4  206  -15  206  -15   9  0  0 L3B F9
C45 FF 61071 141800  780 447 2958    +6728822   +185          -9     -6   13  14  115   -9  196  -17  196  -17   8  0  0 L3B 34
C27 FF 61071 143400  780 232  639    -5891554   -102          -3    -53   19  14  203  +49  217  +38  217   38  11  0  0 L3B 26
C29 FF 61071 143400  780 441 2400    -5576630    -57         -28     -6   17  14  116  -14  194  -18  194  -18  10  0  0 L3B 34
C30 FF 61071 143400  780 801  831    -3767603    -88         -24     -6   11  14   82   +2  168   +2  168    2   6  0  0 L3B B3
C36 FF 61071 143400  780 511 2031    -3033090    -20          -6    -37   17  14  104  +10  190  +28  190   28  10  0  0 L3B FA
C38 FF 61071 143400  780 301  481    -2715651    -26         -18     -7   20  14  160   -2  197   -3  197   -3  12  0  0 L3B DF
C41 FF 61071 143400  780 124  604    +9434483    -33         -14    -20   52  14  369  -80  262   -5  262   -5  33  0  0 L3B 03
C45 FF 61071 143400  780 484 2884    +6729009   +146          -6    -45   17  14  108   -5  184  +16  184   16  10  0  0 L3B 30
C27 FF 61071 145000  780 176  659    -5891598    -50           1     -1   24  14  265  +83  222   +4  222    4  14  0  0 L3B D0
C29 FF 61071 145000  780 504 2441    -5576680    -63         -30    -13   18  14  105  -10  179   +0  179    0  11  0  0 L3B 01
C30 FF 61071 145000  780 738  736    -3767658   -121           0    -39   12  14   84   +3  153  +19  153   19   7  0  0 L3B E8
C36 FF 61071 145000  780 446 1990    -3033073    +57          -6    +40   23  14  115  +14  197  -19  197  -19  14  0  0 L3B 31
C38 FF 61071 145000  780 302  454    -2715677    -10         -25     +9   24  14  160   +0  193   -6  193   -6  13  0  0 L3B DC
C41 FF 61071 145000  780 147  546    +9434469    -22         -15     -9   30  14  313  -40  240  -10  240  -10  21  0  0 L3B FF
C45 FF 61071 145000  780 508 2792    +6729180   +215         -18    +24   14  14  104   -2  186  -22  186  -22   8  0  0 L3B 2E
C26 FF 61071 150600  780 136 3222    +5897851    +71          -6    +14   30  15  340 -124  289  -33  289  -33  18  0  0 L3B 4A
C27 FF 61071 150600  780 120  683    -5891663     +1         -19    +50   28  15  379 +167  232  -48  232  -48  17  0  0 L3B 41
C29 FF 61071 150600  780 568 2484    -5576726    -60         -22    -10   17  15   97   -7  165   -5  165   -5  11  0  0 L3B 0F
C30 FF 61071 150600  780 673  717    -3767747   -116          -9    -34   20  15   88   +4  156  +18  156   18  11  0  0 L3B 0F
C32 FF 61071 150600  780 113 1020    +9551413    -38         -11    +13   52  15  408 -176  278  -43  278  -43  31  0  0 L3B 46
C36 FF 61071 150600  780 378 1963    -3033053    +16           1     -1   20  15  131  +21  208  +23  208   23  12  0  0 L3B DE
C38 FF 61071 150600  780 299  428    -2715721    -83         -46    -64   25  15  161   +3  203  +31  203   31  14  0  0 L3B 08
C41 FF 61071 150600  780 162  486    +9434470    -16           5     -2   25  15  286  -17  224  -10  224  -10  16  0  0 L3B F1
C45 FF 61071 150600  780 515 2687    +6729359   +176         -16    -15   20  15  103   +0  179   +5  179    5  11  0  0 L3B 19
C26 FF 61071 152200  780 184 3194    +5897902    +26         -11    -31   26  15  255  -63  263  -15  263  -15  16  0  0 L3B 47
C29 FF 61071 152200  780 632 2533    -5576779    -57         -27     -7   13  15   91   -5  159   -2  159   -2   7  0  0 L3B F2
C30 FF 61071 152200  780 609  725    -3767840    -80         -24     +2   16  15   92   +6  165   -2  165   -2   9  0  0 L3B C5
C32 FF 61071 152200  780 161  974    +9551346   -104         -29    -53   40  15  290  -83  251   -9  251   -9  23  0  0 L3B 22
C36 FF 61071 152200  780 311 1942    -3033033    +21           4     +4   14  15  156  +31  220  +13  220   13   9  0  0 L3B BD
C38 FF 61071 152200  780 292  405    -2715710    -12         -17     +7   18  15  165   +5  181   -6  181   -6  11  0  0 L3B DB
C41 FF 61071 152200  780 166  425    +9434450     +3          -1    +17   42  15  279   +1  219  -31  219  -31  26  0  0 L3B E8
C45 FF 61071 152200  780 505 2581    +6729548   +169         -10    -22   15  15  105   +3  175  +13  175   13   9  0  0 L3B 1F
C26 FF 61071 153800  780 228 3156    +5897951    +55         -16     -3   26  15  208  -36  243  -20  243  -20  15  0  0 L3B 36
C29 FF 61071 153800  780 696 2589    -5576831    -50         -31     +0   17  15   86   -4  156   -5  156   -5  10  0  0 L3B FF
C30 FF 61071 153800  780 545  745    -3767907   -109         -12    -27   15  15   99   +8  159  +19  159   19   9  0  0 L3B 28
C32 FF 61071 153800  780 205  922    +9551313    -45         -13     +6   28  15  230  -46  213  -30  213  -30  17  0  0 L3B 06
C35 FF 61071 153800  780 117 2564    +2528655   +175         -15    +32   41  15  394 -178  290  -47  290  -47  26  0  0 L3B 7E
C36 FF 61071 153800  780 245 1927    -3033010     -1          11    -18   17  15  194  +50  236  +38  236   38  10  0  0 L3B 07
C38 FF 61071 153800  780 282  384    -2715728     +8         -16    +27   19  15  170   +7  178  -18  178  -18  12  0  0 L3B 26
C41 FF 61071 153800  780 160  364    +9434430    -16          -9     -2   31  15  288  +19  214   +3  214    3  17  0  0 L3B CF
C45 FF 61071 153800  780 478 2484    +6729733   +173          -8    -17   20  15  109   +6  176  +13  176   13  11  0  0 L3B 31
C26 FF 61071 155400  780 265 3107    +5898008    +53         -15     -4   28  15  181  -22  222  -11  222  -11  17  0  0 L3B 22
C29 FF 61071 155400  780 760 2663    -5576880    -47         -31     +4   11  15   83   -2  152   -5  152   -5   6  0  0 L3B DE
C30 FF 61071 155400  780 484  772    -3767992    -88         -19     -6   15  15  108  +11  165   +5  165    5   9  0  0 L3B F7
C32 FF 61071 155400  780 244  864    +9551248    -23         -28    +28   19  15  195  -27  196  -40  196  -40  12  0  0 L3B 43
C35 FF 61071 155400  780 171 2600    +2528811   +224           3    +80   27  15  274  -87  253  -79  253  -79  17  0  0 L3B 43
C36 FF 61071 155400  780 180 1913    -3033005    +37           0    +20   21  15  259  +90  267  +13  267   13  13  0  0 L3B FC
C38 FF 61071 155400  780 268  367    -2715743    -13         -13     +6   16  15  178  +10  174  -12  174  -12   9  0  0 L3B 0F
C41 FF 61071 155400  780 145  308    +9434429    -19           3     -5   35  15  318  +44  196  -23  196  -23  21  0  0 L3B 05
C45 FF 61071 155400  780 438 2402    +6729910   +218         -15    +27   25  15  116  +10  188   -9  188   -9  14  0  0 L3B 3B
C20 FF 61071 161000  780 118 1355    +9677012    +99         -23    -13   51  16  390 -191  257   -6  257   -6  32  0  0 L3B 33
C26 FF 61071 161000  780 293 3049    +5898073    +69           7    +13   23  16  165  -13  203  -17  203  -17  14  0  0 L3B 21
C29 FF 61071 161000  780 823 2792    -5576932    -49         -20     +2   13  16   82   -1  150   -5  150   -5   7  0  0 L3B D4
C30 FF 61071 161000  780 423  803    -3768067    -40          -7    +43   13  16  120  +14  161  -34  161  -34   8  0  0 L3B F4
C32 FF 61071 161000  780 275  800    +9551214    -23         -16    +29   24  16  175  -16  172  -40  172  -40  16  0  0 L3B 1E
C35 FF 61071 161000  780 225 2636    +2528931   +161         -25    +17   30  16  211  -50  240  -49  240  -49  19  0  0 L3B 45
C36 FF 61071 161000  780 117 1900    -3033004    +24         -13     +7   22  16  390 +200  296  +14  296   14  14  0  0 L3B 10
C38 FF 61071 161000  780 251  354    -2715778    -38         -22    -18   21  16  189  +13  173  -10  173  -10  12  0  0 L3B 26
C41 FF 61071 161000  780 120  256    +9434398     -5          -9    +10   24  16  380  +90  193  -25  193  -25  14  0  0 L3B 05
C45 FF 61071 161000  780 390 2336    +6730102   +169           3    -21   19  16  128  +15  191  +27  191   27  11  0  0 L3B 17
C20 FF 61071 162600  780 177 1322    +9677127   +107         -16     -5   32  16  264  -88  225  -17  225  -17  18  0  0 L3B 4B
C26 FF 61071 162600  780 311 2983    +5898115    +53          -5     -4   23  16  156   -6  203   -5  203   -5  14  0  0 L3B E4
C29 FF 61071 162600  780 873 3358    -5576972    -62         -10    -10   11  16   81   +0  138   -2  138   -2   6  0  0 L3B ED
C30 FF 61071 162600  780 365  836    -3768148    -68          -8    +15   18  16  135  +19  158  -14  158  -14  11  0  0 L3B 32
C32 FF 61071 162600  780 296  729    +9551165    -60         -15     -9   21  16  163   -8  156  -11  156  -11  13  0  0 L3B 0F
C35 FF 61071 162600  780 281 2673    +2529079   +172         -15    +28   22  16  171  -33  209  -40  209  -40  13  0  0 L3B 4F
C38 FF 61071 162600  780 233  344    -2715771    +24           5    +43   14  16  203  +17  145  -43  145  -43   8  0  0 L3B F6
C45 FF 61071 162600  780 335 2284    +6730287   +214           6    +24   19  16  146  +22  202   +5  202    5  11  0  0 L3B F0
C20 FF 61071 164200  780 237 1286    +9677230   +132         -21    +19   27  16  201  -49  208  -29  208  -29  15  0  0 L3B 54
C26 FF 61071 164200  780 318 2911    +5898167    +45          -7    -11   22  16  153   +0  199   -5  199   -5  13  0  0 L3B 07
C29 FF 61071 164200  780 838  632    -5577017    -35          -6    +17   10  16   81   +1  130  -19  130  -19   6  0  0 L3B E5
C30 FF 61071 164200  780 307  871    -3768215    -97           4    -14   18  16  157  +27  144   +7  144    7  11  0  0 L3B E6
C32 FF 61071 164200  780 305  656    +9551110    -40         -22    +11   19  16  159   -2  145  -20  145  -20  10  0  0 L3B FB
C35 FF 61071 164200  780 338 2710    +2529218   +103         -14    -41   18  16  145  -23  184   +4  184    4  11  0  0 L3B 11
C38 FF 61071 164200  780 212  338    -2715799    +23          -4    +43   16  16  221  +22  136  -32  136  -32   8  0  0 L3B 03
C45 FF 61071 164200  780 277 2241    +6730465   +199           1    +10   25  16  173  +35  224  +14  224   14  14  0  0 L3B 18
C20 FF 61071 165800  780 295 1244    +9677338   +136         -21    +23   29  16  164  -30  181  -42  181  -42  19  0  0 L3B 5B
C24 FF 61071 165800  780 121 3287     +431177   +311           5    +11   30  16  379 -107  238  -44  238  -44  18  0  0 L3B 33
C26 FF 61071 165800  780 312 2838    +5898234    +46           6    -11   20  16  155   +5  186   +0  186    0  12  0  0 L3B E1
C29 FF 61071 165800  780 777  800    -5577081    -26         -20    +26   11  16   83   +2  131  -19  131  -19   6  0  0 L3B FE
C30 FF 61071 165800  780 251  907    -3768298    -99           1    -16   19  16  189  +40  147  +11  147   11  13  0  0 L3B 16
C32 FF 61071 165800  780 302  583    +9551069    -73         -13    -21   21  16  160   +4  131   +5  131    5  13  0  0 L3B D5
C35 FF 61071 165800  780 396 2746    +2529344   +145         -26     +1   18  16  127  -16  171  -19  171  -19  11  0  0 L3B 4D
C38 FF 61071 165800  780 190  336    -2715804    -15           9     +4   19  16  245  +29  122  -16  122  -16  12  0  0 L3B FD
C45 FF 61071 165800  780 218 2206    +6730647   +205           2    +15   25  16  216  +57  241  +10  241   10  15  0  0 L3B 10
C20 FF 61071 171400  780 350 1192    +9677442   +134         -15    +22   23  17  141  -19  161  -32  161  -32  13  0  0 L3B 3B
C24 FF 61071 171400  780 152 3240     +431458   +273          -3    -26   22  17  304  -54  221   +2  221    2  14  0  0 L3B D9
C26 FF 61071 171400  780 295 2766    +5898274    +33          -6    -23   23  17  163  +12  197  +12  197   12  14  0  0 L3B 31
C29 FF 61071 171400  780 714  882    -5577127    -27          -8    +25   17  17   85   +3  124  -17  124  -17   9  0  0 L3B FC
C30 FF 61071 171400  780 197  943    -3768387   -102         -14    -19   24  17  238  +64  156   +3  156    3  14  0  0 L3B 1D
C32 FF 61071 171400  780 287  515    +9551025    -56          -7     -5   20  17  168  +12  120   -6  120   -6  12  0  0 L3B D6
C35 FF 61071 171400  780 455 2780    +2529488   +180         -26    +36   19  17  113  -12  149  -39  149  -39  11  0  0 L3B 67
C38 FF 61071 171400  780 167  337    -2715835    -81           3    -61   18  17  277  +38  115  +57  115   57  12  0  0 L3B 15
C45 FF 61071 171400  780 159 2175    +6730809   +161         -23    -29   25  17  291 +105  272  +42  272   42  15  0  0 L3B 5A
C19 FF 61071 173000  780 162 1603    +9689127    +82          -4    +38   25  17  290 -115  207  -61  207  -61  16  0  0 L3B 46
C20 FF 61071 173000  780 399 1129    +9677550   +120         -15     +8   20  17  126  -13  144  -20  144  -20  12  0  0 L3B 2A
C24 FF 61071 173000  780 175 3187     +431733   +325         -16    +25   29  17  266  -28  215  -29  215  -29  18  0  0 L3B 4B
C26 FF 61071 173000  780 268 2700    +5898321    +35         -13    -21   21  17  178  +20  204  +19  204   19  13  0  0 L3B 24
C29 FF 61071 173000  780 651  943    -5577183    -79         -13    -26   17  17   89   +5  123   +6  123    6  10  0  0 L3B E9
C30 FF 61071 173000  780 143  980    -3768465     +0         -13    +83   60  17  322 +118  160  -39  160  -39  34  0  0 L3B 2C
C32 FF 61071 173000  780 260  454    +9550984     -5           1    +46   19  17  183  +21  111  -35  111  -35  11  0  0 L3B EC
C35 FF 61071 173000  780 516 2813    +2529614   +165         -38    +20   16  17  103   -9  144  -30  144  -30   9  0  0 L3B 23
C38 FF 61071 173000  780 143  342    -2715867     -7         -10    +13   24  17  320  +53  118  -11  118  -11  13  0  0 L3B 03
C45 FF 61071 173000  780 101 2147    +6730994   +222         -20    +32   23  17  447 +244  294  +11  294   11  16  0  0 L3B 48
C19 FF 61071 174600  780 227 1586    +9689160     +4         -13    -39   17  17  209  -60  189   +3  189    3  10  0  0 L3B 18
C20 FF 61071 174600  780 440 1052    +9677673    +96           1    -16   15  17  116   -8  124   +1  124    1   9  0  0 L3B C8
C24 FF 61071 174600  780 189 3129     +432008   +312         -28    +13   30  17  247  -12  210  -22  210  -22  18  0  0 L3B 23
C26 FF 61071 174600  780 232 2640    +5898387    +26          -1    -30   23  17  204  +33  206  +23  206   23  14  0  0 L3B 15
C29 FF 61071 174600  780 589  995    -5577227    -37          -6    +15   19  17   94   +6  118  -11  118  -11  11  0  0 L3B 17
C32 FF 61071 174600  780 225  403    +9550922    +19         -12    +71   28  17  210  +36  115  -51  115  -51  16  0  0 L3B 1C
C35 FF 61071 174600  780 578 2842    +2529762   +115         -29    -30   15  17   95   -7  123   +2  123    2   9  0  0 L3B F6
C38 FF 61071 174600  780 119  350    -2715891    -49         -15    -29   24  17  382  +76  118   +6  118    6  16  0  0 L3B 16
C19 FF 61071 180200  780 294 1566    +9689196    +29         -16    -14   21  18  164  -36  170  -10  170  -10  13  0  0 L3B 48
C20 FF 61071 180200  780 468  961    +9677766   +118         -20     +5   23  18  111   -4  124  -10  124  -10  13  0  0 L3B 0C
C24 FF 61071 180200  780 193 3068     +432312   +344         -13    +44   25  18  243   +2  190  -28  190  -28  15  0  0 L3B 1F
C26 FF 61071 180200  780 190 2587    +5898441    +22          -2    -34   24  18  245  +55  223  +43  223   43  15  0  0 L3B 21
C29 FF 61071 180200  780 526 1043    -5577284    -96         -24    -45   13  18  101   +9  120  +24  120   24   7  0  0 L3B 08
C32 FF 61071 180200  780 182  362    +9550883    -58           4     -6   30  18  255  +63  100  +16  100   16  18  0  0 L3B E6
C35 FF 61071 180200  780 642 2864    +2529889   +127         -34    -17   17  18   90   -5  117   +4  117    4   9  0  0 L3B FF
C44 FF 61071 180200  780 166 2855    -8882447   +117          17    +28   31  18  282  -92  211  -84  211  -84  19  0  0 L3B 5E
C19 FF 61071 181800  780 362 1541    +9689227     +4         -26    -38   21  18  137  -23  156   +2  156    2  12  0  0 L3B 05
C20 FF 61071 181800  780 481  861    +9677881   +101         -13    -11   13  18  108   -1  113   +4  113    4   7  0  0 L3B DC
C24 FF 61071 181800  780 186 3005     +432594   +303         -18     +4   32  18  250  +15  189  -14  189  -14  20  0  0 L3B 29
C26 FF 61071 181800  780 145 2539    +5898515    +34          18    -23   35  18  318 +102  233  +45  233   45  20  0  0 L3B 40
C29 FF 61071 181800  780 465 1087    -5577344    -72         -34    -20   17  18  111  +12  125  +13  125   13   9  0  0 L3B 21
C32 FF 61071 181800  780 134  330    +9550818    -33         -11    +19   34  18  341 +124  108  -18  108  -18  20  0  0 L3B 33
C35 FF 61071 181800  780 707 2874    +2530031   +146         -31     +2   14  18   86   -4  107   -7  107   -7   8  0  0 L3B E5
C44 FF 61071 181800  780 221 2882    -8882354   +109          24    +20   26  18  214  -53  157  -52  157  -52  17  0  0 L3B 53
C19 FF 61071 183400  780 430 1508    +9689277    +45         -18     +2   19  18  119  -15  132  -17  132  -17  11  0  0 L3B 38
C20 FF 61071 183400  780 477  760    +9677989   +106         -12     -6   15  18  109   +2  107   -2  107   -2   9  0  0 L3B F3
C24 FF 61071 183400  780 170 2944     +432887   +330         -13    +31   34  18  272  +32  184  -22  184  -22  20  0  0 L3B 34
C29 FF 61071 183400  780 403 1128    -5577388    -77         -28    -26   17  18  124  +16  122  +21  122   21   9  0  0 L3B 29
C35 FF 61071 183400  780 772 2853    +2530169   +160         -30    +16   14  18   83   -2  100  -14  100  -14   7  0  0 L3B 06
C44 FF 61071 183400  780 278 2906    -8882289    +86           4     -3   26  18  173  -34  136  -22  136  -22  15  0  0 L3B 2B
C19 FF 61071 185000  780 495 1461    +9689324    +40         -12     -3   21  18  106  -10  116   -6  116   -6  12  0  0 L3B 01
C20 FF 61071 185000  780 457  669    +9678110   +124           0    +12   16  18  113   +6   96  -10   96  -10   9  0  0 L3B D7
C22 FF 61071 185000  780 103 1880    -4351055    +45         -25    +74   19  18  448 -276  235  -66  235  -66  11  0  0 L3B 5E
C24 FF 61071 185000  780 146 2886     +433178   +324          -9    +24   24  18  316  +60  182   -9  182   -9  15  0  0 L3B 17
C29 FF 61071 185000  780 343 1167    -5577440    -15         -31    +37   18  18  143  +23  131  -13  131  -13  12  0  0 L3B 2F
C35 FF 61071 185000  780 834 2708    +2530305   +126         -33    -17   10  18   81   -1   97   +6   97    6   6  0  0 L3B CB
C44 FF 61071 185000  780 337 2925    -8882198    +31          10    -58   24  18  146  -24  110  +16  110   16  14  0  0 L3B 25
C19 FF 61071 190600  780 555 1393    +9689353    +74          -8    +32   20  19   98   -7  112  -28  112  -28  11  0  0 L3B 21
C20 FF 61071 190600  780 423  594    +9678222   +105          -2     -8   17  19  120   +9   92   -3   92   -3  10  0  0 L3B BF
C22 FF 61071 190600  780 168 1883    -4351082    -18         -24    +11   32  19  279 -110  197  -45  197  -45  20  0  0 L3B 5F
C24 FF 61071 190600  780 114 2832     +433776   +560         303   +260  914  19  397 +116   22 -126   22 -126 514  0  0 L3B 8D
C29 FF 61071 190600  780 283 1203    -5577482    -12         -18    +40   15  19  170  +34  135  -17  135  -17   9  0  0 L3B 33
C35 FF 61071 190600  780 859 1968    +2530441   +152         -26     +9   12  19   81   +0   96   -4   96   -4   7  0  0 L3B D6
C44 FF 61071 190600  780 397 2938    -8882118    +96           6     +7   14  19  127  -17   99  -16   99  -16   8  0  0 L3B 14
C19 FF 61071 192200  780 606 1293    +9689391    -27         -11    -68   15  19   93   -4  106  +33  106   33   9  0  0 L3B 14
C20 FF 61071 192200  780 379  537    +9678319   +142         -13    +29   21  19  131  +15   97  -17   97  -17  12  0  0 L3B 2F
C22 FF 61071 192200  780 236 1888    -4351108    -57         -22    -28   27  19  202  -57  166   -1  166   -1  16  0  0 L3B 25
C29 FF 61071 192200  780 223 1237    -5577535    -22         -22    +30   24  19  211  +54  147  -16  147  -16  15  0  0 L3B 3B
C35 FF 61071 192200  780 805 1569    +2530575   +153         -29    +10   10  19   82   +2   98   -9   98   -9   6  0  0 L3B EA
C44 FF 61071 192200  780 458 2943    -8882034    +86           4     -2   20  19  113  -12   89  -10   89  -10  12  0  0 L3B F3
C19 FF 61071 193800  780 640 1156    +9689451    +82          10    +40   17  19   90   -2   90  -26   90  -26   9  0  0 L3B ED
C20 FF 61071 193800  780 328  496    +9678434   +137          -7    +24   17  19  149  +22   91  -15   91  -15  10  0  0 L3B 1E
C22 FF 61071 193800  780 305 1895    -4351135    -33         -20     -4   17  19  159  -34  148  -19  148  -19  11  0  0 L3B 3B
C29 FF 61071 193800  780 165 1269    -5577596    -33         -33    +19   23  19  282  +98  170   -8  170   -8  13  0  0 L3B 45
C35 FF 61071 193800  780 737 1500    +2530713   +132         -28    -11   11  19   84   +3   97  +12   97   12   6  0  0 L3B E6
C44 FF 61071 193800  780 520 2935    -8881964    +86         -10     -3   13  19  103   -9   93   +0   93    0   8  0  0 L3B C8
C19 FF 61071 195400  780 650  993    +9689495    +35          13     -6   18  19   89   +0   87   +4   87    4  10  0  0 L3B C3
C20 FF 61071 195400  780 273  469    +9678543   +110          -7     -3   18  19  175  +34   94   +4   94    4  10  0  0 L3B D8
C22 FF 61071 195400  780 376 1901    -4351169    -44         -27    -14   15  19  133  -22  135  -10  135  -10   9  0  0 L3B 26
C29 FF 61071 195400  780 107 1298    -5577636   -117         -23    -65   27  19  426 +222  175  +45  175   45  15  0  0 L3B 79
C35 FF 61071 195400  780 667 1489    +2530843   +194         -36    +51   14  19   88   +5  105  -29  105  -29   7  0  0 L3B 38
C44 FF 61071 195400  780 581 2909    -8881867   +105           1    +16   14  19   95   -6   82  -14   82  -14   8  0  0 L3B FA
C19 FF 61071 201000  780 634  839    +9689529    +44          -4     +1   15  20   90   +2   88   -2   88   -2   9  0  0 L3B 9C
C20 FF 61071 201000  780 216  455    +9678661    +66          -6    -48   30  20  218  +56   87  +28   87   28  20  0  0 L3B F8
C22 FF 61071 201000  780 449 1907    -4351199    -26         -30     +3   20  20  115  -15  122  -13  122  -13  14  0  0 L3B 06
C34 FF 61071 201000  780 123 3055    -8747188    -30          15    +51   27  20  377 -172  109  -63  109  -63  19  0  0 L3B 47
C35 FF 61071 201000  780 597 1496    +2530988   +171         -28    +28   15  20   94   +7  104  -11  104  -11   9  0  0 L3B 18
C44 FF 61071 201000  780 639 2851    -8881801   +117         -18    +28   14  20   90   -4   89  -17   89  -17   8  0  0 L3B 0E
C19 FF 61071 202600  780 597  720    +9689571    +27          -4    -16   16  20   94   +4   86   +7   86    7   9  0  0 L3B B4
C20 FF 61071 202600  780 158  449    +9678777   +112           1     -2   30  20  293 +105   78  -10   78  -10  18  0  0 L3B FD
C22 FF 61071 202600  780 522 1909    -4351235    -27         -38     +2   22  20  102  -11  117  -11  117  -11  13  0  0 L3B 03
C34 FF 61071 202600  780 179 3064    -8747298    -96         -18    -16   25  20  261  -83  116   +7  116    7  15  0  0 L3B 26
C35 FF 61071 202600  780 526 1510    +2531121   +128         -33    -15   16  20  102  +10  114  +23  114   23   9  0  0 L3B FC
C39 FF 61071 202600  780 125  684     +187632    -53         -26    -58   32  20  366  -85   99  +33   99   33  21  0  0 L3B 06
C44 FF 61071 202600  780 688 2742    -8881711    +97         -13     +8    9  20   87   -3   84   -8   84   -8   5  0  0 L3B C4
C19 FF 61071 204200  780 547  641    +9689616    +17           0    -25   13  20   99   +7   85  +17   85   17   7  0  0 L3B C0
C20 FF 61071 204200  780 101  452    +9678887    +68           1    -45   21  20  450 +248   73  +19   73   19  14  0  0 L3B F4
C21 FF 61071 204200  780 113 2144    +8837397    -41         -19     +4   27  20  410 -223  176  -16  176  -16  17  0  0 L3B 39
C22 FF 61071 204200  780 596 1905    -4351263    -48         -38    -19   13  20   94   -7  111   +9  111    9   8  0  0 L3B DC
C34 FF 61071 204200  780 237 3066    -8747386   -147         -30    -67   25  20  201  -48  115  +30  115   30  14  0  0 L3B 3C
C35 FF 61071 204200  780 456 1526    +2531274   +111         -17    -32   14  20  113  +14  113  +26  113   26   8  0  0 L3B 0C
C39 FF 61071 204200  780 154  670     +187639    +26         -24    +21   29  20  301  -54   94  -18   94  -18  19  0  0 L3B 01
C44 FF 61071 204200  780 719 2565    -8881630   +100         -18    +11   11  20   85   -1   88   -2   88   -2   6  0  0 L3B D2
C19 FF 61071 205800  780 490  595    +9689649    +27          -7    -16   21  20  107  +10   86   +6   86    6  12  0  0 L3B E0
C21 FF 61071 205800  780 175 2167    +8837355    -31         -18    +14   17  20  268  -96  162  -29  162  -29  12  0  0 L3B 51
C22 FF 61071 205800  780 669 1884    -4351294     -9         -41    +20   16  20   88   -5  108  -13  108  -13   9  0  0 L3B 01
C34 FF 61071 205800  780 295 3059    -8747462   -103         -28    -23   25  20  164  -30  105   +9  105    9  16  0  0 L3B 26
C35 FF 61071 205800  780 387 1543    +2531403   +128         -26    -15   17  20  129  +20  128  +24  128   24  10  0  0 L3B 30
C39 FF 61071 205800  780 180  653     +187667     +3           0     -2   18  20  259  -36   77   -2   77   -2  13  0  0 L3B 9A
C44 FF 61071 205800  780 720 2343    -8881543   +104         -15    +15   16  20   85   +1   87  -12   87  -12   9  0  0 L3B F9
C19 FF 61071 211400  780 429  570    +9689696    +56         -14    +12   14  21  118  +14   82   -7   82   -7   8  0  0 L3B E7
C21 FF 61071 211400  780 238 2194    +8837314    -18         -17    +27   28  21  200  -52  145  -37  145  -37  17  0  0 L3B 3F
C22 FF 61071 211400  780 739 1823    -4351316     +3         -35    +33   14  21   84   -3  103  -20  103  -20   9  0  0 L3B D6
C34 FF 61071 211400  780 352 3041    -8747533    -99         -24    -19   22  21  140  -20   97  +10   97   10  14  0  0 L3B 07
C35 FF 61071 211400  780 318 1558    +2531550   +124         -21    -20   23  21  153  +30  137  +28  137   28  15  0  0 L3B 28
C39 FF 61071 211400  780 204  634     +187652    -16         -18    -21   26  21  230  -25   86  +18   86   18  15  0  0 L3B EA
C44 FF 61071 211400  780 690 2153    -8881459    +82         -17     -6   15  21   87   +3   89   +4   89    4   8  0  0 L3B C0
C19 FF 61071 213000  780 368  561    +9689738   +114         -15    +70   19  21  134  +20   81  -44   81  -44  12  0  0 L3B 1F
C21 FF 61071 213000  780 302 2224    +8837272    -33         -15    +12   20  21  161  -32  126  -23  126  -23  13  0  0 L3B 13
C22 FF 61071 213000  780 800 1647    -4351346    -23         -38     +6    9  21   82   -1  104   -4  104   -4   5  0  0 L3B A9
C34 FF 61071 213000  780 406 3010    -8747615    -61         -30    +19   17  21  124  -14   99  -11   99  -11  10  0  0 L3B 0C
C35 FF 61071 213000  780 252 1573    +2531685   +146         -24     +2   14  21  189  +47  154  +15  154   15   9  0  0 L3B 18
C39 FF 61071 213000  780 226  614     +187651    -48         -24    -53   20  21  209  -18   90  +29   90   29  12  0  0 L3B E9
C44 FF 61071 213000  780 639 2029    -8881373    +80         -16     -9   21  21   90   +5   90  +13   90   13  12  0  0 L3B D2
C19 FF 61071 214600  780 307  564    +9689778    +40         -17     -5   21  21  158  +29   82   +0   82    0  12  0  0 L3B D1
C21 FF 61071 214600  780 367 2257    +8837216    -69         -28    -24   23  21  135  -21  124   +5  124    5  13  0  0 L3B 0A
C22 FF 61071 214600  780 825 1196    -4351383    -35         -47     -6   14  21   82   +0  107   +3  107    3   8  0  0 L3B BD
C34 FF 61071 214600  780 456 2962    -8747691    -61         -29    +19   16  21  113   -9   96  -17   96  -17  10  0  0 L3B 2A
C35 FF 61071 214600  780 186 1586    +2531838   +175          -9    +31   14  21  250  +85  161   -5  161   -5   8  0  0 L3B 0F
C39 FF 61071 214600  780 244  592     +187673    +29          -8    +24   17  21  195  -13   79  -15   79  -15  10  0  0 L3B FA
C44 FF 61071 214600  780 578 1956    -8881292    +89         -20     +0   14  21   95   +7   96   +3   96    3   8  0  0 L3B C4
C19 FF 61071 220200  780 247  575    +9689827    +31          -9    -13   18  22  192  +44   78  +13   78   13  12  0  0 L3B FE
C21 FF 61071 220200  780 433 2294    +8837172    -54         -34     -9   13  22  118  -15  116   -2  116   -2   8  0  0 L3B EC
C22 FF 61071 220200  780 789  815    -4351412     -8         -38    +22   17  22   82   +2  107  -13  107  -13   9  0  0 L3B D9
C34 FF 61071 220200  780 498 2893    -8747753    -92         -16    -13   14  22  106   -6   84   +5   84    5   8  0  0 L3B E1
C35 FF 61071 220200  780 123 1596    +2531954    +90         -28    -54   24  22  372 +185  187  +48  187   48  15  0  0 L3B 58
C39 FF 61071 220200  780 259  568     +187680    +16          -6    +11   16  22  184   -9   75   -8   75   -8  10  0  0 L3B BF
C44 FF 61071 220200  780 511 1912    -8881203    +98          -2    +10   15  22  104  +10   99   +3   99    3   9  0  0 L3B BB
C19 FF 61071 221800  780 189  592    +9689878    +50          -1     +6   20  22  247  +74   74   -7   74   -7  13  0  0 L3B E3
C21 FF 61071 221800  780 499 2335    +8837133    -48         -31     -3   18  22  106  -11  107   -1  107   -1  11  0  0 L3B F8
C22 FF 61071 221800  780 728  684    -4351423    -45         -21    -15   17  22   85   +3   97  +10   97   10  10  0  0 L3B D3
C34 FF 61071 221800  780 528 2802    -8747842    -77         -28     +2   17  22  101   -3   94   +2   94    2  10  0  0 L3B C9
C39 FF 61071 221800  780 270  544     +187671    +24         -20    +19   21  22  177   -6   85  -19   85  -19  13  0  0 L3B F0
C44 FF 61071 221800  780 442 1885    -8881111    +67           6    -20   19  22  116  +15  104  +23  104   23  11  0  0 L3B 01
C19 FF 61071 223400  780 132  614    +9689920    +37          -1     -7   26  22  347 +143   72   -3   72   -3  18  0  0 L3B D9
C21 FF 61071 223400  780 565 2381    +8837080    -64         -41    -19   16  22   97   -8  108   +7  108    7   9  0  0 L3B EB
C22 FF 61071 223400  780 663  646    -4351452    -36         -21     -6   21  22   88   +5   98   +3   98    3  12  0  0 L3B A7
C34 FF 61071 223400  780 541 2693    -8747926    -87         -35     -8   18  22  100   -1   96   +4   96    4  11  0  0 L3B DB
C39 FF 61071 223400  780 277  519     +187681    -31         -14    -36   18  22  173   -3   79  +23   79   23  11  0  0 L3B E6
C43 FF 61071 223400  780 152 3192    -1309467    -96          10    -88   23  22  307 -104   81  +53   81   53  15  0  0 L3B 14
C44 FF 61071 223400  780 373 1868    -8881021   +108          12    +21   15  22  133  +22  111   -5  111   -5   9  0  0 L3B F6
C21 FF 61071 225000  780 632 2435    +8837042    -28         -37    +17   18  22   91   -6  103  -11  103  -11  10  0  0 L3B 00
C22 FF 61071 225000  780 597  642    -4351476    -38         -17     -8   13  22   93   +6   97   +5   97    5   7  0  0 L3B AA
C34 FF 61071 225000  780 537 2579    -8748005    -41         -38    +39   18  22  100   +2  100  -21  100  -21  10  0  0 L3B 10
C36 FF 61071 225000  780 104  910    -3032552    -43          38    -59   53  22  438 -174  121  +27  121   27  37  0  0 L3B 1D
C39 FF 61071 225000  780 281  494     +187686    -29         -14    -34   16  22  171   -1   77  +12   77   12   9  0  0 L3B D4
C42 FF 61071 225000  780 135 2441    +9120893     +8          -3    +46   30  22  344 -141  139  -46  139  -46  19  0  0 L3B 2B
C43 FF 61071 225000  780 202 3168    -1309495     +9         -10    +17   23  22  233  -56   91  -18   91  -18  15  0  0 L3B 04
C44 FF 61071 225000  780 304 1856    -8880938    +91          11     +3   18  22  159  +33  125  +12  125   12  12  0  0 L3B 09
C21 FF 61071 230600  780 697 2502    +8837004    -71         -37    -27   18  23   86   -4  101  +18  101   18  10  0  0 L3B 05
C22 FF 61071 230600  780 533  655    -4351507    -43         -32    -15   20  23  101   +9   97   +8   97    8  11  0  0 L3B C1
C34 FF 61071 230600  780 514 2473    -8748083    -77         -39     +3   15  23  103   +5  103   +4  103    4   9  0  0 L3B D2
C36 FF 61071 230600  780 144  861    -3032565     -9           9    -25   26  23  321  -84  118   -1  118   -1  17  0  0 L3B D6
C39 FF 61071 230600  780 281  471     +187696    +27          -9    +21   19  23  171   +1   75   -9   75   -9  11  0  0 L3B BE
C42 FF 61071 230600  780 191 2479    +9120864     -8           4    +30   33  23  247  -72  122  -23  122  -23  19  0  0 L3B 06
C43 FF 61071 230600  780 248 3133    -1309516    +30         -25    +38   34  23  192  -33   92  -28   92  -28  21  0  0 L3B 18
C44 FF 61071 230600  780 237 1847    -8880853    +89           3     +0   17  23  199  +54  139  +16  139   16  11  0  0 L3B 19
C21 FF 61071 232200  780 762 2597    +8836962    -36         -37     +8   11  23   83   -2  101   -4  101   -4   6  0  0 L3B D2
C22 FF 61071 232200  780 470  677    -4351529     +4         -26    +33   17  23  110  +12   94  -21   94  -21  10  0  0 L3B E1
C34 FF 61071 232200  780 477 2382    -8748156    -85         -35     -5   14  23  109   +8  103  +10  103   10   8  0  0 L3B F8
C36 FF 61071 232200  780 179  806    -3032544     -5          14    -22   29  23  261  -46  100   +2  100    2  18  0  0 L3B C3
C39 FF 61071 232200  780 277  449     +187698    +15         -12    +10   18  23  173   +3   76   -9   76   -9  11  0  0 L3B D2
C42 FF 61071 232200  780 247 2519    +9120821    -63          -2    -25   31  23  193  -43  106   +8  106    8  18  0  0 L3B F2
C43 FF 61071 232200  780 289 3087    -1309509    -33         -10    -24   25  23  167  -20   84  +19   84   19  15  0  0 L3B 15
C44 FF 61071 232200  780 172 1840    -8880760    +91          12     +2   22  23  270  +99  150  +23  150   23  14  0  0 L3B 02
C21 FF 61071 233800  780 822 2785    +8836926    -37         -30     +8   12  23   82   -1   97   -4   97   -4   7  0  0 L3B CB
C22 FF 61071 233800  780 408  704    -4351558    -16         -28    +12   15  23  123  +15   96  -10   96  -10   9  0  0 L3B F3
C34 FF 61071 233800  780 428 2310    -8748223    -60         -26    +20   19  23  119  +12  102   -3  102   -3  11  0  0 L3B FD
C36 FF 61071 233800  780 208  747    -3032531    -20          11    -36   22  23  227  -26   91  +19   91   19  15  0  0 L3B EA
C39 FF 61071 233800  780 269  429     +187702    +14         -13     +8   13  23  177   +6   73   -2   73   -2   8  0  0 L3B A5
C42 FF 61071 233800  780 304 2561    +9120783    -14          -4    +24   22  23  160  -28   98  -26   98  -26  14  0  0 L3B 0E
C43 FF 61071 233800  780 322 3030    -1309531     -2         -24     +6   28  23  151  -12   90   -2   90   -2  16  0  0 L3B B5
C44 FF 61071 233800  780 109 1831    -8880675    +85          11     -4   27  23  418 +230  167   +0  167    0  16  0  0 L3B 08
C45 FF 61071 233800  780 113 1220    +6735199    +56          -4   -134   56  23  406 -186  172  +80  172   80  34  0  0 L3B 4C
C21 FF 61071 235400  780 859 3403    +8836887    -54         -27     -9   18  23   81   +0   94   +8   94    8  11  0  0 L3B D5
C22 FF 61071 235400  780 349  736    -4351571     -4         -13    +25   24  23  141  +21   91   -6   91   -6  14  0  0 L3B C9
C34 FF 61071 235400  780 374 2254    -8748316    -82         -42     -2   19  23  133  +18  122  +12  122   12  11  0  0 L3B 10
C36 FF 61071 235400  780 227  684    -3032525    +12           2     -4   22  23  208  -14   91   +3   91    3  12  0  0 L3B 91
C39 FF 61071 235400  780 259  412     +187739    +26          18    +21   21  23  184   +8   52  -10   52  -10  12  0  0 L3B CC
C42 FF 61071 235400  780 362 2605    +9120735    -14         -15    +24   24  23  137  -20   96  -21   96  -21  15  0  0 L3B 0F
C43 FF 61071 235400  780 345 2963    -1309538     -7         -23     +1   23  23  142   -6   91   +1   91    1  14  0  0 L3B A9
C45 FF 61071 235400  780 166 1180    +6735386   +169           1    -21   30  23  282  -88  163   +2  163    2  18  0  0 L3B 06
