CGGTTS     GENERIC DATA FORMAT VERSION = 2E
REV DATE = 2026-01-01                    
RCVR = POLARX5-TR                    R2CGGTTS v8.8    
CH = 99 
IMS = POLARX5-TR                    
LAB = PTB                           
X = +3844059.67 m 
Y =  +709661.67 m 
Z = +5023129.80 m 
FRAME = ITRF
COMMENTS = TGD applied
INT DLY =   33.0 ns (BDS B1C),   32.5 ns (BDS B2a)
CAB DLY =  205.7 ns 
REF DLY =   56.2 ns
REF = UTC(PTB)                      
CKSUM = A4

SAT CL  MJD  STTIME TRKL ELV AZTH   REFSV      SRSV     REFSYS    SRSYS  DSG IOE MDTR SMDT MDIO SMDI MSIO SMSI ISG FR HC FRC CK
             hhmmss  s  .1dg .1dg    .1ns     .1ps/s     .1ns    .1ps/s .1ns     .1ns.1ps/s.1ns.1ps/s.1ns.1ps/s.1ns
C24 FF 61055 001400  780 153  609       +6026   +280           4    -11   37   0  302  -36   84   +0   84    0  23  0  0 L3B 61
C27 FF 61055 001400  780 452 2083    -5821079    -21          10    +29   13   0  114  +13  105   -4  105   -4   8  0  0 L3B C9
C28 FF 61055 001400  780 146 1745    -4715128    -13         -12    +34   30   0  317 +137  157  -20  157  -20  18  0  0 L3B 2C
C30 FF 61055 001400  780 420 2920    -3649139    -64          13    +18   21   0  121   -6   72  -14   72  -14  13  0  0 L3B CE
C32 FF 61055 001400  780 381 2483    +9628698    -61          26     -4   20   0  131  -18   89   -7   89   -7  12  0  0 L3B D9
C33 FF 61055 001400  780 299  664    +9530667    -50          44    +12   22   0  161  +30   66   -4   66   -4  14  0  0 L3B BF
C39 FF 61055 001400  780 275  460     +180596    +22          11    +17   18   0  174   +2   64  -16   64  -16  11  0  0 L3B B5
C41 FF 61055 001400  780 821  596    +9456993    -38          13    -20   16   0   82   +1   79  +13   79   13   9  0  0 L3B B5
C24 FF 61055 003000  780 167  549       +6307   +255           5    -36   31   0  278  -16   75  +21   75   21  19  0  0 L3B A2
C25 FF 61055 003000  780 128 1112    -9666671    +51           2    -46   52   0  360 -137  134  +15  134   15  33  0  0 L3B FF
C27 FF 61055 003000  780 387 2045    -5821130    -63           6    -13   18   0  129  +19  120  +21  120   21  11  0  0 L3B DA
C29 FF 61055 003000  780 105 3261    -5502901    -85          22    -33   32   0  435 -199   75  +11   75   11  21  0  0 L3B EF
C30 FF 61055 003000  780 438 2837    -3649236    -39          -5    +44   18   0  117   -2   84  -28   84  -28  10  0  0 L3B ED
C32 FF 61055 003000  780 442 2529    +9628644    -39          26    +17   19   0  116  -13   80  -18   80  -18  11  0  0 L3B FB
C33 FF 61055 003000  780 241  691    +9530615    -46          53    +16   18   0  196  +44   64   -9   64   -9  10  0  0 L3B C6
C39 FF 61055 003000  780 270  439     +180603    +52          14    +48   22   0  177   +4   61  -31   61  -31  14  0  0 L3B AA
C41 FF 61055 003000  780 754  618    +9456970    +39           8    +57   15   0   83   +3   82  -36   82  -36   9  0  0 L3B B8
C24 FF 61055 004600  780 172  488       +6590   +297           9     +7   38   0  271   +0   72   -4   72   -4  23  0  0 L3B 6E
C25 FF 61055 004600  780 176 1067    -9666581   +106          -1    +10   24   0  265  -70  123  -20  123  -20  14  0  0 L3B 15
C27 FF 61055 004600  780 321 2018    -5821178    -92           6    -42   17   0  151  +29  129  +31  129   31  10  0  0 L3B F3
C29 FF 61055 004600  780 152 3233    -5502952    -33          22    +19   27   0  305  -90   72  -12   72  -12  16  0  0 L3B ED
C30 FF 61055 004600  780 441 2747    -3649314    -77          -4     +6   16   0  116   +1   86   +4   86    4   9  0  0 L3B 95
C32 FF 61055 004600  780 503 2579    +9628575    -59          12     -2   14   0  105  -10   84   +1   84    1   8  0  0 L3B A6
C33 FF 61055 004600  780 185  722    +9530563   -100          61    -37   20   0  251  +73   66  +36   66   36  13  0  0 L3B E7
C39 FF 61055 004600  780 262  420     +180627     -2          33     -7   12   0  182   +6   49   -5   49   -5   7  0  0 L3B 66
C41 FF 61055 004600  780 689  653    +9456958    +33          13    +51   15   0   87   +4   82  -29   82  -29   9  0  0 L3B D4
C24 FF 61055 010200  780 166  428       +6860   +263           4    -28   37   1  279  +17   80  +14   80   14  22  0  0 L3B 9D
C25 FF 61055 010200  780 222 1017    -9666485    +88          11     -7   22   1  213  -41  106   -5  106   -5  14  0  0 L3B D7
C27 FF 61055 010200  780 256 1996    -5821218    -37          15    +12   17   1  186  +45  132   +1  132    1  10  0  0 L3B DB
C29 FF 61055 010200  780 195 3195    -5503016    -95          -2    -43   34   1  241  -48   81  +16   81   16  20  0  0 L3B E3
C30 FF 61055 010200  780 429 2657    -3649386   -119           6    -36   22   1  119   +4   83  +26   83   26  13  0  0 L3B E5
C32 FF 61055 010200  780 564 2634    +9628528    -56          13     +0   17   1   97   -7   78   -5   78   -5  10  0  0 L3B B0
C33 FF 61055 010200  780 131  755    +9530507    -14          58    +48   59   1  349 +139   68  -31   68  -31  44  0  0 L3B 0A
C39 FF 61055 010200  780 251  404     +180632    -39          35    -44   15   1  189   +9   51  +33   51   33   9  0  0 L3B 9D
C41 FF 61055 010200  780 624  691    +9456932    +36           0    +54   19   1   91   +5   89  -25   89  -25  11  0  0 L3B BE
C24 FF 61055 011800  780 151  372       +7146   +319          11    +28   33   1  305  +39   75  -13   75  -13  21  0  0 L3B B2
C25 FF 61055 011800  780 262  961    -9666393    +69          11    -26   24   1  183  -25  100   +7  100    7  16  0  0 L3B DC
C27 FF 61055 011800  780 191 1978    -5821263    -55          17     -5   20   1  245  +80  140  +13  140   13  13  0  0 L3B F2
C29 FF 61055 011800  780 230 3148    -5503079   -102         -15    -51   26   1  206  -28   87  +38   87   38  15  0  0 L3B 17
C30 FF 61055 011800  780 403 2574    -3649469   -105           3    -23   25   1  125   +8   90  +21   90   21  14  0  0 L3B CF
C32 FF 61055 011800  780 625 2697    +9628474    -49          13     +7   17   1   91   -5   76   -7   76   -7  10  0  0 L3B BF
C39 FF 61055 011800  780 237  390     +180631     -8          30    -12   23   1  199  +12   53   +1   53    1  14  0  0 L3B 7D
C41 FF 61055 011800  780 562  731    +9456925     -4          10    +14   15   1   97   +7   85   -6   85   -6   8  0  0 L3B 8D
C20 FF 61055 013400  780 126 2652    +9526205    +68           8    -32   33   1  367 -153  119  +13  119   13  19  0  0 L3B 0D
C23 FF 61055 013400  780 148 1391    +5089071   -120          20    -48   54   1  315 -121  140   +7  140    7  32  0  0 L3B F8
C24 FF 61055 013400  780 127  320       +7416   +304           2    +14   52   1  358  +77   84   -3   84   -3  30  0  0 L3B 7A
C25 FF 61055 013400  780 295  897    -9666302    +77          10    -18   31   1  164  -15   93   +2   93    2  18  0  0 L3B C7
C27 FF 61055 013400  780 128 1961    -5821322    -32           6    +18   23   1  357 +168  156   -1  156   -1  15  0  0 L3B F6
C29 FF 61055 013400  780 258 3092    -5503124    -38         -11    +13   29   1  185  -16   85  -12   85  -12  16  0  0 L3B 06
C30 FF 61055 013400  780 366 2501    -3649549   -120           2    -37   18   1  135  +14  103  +31  103   31  11  0  0 L3B F0
C32 FF 61055 013400  780 686 2772    +9628421    -34          13    +22   12   1   87   -4   76  -13   76  -13   7  0  0 L3B CC
C39 FF 61055 013400  780 221  380     +180638    +26          33    +21   24   1  213  +16   51  -13   51  -13  14  0  0 L3B B2
C41 FF 61055 013400  780 501  772    +9456913     -8          16    +10   15   1  105  +10   84   -2   84   -2   9  0  0 L3B 93
C20 FF 61055 015000  780 179 2692    +9526297   +114           4    +14   32   1  262  -78  108  -21  108  -21  19  0  0 L3B 1C
C23 FF 61055 015000  780 205 1359    +5088995   -111          11    -40   33   1  230  -64  128  +13  128   13  20  0  0 L3B 0C
C25 FF 61055 015000  780 319  827    -9666218    +94           2     -1   30   1  152   -8   94   +0   94    0  18  0  0 L3B 85
C29 FF 61055 015000  780 276 3029    -5503181    -48         -19     +3   25   1  174   -8   90   +5   90    5  16  0  0 L3B B7
C30 FF 61055 015000  780 321 2439    -3649629    -70           2    +13   19   1  151  +21  115   +3  115    3  11  0  0 L3B BB
C32 FF 61055 015000  780 746 2873    +9628363    -49           9     +7   12   1   84   -2   78   -4   78   -4   6  0  0 L3B 9A
C39 FF 61055 015000  780 203  374     +180649    +24          40    +20   16   1  231  +21   42  -17   42  -17   9  0  0 L3B A9
C41 FF 61055 015000  780 441  813    +9456898    +11          17    +29   17   1  116  +13   85  -19   85  -19  10  0  0 L3B F0
C20 FF 61055 020600  780 233 2731    +9526383    +96          -2     -3   23   2  204  -47  105  -13  105  -13  13  0  0 L3B EE
C23 FF 61055 020600  780 263 1321    +5088921    -83          -2    -13   25   2  182  -38  118   -3  118   -3  14  0  0 L3B E8
C25 FF 61055 020600  780 332  752    -9666125    +96          -8     -1   23   2  147   -3   93   +0   93    0  13  0  0 L3B 8C
C29 FF 61055 020600  780 282 2961    -5503201    -31          15    +21   32   2  170   -1   76   -3   76   -3  18  0  0 L3B B3
C30 FF 61055 020600  780 271 2387    -3649713    -31           2    +52   24   2  177  +32  129  -17  129  -17  15  0  0 L3B 0B
C32 FF 61055 020600  780 803 3048    +9628311    -63           9     -7   18   2   82   -1   78   +4   78    4  10  0  0 L3B 88
C39 FF 61055 020600  780 183  371     +180625    +10           8     +5   30   2  254  +28   63   +3   63    3  18  0  0 L3B 71
C41 FF 61055 020600  780 383  855    +9456889     -9          33     +9   18   2  130  +17   83   +5   83    5  10  0  0 L3B A7
C20 FF 61055 022200  780 288 2770    +9526486    +52           6    -47   29   2  167  -31   91  +21   91   21  17  0  0 L3B E6
C23 FF 61055 022200  780 319 1277    +5088838   -128         -17    -58   22   2  153  -24  117  +26  117   26  13  0  0 L3B 36
C25 FF 61055 022200  780 333  677    -9666028   +113          -4    +17   19   2  147   +2   87  -17   87  -17  11  0  0 L3B EF
C29 FF 61055 022200  780 278 2891    -5503255    -45          10     +6   21   2  173   +6   80   -2   80   -2  12  0  0 L3B A6
C30 FF 61055 022200  780 217 2343    -3649788   -116           7    -33   26   2  217  +53  138  +36  138   36  15  0  0 L3B 1A
C32 FF 61055 022200  780 844 3478    +9628271    -49          23     +7   11   2   81   +0   71   +2   71    2   6  0  0 L3B 7D
C39 FF 61055 022200  780 162  371     +180604    -74         -17    -78   20   2  284  +37   80  +52   80   52  11  0  0 L3B CF
C41 FF 61055 022200  780 326  897    +9456877    -53          38    -34   18   2  149  +24   83  +23   83   23  11  0  0 L3B F2
C20 FF 61055 023800  780 345 2808    +9526578   +128           2    +28   20   2  143  -22   87  -20   87  -20  12  0  0 L3B FB
C23 FF 61055 023800  780 371 1223    +5088798    -83          10    -13   23   2  134  -16   92   +2   92    2  14  0  0 L3B C4
C25 FF 61055 023800  780 321  605    -9665940    +68          -9    -29   30   2  152   +8   90  +21   90   21  17  0  0 L3B CB
C29 FF 61055 023800  780 262 2822    -5503307    -51           8     +1   25   2  182  +14   85  +10   85   10  15  0  0 L3B BC
C30 FF 61055 023800  780 162 2305    -3649884    -79         -10     +4   26   2  286  +96  158   +6  158    6  15  0  0 L3B 01
C32 FF 61055 023800  780 829  513    +9628212    -70          17    -14   12   2   81   +1   76   +9   76    9   7  0  0 L3B 8D
C39 FF 61055 023800  780 141  374     +180634   -106           9   -111   21   2  326  +50   70  +63   70   63  12  0  0 L3B C9
C41 FF 61055 023800  780 270  938    +9456861     -1          40    +17   24   2  177  +34   87   -4   87   -4  14  0  0 L3B C4
C20 FF 61055 025400  780 404 2845    +9526682    +67          10    -32   17   2  125  -16   80  +23   80   23  11  0  0 L3B E1
C23 FF 61055 025400  780 417 1157    +5088722    -95           2    -24   25   2  121  -10   89  +10   89   10  14  0  0 L3B D4
C25 FF 61055 025400  780 298  541    -9665831   +105           6     +8   20   2  162  +14   79  -10   79  -10  12  0  0 L3B D8
C29 FF 61055 025400  780 236 2758    -5503366    -71          -2    -20   21   2  201  +25   98  +21   98   21  12  0  0 L3B E3
C30 FF 61055 025400  780 107 2271    -3649955   -134           0    -51   20   2  425 +212  158  +36  158   36  12  0  0 L3B 1B
C32 FF 61055 025400  780 777  786    +9628156    -16          15    +40   12   2   83   +2   77  -21   77  -21   7  0  0 L3B C3
C35 FF 61055 025400  780 106 3321    +2325747   +164         -32    +22   47   2  429  -96   88  -28   88  -28  27  0  0 L3B 32
C37 FF 61055 025400  780 166 1667    +9083794    +17          42    -33   26   2  282 -107  130  +14  130   14  17  0  0 L3B 25
C39 FF 61055 025400  780 118  380     +180626    +10          -4     +5   22   2  384  +71   80   +4   80    4  14  0  0 L3B 7B
C41 FF 61055 025400  780 215  979    +9456856     -2          53    +16   23   2  219  +54   86   +8   86    8  14  0  0 L3B C3
C20 FF 61055 031000  780 464 2880    +9526771    +85          -4    -15   17   3  112  -12   84   +8   84    8  10  0  0 L3B C5
C23 FF 61055 031000  780 455 1078    +5088640   -115         -17    -45   19   3  113   -6   95  +21   95   21  11  0  0 L3B F4
C25 FF 61055 031000  780 265  486    -9665737   +121          -5    +22   25   3  180  +24   81  -13   81  -13  15  0  0 L3B F0
C29 FF 61055 031000  780 202 2699    -5503421     -7         -16    +44   18   3  232  +42  114  -22  114  -22  10  0  0 L3B FC
C32 FF 61055 031000  780 717  916    +9628104    -29          10    +27   14   3   85   +3   79  -17   79  -17   8  0  0 L3B C3
C35 FF 61055 031000  780 126 3268    +2325866   +163         -46    +22   49   3  364  -45   87  -14   87  -14  30  0  0 L3B 26
C37 FF 61055 031000  780 230 1652    +9083832    +64          28    +14   17   3  206  -57  127  -23  127  -23  11  0  0 L3B 12
C41 FF 61055 031000  780 161 1019    +9456818    -13          29     +6   28   3  287  +94  111   +7  111    7  16  0  0 L3B D9
C20 FF 61055 032600  780 526 2911    +9526874    +56           3    -44   21   3  102   -9   78  +26   78   26  12  0  0 L3B D4
C23 FF 61055 032600  780 479  986    +5088589    -43           0    +27   20   3  109   -3   81  -18   81  -18  11  0  0 L3B D8
C25 FF 61055 032600  780 224  442    -9665646    +80          -8    -18   25   3  210  +40   80  +12   80   12  15  0  0 L3B CC
C29 FF 61055 032600  780 162 2646    -5503475    -19         -21    +32   28   3  285  +73  129   -1  129   -1  18  0  0 L3B 10
C32 FF 61055 032600  780 655 1001    +9628041    -34           1    +22   11   3   89   +5   84  -12   84  -12   7  0  0 L3B A4
C35 FF 61055 032600  780 137 3212    +2326016   +183         -31    +42   38   3  336  -15   75  -28   75  -28  22  0  0 L3B 15
C37 FF 61055 032600  780 296 1634    +9083887    +30          35    -20   19   3  164  -35  102   -6  102   -6  12  0  0 L3B FB
C19 FF 61055 034200  780 115 2908    +9631187     -5          25    -43   31   3  400 -186   79  +16   79   16  19  0  0 L3B 02
C20 FF 61055 034200  780 589 2938    +9526958    +93         -10     -7   17   3   94   -7   85   +2   85    2  10  0  0 L3B BD
C23 FF 61055 034200  780 488  886    +5088534    -63          12     +7   16   3  107   +0   73   -3   73   -3   9  0  0 L3B 99
C25 FF 61055 034200  780 178  408    -9665572   +112         -29    +14   27   3  261  +69   91  -10   91  -10  16  0  0 L3B 0E
C29 FF 61055 034200  780 118 2599    -5503523    -82         -20    -32   29   3  386 +145  145  +41  145   41  17  0  0 L3B 38
C32 FF 61055 034200  780 592 1067    +9628001    -71          14    -15   15   3   94   +6   79  +11   79   11   8  0  0 L3B BC
C35 FF 61055 034200  780 138 3154    +2326138   +113         -45    -28   38   3  332   +8   84  +17   84   17  21  0  0 L3B FA
C37 FF 61055 034200  780 363 1613    +9083931    +31          31    -19   24   3  137  -23   91   +3   91    3  14  0  0 L3B C0
C19 FF 61055 035800  780 170 2937    +9631219     -3          21    -41   32   3  275  -90   79  +20   79   20  18  0  0 L3B EA
C20 FF 61055 035800  780 655 2956    +9527059    +88          -4    -12   19   3   89   -5   83   +8   83    8  11  0  0 L3B C7
C23 FF 61055 035800  780 481  788    +5088447    -85          -8    -15   20   3  108   +3   83  +14   83   14  12  0  0 L3B D4
C25 FF 61055 035800  780 128  384    -9665461   +129         -12    +30   33   3  357 +140   82  -12   82  -12  20  0  0 L3B 16
C32 FF 61055 035800  780 529 1122    +9627953    -78          20    -22   14   3  101   +9   77  +20   77   20   8  0  0 L3B CF
C35 FF 61055 035800  780 130 3095    +2326291   +174         -28    +32   31   3  352  +33   73  -24   73  -24  19  0  0 L3B 15
C37 FF 61055 035800  780 430 1584    +9083968    +51          20     +1   15   3  119  -15   93   -4   93   -4   9  0  0 L3B C2
C19 FF 61055 041400  780 227 2962    +9631248    +80           7    +41   28   4  209  -52   80  -34   80  -34  17  0  0 L3B F4
C20 FF 61055 041400  780 721 2956    +9527171    +88           5    -13   12   4   85   -3   75  +10   75   10   7  0  0 L3B A7
C23 FF 61055 041400  780 458  701    +5088390   -100          15    -29   27   4  113   +6   74  +11   74   11  15  0  0 L3B CD
C32 FF 61055 041400  780 466 1172    +9627895    -80          27    -23   19   4  111  +12   84  +21   84   21  11  0  0 L3B EC
C35 FF 61055 041400  780 113 3038    +2326420   +124         -36    -17   34   4  401  +72   83  +14   83   14  20  0  0 L3B F0
C37 FF 61055 041400  780 495 1542    +9084022    +33          16    -17   20   4  106  -11   85   +7   85    7  11  0  0 L3B C3
C19 FF 61055 043000  780 285 2984    +9631277    +25          -1    -13   23   4  169  -33   83  +10   83   10  14  0  0 L3B EA
C20 FF 61055 043000  780 788 2908    +9527254   +105          -9     +5   15   4   82   -2   83   -3   83   -3   9  0  0 L3B A9
C23 FF 61055 043000  780 423  630    +5088319    -96          12    -24   23   4  120  +10   76   +9   76    9  14  0  0 L3B B1
C32 FF 61055 043000  780 403 1216    +9627840    -60          27     -3   18   4  125  +17   91   +4   91    4  11  0  0 L3B A9
C37 FF 61055 043000  780 556 1482    +9084069    +51          14     +0   17   4   98   -7   82   -3   82   -3  11  0  0 L3B A7
C19 FF 61055 044600  780 345 3000    +9631327    +40          12     +2   21   4  143  -23   73   -5   73   -5  13  0  0 L3B AD
C20 FF 61055 044600  780 846 2642    +9527357    +88          -3    -13   13   4   81   -1   80   +7   80    7   7  0  0 L3B 9C
C23 FF 61055 044600  780 378  576    +5088249    -82          10    -11   20   4  131  +15   75   +8   75    8  12  0  0 L3B BF
C32 FF 61055 044600  780 340 1256    +9627788    -99          29    -42   20   4  144  +24   96  +37   96   37  12  0  0 L3B 0F
C37 FF 61055 044600  780 609 1392    +9084113    +21           9    -30   20   4   93   -4   83  +14   83   14  12  0  0 L3B B3
C19 FF 61055 051400  780 454 3007    +9631379    +72          -5    +33   16   5  114  -13   80  -22   80  -22  10  0  0 L3B E9
C20 FF 61055 051400  780 796 1667    +9527521   +144           4    +44   13   5   82   +2   85  -26   85  -26   8  0  0 L3B D7
C23 FF 61055 051400  780 287  519    +5088135    -64          12     +7   17   5  167  +30   71   -1   71   -1  10  0  0 L3B AA
C32 FF 61055 051400  780 232 1319    +9627693    -47          42    +11   29   5  204  +52  121   +5  121    5  17  0  0 L3B E1
C37 FF 61055 051400  780 662 1142    +9084201    +53           8     +3   18   5   88   -1   76   -5   76   -5  10  0  0 L3B 91
C19 FF 61055 053000  780 517 2994    +9631405    -17         -17    -56   15   5  103   -9   88  +31   88   31   9  0  0 L3B F1
C20 FF 61055 053000  780 726 1598    +9527624   +128          11    +28   12   5   85   +3   85  -13   85  -13   7  0  0 L3B E1
C23 FF 61055 053000  780 232  503    +5088063    -64           8     +7   16   5  204  +48   78   -4   78   -4   9  0  0 L3B 98
C32 FF 61055 053000  780 171 1351    +9627647    -37          51    +21   44   5  272  +95  130   +3  130    3  26  0  0 L3B E1
C37 FF 61055 053000  780 660  973    +9084241    +38           0    -13   18   5   88   +1   79   +4   79    4  10  0  0 L3B 8D
C40 FF 61055 053000  780 105  681    +1998008    +23          13     -8   23   5  434 -122   83   +8   83    8  16  0  0 L3B B7
C19 FF 61055 054600  780 578 2958    +9631452    +67          -7    +28   17   5   96   -7   80  -18   80  -18   9  0  0 L3B F4
C20 FF 61055 054600  780 653 1585    +9527716   +142           7    +42   13   5   89   +5   89  -24   89  -24   7  0  0 L3B E5
C23 FF 61055 054600  780 175  497    +5087989    -97           2    -26   17   5  265  +84   82  +25   82   25  11  0  0 L3B F2
C32 FF 61055 054600  780 110 1379    +9627596    -58          56     +0   57   5  412 +217  148  +13  148   13  37  0  0 L3B 25
C37 FF 61055 054600  780 632  831    +9084294    +63           4    +12   16   5   90   +3   76   -6   76   -6   9  0  0 L3B 91
C40 FF 61055 054600  780 134  668    +1998026    +37           2     +7   30   5  343  -72   93   +0   93    0  20  0  0 L3B 93
C19 FF 61055 060200  780 634 2889    +9631493    +36          -2     -3   17   6   90   -4   77   +4   77    4  10  0  0 L3B A3
C20 FF 61055 060200  780 580 1589    +9527816    +73           8    -27   19   6   95   +8   92  +18   92   18  11  0  0 L3B D8
C22 FF 61055 060200  780 128 3118    -4307190    -38          -7     -6   25   6  361 -162   81   -6   81   -6  16  0  0 L3B D4
C23 FF 61055 060200  780 119  499    +5087927    -47           2    +24   26   6  385 +178   93   +8   93    8  17  0  0 L3B DE
C37 FF 61055 060200  780 589  732    +9084339    +42          -2     -9   16   6   94   +5   79   +7   79    7   9  0  0 L3B 95
C40 FF 61055 060200  780 161  652    +1998050    +34           2     +4   23   6  288  -46   95   -7   95   -7  14  0  0 L3B AC
C19 FF 61055 061800  780 679 2767    +9631536    +39           3     +0   18   6   87   -2   75   -2   75   -2  11  0  0 L3B AB
C20 FF 61055 061800  780 507 1600    +9527916   +108          11     +8   20   6  104  +11   96   +2   96    2  12  0  0 L3B B9
C22 FF 61055 061800  780 187 3122    -4307237    -67         -22    -35   25   6  252  -78   90  +18   90   18  16  0  0 L3B 0A
C36 FF 61055 061800  780 106 2220    -3054797    -50          46    -64   28   6  433 -238  122  +27  122   27  17  0  0 L3B 2B
C37 FF 61055 061800  780 535  671    +9084392    +38           2    -13   18   6  100   +8   78  +11   78   11  10  0  0 L3B BC
C40 FF 61055 061800  780 186  634    +1998080    +46           3    +16   24   6  251  -32   94  -14   94  -14  15  0  0 L3B E1
C19 FF 61055 063400  780 704 2584    +9631570    +72           0    +33   21   6   86   -1   80  -10   80  -10  12  0  0 L3B B8
C20 FF 61055 063400  780 435 1613    +9528015    +96          14     -5   15   6  117  +16  106  +15  106   15   9  0  0 L3B E5
C22 FF 61055 063400  780 245 3119    -4307261    -43         -16    -11   15   6  194  -45   87  +11   87   11   9  0  0 L3B EB
C36 FF 61055 063400  780 166 2245    -3054787    +31          43    +17   22   6  282 -102  112  -22  112  -22  13  0  0 L3B 1C
C37 FF 61055 063400  780 477  636    +9084444    +84           5    +33   15   6  109  +11   82  -14   82  -14   9  0  0 L3B D5
C40 FF 61055 063400  780 209  615    +1998112    +64           6    +34   24   6  225  -22   98  -18   98  -18  15  0  0 L3B E9
C19 FF 61055 065000  780 697 2378    +9631609    +61           2    +23   14   6   86   +1   85   -4   85   -4   8  0  0 L3B A9
C20 FF 61055 065000  780 363 1627    +9528115   +101          18     +0   17   6  136  +24  127  +23  127   23  10  0  0 L3B F7
C22 FF 61055 065000  780 303 3106    -4307291    -90         -15    -58   18   6  160  -28   89  +40   89   40  12  0  0 L3B FE
C36 FF 61055 065000  780 227 2272    -3054768    +39          50    +26   22   6  209  -55  105  -16  105  -16  15  0  0 L3B 1F
C37 FF 61055 065000  780 417  621    +9084491    +33           3    -18   18   6  121  +15   93  +20   93   20  10  0  0 L3B BE
C40 FF 61055 065000  780 228  594    +1998134     +0           0    -30   18   6  207  -16  109  +27  109   27  12  0  0 L3B D6
C19 FF 61055 070600  780 662 2210    +9631652    +65          18    +27   18   7   88   +3   92   -7   92   -7  10  0  0 L3B C5
C20 FF 61055 070600  780 293 1640    +9528202   +125          -5    +24   20   7  164  +36  159  +20  159   20  12  0  0 L3B 0D
C22 FF 61055 070600  780 360 3080    -4307317    +23          -5    +55   17   7  138  -19   90  -24   90  -24  11  0  0 L3B EE
C36 FF 61055 070600  780 288 2302    -3054758    +64          49    +51   24   7  168  -34  109  -20  109  -20  15  0  0 L3B 27
C37 FF 61055 070600  780 356  619    +9084545    +56          27     +7   26   7  138  +21  105  +13  105   13  15  0  0 L3B F2
C40 FF 61055 070600  780 245  571    +1998154    +37          -9     +7   18   7  194  -11  124   +9  124    9  11  0  0 L3B D0
C19 FF 61055 072200  780 608 2100    +9631686    +58          15    +20   12   7   93   +6  107   +2  107    2   6  0  0 L3B AF
C20 FF 61055 072200  780 225 1651    +9528309   +128           5    +26   24   7  210  +61  190  +22  190   22  14  0  0 L3B FE
C22 FF 61055 072200  780 412 3040    -4307350    -49          -6    -17   21   7  123  -13  101  +20  101   20  12  0  0 L3B D9
C36 FF 61055 072200  780 350 2335    -3054757    +53          38    +39   26   7  141  -23  118  -21  118  -21  16  0  0 L3B 1C
C37 FF 61055 072200  780 297  626    +9084591     +7          25    -43   18   7  162  +30  125  +49  125   49  10  0  0 L3B FE
C40 FF 61055 072200  780 257  548    +1998193    +44           1    +14   17   7  185   -8  129   +2  129    2  10  0  0 L3B BF
C19 FF 61055 073800  780 544 2032    +9631722     +3          16    -35   20   7   99   +9  123  +38  123   38  12  0  0 L3B E2
C20 FF 61055 073800  780 158 1661    +9528406    +76           4    -26   17   7  293 +119  234  +60  234   60  12  0  0 L3B 1D
C22 FF 61055 073800  780 458 2980    -4307391    +10         -16    +42   20   7  113   -8  118  -14  118  -14  11  0  0 L3B 10
C28 FF 61055 073800  780 102  685    -4716304    -59          28    -13   34   7  446 -135  204  +13  204   13  23  0  0 L3B 14
C36 FF 61055 073800  780 413 2370    -3054740    -36          42    -49   17   7  122  -16  116  +34  116   34  11  0  0 L3B 0C
C37 FF 61055 073800  780 239  640    +9084646    +17          33    -32   25   7  198  +46  146  +56  146   56  16  0  0 L3B 22
C40 FF 61055 073800  780 267  523    +1998215    +31          -6     +1   24   7  179   -5  146   +6  146    6  14  0  0 L3B BD
C19 FF 61055 075400  780 476 1990    +9631757    +50          14    +12   17   7  109  +13  144  +16  144   16  11  0  0 L3B 17
C22 FF 61055 075400  780 494 2900    -4307412     +6          -6    +39   16   7  106   -5  120   -9  120   -9   9  0  0 L3B BF
C28 FF 61055 075400  780 130  631    -4716351    -44          26     +2   37   7  354  -67  205   -1  205   -1  23  0  0 L3B D0
C36 FF 61055 075400  780 477 2408    -3054737    +30          32    +17   14   7  109  -12  126   -8  126   -8   8  0  0 L3B F3
C37 FF 61055 075400  780 182  659    +9084699    +83          39    +34   23   7  256  +77  179  +23  179   23  14  0  0 L3B 33
C40 FF 61055 075400  780 272  499    +1998246    +32          -3     +2   22   7  176   -2  152  +12  152   12  13  0  0 L3B D1
C19 FF 61055 081000  780 405 1963    +9631790    +24           9    -14   17   8  124  +18  170  +34  170   34  10  0  0 L3B FE
C21 FF 61055 081000  780 140 3242    +8907436    -53           9     +0   28   8  332 -126  126  +27  126   27  17  0  0 L3B FC
C22 FF 61055 081000  780 515 2801    -4307454    -26         -12     +7   15   8  103   -2  138   +9  138    9   9  0  0 L3B C1
C28 FF 61055 081000  780 150  573    -4716393    -75          13    -30   28   8  307  -33  205  +23  205   23  17  0  0 L3B FD
C36 FF 61055 081000  780 541 2449    -3054715    -10          43    -23   20   8  100   -8  123  +12  123   12  11  0  0 L3B DB
C37 FF 61055 081000  780 127  683    +9084732    +99          22    +49   22   8  361 +152  238  +25  238   25  13  0  0 L3B 23
C40 FF 61055 081000  780 274  475    +1998279    +52           2    +22   27   8  175   +0  160   -8  160   -8  16  0  0 L3B CD
C19 FF 61055 082600  780 335 1944    +9631829    +37          12     -1   16   8  146  +28  201  +32  201   32   9  0  0 L3B F1
C21 FF 61055 082600  780 191 3218    +8907374    -45          -2     +9   26   8  246  -64  152  +11  152   11  15  0  0 L3B FE
C22 FF 61055 082600  780 519 2691    -4307480    -50          -6    -17   26   8  103   +1  139  +19  139   19  15  0  0 L3B 05
C27 FF 61055 082600  780 157  933    -5822520    -28          24    +22   34   8  297  -79  259  -18  259  -18  20  0  0 L3B 32
C28 FF 61055 082600  780 162  513    -4716441    -32           9    +13   31   8  286  -13  208  -16  208  -16  18  0  0 L3B 00
C36 FF 61055 082600  780 605 2494    -3054709    +19          36     +5   17   8   93   -6  125   -3  125   -3  10  0  0 L3B CE
C40 FF 61055 082600  780 271  453    +1998313    +45           7    +15   15   8  176   +2  164   -3  164   -3   9  0  0 L3B BB
C45 FF 61055 082600  780 121 2502    +6466279   +119          -8    -65   35   8  380 -169  233  +44  233   44  22  0  0 L3B 43
C19 FF 61055 084200  780 266 1931    +9631871    +50          18    +12   22   8  179  +44  238  +38  238   38  13  0  0 L3B 28
C21 FF 61055 084200  780 239 3183    +8907324    -18          -1    +35   26   8  199  -37  161  -13  161  -13  16  0  0 L3B 24
C22 FF 61055 084200  780 504 2583    -4307509    -41          -3     -8   18   8  105   +4  148  +16  148   16  10  0  0 L3B E7
C27 FF 61055 084200  780 196  880    -5822565    -54          26     -5   24   8  240  -44  243   +5  243    5  13  0  0 L3B D9
C28 FF 61055 084200  780 164  452    -4716482    -56          10    -11   30   8  282   +4  211  +16  211   16  17  0  0 L3B E2
C36 FF 61055 084200  780 670 2544    -3054700     -9          32    -22   15   8   88   -4  128  +17  128   17   9  0  0 L3B D8
C40 FF 61055 084200  780 266  432    +1998340   +105           6    +75   17   8  180   +5  174  -35  174  -35  10  0  0 L3B 00
C45 FF 61055 084200  780 176 2538    +6466487   +195          23    +12   36   8  266  -83  207  -18  207  -18  22  0  0 L3B 51
C19 FF 61055 085800  780 198 1919    +9631913    +46          23     +8   21   8  236  +78  285  +58  285   58  13  0  0 L3B 34
C21 FF 61055 085800  780 281 3137    +8907286    -70          12    -16   20   8  171  -22  162  +13  162   13  11  0  0 L3B 0A
C22 FF 61055 085800  780 472 2487    -4307538    -65          -1    -32   17   8  110   +7  162  +36  162   36  10  0  0 L3B 02
C27 FF 61055 085800  780 229  821    -5822601    -31          38    +19   19   8  207  -26  224  -24  224  -24  12  0  0 L3B 15
C28 FF 61055 085800  780 157  394    -4716532    -49           3     -4   22   8  295  +23  226  +11  226   11  13  0  0 L3B E6
C30 FF 61055 085800  780 104 1353    -3651745    -37          18    +46   49   8  440 -230  359  -95  359  -95  29  0  0 L3B 5C
C36 FF 61055 085800  780 734 2605    -3054677    +20          42     +7   15   8   84   -3  125   +0  125    0   8  0  0 L3B A8
C40 FF 61055 085800  780 257  414    +1998398    +46          35    +16   14   8  185   +7  169   +0  169    0   9  0  0 L3B DA
C45 FF 61055 085800  780 231 2574    +6466654   +184          14     +1   29   8  205  -48  196  -17  196  -17  17  0  0 L3B 44
C19 FF 61055 091400  780 133 1909    +9631943    +25          19    -13   26   9  346 +165  354  +84  354   84  16  0  0 L3B 44
C21 FF 61055 091400  780 314 3079    +8907235    -64          12    -11   21   9  155  -13  170  +14  170   14  13  0  0 L3B 03
C22 FF 61055 091400  780 428 2408    -4307564    -14           8    +19   18   9  119  +11  173  +13  173   13  10  0  0 L3B FB
C27 FF 61055 091400  780 254  757    -5822649    -57          45     -7   26   9  188  -15  213   -5  213   -5  16  0  0 L3B F8
C28 FF 61055 091400  780 140  338    -4716578    -77           3    -32   33   9  329  +50  238  +38  238   38  20  0  0 L3B 08
C30 FF 61055 091400  780 160 1320    -3651825   -137          22    -53   25   9  291 -101  314  +16  314   16  16  0  0 L3B 25
C36 FF 61055 091400  780 798 2695    -3054665    +48          45    +35   13   9   82   -2  129  -18  129  -18   7  0  0 L3B 13
C40 FF 61055 091400  780 245  398    +1998426    +53          34    +23   16   9  194  +10  185  -11  185  -11  10  0  0 L3B 12
C45 FF 61055 091400  780 287 2612    +6466832   +198          15    +15   23   9  168  -31  188  -26  188  -26  15  0  0 L3B 55
C21 FF 61055 093000  780 338 3011    +8907171    -18           0    +36   23   9  145   -7  182  -12  182  -12  14  0  0 L3B EF
C22 FF 61055 093000  780 376 2346    -4307596    -39           8     -6   22   9  132  +17  195  +28  195   28  14  0  0 L3B 0A
C27 FF 61055 093000  780 269  689    -5822708    -56          34     -6   24   9  178   -6  216   +8  216    8  14  0  0 L3B E0
C28 FF 61055 093000  780 114  289    -4716606    -57          18    -12   39   9  399 +101  247  +17  247   17  23  0  0 L3B 2D
C30 FF 61055 093000  780 216 1283    -3651908   -138          19    -55   25   9  219  -55  292  -12  292  -12  14  0  0 L3B 3F
C36 FF 61055 093000  780 858 2935    -3054652    +34          46    +21   15   9   81   -1  133   -8  133   -8   8  0  0 L3B D3
C40 FF 61055 093000  780 230  386    +1998433    +62          13    +32   21   9  205  +14  209   -6  209   -6  13  0  0 L3B E0
C45 FF 61055 093000  780 345 2651    +6466999   +212           5    +29   21   9  143  -22  188  -22  188  -22  12  0  0 L3B 32
C21 FF 61055 094600  780 349 2936    +8907124    -45           4     +8   22   9  141   -2  187   +1  187    1  13  0  0 L3B C4
C22 FF 61055 094600  780 318 2296    -4307625    +16          10    +50   18   9  153  +26  217   -4  217   -4  11  0  0 L3B F7
C27 FF 61055 094600  780 273  620    -5822748    -67          42    -17   46   9  176   +1  212  +19  212   19  27  0  0 L3B 05
C30 FF 61055 094600  780 271 1240    -3651992    -95          15    -12   20   9  177  -34  250  -29  250  -29  12  0  0 L3B 27
C36 FF 61055 094600  780 863  473    -3054637    +11          47     -2   10   9   81   +0  137  +11  137   11   6  0  0 L3B B4
C40 FF 61055 094600  780 213  377    +1998480    +23          31     -7   22   9  220  +18  213  +16  213   16  13  0  0 L3B E6
C45 FF 61055 094600  780 403 2689    +6467188   +203          18    +20   22   9  125  -16  173  -20  173  -20  13  0  0 L3B 36
C21 FF 61055 100200  780 346 2857    +8907078    -63           6    -10   19  10  142   +3  192  +18  192   18  11  0  0 L3B FC
C22 FF 61055 100200  780 258 2256    -4307661    -59           0    -26   27  10  185  +42  250  +51  250   51  15  0  0 L3B 01
C27 FF 61055 100200  780 265  553    -5822798    -65          12    -18   26  10  180   +8  225  +17  225   17  16  0  0 L3B 06
C30 FF 61055 100200  780 323 1190    -3652057   -100          17    -18   22  10  151  -22  221   +5  221    5  13  0  0 L3B DE
C36 FF 61055 100200  780 804  754    -3054639     +4           6    -11   15  10   82   +2  151   +8  151    8   9  0  0 L3B 87
C40 FF 61055 100200  780 195  372    +1998497    -33          14    -63   25  10  240  +23  234  +51  234   51  15  0  0 L3B 07
C42 FF 61055 100200  780 121 3327    +9179354    -60          35    -15   45  10  380 -121  217  +21  217   21  26  0  0 L3B 1E
C45 FF 61055 100200  780 462 2728    +6467353   +156          -5    -29   18  10  112  -12  175   +4  175    4  11  0  0 L3B 06
C21 FF 61055 101800  780 331 2780    +8907020    -75          -1    -21   23  10  148   +9  208  +32  208   32  13  0  0 L3B F5
C22 FF 61055 101800  780 197 2222    -4307703    -65         -11    -32   23  10  237  +72  296  +60  296   60  14  0  0 L3B 29
C27 FF 61055 101800  780 247  491    -5822851    -41           4     +6   30  10  192  +17  239   +1  239    1  17  0  0 L3B C5
C29 FF 61055 101800  780 133 1618    -5504726    -87          14    -35   22  10  348 -160  381  -66  381  -66  15  0  0 L3B 54
C30 FF 61055 101800  780 370 1130    -3652142    -75          11     +8   21  10  134  -14  215   +1  215    1  13  0  0 L3B BD
C36 FF 61055 101800  780 741  849    -3054623    -13           7    -28   14  10   84   +3  154  +22  154   22   8  0  0 L3B C6
C40 FF 61055 101800  780 175  369    +1998495     +6         -17    -24   29  10  266  +31  271  +34  271   34  18  0  0 L3B 1D
C42 FF 61055 101800  780 156 3283    +9179299    -95          23    -50   33  10  297  -60  230  +45  230   45  20  0  0 L3B 2C
C45 FF 61055 101800  780 523 2766    +6467535   +186          -1     +1   20  10  102   -9  169   -5  169   -5  11  0  0 L3B F7
C21 FF 61055 103400  780 303 2708    +8906982    -75          12    -22   30  10  159  +16  218  +45  218   45  17  0  0 L3B 24
C22 FF 61055 103400  780 136 2192    -4307748     -1         -24    +32   30  10  337 +146  355  +34  355   34  18  0  0 L3B 26
C27 FF 61055 103400  780 219  436    -5822883    -75          16    -28   23  10  215  +31  245  +43  245   43  14  0  0 L3B 13
C29 FF 61055 103400  780 196 1600    -5504784    -26           6    +26   26  10  241  -77  316  -74  316  -74  16  0  0 L3B 2C
C30 FF 61055 103400  780 410 1058    -3652242   -109         -10    -26   16  10  123   -9  217   +3  217    3  10  0  0 L3B E7
C36 FF 61055 103400  780 678  913    -3054608     +4           7    -10   18  10   87   +4  159  +11  159   11  10  0  0 L3B C4
C40 FF 61055 103400  780 153  370    +1998513   +106         -27    +76   20  10  300  +42  296  -22  296  -22  12  0  0 L3B 2C
C42 FF 61055 103400  780 184 3231    +9179250    -69          17    -24   31  10  254  -32  239  +17  239   17  18  0  0 L3B 29
C45 FF 61055 103400  780 584 2803    +6467705   +161          -8    -23   21  10   95   -7  170  +10  170   10  12  0  0 L3B FD
C21 FF 61055 105000  780 267 2644    +8906936    -57          17     -3   23  10  179  +26  236  +28  236   28  13  0  0 L3B 20
C27 FF 61055 105000  780 183  390    -5822950    -32          -5    +15   29  10  255  +54  280  +13  280   13  17  0  0 L3B 03
C29 FF 61055 105000  780 260 1579    -5504844    -73          -4    -21   17  10  184  -44  289  -13  289  -13  11  0  0 L3B 37
C30 FF 61055 105000  780 438  974    -3652307    -71           3    +12   14  10  117   -5  204   -8  204   -8   8  0  0 L3B B8
C36 FF 61055 105000  780 615  967    -3054596    +46           5    +31   17  10   92   +6  169   -3  169   -3  10  0  0 L3B CD
C40 FF 61055 105000  780 131  375    +1998559    +73         -11    +43   41  10  348  +58  306   -7  306   -7  23  0  0 L3B 09
C42 FF 61055 105000  780 203 3172    +9179200    -56          10    -12   33  10  232  -15  243   +7  243    7  20  0  0 L3B DC
C45 FF 61055 105000  780 647 2838    +6467873   +176         -17     -8   21  10   89   -5  176   +8  176    8  12  0  0 L3B 0D
C21 FF 61055 110600  780 223 2588    +8906886    -32           9    +20   26  11  211  +42  259  +22  259   22  15  0  0 L3B 11
C27 FF 61055 110600  780 140  352    -5822995     -8           3    +39   27  11  328 +103  300   +5  300    5  17  0  0 L3B CE
C29 FF 61055 110600  780 325 1555    -5504887    -51          -3     +1   15  11  150  -28  255  -30  255  -30   9  0  0 L3B 04
C30 FF 61055 110600  780 453  883    -3652381    -96           8    -14   17  11  114   -2  201   +9  201    9  10  0  0 L3B BC
C36 FF 61055 110600  780 553 1015    -3054586    +26           6    +12   13  11   98   +8  184  +12  184   12   7  0  0 L3B D4
C40 FF 61055 110600  780 109  382    +1998603    +63           0    +32   33  11  415  +84  315  -14  315  -14  19  0  0 L3B FF
C42 FF 61055 110600  780 210 3110    +9179165    -10          10    +34   27  11  223   -3  243  -18  243  -18  16  0  0 L3B FF
C45 FF 61055 110600  780 712 2868    +6468060   +184         -12     -2   17  11   85   -3  173   +3  173    3  10  0  0 L3B E2
C21 FF 61055 112200  780 175 2539    +8906836    -47          10     +6   31  11  266  +74  297  +43  297   43  18  0  0 L3B 26
C26 FF 61055 112200  780 187 2872    +5819323    +19          21    -38   28  11  251  -74  244   +5  244    5  17  0  0 L3B 08
C29 FF 61055 112200  780 390 1524    -5504948    -48         -14     +3   17  11  128  -19  246  -14  246  -14  10  0  0 L3B 2B
C30 FF 61055 112200  780 452  790    -3652463    -82           5     +1   15  11  114   +2  206   +3  206    3   8  0  0 L3B 8A
C36 FF 61055 112200  780 491 1059    -3054587    +26          -8    +12   18  11  107  +10  208   +9  208    9  10  0  0 L3B F0
C42 FF 61055 112200  780 208 3045    +9179130    -23          17    +21   31  11  226   +9  240  -17  240  -17  18  0  0 L3B 06
C45 FF 61055 112200  780 777 2886    +6468229   +177         -21     -8   15  11   83   -2  178   +4  178    4   9  0  0 L3B F9
C21 FF 61055 113800  780 124 2495    +8906765    -59         -11     -7   39  11  369 +151  355  +44  355   44  25  0  0 L3B 4B
C26 FF 61055 113800  780 243 2897    +5819356    +82           0    +26   22  11  196  -45  233  -45  233  -45  15  0  0 L3B 2E
C29 FF 61055 113800  780 454 1483    -5504996    -50         -13     +2   24  11  114  -13  233  -19  233  -19  14  0  0 L3B 2A
C30 FF 61055 113800  780 436  703    -3652554    -99          -6    -17   20  11  117   +5  214  +14  214   14  12  0  0 L3B EC
C36 FF 61055 113800  780 430 1101    -3054557    +47           8    +32   19  11  118  +14  214   -3  214   -3  11  0  0 L3B DE
C42 FF 61055 113800  780 194 2981    +9179084     -9          13    +35   24  11  241  +22  248   -4  248   -4  15  0  0 L3B 05
C45 FF 61055 113800  780 843 2852    +6468420   +223          -9    +38   14  11   81   -1  170  -26  170  -26   8  0  0 L3B 0D
C26 FF 61055 115400  780 301 2919    +5819420    +89           9    +32   30  11  161  -30  207  -35  207  -35  18  0  0 L3B 1B
C29 FF 61055 115400  780 514 1425    -5505040    -54          -8     -3   16  11  103   -9  218  -14  218  -14   9  0  0 L3B ED
C30 FF 61055 115400  780 407  628    -3652627    -68          -1    +14   31  11  124   +9  212  -12  212  -12  18  0  0 L3B F2
C35 FF 61055 115400  780 100 1913    +2330296   +137         -39     -4   31  11  461 -284  402  -59  402  -59  20  0  0 L3B 46
C36 FF 61055 115400  780 369 1140    -3054543     -5           8    -20   23  11  134  +19  234  +37  234   37  13  0  0 L3B F3
C42 FF 61055 115400  780 171 2920    +9179028    -15          -1    +29   37  11  271  +42  271  -10  271  -10  23  0  0 L3B 19
C45 FF 61055 115400  780 882 1683    +6468598   +218          -8    +33   19  11   81   +0  167  -16  167  -16  11  0  0 L3B 33
C26 FF 61055 121000  780 360 2936    +5819457    +39         -13    -18   16  12  137  -21  201   -9  201   -9  10  0  0 L3B 11
C29 FF 61055 121000  780 566 1344    -5505092    -46         -22     +4   18  12   97   -6  204  -16  204  -16  10  0  0 L3B FE
C30 FF 61055 121000  780 367  569    -3652711    -98           5    -15   24  12  135  +14  215   +9  215    9  14  0  0 L3B DB
C35 FF 61055 121000  780 163 1915    +2330445   +104         -40    -39   23  12  287 -113  335  -17  335  -17  14  0  0 L3B 50
C36 FF 61055 121000  780 309 1178    -3054530     +7          20     -6   17  12  157  +28  260  +35  260   35  10  0  0 L3B EB
C42 FF 61055 121000  780 140 2864    +9179013    -54          20    -11   46  12  328  +79  272  +36  272   36  27  0  0 L3B 24
C45 FF 61055 121000  780 818 1351    +6468758   +193         -21     +8   17  12   82   +1  177   -7  177   -7  10  0  0 L3B 02
C26 FF 61055 122600  780 421 2945    +5819514    +39         -11    -18   19  12  121  -15  184   -2  184   -2  11  0  0 L3B 14
C29 FF 61055 122600  780 607 1232    -5505135    -76         -16    -25   15  12   93   -3  187   +3  187    3   8  0  0 L3B E0
C30 FF 61055 122600  780 320  525    -3652784    -83          12     +0   22  12  152  +22  213   +1  213    1  14  0  0 L3B B1
C33 FF 61055 122600  780 105 3324    +9527939   -139          10    -78   45  12  428   -9  273  +45  273   45  25  0  0 L3B 3D
C35 FF 61055 122600  780 229 1920    +2330571   +157         -51    +14   25  12  208  -59  312  -42  312  -42  16  0  0 L3B 3F
C36 FF 61055 122600  780 250 1213    -3054510    -30          28    -43   25  12  190  +43  284  +56  284   56  15  0  0 L3B 18
C45 FF 61055 122600  780 749 1344    +6468948   +109          -8    -75   13  12   84   +3  168  +40  168   40   7  0  0 L3B 18
C26 FF 61055 124200  780 483 2945    +5819565    +63         -16     +6   17  12  108  -11  175  -10  175  -10  11  0  0 L3B 2A
C29 FF 61055 124200  780 628 1093    -5505190    -21         -23    +29   15  12   91   -1  179  -23  179  -23   8  0  0 L3B 0E
C30 FF 61055 124200  780 269  495    -3652863    -83          13     +1   17  12  178  +33  216   +9  216    9  10  0  0 L3B E1
C33 FF 61055 124200  780 103 3266    +9527882    -88          12    -27   45  12  439  +31  268  +14  268   14  27  0  0 L3B 37
C35 FF 61055 124200  780 296 1925    +2330709   +132         -50    -11   27  12  163  -36  266  -42  266  -42  16  0  0 L3B 4D
C36 FF 61055 124200  780 191 1246    -3054508     +3          17    -10   25  12  244  +73  326  +52  326   52  15  0  0 L3B 02
C45 FF 61055 124200  780 679 1362    +6469110   +164         -24    -21   17  12   87   +4  178  +16  178   16  10  0  0 L3B 26
C26 FF 61055 125800  780 544 2930    +5819618    +43         -17    -15   21  12   99   -8  167   -3  167   -3  12  0  0 L3B 0A
C29 FF 61055 125800  780 626  944    -5505234    -53         -18     -2   15  12   91   +1  168   -6  168   -6   9  0  0 L3B D5
C30 FF 61055 125800  780 214  476    -3652950    -55           5    +28   19  12  219  +55  223  -14  223  -14  11  0  0 L3B 09
C35 FF 61055 125800  780 366 1931    +2330849   +152         -47     +9   19  12  136  -23  230  -41  230  -41  11  0  0 L3B 35
C36 FF 61055 125800  780 133 1276    -3054485    +63          28    +50   23  12  345 +146  358   -3  358   -3  15  0  0 L3B 28
C45 FF 61055 125800  780 610 1386    +6469286   +229         -25    +44   19  12   92   +6  180  -22  180  -22  11  0  0 L3B 34
C24 FF 61055 131400  780 143 3036      +19646   +323          12    +31   25  13  325 -128  247  -56  247  -56  16  0  0 L3B 2B
C26 FF 61055 131400  780 604 2891    +5819670    +31         -15    -26   14  13   93   -6  160   +6  160    6   8  0  0 L3B DA
C29 FF 61055 131400  780 602  814    -5505290    -85         -27    -35   14  13   93   +3  169  +16  169   16   8  0  0 L3B F9
C30 FF 61055 131400  780 159  467    -3653035    -60          -7    +22   19  13  292 +101  234  -13  234  -13  12  0  0 L3B 17
C35 FF 61055 131400  780 436 1936    +2330987   +162         -51    +19   21  13  117  -16  200  -35  200  -35  13  0  0 L3B 3E
C38 FF 61055 131400  780 121  685    -2688143    -77          -9    -57   18  13  377 -100  261   +7  261    7  10  0  0 L3B 0A
C45 FF 61055 131400  780 540 1411    +6469457   +185         -32     +0   17  13  100   +9  187   +9  187    9  10  0  0 L3B FB
C24 FF 61055 133000  780 200 3045      +19921   +226           7    -66   28  13  235  -67  222  +11  222   11  17  0  0 L3B E6
C26 FF 61055 133000  780 659 2813    +5819719    +56         -21     -1   13  13   89   -4  155   -7  155   -7   8  0  0 L3B E8
C29 FF 61055 133000  780 561  719    -5505326    -67         -15    -17   16  13   97   +6  158   +6  158    6   9  0  0 L3B E0
C30 FF 61055 133000  780 102  465    -3653101    -62           6    +21   28  13  442 +234  227  -28  227  -28  17  0  0 L3B 0D
C35 FF 61055 133000  780 507 1937    +2331122   +136         -54     -7   18  13  104  -11  180  -20  180  -20  11  0  0 L3B 1A
C38 FF 61055 133000  780 153  671    -2688169    -22         -16     -3   38  13  303  -60  237  -31  237  -31  24  0  0 L3B 1B
C45 FF 61055 133000  780 471 1436    +6469640   +142         -27    -43   17  13  110  +13  188  +28  188   28  10  0  0 L3B 43
C24 FF 61055 134600  780 258 3047      +20184   +291         -10     +0   29  13  185  -40  203  -32  203  -32  18  0  0 L3B 00
C26 FF 61055 134600  780 701 2677    +5819779    +47         -16    -10   15  13   86   -2  143   -2  143   -2   9  0  0 L3B F3
C29 FF 61055 134600  780 510  656    -5505385    -56         -24     -5   18  13  104   +8  159   -4  159   -4  10  0  0 L3B EF
C35 FF 61055 134600  780 579 1932    +2331251   +123         -62    -21   17  13   95   -8  164   -7  164   -7  10  0  0 L3B 0A
C38 FF 61055 134600  780 183  654    -2688166    -54           6    -34   26  13  256  -39  193  +10  193   10  17  0  0 L3B 17
C44 FF 61055 134600  780 141 2162    -9006607   +125           4    +35   23  13  330 -142  312  -82  312  -82  15  0  0 L3B 2D
C45 FF 61055 134600  780 403 1460    +6469819   +160         -25    -25   18  13  125  +18  194  +20  194   20  10  0  0 L3B 3E
C24 FF 61055 140200  780 316 3041      +20474   +281           0    -11   24  14  154  -26  174  -14  174  -14  14  0  0 L3B EB
C26 FF 61055 140200  780 720 2476    +5819831    +27         -15    -29   13  14   85   +0  140  +13  140   13   8  0  0 L3B EE
C29 FF 61055 140200  780 453  618    -5505427     -4         -12    +47   15  14  113  +12  149  -29  149  -29   9  0  0 L3B 10
C35 FF 61055 140200  780 650 1912    +2331389   +118         -56    -25   17  14   89   -5  147   -3  147   -3  10  0  0 L3B 09
C38 FF 61055 140200  780 210  636    -2688219    -11         -30     +8   31  14  224  -27  193  -24  193  -24  17  0  0 L3B 16
C44 FF 61055 140200  780 203 2184    -9006534    +72          -6    -17   22  14  233  -71  263  -46  263  -46  14  0  0 L3B 26
C45 FF 61055 140200  780 336 1482    +6470010   +165          -4    -19   21  14  146  +26  198  +24  198   24  12  0  0 L3B 2B
C24 FF 61055 141800  780 374 3024      +20743   +290         -10     -2   16  14  133  -18  163  -13  163  -13  10  0  0 L3B F9
C26 FF 61055 141800  780 708 2262    +5819883    +33         -17    -23   18  14   86   +2  137  +13  137   13  10  0  0 L3B 11
C29 FF 61055 141800  780 394  598    -5505478    -27         -14    +25   17  14  127  +17  149  -14  149  -14  10  0  0 L3B 43
C35 FF 61055 141800  780 718 1858    +2331517   +116         -65    -26   12  14   85   -3  139   +7  139    7   6  0  0 L3B FB
C38 FF 61055 141800  780 234  615    -2688227    -10         -20     +9   23  14  202  -19  171  -30  171  -30  14  0  0 L3B 0B
C44 FF 61055 141800  780 266 2209    -9006447    +98          -4     +9   23  14  181  -41  222  -42  222  -42  14  0  0 L3B 1A
C45 FF 61055 141800  780 270 1502    +6470192   +144           1    -40   26  14  177  +41  205  +37  205   37  14  0  0 L3B 14
C24 FF 61055 143400  780 429 2992      +21022   +283         -11     -9   20  14  119  -12  148   -8  148   -8  11  0  0 L3B EE
C26 FF 61055 143400  780 667 2102    +5819946    +61          -9     +4   20  14   88   +3  129   -6  129   -6  12  0  0 L3B DE
C29 FF 61055 143400  780 335  592    -5505526    -97         -13    -45   18  14  146  +24  148  +32  148   32  11  0  0 L3B 2A
C35 FF 61055 143400  780 779 1720    +2331664   +109         -55    -34   13  14   83   -2  124   +9  124    9   8  0  0 L3B EF
C38 FF 61055 143400  780 256  591    -2688235     -1          -9    +18   15  14  186  -14  148  -34  148  -34   9  0  0 L3B 11
C44 FF 61055 143400  780 330 2236    -9006353    +62           4    -27   29  14  149  -27  184  -12  184  -12  18  0  0 L3B 22
C45 FF 61055 143400  780 205 1520    +6470347   +263         -20    +79   27  14  229  +70  234  -26  234  -26  15  0  0 L3B 4D
C24 FF 61055 145000  780 479 2942      +21311   +329          -3    +37   18  14  109   -8  130  -34  130  -34  11  0  0 L3B F5
C26 FF 61055 145000  780 611 2002    +5820000    +18          -9    -38   17  14   92   +6  129  +16  129   16  10  0  0 L3B E5
C29 FF 61055 145000  780 275  596    -5505575    -73         -13    -22   19  14  174  +35  150  +16  150   16  11  0  0 L3B 22
C35 FF 61055 145000  780 814 1378    +2331779   +130         -77    -12   17  14   82   +0  131   -2  131   -2  10  0  0 L3B F2
C38 FF 61055 145000  780 273  566    -2688250    -12          -5     +7   19  14  175  -10  136  -14  136  -14  11  0  0 L3B 06
C44 FF 61055 145000  780 395 2266    -9006258    +99          13    +10   19  14  127  -18  154  -30  154  -30  12  0  0 L3B 31
C45 FF 61055 145000  780 141 1536    +6470523   +213         -21    +28   30  14  326 +142  252   -4  252   -4  18  0  0 L3B 26
C24 FF 61055 150600  780 521 2869      +21586   +265          -2    -27   20  15  102   -5  126  +14  126   14  11  0  0 L3B E7
C26 FF 61055 150600  780 547 1943    +5820046    +49         -22     -8   15  15   99   +8  135   +9  135    9   9  0  0 L3B E0
C29 FF 61055 150600  780 217  606    -5505638    -74         -25    -22   16  15  217  +56  160  +11  160   11  11  0  0 L3B 13
C35 FF 61055 150600  780 796  972    +2331923   +176         -32    +37   14  15   82   +1  122  -27  122  -27   8  0  0 L3B 0D
C38 FF 61055 150600  780 287  540    -2688284    -38         -21    -19   23  15  167   -7  135   -1  135   -1  13  0  0 L3B 02
C44 FF 61055 150600  780 460 2298    -9006178    +91           6     +2   15  15  112  -13  140  -16  140  -16  10  0  0 L3B FB
C24 FF 61055 152200  780 551 2772      +21858   +297         -10     +5   16  15   99   -3  127   -7  127   -7   9  0  0 L3B CF
C26 FF 61055 152200  780 479 1907    +5820105    +66         -18     +8   16  15  109  +12  140   +3  140    3  10  0  0 L3B E8
C29 FF 61055 152200  780 160  623    -5505680    -50         -17     +2   20  15  289  +99  149   -1  149   -1  12  0  0 L3B F8
C35 FF 61055 152200  780 743  788    +2332064   +109         -25    -30   14  15   84   +3  116  +14  116   14   8  0  0 L3B F1
C38 FF 61055 152200  780 297  512    -2688294    +29         -13    +48   17  15  162   -4  122  -32  122  -32  11  0  0 L3B 19
C44 FF 61055 152200  780 526 2333    -9006099    +64           0    -25   19  15  102   -9  131   -1  131   -1  11  0  0 L3B D2
C20 FF 61055 153800  780 125  529    +9531282    +83          -9    -17   34  15  367  -63  132   -8  132   -8  21  0  0 L3B 01
C24 FF 61055 153800  780 563 2656      +22144   +263          -3    -29   19  15   97   +0  119  +16  119   16  11  0  0 L3B EA
C25 FF 61055 153800  780 147 3191    -9661402    +76           3    -21   19  15  316 -112  167  -17  167  -17  12  0  0 L3B 3A
C26 FF 61055 153800  780 410 1885    +5820148    +70         -29    +13   17  15  123  +18  153   +3  153    3  10  0  0 L3B 00
C29 FF 61055 153800  780 105  644    -5505728   -107         -15    -55   41  15  432 +217  140  +33  140   33  26  0  0 L3B 3E
C35 FF 61055 153800  780 681  723    +2332201   +142         -22     +3   13  15   87   +4  111   -5  111   -5   8  0  0 L3B B7
C38 FF 61055 153800  780 303  484    -2688320    -42         -20    -23   13  15  160   -2  120   +6  120    6   8  0  0 L3B C5
C44 FF 61055 153800  780 593 2370    -9006007    +78           6    -11   16  15   94   -7  119   +0  119    0   9  0  0 L3B C0
C20 FF 61055 155400  780 142  470    +9531394   +121           8    +21   43  15  325  -29  108  -31  108  -31  26  0  0 L3B 10
C24 FF 61055 155400  780 556 2535      +22430   +313           3    +22   14  15   98   +2  114  -16  114  -16   9  0  0 L3B C4
C25 FF 61055 155400  780 198 3169    -9661328   +106         -15    +10   29  15  237  -59  161  -29  161  -29  18  0  0 L3B 6D
C26 FF 61055 155400  780 341 1870    +5820215    +26         -17    -32   16  15  144  +26  152  +23  152   23   9  0  0 L3B 12
C34 FF 61055 155400  780 123 2456    -8634952    -64          -1    +16   31  15  374 -166  213  -41  213  -41  19  0  0 L3B 42
C35 FF 61055 155400  780 617  706    +2332326   +193         -30    +54   13  15   92   +6  116  -32  116  -32   7  0  0 L3B FF
C38 FF 61055 155400  780 304  457    -2688356    -22         -38     -3   23  15  159   +0  120   -8  120   -8  12  0  0 L3B E5
C44 FF 61055 155400  780 659 2411    -9005926   +130           2    +41   15  15   89   -5  113  -33  113  -33   8  0  0 L3B F7
C20 FF 61055 161000  780 150  410    +9531484    +77           0    -23   27  16  308   -6  102   +7  102    7  17  0  0 L3B B2
C24 FF 61055 161000  780 531 2425      +22696   +273          -4    -18   15  16  101   +5  120  +15  120   15   8  0  0 L3B CA
C25 FF 61055 161000  780 246 3136    -9661242    +96         -21     +0   24  16  194  -35  149  -14  149  -14  14  0  0 L3B 2D
C26 FF 61055 161000  780 273 1859    +5820264    +39         -14    -17   12  16  175  +41  162  +19  162   19   6  0  0 L3B 25
C34 FF 61055 161000  780 179 2491    -8635023    -57           4    +24   32  16  262  -81  185  -38  185  -38  20  0  0 L3B 30
C35 FF 61055 161000  780 553  710    +2332461   +122         -39    -19   12  16   98   +8  111   +7  111    7   7  0  0 L3B C9
C38 FF 61055 161000  780 301  432    -2688372    -19         -30     +1   19  16  160   +2  108  -11  108  -11  11  0  0 L3B EB
C44 FF 61055 161000  780 726 2459    -9005836   +106           6    +17   16  16   85   -3  106  -13  106  -13   9  0  0 L3B FE
C20 FF 61055 162600  780 147  350    +9531564    +31         -17    -69   41  16  313  +15  104  +37  104   37  24  0  0 L3B 14
C24 FF 61055 162600  780 491 2335      +22977   +278          -2    -13   16  16  107   +8  121  +11  121   11   9  0  0 L3B DB
C25 FF 61055 162600  780 288 3092    -9661117   +121          12    +24   16  16  167  -21  119  -25  119  -25   8  0  0 L3B 37
C26 FF 61055 162600  780 207 1850    +5820312    +75         -21    +19   19  16  227  +70  175   -2  175   -2  12  0  0 L3B 13
C34 FF 61055 162600  780 235 2527    -8635091    -68          13    +13   32  16  203  -47  153  -28  153  -28  20  0  0 L3B 36
C35 FF 61055 162600  780 491  726    +2332598   +132         -37     -8   15  16  107  +10  107   +0  107    0  10  0  0 L3B E9
C38 FF 61055 162600  780 294  408    -2688390    +28         -29    +48   18  16  164   +4  100  -33  100  -33  11  0  0 L3B 1E
C44 FF 61055 162600  780 792 2520    -9005748   +108           9    +18   14  16   82   -2   98  -17   98  -17   8  0  0 L3B FA
C20 FF 61055 164200  780 135  292    +9531687    +86          10    -14   24  16  340  +43   85   +3   85    3  15  0  0 L3B CA
C24 FF 61055 164200  780 440 2264      +23259   +302           0    +12   25  16  116  +12  125   -1  125   -1  15  0  0 L3B BD
C25 FF 61055 164200  780 323 3037    -9661045   +129          -9    +32   20  16  151  -13  125  -21  125  -21  12  0  0 L3B 26
C26 FF 61055 164200  780 143 1842    +5820377    +67          -9    +11   16  16  323 +140  178   -3  178   -3  10  0  0 L3B 19
C34 FF 61055 164200  780 291 2564    -8635169    -85          13     -4   20  16  166  -31  133  -10  133  -10  12  0  0 L3B 17
C35 FF 61055 164200  780 429  750    +2332738   +133         -31     -7   15  16  118  +14  102   +3  102    3   9  0  0 L3B D5
C38 FF 61055 164200  780 284  388    -2688399    +35         -19    +55   15  16  169   +7   91  -37   91  -37   9  0  0 L3B 1C
C44 FF 61055 164200  780 858 2655    -9005653    +93          18     +4   16  16   81   -1   87   -9   87   -9   9  0  0 L3B CC
C20 FF 61055 165800  780 113  239    +9531770   +118          -3    +18   35  16  401  +90   92  -19   92  -19  20  0  0 L3B 0B
C22 FF 61055 165800  780 138 1233    -4308486    -96         -30    -63   65  16  336 -136  163  +24  163   24  36  0  0 L3B 56
C24 FF 61055 165800  780 383 2210      +23541   +307           4    +16   25  16  130  +17  128   -3  128   -3  14  0  0 L3B D2
C25 FF 61055 165800  780 349 2971    -9660931   +112          12    +16   21  16  141   -7  108   -9  108   -9  13  0  0 L3B 17
C34 FF 61055 165800  780 349 2603    -8635255    -70           4    +10   16  16  141  -21  126  -20  126  -20   9  0  0 L3B 06
C35 FF 61055 165800  780 370  777    +2332874   +152         -30    +12   17  16  134  +19  101   -7  101   -7  10  0  0 L3B 0D
C38 FF 61055 165800  780 270  370    -2688405    -24          -6     -4   14  16  177   +9   82   -3   82   -3   9  0  0 L3B B3
C44 FF 61055 165800  780 872  491    -9005575    +75          11    -15   14  16   81   +0   86   +9   86    9   8  0  0 L3B B4
C22 FF 61055 171400  780 194 1194    -4308518    -94         -19    -61   30  17  243  -68  147  +26  147   26  17  0  0 L3B 47
C24 FF 61055 171400  780 323 2168      +23818   +282           2     -9   18  17  151  +26  138  +18  138   18  10  0  0 L3B ED
C25 FF 61055 171400  780 362 2897    -9660869   +166         -16    +69   22  17  137   -2  125  -45  125  -45  14  0  0 L3B 5F
C34 FF 61055 171400  780 408 2643    -8635335    -88           5     -7   23  17  124  -15  118   -2  118   -2  13  0  0 L3B F0
C35 FF 61055 171400  780 312  808    +2333023   +150         -19    +10   21  17  155  +26   95   -5   95   -5  14  0  0 L3B E8
C38 FF 61055 171400  780 254  356    -2688449    -31         -28    -11   18  17  187  +12   91   +1   91    1  10  0  0 L3B DF
C44 FF 61055 171400  780 809  705    -9005500    +82         -11     -8   11  17   82   +2   90   +0   90    0   6  0  0 L3B 7F
C22 FF 61055 173000  780 248 1149    -4308540    -50         -10    -17   24  17  192  -40  133  -10  133  -10  15  0  0 L3B 21
C23 FF 61055 173000  780 119 3278    +5085008    -61           3    +10   37  17  385 -130  116  -29  116  -29  21  0  0 L3B 2D
C24 FF 61055 173000  780 262 2135      +24104   +290           9     -1   26  17  182  +41  143   +8  143    8  16  0  0 L3B B6
C25 FF 61055 173000  780 362 2818    -9660764   +106          -4    +10   26  17  136   +2  116   -7  116   -7  15  0  0 L3B 07
C34 FF 61055 173000  780 467 2683    -8635409   -107           9    -26   24  17  111  -11  105   +7  105    7  14  0  0 L3B 03
C35 FF 61055 173000  780 256  841    +2333138   +178         -39    +37   22  17  186  +39  111  -10  111  -10  12  0  0 L3B 2F
C38 FF 61055 173000  780 235  346    -2688438    +11           3    +30   11  17  201  +16   71  -25   71  -25   7  0  0 L3B CD
C44 FF 61055 173000  780 745  775    -9005410    +51          -7    -39   13  17   84   +3   84  +19   84   19   7  0  0 L3B C8
C22 FF 61055 174600  780 299 1097    -4308586    -51         -24    -18   23  17  162  -25  129   +7  129    7  14  0  0 L3B 26
C23 FF 61055 174600  780 157 3237    +5084951    -72          14     -1   28  17  296  -65  100   +0  100    0  16  0  0 L3B E6
C24 FF 61055 174600  780 200 2107      +24388   +316          14    +26   33  17  234  +70  152   +4  152    4  20  0  0 L3B D3
C25 FF 61055 174600  780 350 2740    -9660664    +68           5    -29   27  17  141   +7  110  +24  110   24  16  0  0 L3B 01
C34 FF 61055 174600  780 528 2723    -8635493    -73           3     +8   23  17  102   -9  103  -11  103  -11  14  0  0 L3B F7
C35 FF 61055 174600  780 201  875    +2333283   +170         -30    +30   22  17  233  +61  116  -10  116  -10  13  0  0 L3B 1B
C38 FF 61055 174600  780 215  340    -2688449     +0          10    +20   24  17  219  +21   62   -7   62   -7  15  0  0 L3B C1
C44 FF 61055 174600  780 681  829    -9005324    +53          -8    -37   17  17   87   +4   80  +19   80   19  10  0  0 L3B DD
C21 FF 61055 180200  780 122 1534    +8905525    -55         -28     -2   39  18  380 -192  168   -8  168   -8  23  0  0 L3B 30
C22 FF 61055 180200  780 344 1035    -4308611     -4         -23    +29   25  18  143  -16  117  -25  117  -25  14  0  0 L3B 1B
C23 FF 61055 180200  780 188 3188    +5084864    -83          -7    -13   29  18  249  -35  108   +2  108    2  16  0  0 L3B 10
C24 FF 61055 180200  780 140 2082      +24656   +279           1    -12   25  18  329 +137  174  +26  174   26  15  0  0 L3B 0F
C25 FF 61055 180200  780 326 2667    -9660569    +91           4     -6   20  18  150  +12  111   +8  111    8  12  0  0 L3B D7
C34 FF 61055 180200  780 589 2764    -8635573    -84          -3     -4   20  18   94   -6   98   -4   98   -4  11  0  0 L3B D8
C35 FF 61055 180200  780 147  910    +2333405   +124         -47    -17   33  18  313 +110  130  +20  130   20  22  0  0 L3B 15
C38 FF 61055 180200  780 193  338    -2688452    -18          28     +2   17  18  242  +28   53   -8   53   -8  11  0  0 L3B D8
C44 FF 61055 180200  780 619  876    -9005244    +87         -12     -3   20  18   92   +6   84   +3   84    3  11  0  0 L3B A9
C19 FF 61055 181800  780 204  381    +9633195     +4          13    -35   26  18  229  +36   69  +11   69   11  16  0  0 L3B EB
C21 FF 61055 181800  780 185 1513    +8905461    -21         -41    +32   26  18  254  -87  163  -45  163  -45  16  0  0 L3B 4A
C22 FF 61055 181800  780 381  963    -4308641    -46         -22    -14   19  18  131  -10  108   +3  108    3  11  0  0 L3B F0
C23 FF 61055 181800  780 210 3132    +5084791    -72         -13     -2   32  18  224  -19  106   -8  106   -8  19  0  0 L3B 05
C25 FF 61055 181800  780 291 2601    -9660490    +98         -10     +2   27  18  165  +20  124   +9  124    9  16  0  0 L3B 01
C34 FF 61055 181800  780 652 2805    -8635648    -83          -1     -2   13  18   89   -5   94   -2   94   -2   7  0  0 L3B BE
C38 FF 61055 181800  780 170  339    -2688512    -48         -13    -28   33  18  273  +37   77  +29   77   29  19  0  0 L3B 29
C43 FF 61055 181800  780 110 2762    -1297513    -35          39    -26   39  18  418 -197  151  -28  151  -28  25  0  0 L3B 5E
C44 FF 61055 181800  780 557  921    -9005154   +102          -8    +12   18  18   98   +7   81   -7   81   -7  10  0  0 L3B CD
C19 FF 61055 183400  780 167  335    +9633217     +1          -2    -37   28  18  277  +66   77  +37   77   37  16  0  0 L3B FB
C21 FF 61055 183400  780 249 1488    +8905423    -53         -29     +0   24  18  192  -48  143  -12  143  -12  14  0  0 L3B 32
C22 FF 61055 183400  780 407  881    -4308657    -64          -6    -31   20  18  124   -5   94  +15   94   15  11  0  0 L3B E0
C23 FF 61055 183400  780 223 3072    +5084743    -70           7     +0   29  18  212   -7   92   -3   92   -3  17  0  0 L3B B3
C25 FF 61055 183400  780 250 2543    -9660384   +109           3    +12   25  18  190  +32  123   +9  123    9  16  0  0 L3B FD
C34 FF 61055 183400  780 716 2845    -8635725    -91           0    -11   13  18   85   -3   91   +5   91    5   8  0  0 L3B AA
C38 FF 61055 183400  780 146  344    -2688524    -51          -6    -31   30  18  314  +51   77  +28   77   28  18  0  0 L3B 01
C43 FF 61055 183400  780 163 2794    -1297543    -16          18     -7   30  18  286  -94  130  -24  130  -24  16  0  0 L3B 2F
C44 FF 61055 183400  780 496  965    -9005079   +117         -19    +27   16  18  106  +10   88  -14   88  -14  10  0  0 L3B 31
C19 FF 61055 185000  780 124  298    +9633282    +34          26     -5   20  18  369 +134   64   -1   64   -1  12  0  0 L3B DD
C21 FF 61055 185000  780 315 1460    +8905376    -76         -24    -23   22  18  155  -30  130  +10  130   10  14  0  0 L3B 17
C22 FF 61055 185000  780 418  792    -4308695    -11         -13    +22   21  18  121   -1   94  -18   94  -18  11  0  0 L3B F6
C23 FF 61055 185000  780 225 3007    +5084683    -51          14    +19   33  18  210   +3   85  -14   85  -14  21  0  0 L3B F1
C25 FF 61055 185000  780 204 2492    -9660292   +108           3    +11   27  18  230  +53  134  +13  134   13  15  0  0 L3B 12
C34 FF 61055 185000  780 781 2884    -8635801    -81           1     +0   17  18   83   -2   88   -1   88   -1  10  0  0 L3B B1
C38 FF 61055 185000  780 122  352    -2688540    -33          -2    -13   21  18  373  +72   75   +1   75    1  13  0  0 L3B BF
C43 FF 61055 185000  780 218 2825    -1297553    +41          17    +50   26  18  217  -54  106  -48  106  -48  17  0  0 L3B 3F
C44 FF 61055 185000  780 435 1006    -9004997   +115         -24    +25   17  18  117  +13   95   -9   95   -9  10  0  0 L3B 15
C21 FF 61055 190600  780 379 1424    +8905323    -57         -22     -4   15  19  131  -20  123  -12  123  -12   8  0  0 L3B 0D
C22 FF 61055 190600  780 415  704    -4308724     -5         -21    +27   20  19  122   +3   92  -17   92  -17  12  0  0 L3B DA
C23 FF 61055 190600  780 216 2943    +5084600    -58          -2    +12   27  19  218  +13   97   -2   97   -2  16  0  0 L3B EB
C25 FF 61055 190600  780 154 2448    -9660202   +117          -1    +21   27  19  299  +96  150   +1  150    1  17  0  0 L3B 0B
C34 FF 61055 190600  780 846 2921    -8635878    -55           0    +25   14  19   81   -1   86  -19   86  -19   8  0  0 L3B F2
C43 FF 61055 190600  780 274 2853    -1297541     +4          32    +13   25  19  176  -35   80  -16   80  -16  15  0  0 L3B 05
C44 FF 61055 190600  780 376 1047    -9004921    +33         -24    -56   25  19  132  +18  107  +40  107   40  14  0  0 L3B 29
C21 FF 61055 192200  780 442 1376    +8905277    -58         -16     -5   16  19  116  -13  114   -8  114   -8   9  0  0 L3B 06
C22 FF 61055 192200  780 397  622    -4308745    -30         -12     +2   32  19  126   +7   84   -4   84   -4  19  0  0 L3B C6
C23 FF 61055 192200  780 198 2880    +5084541    -62           6     +9   29  19  236  +27   93   -1   93   -1  18  0  0 L3B DD
C25 FF 61055 192200  780 103 2408    -9660084   +205          25   +109   64  19  438 +210  152  -50  152  -50  41  0  0 L3B 5D
C34 FF 61055 192200  780 887 1189    -8635950    -67           5    +14   11  19   81   +0   83   -4   83   -4   6  0  0 L3B BD
C42 FF 61055 192200  780 111 1792    +9177864    -15           8    +28   21  19  415 -238  158  -38  158  -38  12  0  0 L3B 4F
C43 FF 61055 192200  780 332 2879    -1297565    -18          17     -9   20  19  148  -24   81   -5   81   -5  12  0  0 L3B F0
C44 FF 61055 192200  780 317 1085    -9004827    +60         -15    -29   13  19  153  +26  112  +27  112   27   8  0  0 L3B 1D
C21 FF 61055 193800  780 499 1311    +8905215    -58         -27     -4   21  19  106   -9  113   -4  113   -4  12  0  0 L3B F7
C22 FF 61055 193800  780 366  553    -4308790    -49         -26    -17   21  19  135  +12   92   +9   92    9  13  0  0 L3B F0
C23 FF 61055 193800  780 171 2821    +5084462    -67          -5     +3   32  19  271  +47  102   +4  102    4  17  0  0 L3B E2
C34 FF 61055 193800  780 819 1207    -8636028    -70           4    +10   14  19   82   +1   83   -6   83   -6   8  0  0 L3B B3
C37 FF 61055 193800  780 104 3305    +9086853    +68          36    +18   46  19  435  -54   70  -12   70  -12  26  0  0 L3B 23
C42 FF 61055 193800  780 177 1788    +9177811    -81          -3    -38   22  19  265 -100  148   +2  148    2  14  0  0 L3B 24
C43 FF 61055 193800  780 391 2900    -1297575    +27          16    +36   20  19  128  -17   78  -29   78  -29  12  0  0 L3B 31
C44 FF 61055 193800  780 259 1123    -9004745    +54         -19    -35   21  19  184  +39  126  +36  126   36  12  0  0 L3B 41
C21 FF 61055 195400  780 548 1223    +8905182    -39          -8    +15   15  19   99   -5   97  -17   97  -17   8  0  0 L3B 00
C22 FF 61055 195400  780 325  497    -4308815    -40         -20     -8   18  19  150  +19   88   +9   88    9  10  0  0 L3B E0
C23 FF 61055 195400  780 137 2767    +5084401    -53           1    +18   35  19  334  +87  105   -3  105   -3  20  0  0 L3B F8
C34 FF 61055 195400  780 751 1242    -8636103   -120           5    -39   13  19   84   +3   83  +21   83   21   8  0  0 L3B CD
C37 FF 61055 195400  780 112 3250    +9086894    -23          28    -74   38  19  404  -14   75  +47   75   47  24  0  0 L3B 24
C42 FF 61055 195400  780 245 1786    +9177775    -18           2    +25   23  19  195  -53  127  -34  127  -34  15  0  0 L3B 3F
C43 FF 61055 195400  780 452 2914    -1297581    -21          18    -12   20  19  114  -13   75   +6   75    6  12  0  0 L3B E1
C44 FF 61055 195400  780 202 1158    -9004647    +92          -6     +3   25  19  232  +64  131   +8  131    8  14  0  0 L3B E7
C21 FF 61055 201000  780 582 1109    +8905120    -51         -31     +1   14  20   95   -3  102   -4  102   -4   8  0  0 L3B A9
C22 FF 61055 201000  780 278  456    -4308837    +36         -12    +68   19  20  173  +30   82  -39   82  -39  12  0  0 L3B 10
C34 FF 61055 201000  780 683 1276    -8636183    -90         -13    -11   17  20   87   +4   87  +13   87   13   9  0  0 L3B E3
C37 FF 61055 201000  780 112 3193    +9086939    +72          18    +20   32  20  406  +18   74  -18   74  -18  18  0  0 L3B 12
C42 FF 61055 201000  780 315 1783    +9177720    -63          -9    -19   15  20  155  -32  124   -7  124   -7   9  0  0 L3B F8
C43 FF 61055 201000  780 514 2920    -1297590    -19           9    -11   17  20  103   -9   73   +4   73    4   9  0  0 L3B A2
C44 FF 61055 201000  780 145 1192    -9004554    +97           4     +8   32  20  317 +120  137   +0  137    0  19  0  0 L3B D7
C21 FF 61055 202600  780 596  975    +8905081    -46         -20     +7   21  20   94   +0   94   -5   94   -5  12  0  0 L3B B6
C22 FF 61055 202600  780 225  427    -4308857    -54          -2    -23   25  20  209  +49   77  +17   77   17  15  0  0 L3B F4
C34 FF 61055 202600  780 615 1309    -8636283    -63         -37    +16   14  20   92   +6  103   -4  103   -4   8  0  0 L3B DF
C37 FF 61055 202600  780 102 3136    +9086976    +61           5     +9   29  20  442  +59   78  -13   78  -13  18  0  0 L3B 00
C42 FF 61055 202600  780 386 1778    +9177675    -64         -12    -20   17  20  130  -21  117   +2  117    2  11  0  0 L3B 04
C43 FF 61055 202600  780 577 2911    -1297605     +9           2    +17   14  20   96   -7   76  -11   76  -11   8  0  0 L3B BF
C21 FF 61055 204200  780 588  841    +8905023    -52         -27     +1   17  20   94   +2   96   -3   96   -3  10  0  0 L3B AC
C22 FF 61055 204200  780 170  409    -4308905    -13         -20    +18   22  20  273  +88   90   -5   90   -5  13  0  0 L3B D6
C34 FF 61055 204200  780 547 1341    -8636352    -36         -30    +43   15  20   99   +9  105  -20  105  -20   9  0  0 L3B FF
C42 FF 61055 204200  780 458 1769    +9177631    -77         -14    -33   21  20  113  -14  110  +13  110   13  13  0  0 L3B 1A
C43 FF 61055 204200  780 639 2878    -1297622    +10          -8    +18   15  20   90   -5   82   -7   82   -7   9  0  0 L3B C1
C21 FF 61055 205800  780 560  727    +8904992    -75          -8    -23   14  20   97   +4   85  +12   85   12   8  0  0 L3B CA
C22 FF 61055 205800  780 114  400    -4308928    -39         -12     -7   31  20  400 +194   87   +3   87    3  17  0  0 L3B D3
C28 FF 61055 205800  780 134 3020    -4718497    -55          -6    -10   35  20  345 -144   85   -3   85   -3  20  0  0 L3B FB
C34 FF 61055 205800  780 479 1372    -8636421    -94         -23    -15   14  20  109  +12  110  +15  110   15   8  0  0 L3B 13
C42 FF 61055 205800  780 531 1752    +9177576     +4         -28    +48   17  20  101  -10  110  -35  110  -35  10  0  0 L3B 18
C43 FF 61055 205800  780 696 2802    -1297631     +1          -9     +9   18  20   86   -3   83  -10   83  -10  10  0  0 L3B C3
C21 FF 61055 211400  780 517  643    +8904928    -23         -31    +29   18  21  103   +7   93  -18   93  -18  10  0  0 L3B F8
C28 FF 61055 211400  780 191 3033    -4718528    -44           1     +1   26  21  246  -73   76   -8   76   -8  16  0  0 L3B D1
C33 FF 61055 211400  780 120 2068    +9525992    -61          14     +1   24  21  386 -202  146   -8  146   -8  15  0  0 L3B 0B
C34 FF 61055 211400  780 412 1400    -8636487   -126          -9    -46   14  21  122  +17  112  +33  112   33   8  0  0 L3B 0C
C42 FF 61055 211400  780 602 1719    +9177543    -23         -17    +21   11  21   93   -7   99  -20   99  -20   7  0  0 L3B EA
C43 FF 61055 211400  780 742 2646    -1297640     +2         -10    +10   13  21   84   -2   83   -8   83   -8   7  0  0 L3B A8
C21 FF 61055 213000  780 465  587    +8904879    -38         -30    +13   12  21  111  +11   92   -7   92   -7   7  0  0 L3B D6
C28 FF 61055 213000  780 249 3040    -4718580    -91          -8    -46   19  21  192  -43   82  +28   82   28  12  0  0 L3B 0A
C33 FF 61055 213000  780 184 2087    +9525959    -26          40    +35   26  21  256  -89  122  -33  122  -33  17  0  0 L3B 3B
C34 FF 61055 213000  780 345 1426    -8636569   -111         -14    -32   16  21  142  +24  123  +26  123   26  10  0  0 L3B 2C
C39 FF 61055 213000  780 127  674     +180950    -78         -16    -84   23  21  361  -81  104  +53  104   53  15  0  0 L3B 0B
C42 FF 61055 213000  780 670 1655    +9177496    -45         -22     -1   14  21   88   -4   98   +0   98    0   8  0  0 L3B B3
C43 FF 61055 213000  780 761 2390    -1297657    -35         -20    -27   17  21   83   +0   90  +21   90   21  10  0  0 L3B DA
C21 FF 61055 214600  780 408  553    +8904822    -96         -38    -44   23  21  123  +15   96  +21   96   21  13  0  0 L3B 00
C28 FF 61055 214600  780 308 3039    -4718626    -82         -10    -37   20  21  158  -28   79  +22   79   22  12  0  0 L3B 1C
C33 FF 61055 214600  780 249 2108    +9525897    -88          37    -26   23  21  192  -49  116   +8  116    8  13  0  0 L3B 1E
C34 FF 61055 214600  780 280 1450    -8636637   -103          -6    -23   15  21  171  +37  124  +18  124   18  10  0  0 L3B 25
C39 FF 61055 214600  780 155  659     +180957     +5         -14     +0   27  21  298  -51   95  -12   95  -12  16  0  0 L3B E3
C42 FF 61055 214600  780 729 1528    +9177453    -63         -23    -19   12  21   85   -2   95   +7   95    7   7  0  0 L3B D1
C43 FF 61055 214600  780 742 2129    -1297654    +20          -8    +28   14  21   84   +2   84  -17   84  -17   8  0  0 L3B E0
C21 FF 61055 220200  780 348  535    +8904779     -1         -28    +51   18  22  141  +22   94  -29   94  -29  11  0  0 L3B 00
C28 FF 61055 220200  780 366 3028    -4718679    -60         -16    -15   22  22  135  -19   86  +12   86   12  13  0  0 L3B 16
C33 FF 61055 220200  780 315 2133    +9525828    -73          28    -12   19  22  155  -31  112  -14  112  -14  13  0  0 L3B 1B
C34 FF 61055 220200  780 216 1472    -8636739    -89         -32    -10   23  22  218  +62  152  +22  152   22  15  0  0 L3B 29
C39 FF 61055 220200  780 181  642     +180976    +43           6    +38   32  22  257  -35   77  -29   77  -29  22  0  0 L3B EC
C42 FF 61055 220200  780 765 1291    +9177433    -29           6    +16   15  22   83   -1   81  -12   81  -12   8  0  0 L3B C5
C43 FF 61055 220200  780 694 1964    -1297668    +40          -3    +49   14  22   86   +3   87  -27   87  -27   8  0  0 L3B F6
C21 FF 61055 221800  780 288  530    +8904741    -64         -16    -12   16  22  167  +33   87  +12   87   12   9  0  0 L3B F3
C28 FF 61055 221800  780 423 3004    -4718728    -36         -23     +9   18  22  120  -13   91   -8   91   -8  10  0  0 L3B E5
C33 FF 61055 221800  780 383 2160    +9525758    -76          17    -14   22  22  130  -20  104   -1  104   -1  13  0  0 L3B F7
C34 FF 61055 221800  780 153 1490    -8636812    -76         -28     +3   18  22  302 +121  158   +9  158    9  11  0  0 L3B 15
C39 FF 61055 221800  780 205  623     +180973    +41          -2    +36   29  22  229  -24   79  -25   79  -25  17  0  0 L3B F4
C42 FF 61055 221800  780 761  992    +9177390    -63           6    -19   13  22   83   +1   80  +10   80   10   7  0  0 L3B AA
C43 FF 61055 221800  780 632 1877    -1297688     +4         -14    +13   14  22   90   +5   97   -2   97   -2   8  0  0 L3B C4
C21 FF 61055 223400  780 228  534    +8904689    -14         -18    +37   14  22  207  +52   90  -25   90  -25   9  0  0 L3B 01
C28 FF 61055 223400  780 477 2962    -4718773     -7         -25    +38   20  22  109   -9   91  -23   91  -23  11  0  0 L3B 0A
C33 FF 61055 223400  780 451 2191    +9525690    -48           9    +14   19  22  114  -14  101  -16  101  -16  11  0  0 L3B 0D
C39 FF 61055 223400  780 225  603     +180974     -4          -6    -10   19  22  210  -17   80   +5   80    5  12  0  0 L3B 91
C42 FF 61055 223400  780 721  786    +9177323    -62         -18    -18   16  22   85   +3   94  +10   94   10   9  0  0 L3B D2
C43 FF 61055 223400  780 564 1831    -1297684    -25          -2    -16   14  22   97   +8   98  +21   98   21   8  0  0 L3B DE
C21 FF 61055 225000  780 170  545    +8904645    -48         -12     +4   17  22  273  +91   87   -5   87   -5  11  0  0 L3B DA
C27 FF 61055 225000  780 152 3148    -5825070   -133          -1    -84   22  22  307 -112   78  +61   78   61  14  0  0 L3B 1C
C28 FF 61055 225000  780 524 2897    -4718792    -30           0    +15   20  22  102   -6   73   -9   73   -9  12  0  0 L3B CB
C33 FF 61055 225000  780 520 2224    +9525631    -66           9     -4   16  22  103  -10   92   -4   92   -4  10  0  0 L3B B3
C39 FF 61055 225000  780 243  581     +180982     +7          -2     +2   25  22  196  -12   74   -8   74   -8  15  0  0 L3B A2
C42 FF 61055 225000  780 664  683    +9177296   -109          -4    -64   15  22   88   +4   86  +37   86   37   9  0  0 L3B F0
C43 FF 61055 225000  780 494 1807    -1297691    +11           0    +20   13  22  106  +12  106   -3  106   -3   8  0  0 L3B CE
C21 FF 61055 230600  780 113  562    +8904598    -79          -8    -27   52  23  404 +196   87  +25   87   25  36  0  0 L3B 1D
C27 FF 61055 230600  780 207 3137    -5825145    -69         -30    -21   29  23  228  -59   99  +20   99   20  17  0  0 L3B 24
C28 FF 61055 230600  780 561 2806    -4718845    -82         -10    -37   17  23   97   -4   80  +21   80   21  10  0  0 L3B EF
C33 FF 61055 230600  780 590 2262    +9525565    -74           0    -13   13  23   94   -7   91   +4   91    4   8  0  0 L3B 9D
C39 FF 61055 230600  780 257  557     +180987    -16          -1    -21   15  23  186   -9   73  +14   73   14   9  0  0 L3B C6
C41 FF 61055 230600  780 104 2330    +9455575     +5          43    +23   43  23  441 -239  134  -31  134  -31  26  0  0 L3B 21
C42 FF 61055 230600  780 602  639    +9177250    -61         -13    -18   16  23   93   +6   90   +8   90    8  10  0  0 L3B B7
C43 FF 61055 230600  780 424 1793    -1297698     +4           3    +13   15  23  120  +17  114   +1  114    1   8  0  0 L3B BA
C27 FF 61055 232200  780 261 3116    -5825171    -38          -9    +11   29  23  183  -36   87   -6   87   -6  17  0  0 L3B F9
C28 FF 61055 232200  780 581 2690    -4718891    -48         -13     -3   15  23   95   -1   86   +0   86    0   8  0  0 L3B B5
C33 FF 61055 232200  780 659 2305    +9525502    -67          -4     -5   14  23   89   -5   91   -2   91   -2   8  0  0 L3B A8
C39 FF 61055 232200  780 267  533     +180991    -14          -2    -19   17  23  179   -5   76  +12   76   12  10  0  0 L3B CA
C41 FF 61055 232200  780 162 2363    +9455522     -7           7    +11   43  23  289 -103  142  -25  142  -25  26  0  0 L3B 16
C42 FF 61055 232200  780 538  625    +9177212    -55          -9    -11   14  23  100   +8   88   +6   88    6   8  0  0 L3B AD
C43 FF 61055 232200  780 354 1786    -1297705    -10           5     -1   18  23  139  +24  122   +9  122    9  10  0  0 L3B D3
C27 FF 61055 233800  780 312 3084    -5825206    -65           3    -16   25  23  156  -23   78  +10   78   10  16  0  0 L3B F2
C28 FF 61055 233800  780 582 2562    -4718928    -49          -7     -4   16  23   95   +1   84   +1   84    1   9  0  0 L3B AF
C33 FF 61055 233800  780 729 2357    +9525448    -64           1     -2   16  23   85   -3   86   +2   86    2   9  0  0 L3B 9D
C39 FF 61055 233800  780 274  508     +181016     +7          18     +2   14  23  175   -3   61   -5   61   -5   8  0  0 L3B 7B
C41 FF 61055 233800  780 220 2399    +9455502    +49           4    +67   35  23  215  -56  134  -49  134  -49  20  0  0 L3B 30
C42 FF 61055 233800  780 474  628    +9177184    -24           5    +20   17  23  110  +11   82  -12   82  -12  10  0  0 L3B DB
C43 FF 61055 233800  780 285 1782    -1297710    +12           8    +21   20  23  168  +38  128   -5  128   -5  13  0  0 L3B FE
C27 FF 61055 235400  780 357 3038    -5825242    -56          13     -7   21  23  138  -15   70   +5   70    5  13  0  0 L3B CB
C28 FF 61055 235400  780 562 2440    -4718976    -62         -12    -17   21  23   97   +3   87  +13   87   13  12  0  0 L3B FA
C33 FF 61055 235400  780 797 2433    +9525392    -48           4    +14   14  23   82   -2   84   -8   84   -8   7  0  0 L3B BE
C39 FF 61055 235400  780 276  484     +181007    -36           4    -42   18  23  173   -1   70  +23   70   23  11  0  0 L3B AE
C41 FF 61055 235400  780 279 2438    +9455502     +1          22    +19   25  23  173  -35  108  -36  108  -36  14  0  0 L3B 23
C42 FF 61055 235400  780 412  642    +9177145    -67           8    -23   18  23  122  +16   83  +15   83   15  10  0  0 L3B DB
C43 FF 61055 235400  780 218 1779    -1297717    -11          10     -2   18  23  216  +63  136  +15  136   15  12  0  0 L3B 0F
