CGGTTS     GENERIC DATA FORMAT VERSION = 2E
REV DATE = 2026-01-01                    
RCVR = POLARX5-TR                    R2CGGTTS v8.8    
CH = 99 
IMS = POLARX5-TR                    
LAB = PTB                           
X = +3844059.67 m 
Y =  +709661.67 m 
Z = +5023129.80 m 
FRAME = ITRF
COMMENTS = TGD applied
INT DLY =   33.0 ns (BDS B1C),   32.5 ns (BDS B2a)
CAB DLY =  205.7 ns 
REF DLY =   56.2 ns
REF = UTC(PTB)                      
CKSUM = A4

SAT CL  MJD  STTIME TRKL ELV AZTH   REFSV      SRSV     REFSYS    SRSYS  DSG IOE MDTR SMDT MDIO SMDI MSIO SMSI ISG FR HC FRC CK
             hhmmss  s  .1dg .1dg    .1ns     .1ps/s     .1ns    .1ps/s .1ns     .1ns.1ps/s.1ns.1ps/s.1ns.1ps/s.1ns
C19 FF 61052 001000  780 671  642    +9620918    +90         -19    +52   15   0   88   +4   77  -32   77  -32   9  0  0 L3B CB
C20 FF 61052 001000  780 184  637    +9500007   +139          -9    +41   22   0  254  +76   77  -29   77  -29  15  0  0 L3B F4
C22 FF 61052 001000  780 545 2432    -4297994    -58         -35    -24   16   0   99   -8   93  +11   93   11   9  0  0 L3B D4
C34 FF 61052 001000  780 161 3198    -8609549   -103          -3    -22   28   0  289  -90  101   +1  101    1  19  0  0 L3B E8
C35 FF 61052 001000  780 401 1960    +2287857   +129         -56    -10   15   0  125  +18  104   +9  104    9   8  0  0 L3B EB
C37 FF 61052 001000  780 122  457    +9070534   +119          11    +71   37   0  374  -27   81  -33   81  -33  23  0  0 L3B EA
C39 FF 61052 001000  780 275  482     +179340    +17         -41    +13   17   0  174   +0   81   -2   81   -2  11  0  0 L3B 8E
C44 FF 61052 001000  780 519 2689    -9034026   +118         -27    +29   19   0  103   +0   84  -13   84  -13  11  0  0 L3B F9
C19 FF 61052 002600  780 605  648    +9620958    +80         -16    +43    9   0   93   +6   76  -25   76  -25   5  0  0 L3B C4
C20 FF 61052 002600  780 128  664    +9500095    +78         -14    -20   36   0  357 +149   82  +15   82   15  21  0  0 L3B F3
C22 FF 61052 002600  780 610 2487    -4298029    -81         -38    -48   13   0   92   -6   92  +25   92   25   8  0  0 L3B D4
C34 FF 61052 002600  780 210 3169    -8609641    -61         -18    +19   22   0  225  -49   96  -17   96  -17  13  0  0 L3B 13
C35 FF 61052 002600  780 333 1939    +2287991   +137         -56     -3   16   0  147  +27  111  +10  111   10   9  0  0 L3B FE
C37 FF 61052 002600  780 126  399    +9070564    +75          -4    +27   40   0  362   +1   93   -8   93   -8  25  0  0 L3B B7
C39 FF 61052 002600  780 274  459     +179372    +36         -14    +32   13   0  175   +2   62  -22   62  -22   8  0  0 L3B B6
C44 FF 61052 002600  780 511 2582    -9033943    +91         -30     +2   14   0  104   +3   86   +4   86    4   8  0  0 L3B 92
C19 FF 61052 004200  780 541  668    +9620995    +36         -14     -1   13   0  100   +8   76   +1   76    1   7  0  0 L3B 88
C21 FF 61052 004200  780 152 2510    +8922800    -14         -34    +41   28   0  307 -110  118  -42  118  -42  19  0  0 L3B 1B
C22 FF 61052 004200  780 674 2554    -4298062     -5         -39    +28   13   0   88   -4   92  -19   92  -19   7  0  0 L3B D4
C34 FF 61052 004200  780 254 3130    -8609700   -100           1    -20   36   0  188  -29   78   +9   78    9  20  0  0 L3B C4
C35 FF 61052 004200  780 266 1923    +2288127   +161         -53    +22   18   0  179  +43  117   +1  117    1  11  0  0 L3B F5
C37 FF 61052 004200  780 121  342    +9070604     -7         -11    -55   28   0  376  +30   99  +34   99   34  17  0  0 L3B D6
C39 FF 61052 004200  780 269  438     +179385    +19          -6    +14   15   0  177   +4   56   -8   56   -8   9  0  0 L3B A0
C44 FF 61052 004200  780 486 2483    -9033856    +71         -28    -18   13   0  108   +6   87  +16   87   16   8  0  0 L3B EA
C19 FF 61052 005800  780 478  695    +9621032    +30         -13     -7   15   0  109  +11   75  +11   75   11   9  0  0 L3B BD
C21 FF 61052 005800  780 207 2549    +8922759    -99         -23    -44   22   0  228  -60  100  +20  100   20  14  0  0 L3B 0E
C22 FF 61052 005800  780 738 2645    -4298091    -35         -36     -2   14   0   84   -3   89   +2   89    2   8  0  0 L3B A3
C34 FF 61052 005800  780 291 3080    -8609783   -104          -4    -23   19   0  166  -18   79  +21   79   21  12  0  0 L3B 04
C35 FF 61052 005800  780 200 1910    +2288263   +128         -52    -11   21   0  234  +74  126  +20  126   20  12  0  0 L3B 08
C37 FF 61052 005800  780 107  288    +9070664    +53           3     +5   28   0  424  +72   89   -6   89   -6  17  0  0 L3B B7
C39 FF 61052 005800  780 261  419     +179396    -12           1    -17   13   0  182   +6   50   +3   50    3   8  0  0 L3B 64
C44 FF 61052 005800  780 447 2399    -9033774   +111         -31    +22   22   0  115   +9   93  -10   93  -10  13  0  0 L3B FB
C19 FF 61052 011400  780 418  726    +9621060    +18         -12    -19   15   1  121  +15   80  +12   80   12   8  0  0 L3B BC
C21 FF 61052 011400  780 262 2590    +8922703   -113         -24    -57   21   1  182  -37   94  +35   94   35  14  0  0 L3B 08
C22 FF 61052 011400  780 798 2797    -4298128    -20         -46    +13   10   1   82   -2   92   -7   92   -7   6  0  0 L3B BB
C34 FF 61052 011400  780 320 3020    -8609860    -66          -6    +14   21   1  152  -10   78  -11   78  -11  12  0  0 L3B DB
C35 FF 61052 011400  780 137 1898    +2288402   +132         -41     -7   19   1  336 +150  131  +14  131   14  12  0  0 L3B 16
C36 FF 61052 011400  780 126 1279    -3058483    -12           8    -25   34   1  367 -156  120   +6  120    6  21  0  0 L3B E1
C39 FF 61052 011400  780 250  403     +179400    -33           2    -38   17   1  190   +9   51  +22   51   22  12  0  0 L3B 83
C44 FF 61052 011400  780 399 2332    -9033680   +110         -20    +22   20   1  126  +14   92   -3   92   -3  12  0  0 L3B D4
C19 FF 61052 013000  780 359  761    +9621113    +40           7     +4   15   1  137  +20   70   -3   70   -3   9  0  0 L3B 77
C21 FF 61052 013000  780 319 2633    +8922654    -64         -19     -8   23   1  153  -25   87   +1   87    1  14  0  0 L3B C4
C22 FF 61052 013000  780 845 3184    -4298147    -11         -34    +22   13   1   81   +0   83  -19   83  -19   8  0  0 L3B CD
C34 FF 61052 013000  780 338 2951    -8609950   -132         -19    -52   24   1  145   -5   87  +30   87   30  14  0  0 L3B FE
C36 FF 61052 013000  780 180 1241    -3058456    -42          23    -54   29   1  261  -77  103  +24  103   24  17  0  0 L3B FC
C39 FF 61052 013000  780 236  389     +179397    -89          -5    -93   21   1  200  +12   52  +57   52   57  14  0  0 L3B CE
C44 FF 61052 013000  780 345 2278    -9033597   +100         -23    +11   23   1  142  +21  102   +4  102    4  14  0  0 L3B DD
C19 FF 61052 014600  780 301  797    +9621134    +94          -7    +58   18   1  160  +28   83  -35   83  -35  11  0  0 L3B EE
C21 FF 61052 014600  780 376 2677    +8922603    -51         -17     +5   19   1  132  -18   84  -10   84  -10  11  0  0 L3B EF
C22 FF 61052 014600  780 837  285    -4298183     -8         -38    +25   13   1   81   +1   86  -15   86  -15   7  0  0 L3B BF
C34 FF 61052 014600  780 344 2876    -8610027    -76         -19     +4   21   1  143   +0   85   -5   85   -5  13  0  0 L3B BF
C36 FF 61052 014600  780 233 1199    -3058442    -11          25    -23   27   1  204  -44   90   +5   90    5  16  0  0 L3B BF
C39 FF 61052 014600  780 220  380     +179385    -47         -22    -52   16   1  214  +16   64  +38   64   38  10  0  0 L3B D3
C44 FF 61052 014600  780 287 2235    -9033509   +101         -20    +12   17   1  167  +32  107   +1  107    1   9  0  0 L3B DE
C19 FF 61052 020200  780 246  835    +9621185    +67           3    +30   24   2  193  +41   75  -13   75  -13  15  0  0 L3B D0
C21 FF 61052 020200  780 435 2722    +8922528    -94         -43    -39   20   2  117  -13   95  +25   95   25  12  0  0 L3B F9
C22 FF 61052 020200  780 786  585    -4298220    -54         -57    -22   11   2   82   +2   90  +14   90   14   6  0  0 L3B AC
C34 FF 61052 020200  780 337 2799    -8610107    -76         -22     +4   17   2  145   +5   89   -2   89   -2  10  0  0 L3B C3
C36 FF 61052 020200  780 283 1150    -3058434    -19           5    -33   28   2  170  -28   85  +16   85   16  16  0  0 L3B DA
C39 FF 61052 020200  780 202  373     +179382     +7         -29     +2   21   2  232  +21   68   -1   68   -1  13  0  0 L3B 84
C43 FF 61052 020200  780 101 3311    -1294776    -17         -18     -8   40   2  452 -166  104  +12  104   12  24  0  0 L3B FF
C44 FF 61052 020200  780 228 2199    -9033423    +87         -19     -2   21   2  207  +52  115  +13  115   13  12  0  0 L3B F3
C19 FF 61052 021800  780 191  873    +9621205     +4         -13    -33   22   2  244  +67   91  +28   91   28  13  0  0 L3B D5
C21 FF 61052 021800  780 494 2768    +8922484    -91         -34    -36   19   2  106  -10   90  +21   90   21  10  0  0 L3B F9
C22 FF 61052 021800  780 726  718    -4298246    -63         -53    -31   21   2   85   +3   85  +17   85   17  12  0  0 L3B CF
C34 FF 61052 021800  780 318 2726    -8610180   -111         -18    -30   20   2  153  +11   87  +17   87   17  12  0  0 L3B FD
C36 FF 61052 021800  780 329 1093    -3058422    -47           4    -61   24   2  149  -18   78  +28   78   28  15  0  0 L3B F0
C39 FF 61052 021800  780 182  370     +179374    -30         -42    -35   15   2  255  +28   74  +17   74   17   9  0  0 L3B CE
C43 FF 61052 021800  780 135 3268    -1294772     -9          -6     +0   30   2  341  -78   89   -3   89   -3  18  0  0 L3B C0
C44 FF 61052 021800  780 169 2168    -9033338    +59         -19    -30   23   2  274  +94  124  +39  124   39  15  0  0 L3B 2E
C45 FF 61052 021800  780 119 1555    +6414647   +155         -22    -27   34   2  388 -193  127   +6  127    6  22  0  0 L3B 29
C19 FF 61052 023400  780 138  912    +9621236    +56         -17    +19   33   2  332 +124  101   -3  101   -3  21  0  0 L3B E9
C21 FF 61052 023400  780 554 2815    +8922433    -45         -32    +10   16   2   98   -7   87   -8   87   -8  10  0  0 L3B CC
C22 FF 61052 023400  780 665  804    -4298279    -45         -55    -13   15   2   88   +4   87   +7   87    7   8  0  0 L3B B1
C34 FF 61052 023400  780 289 2658    -8610249    -85         -10     -5   16   2  167  +18   86   +1   86    1  10  0  0 L3B CF
C36 FF 61052 023400  780 368 1026    -3058408    +11           5     -3   21   2  135  -11   74   +3   74    3  12  0  0 L3B 8B
C39 FF 61052 023400  780 161  370     +179385     +9         -35     +4   24   2  286  +37   73   -7   73   -7  14  0  0 L3B A6
C43 FF 61052 023400  780 162 3219    -1294781    -40          -6    -31   27   2  286  -40   83  +14   83   14  16  0  0 L3B E5
C44 FF 61052 023400  780 111 2140    -9033259   +101         -26    +12   20   2  410 +206  140   +3  140    3  12  0  0 L3B DE
C45 FF 61052 023400  780 180 1532    +6414828   +237         -16    +54   23   2  261  -89  116  -32  116  -32  15  0  0 L3B 36
C21 FF 61052 025000  780 616 2865    +8922398    -43         -14    +13   16   2   92   -6   76   -8   76   -8   9  0  0 L3B C6
C22 FF 61052 025000  780 604  872    -4298307    -26         -53     +5   20   2   93   +6   85   +0   85    0  12  0  0 L3B 84
C34 FF 61052 025000  780 251 2597    -8610332    -17         -15    +63   22   2  189  +30   94  -32   94  -32  13  0  0 L3B 02
C36 FF 61052 025000  780 397  949    -3058406    +36          -5    +22   19   2  126   -7   76  -15   76  -15  11  0  0 L3B DD
C39 FF 61052 025000  780 139  373     +179390    -15         -35    -19   24   2  329  +51   73  +15   73   15  13  0  0 L3B D7
C42 FF 61052 025000  780 125 2787    +9192147   -103           1    -57   41   2  371 -156   72  +38   72   38  25  0  0 L3B 06
C43 FF 61052 025000  780 181 3163    -1294781    -18           2    -10   25   2  258  -20   74   +5   74    5  14  0  0 L3B AC
C45 FF 61052 025000  780 242 1507    +6414992   +216         -28    +33   25   2  197  -50  112  -33  112  -33  14  0  0 L3B 2B
C21 FF 61052 030600  780 679 2918    +8922337    -30         -35    +24   12   3   87   -4   81  -12   81  -12   7  0  0 L3B D5
C22 FF 61052 030600  780 544  931    -4298333     -4         -38    +28   12   3   99   +8   83  -17   83  -17   7  0  0 L3B C1
C34 FF 61052 030600  780 207 2544    -8610408    -71         -19     +9   27   3  226  +49   98   -1   98   -1  16  0  0 L3B E0
C36 FF 61052 030600  780 414  865    -3058394    +16         -11     +2   18   3  122   -3   73   -5   73   -5  10  0  0 L3B A0
C39 FF 61052 030600  780 117  380     +179401    -24         -25    -29   21   3  387  +73   72  +17   72   17  12  0  0 L3B D3
C42 FF 61052 030600  780 178 2823    +9192092    -37         -15     +9   34   3  263  -79   79  -10   79  -10  21  0  0 L3B 05
C43 FF 61052 030600  780 190 3103    -1294797    +91          -9    +99   26   3  246   -5   77  -64   77  -64  17  0  0 L3B 05
C45 FF 61052 030600  780 305 1478    +6415181   +139         -23    -44   20   3  159  -31   98  +20   98   20  13  0  0 L3B 09
C21 FF 61052 032200  780 743 2980    +8922287    -30         -33    +24   13   3   84   -3   80  -14   80  -14   7  0  0 L3B CB
C22 FF 61052 032200  780 483  984    -4298377    +12         -51    +45   13   3  108  +10   92  -25   92  -25   8  0  0 L3B E8
C34 FF 61052 032200  780 160 2497    -8610493   -109         -27    -29   32   3  289  +86  111  +31  111   31  20  0  0 L3B 28
C36 FF 61052 032200  780 417  778    -3058388     +8         -18     -6   20   3  121   +1   74   -3   74   -3  12  0  0 L3B 99
C42 FF 61052 032200  780 233 2857    +9192062     -9           0    +37   27   3  204  -48   66  -28   66  -28  17  0  0 L3B E4
C43 FF 61052 032200  780 188 3041    -1294797    -10          -1     -1   22   3  248   +8   69   +1   69    1  14  0  0 L3B 9A
C45 FF 61052 032200  780 368 1442    +6415343   +173         -37    -11   19   3  135  -20  101   +4  101    4  12  0  0 L3B E9
C21 FF 61052 033800  780 807 3069    +8922232    -61         -37     -7   13   3   82   -2   84   +2   84    2   7  0  0 L3B 93
C22 FF 61052 033800  780 423 1033    -4298395    -25         -37     +8   18   3  120  +14   87   -4   87   -4  11  0  0 L3B D3
C34 FF 61052 033800  780 110 2455    -8610557    -82         -14     -2   43   3  411 +181  117  +24  117   24  27  0  0 L3B 10
C36 FF 61052 033800  780 406  695    -3058364    +38          -8    +24   12   3  124   +5   70  -16   70  -16   7  0  0 L3B C2
C42 FF 61052 033800  780 290 2888    +9191986    -60         -32    -14   21   3  167  -31   86  +10   86   10  14  0  0 L3B 06
C43 FF 61052 033800  780 177 2979    -1294815    +10         -11    +18   22   3  262  +23   71   -3   71   -3  14  0  0 L3B DC
C45 FF 61052 033800  780 428 1396    +6415529   +137         -27    -46   17   3  119  -14   89  +20   89   20  10  0  0 L3B 1D
C21 FF 61052 035400  780 869 3369    +8922186    -32         -30    +22   15   3   81   +0   79  -15   79  -15   8  0  0 L3B E3
C22 FF 61052 035400  780 364 1080    -4298427    -24         -38     +8   21   3  136  +20   90   -2   90   -2  12  0  0 L3B C2
C26 FF 61052 035400  780 117 1859    +5803187     -2         -38    -59   19   3  395 -210  118  +32  118   32  13  0  0 L3B 29
C36 FF 61052 035400  780 381  622    -3058357    +20         -15     +6   27   3  131   +9   70   -4   70   -4  15  0  0 L3B A0
C42 FF 61052 035400  780 348 2917    +9191953    -36         -21    +10   20   3  142  -22   76   -7   76   -7  12  0  0 L3B E5
C43 FF 61052 035400  780 157 2920    -1294814     +0          -1     +8   29   3  294  +45   66   -9   66   -9  18  0  0 L3B BE
C45 FF 61052 035400  780 484 1334    +6415711   +190         -21     +6   16   3  108   -9   83   -9   83   -9  10  0  0 L3B D3
C21 FF 61052 041000  780 853  997    +8922140     -2         -24    +52    9   4   81   +1   77  -25   77  -25   5  0  0 L3B A2
C22 FF 61052 041000  780 305 1123    -4298453    -55         -11    -20   21   4  159  +28   89  +25   89   25  12  0  0 L3B F3
C26 FF 61052 041000  780 181 1858    +5803218    +39         -59    -17   23   4  259  -92  126   -4  126   -4  14  0  0 L3B 11
C36 FF 61052 041000  780 346  561    -3058337     +1          -3    -12   16   4  142  +15   63   +8   63    8   9  0  0 L3B 83
C42 FF 61052 041000  780 408 2941    +9191915    -45         -21     +0   14   4  124  -16   73   -1   73   -1   9  0  0 L3B B0
C43 FF 61052 041000  780 129 2864    -1294820    -44           1    -35   51   4  354  +84   64  +24   64   24  31  0  0 L3B D7
C45 FF 61052 041000  780 532 1252    +6415878   +202         -21    +19   17   4  101   -6   85  -16   85  -16  10  0  0 L3B F9
C21 FF 61052 042600  780 787 1174    +8922068    -14         -44    +40   16   4   82   +2   91  -20   91  -20   9  0  0 L3B D0
C22 FF 61052 042600  780 247 1164    -4298482    -36          -7     -1   26   4  192  +44   93  +12   93   12  15  0  0 L3B DA
C26 FF 61052 042600  780 247 1858    +5803288    +28         -43    -29   21   4  193  -51  106  +11  106   11  13  0  0 L3B 1A
C36 FF 61052 042600  780 303  514    -3058326     +3          -6    -11   22   4  160  +23   65   +6   65    6  13  0  0 L3B 8A
C42 FF 61052 042600  780 471 2959    +9191862    -61         -30    -16   20   4  110  -12   78  +12   78   12  11  0  0 L3B F4
C45 FF 61052 042600  780 567 1146    +6416053   +164         -22    -19   13   4   97   -3   83  +13   83   13   8  0  0 L3B DB
C21 FF 61052 044200  780 718 1247    +8922036    -73         -24    -19   12   4   85   +3   79   +7   79    7   7  0  0 L3B B4
C22 FF 61052 044200  780 189 1202    -4298521    -65         -12    -30   30   4  247  +74  101  +22  101   22  17  0  0 L3B FF
C26 FF 61052 044200  780 316 1858    +5803332    +42         -53    -15   19   4  155  -31  105   +4  105    4  11  0  0 L3B E6
C36 FF 61052 044200  780 254  480    -3058302    +38           5    +24   26   4  187  +36   58  -16   58  -16  16  0  0 L3B DE
C42 FF 61052 044200  780 534 2969    +9191815    -19         -34    +26   16   4  101   -9   80  -15   80  -15   9  0  0 L3B F0
C45 FF 61052 044200  780 584 1021    +6416235   +151         -15    -31   17   4   95   -1   80  +15   80   15  10  0  0 L3B D1
C21 FF 61052 045800  780 649 1298    +8921970    -41         -38    +13   16   4   89   +5   88   -8   88   -8   9  0  0 L3B DF
C22 FF 61052 045800  780 131 1237    -4298541    -88           2    -53   38   4  349 +148  105  +49  105   49  25  0  0 L3B 25
C26 FF 61052 045800  780 385 1857    +5803400    +45         -39    -12   15   4  130  -21   92   +4   92    4  10  0  0 L3B CF
C36 FF 61052 045800  780 201  457    -3058303    -20          -9    -33   21   4  233  +60   69  +23   69   23  12  0  0 L3B CB
C42 FF 61052 045800  780 599 2963    +9191783    -42         -22     +4   16   4   93   -6   72   -4   72   -4  10  0  0 L3B C2
C45 FF 61052 045800  780 580  893    +6416410   +180         -15     -3   18   4   95   +1   80   -1   80   -1  10  0  0 L3B A4
C21 FF 61052 052600  780 528 1369    +8921883    -81         -35    -27   16   5  101  +10   87  +21   87   21   9  0  0 L3B F4
C26 FF 61052 052600  780 509 1845    +5803490    +71         -44    +15   14   5  104  -11   89  -11   89  -11   8  0  0 L3B F9
C33 FF 61052 052600  780 164 3052    +9545842   -113          -9    -50   26   5  285 -100   81  +36   81   36  18  0  0 L3B 11
C36 FF 61052 052600  780 106  439    -3058271     +1          -1    -12   22   5  429 +218   76  +11   76   11  14  0  0 L3B C7
C42 FF 61052 052600  780 708 2877    +9191716    -49         -11     -4   13   5   86   -3   66   +5   66    5   8  0  0 L3B AA
C45 FF 61052 052600  780 529  712    +6416714   +193         -16    +10   16   5  101   +6   79   -4   79   -4   9  0  0 L3B C7
C21 FF 61052 054200  780 459 1403    +8921825    -52         -41     +2   20   5  112  +13   94   +1   94    1  11  0  0 L3B A9
C24 FF 61052 054200  780 151 2096      -63384   +310         -23    +21   26   5  308 -127  111  -15  111  -15  16  0  0 L3B 0C
C26 FF 61052 054200  780 580 1826    +5803539    +70         -49    +13   12   5   95   -8   91   -6   91   -6   7  0  0 L3B C1
C33 FF 61052 054200  780 222 3064    +9545770    -47         -19    +16   25   5  213  -56   83  -15   83  -15  15  0  0 L3B 0E
C40 FF 61052 054200  780 105  682    +1990200    +16         -11    -15   31   5  434 -122   66   +5   66    5  22  0  0 L3B BD
C42 FF 61052 054200  780 760 2722    +9191668    -46         -16     +0   17   5   83   -2   70   +0   70    0   9  0  0 L3B 8A
C45 FF 61052 054200  780 482  645    +6416897   +166          -8    -17   18   5  108   +9   75  +12   75   12  11  0  0 L3B EA
C21 FF 61052 055800  780 391 1434    +8921789    -96         -26    -42   19   5  128  +19   90  +34   90   34  11  0  0 L3B 12
C24 FF 61052 055800  780 214 2113      -63123   +323         -39    +34   28   5  221  -65  113  -28  113  -28  18  0  0 L3B 0A
C26 FF 61052 055800  780 649 1785    +5803599    +70         -43    +14   14   5   89   -5   86   -6   86   -6   8  0  0 L3B DE
C33 FF 61052 055800  780 282 3069    +9545713    -94         -16    -30   21   5  171  -35   78  +26   78   26  14  0  0 L3B 12
C40 FF 61052 055800  780 134  669    +1990201     +0         -40    -31   29   5  343  -72   89  +27   89   27  20  0  0 L3B DF
C42 FF 61052 055800  780 785 2423    +9191624    -54         -16     -8   12   5   82   +0   72   +9   72    9   7  0  0 L3B A1
C45 FF 61052 055800  780 429  601    +6417068   +214         -13    +31   17   5  118  +13   79  -17   79  -17  10  0  0 L3B 0C
C21 FF 61052 061400  780 324 1462    +8921728    -73         -33    -18   18   6  150  +29  107  +31  107   31  11  0  0 L3B 11
C24 FF 61052 061400  780 279 2134      -62838   +279         -22     -9   21   6  173  -38  103   +5  103    5  13  0  0 L3B D3
C26 FF 61052 061400  780 713 1699    +5803648    +45         -45    -12   13   6   85   -3   88   +8   88    8   7  0  0 L3B C4
C33 FF 61052 061400  780 342 3065    +9545655    -58          -9     +6   19   6  144  -23   75  -13   75  -13  12  0  0 L3B F0
C40 FF 61052 061400  780 161  653    +1990236    +52         -20    +22   30   6  288  -46   87  -15   87  -15  19  0  0 L3B FB
C42 FF 61052 061400  780 763 2110    +9191566   -113         -25    -67   13   6   83   +2   83  +40   83   40   7  0  0 L3B D4
C45 FF 61052 061400  780 372  576    +6417240   +188         -28     +4   12   6  133  +18   82   +0   82    0   7  0  0 L3B AE
C21 FF 61052 063000  780 257 1487    +8921669    -61         -40     -7   19   6  185  +45  128  +28  128   28  11  0  0 L3B 21
C24 FF 61052 063000  780 345 2156      -62562   +275         -22    -13   22   6  143  -25   98   +4   98    4  13  0  0 L3B C2
C26 FF 61052 063000  780 763 1521    +5803716    +84         -31    +28   12   6   83   -1   83  -12   83  -12   7  0  0 L3B CC
C33 FF 61052 063000  780 402 3049    +9545583    -74         -20    -10   17   6  125  -16   82  +10   82   10  11  0  0 L3B E6
C40 FF 61052 063000  780 186  635    +1990266     +9         -20    -21   25   6  251  -32   91  +19   91   19  17  0  0 L3B D8
C42 FF 61052 063000  780 709 1936    +9191535    -75         -11    -29   12   6   85   +3   78  +19   78   19   6  0  0 L3B E2
C45 FF 61052 063000  780 313  564    +6417416   +205         -29    +22   24   6  155  +27   88   -1   88   -1  13  0  0 L3B E1
C21 FF 61052 064600  780 192 1509    +8921623    -40         -33    +14   25   6  243  +80  154  +30  154   30  15  0  0 L3B 0D
C24 FF 61052 064600  780 412 2180      -62282   +287         -19     -1   18   6  123  -17   97   +4   97    4  11  0  0 L3B B6
C26 FF 61052 064600  780 782 1215    +5803762    +47         -39     -9   11   6   83   +0   91  +12   91   12   7  0  0 L3B B8
C33 FF 61052 064600  780 460 3017    +9545532    -62         -10     +2   17   6  112  -11   80   +0   80    0   9  0  0 L3B 99
C40 FF 61052 064600  780 209  616    +1990290    +43         -25    +13   25   6  225  -22  100   -5  100   -5  14  0  0 L3B D9
C42 FF 61052 064600  780 643 1855    +9191481    -57         -21    -11   14   6   90   +5   91  +12   91   12   8  0  0 L3B C8
C45 FF 61052 064600  780 255  562    +6417585   +201         -35    +18   18   6  187  +41  104   -1  104   -1  11  0  0 L3B FC
C21 FF 61052 070200  780 128 1528    +8921570    -49         -35     +5   31   7  358 +173  210  +61  210   61  19  0  0 L3B 18
C24 FF 61052 070200  780 479 2207      -62008   +270         -23    -19   18   7  109  -12  101  +15  101   15  11  0  0 L3B EC
C26 FF 61052 070200  780 757  931    +5803829    +58         -20     +2   11   7   83   +2   89   +6   89    6   6  0  0 L3B 90
C33 FF 61052 070200  780 513 2963    +9545465    -72         -16     -8   15   7  104   -7   87  +11   87   11   9  0  0 L3B D5
C40 FF 61052 070200  780 229  595    +1990309     +5         -29    -24   18   7  207  -16  110  +20  110   20  10  0  0 L3B E0
C42 FF 61052 070200  780 572 1817    +9191446    -63         -10    -17   13   7   96   +8   94  +15   94   15   8  0  0 L3B D7
C45 FF 61052 070200  780 197  568    +6417769   +216         -26    +33   20   7  238  +68  120   -1  120   -1  13  0  0 L3B 05
C24 FF 61052 071800  780 548 2234      -61731   +316         -23    +27   19   7   99   -9  104  -16  104  -16  11  0  0 L3B F6
C26 FF 61052 071800  780 706  782    +5803861    +56         -42     +0   15   7   86   +3  106   +8  106    8   8  0  0 L3B AB
C33 FF 61052 071800  780 557 2882    +9545414    -32          -5    +32   17   7   98   -5   84  -18   84  -18  10  0  0 L3B EE
C40 FF 61052 071800  780 245  572    +1990340    +21         -26     -9   14   7  194  -11  114  +18  114   18   8  0  0 L3B E2
C41 FF 61052 071800  780 128 3191    +9461269    +41          -1    +60   26   7  362 -160   92  -35   92  -35  16  0  0 L3B 0F
C42 FF 61052 071800  780 500 1799    +9191398    -36         -14    +10   21   7  105  +12  107   +0  107    0  12  0  0 L3B E5
C45 FF 61052 071800  780 140  581    +6417947   +249         -24    +66   32   7  329 +130  141  -18  141  -18  18  0  0 L3B 48
C24 FF 61052 073400  780 616 2263      -61445   +318         -14    +29   18   7   92   -6  100  -13  100  -13  11  0  0 L3B DF
C26 FF 61052 073400  780 646  717    +5803927    +20         -30    -37   11   7   89   +5  104  +27  104   27   6  0  0 L3B DA
C33 FF 61052 073400  780 587 2772    +9545353    -29          -5    +35   14   7   95   -2   89  -15   89  -15   8  0  0 L3B EA
C40 FF 61052 073400  780 258  549    +1990365    +17         -29    -13   21   7  185   -8  122  +11  122   11  13  0  0 L3B F2
C41 FF 61052 073400  780 184 3181    +9461249     -5          -3    +14   25   7  255  -77   95   -3   95   -3  17  0  0 L3B D3
C42 FF 61052 073400  780 427 1791    +9191357    -64         -10    -18   15   7  119  +17  117  +27  117   27  10  0  0 L3B 24
C24 FF 61052 075000  780 685 2291      -61169   +253         -15    -35   15   7   87   -4  102  +21  102   21   9  0  0 L3B CE
C25 FF 61052 075000  780 112 2410    -9689192   +135         -25    +39   50   7  412 -202  168  -39  168  -39  27  0  0 L3B 60
C26 FF 61052 075000  780 583  693    +5803981    +40         -30    -16   11   7   95   +7  108  +12  108   12   6  0  0 L3B D5
C29 FF 61052 075000  780 107  393    -5490920    -80         -30    -30   46   7  423  -22  146  +21  146   21  27  0  0 L3B 05
C33 FF 61052 075000  780 598 2638    +9545289    -63          -7     +1   16   7   94   +0   94   +6   94    6   9  0  0 L3B A3
C40 FF 61052 075000  780 267  524    +1990397    +69         -26    +39   17   7  179   -5  122  -26  122  -26  11  0  0 L3B 16
C42 FF 61052 075000  780 355 1788    +9191319    -43          -4     +3   21   7  139  +25  131  +24  131   24  12  0  0 L3B F0
C24 FF 61052 080600  780 754 2317      -60891   +303         -18    +14   12   8   84   -3  103   -9  103   -9   7  0  0 L3B BC
C25 FF 61052 080600  780 168 2443    -9689106    +66         -31    -30   32   8  279  -93  158   +3  158    3  20  0  0 L3B 11
C26 FF 61052 080600  780 520  691    +5804035    +44         -35    -13   12   8  102   +9  112  +12  112   12   7  0  0 L3B C9
C29 FF 61052 080600  780 108  336    -5490987    -94         -38    -42   35   8  419  +13  161  +31  161   31  22  0  0 L3B 1B
C33 FF 61052 080600  780 586 2503    +9545237    -73           2     -9   14   8   95   +2   95  +14   95   14   8  0  0 L3B AC
C35 FF 61052 080600  780 118  886    +2291871   +147         -70     +5   47   8  388 -132  230  -69  230  -69  29  0  0 L3B 4D
C40 FF 61052 080600  780 272  500    +1990415    +27         -37     -3   21   8  176   -2  129  +10  129   10  12  0  0 L3B D2
C41 FF 61052 080600  780 291 3132    +9461192    -40         -20    -21   24   8  166  -27  117  +16  117   16  15  0  0 L3B 12
C42 FF 61052 080600  780 284 1787    +9191274    -56          -1     -9   21   8  169  +39  162  +42  162   42  13  0  0 L3B 0D
C24 FF 61052 082200  780 822 2327      -60612   +273         -17    -16   11   8   82   -1  102  +11  102   11   6  0  0 L3B B2
C25 FF 61052 082200  780 224 2478    -9688983   +151           0    +55   21   8  211  -53  134  -40  134  -40  13  0  0 L3B 1E
C26 FF 61052 082200  780 458  702    +5804085    +30         -39    -26   14   8  112  +12  124  +21  124   21   8  0  0 L3B E6
C29 FF 61052 082200  780 100  280    -5491033    -27         -34    +25   40   8  451  +55  163   -4  163   -4  24  0  0 L3B E8
C33 FF 61052 082200  780 553 2386    +9545169    -65          -5     -1   13   8   98   +5  104   +6  104    6   7  0  0 L3B AE
C35 FF 61052 082200  780 156  835    +2292027   +162         -50    +20   25   8  297  -67  187  -35  187  -35  16  0  0 L3B 3F
C40 FF 61052 082200  780 274  476    +1990452    +81         -29    +51   22   8  175   +0  130  -23  130  -23  13  0  0 L3B F5
C41 FF 61052 082200  780 338 3090    +9461184    -21         -10     -1   20   8  145  -17  111   -6  111   -6  12  0  0 L3B D8
C42 FF 61052 082200  780 216 1787    +9191239    -35           8    +11   20   8  218  +67  197  +48  197   48  13  0  0 L3B 1C
C24 FF 61052 083800  780 888 2036      -60343   +301         -24    +12   20   8   81   +0  110   -3  110   -3  11  0  0 L3B AA
C25 FF 61052 083800  780 281 2515    -9688904    +72         -13    -25   24   8  171  -33  139  +13  139   13  14  0  0 L3B 2D
C26 FF 61052 083800  780 397  720    +5804133    +43         -45    -14   13   8  126  +16  137  +20  137   20   7  0  0 L3B F4
C33 FF 61052 083800  780 506 2296    +9545108    -73          -5     -9   20   8  104   +8  115  +19  115   19  11  0  0 L3B EF
C35 FF 61052 083800  780 189  778    +2292148   +162         -66    +20   21   8  248  -38  177  -24  177  -24  13  0  0 L3B 4A
C40 FF 61052 083800  780 272  453    +1990507    +51          -2    +21   16   8  176   +2  119   -9  119   -9   9  0  0 L3B C8
C41 FF 61052 083800  780 378 3032    +9461171     -5          -4    +14   19   8  132  -11  112   -3  112   -3  11  0  0 L3B CB
C42 FF 61052 083800  780 149 1786    +9191193    -12           6    +34   13   8  310 +134  249  +15  249   15   8  0  0 L3B 0E
C24 FF 61052 085400  780 842  728      -60045   +303          -4    +15   15   8   81   +1  104   -1  104   -1   9  0  0 L3B 84
C25 FF 61052 085400  780 340 2553    -9688796    +57           3    -40   23   8  145  -23  121  +28  121   28  14  0  0 L3B 0D
C26 FF 61052 085400  780 338  744    +5804207    +54         -26     -3   17   8  145  +23  138  +21  138   21  10  0  0 L3B F5
C33 FF 61052 085400  780 449 2229    +9545046    -94          -5    -30   16   8  114  +12  127  +36  127   36   9  0  0 L3B 09
C35 FF 61052 085400  780 214  717    +2292279    +93         -71    -49   28   8  220  -21  174  +24  174   24  16  0  0 L3B 1A
C40 FF 61052 085400  780 266  433    +1990536    +67          -1    +38   13   8  179   +5  126  -17  126  -17   8  0  0 L3B F3
C41 FF 61052 085400  780 408 2961    +9461151     -9          -7    +10   15   8  124   -6  120   -9  120   -9   9  0  0 L3B C0
C44 FF 61052 085400  780 141 1186    -9031211    +90           1     +1   35   8  328 -119  258  -63  258  -63  22  0  0 L3B 0E
C24 FF 61052 091000  780 776  729      -59790   +276         -29    -13   18   9   83   +2  122  +12  122   12  11  0  0 L3B D8
C25 FF 61052 091000  780 398 2592    -9688705    +88          -4     -9   18   9  126  -16  122   +7  122    7  10  0  0 L3B F1
C26 FF 61052 091000  780 280  772    +5804252    +73         -30    +17   17   9  171  +33  164  +18  164   18  11  0  0 L3B 06
C33 FF 61052 091000  780 387 2179    +9544991    -83           6    -19   17   9  129  +18  140  +29  140   29  10  0  0 L3B 18
C35 FF 61052 091000  780 230  653    +2292422   +119         -45    -22   34   9  205  -10  167  +12  167   12  20  0  0 L3B 05
C40 FF 61052 091000  780 257  415    +1990570    +63          10    +34   15   9  185   +7  128  -18  128  -18   9  0  0 L3B EE
C41 FF 61052 091000  780 424 2878    +9461138    -13           2     +6   21   9  120   -2  121   +1  121    1  13  0  0 L3B 95
C44 FF 61052 091000  780 192 1143    -9031121    +87           3     -1   27   9  244  -63  209  -34  209  -34  17  0  0 L3B F5
C24 FF 61052 092600  780 711  757      -59510   +226         -27    -63   19   9   85   +3  126  +45  126   45  11  0  0 L3B E1
C25 FF 61052 092600  780 458 2633    -9688620    +99         -12     +2   23   9  113  -12  128   -2  128   -2  14  0  0 L3B FE
C26 FF 61052 092600  780 224  803    +5804316    +78         -20    +22   22   9  210  +50  188  +17  188   17  13  0  0 L3B 08
C32 FF 61052 092600  780 119 3304    +9641451    -56           3     +2   28   9  387 -150  140   +4  140    4  17  0  0 L3B D6
C33 FF 61052 092600  780 323 2142    +9544926    -61           4     +3   25   9  151  +28  161  +24  161   24  15  0  0 L3B E6
C35 FF 61052 092600  780 236  587    +2292551   +127         -52    -14   35   9  201   +0  173  +12  173   12  22  0  0 L3B FF
C40 FF 61052 092600  780 245  399    +1990602    +58          14    +29   19   9  193  +10  133  -19  133  -19  12  0  0 L3B 16
C41 FF 61052 092600  780 426 2788    +9461127    -48          10    -29   20   9  119   +1  122  +34  122   34  12  0  0 L3B FB
C44 FF 61052 092600  780 241 1095    -9031033   +115           6    +26   23   9  198  -37  191  -32  191  -32  15  0  0 L3B 1E
C24 FF 61052 094200  780 647  792      -59235   +267         -29    -22   16   9   89   +5  136  +21  136   21   9  0  0 L3B DC
C25 FF 61052 094200  780 519 2675    -9688530   +100         -15     +4   17   9  103   -9  131   -2  131   -2  10  0  0 L3B EC
C26 FF 61052 094200  780 170  835    +5804365    +71         -25    +15   23   9  273  +85  225  +34  225   34  15  0  0 L3B 11
C32 FF 61052 094200  780 163 3268    +9641394    -98           1    -41   27   9  286  -72  147  +33  147   33  16  0  0 L3B 1C
C33 FF 61052 094200  780 258 2113    +9544879    -22          19    +42   19   9  185  +45  178   -4  178   -4  12  0  0 L3B 17
C35 FF 61052 094200  780 231  522    +2292679   +150         -59    +10   29   9  205   +9  179   -3  179   -3  17  0  0 L3B 04
C40 FF 61052 094200  780 231  387    +1990622    +68           5    +39   22   9  205  +13  148  -19  148  -19  13  0  0 L3B 04
C41 FF 61052 094200  780 413 2700    +9461105    -32           7    -12   18   9  122   +5  136  +16  136   16  10  0  0 L3B D5
C44 FF 61052 094200  780 285 1040    -9030954    +92          -1     +3   26   9  169  -23  185  -16  185  -16  14  0  0 L3B 11
C24 FF 61052 095800  780 584  829      -58962   +282         -33     -7   16   9   95   +7  147  +15  147   15   9  0  0 L3B DE
C25 FF 61052 095800  780 580 2718    -9688433   +125         -11    +29   18   9   95   -7  129  -15  129  -15  10  0  0 L3B 3A
C26 FF 61052 095800  780 117  869    +5804412    +15         -31    -41   44   9  390 +171  267  +70  267   70  28  0  0 L3B 34
C32 FF 61052 095800  780 201 3223    +9641334    -47          -3    +10   32   9  234  -39  152   -2  152   -2  19  0  0 L3B EA
C33 FF 61052 095800  780 193 2089    +9544813    -23          14    +41   22   9  242  +78  209  +10  209   10  13  0  0 L3B 13
C34 FF 61052 095800  780 131 1507    -8612384    -80          10     +1   20   9  353 -159  265  -34  265  -34  14  0  0 L3B 24
C35 FF 61052 095800  780 215  462    +2292837   +202         -36    +62   29   9  218  +20  170  -28  170  -28  17  0  0 L3B 35
C40 FF 61052 095800  780 214  378    +1990641    +26          -4     -3   20   9  220  +18  164   -1  164   -1  12  0  0 L3B C5
C41 FF 61052 095800  780 386 2618    +9461091    -17          11     +2   22   9  129  +10  144   +9  144    9  12  0  0 L3B DE
C44 FF 61052 095800  780 323  976    -9030875    +69          -8    -20   21   9  151  -15  177   -2  177   -2  14  0  0 L3B FB
C23 FF 61052 101400  780 149 2709    +5105312    -53         -18    +20   32  10  313 -111  197  -15  197  -15  18  0  0 L3B 3A
C24 FF 61052 101400  780 522  868      -58675   +280         -15     -8   19  10  102   +9  152   +9  152    9  11  0  0 L3B C2
C25 FF 61052 101400  780 642 2762    -9688352    +79         -24    -17   22  10   90   -5  138  +11  138   11  13  0  0 L3B 0B
C32 FF 61052 101400  780 231 3170    +9641290    -46          13    +12   27  10  205  -22  149   -2  149   -2  16  0  0 L3B EF
C33 FF 61052 101400  780 130 2067    +9544754    -35          21    +30   32  10  353 +165  250  +37  250   37  21  0  0 L3B 1B
C34 FF 61052 101400  780 191 1482    -8612462   -132          14    -51   24  10  246  -77  247  +16  247   16  14  0  0 L3B 2F
C35 FF 61052 101400  780 190  407    +2292944    +98         -53    -41   31  10  245  +37  198  +35  198   35  19  0  0 L3B 2C
C40 FF 61052 101400  780 195  372    +1990681    +31           4     +1   17  10  239  +23  165  +11  165   11  12  0  0 L3B CF
C41 FF 61052 101400  780 347 2547    +9461085    +17          32    +37   25  10  141  +16  148  -11  148  -11  14  0  0 L3B 1E
C44 FF 61052 101400  780 352  905    -9030794    +95          -9     +6   26  10  140   -9  176   -1  176   -1  16  0  0 L3B D3
C23 FF 61052 103000  780 202 2744    +5105250    -45         -10    +27   29  10  233  -62  178  -36  178  -36  18  0  0 L3B 2E
C24 FF 61052 103000  780 462  907      -58404   +257         -20    -31   20  10  112  +12  163  +30  163   30  12  0  0 L3B DB
C25 FF 61052 103000  780 706 2809    -9688253    +91         -18     -5   13  10   86   -4  135   +2  135    2   7  0  0 L3B C7
C32 FF 61052 103000  780 251 3108    +9641243    -81          22    -23   21  10  189  -11  147  +23  147   23  13  0  0 L3B 04
C34 FF 61052 103000  780 253 1453    -8612543    -48          11    +33   19  10  189  -45  221  -39  221  -39  12  0  0 L3B 27
C35 FF 61052 103000  780 157  361    +2293086   +173         -45    +34   27  10  294  +68  203  -15  203  -15  15  0  0 L3B 2F
C40 FF 61052 103000  780 175  370    +1990697    +19          -8    -11   29  10  265  +31  183  +18  183   18  16  0  0 L3B 0D
C41 FF 61052 103000  780 301 2486    +9461056    -21          22     -1   22  10  160  +24  169  +24  169   24  13  0  0 L3B F2
C44 FF 61052 103000  780 369  827    -9030705    +63          -5    -26   19  10  134   -4  166  +12  166   12  12  0  0 L3B EE
C23 FF 61052 104600  780 257 2777    +5105188   -108          -3    -36   22  10  186  -39  167   +5  167    5  13  0  0 L3B 17
C24 FF 61052 104600  780 403  946      -58117   +276         -10    -12   23  10  125  +16  168  +19  168   19  13  0  0 L3B 04
C25 FF 61052 104600  780 770 2862    -9688165    +94         -23     -3   13  10   83   -2  136   -1  136   -1   7  0  0 L3B D7
C32 FF 61052 104600  780 261 3042    +9641173    -45           8    +13   28  10  183   -2  161   -3  161   -3  16  0  0 L3B D3
C34 FF 61052 104600  780 314 1419    -8612613    -96          19    -15   21  10  155  -28  200   -6  200   -6  13  0  0 L3B FB
C35 FF 61052 104600  780 117  322    +2293208    +88         -57    -51   30  10  389 +138  219  +42  219   42  17  0  0 L3B 32
C40 FF 61052 104600  780 154  371    +1990734    +98           0    +69   16  10  299  +41  187  -31  187  -31  10  0  0 L3B 12
C41 FF 61052 104600  780 250 2435    +9461031    +52          16    +72   27  10  190  +39  196   -9  196   -9  16  0  0 L3B 10
C44 FF 61052 104600  780 374  746    -9030632    +83         -17     -6   26  10  133   +1  172   +2  172    2  16  0  0 L3B C7
C23 FF 61052 110200  780 314 2808    +5105112    -71         -13     +1   26  11  155  -26  162  -13  162  -13  17  0  0 L3B 02
C24 FF 61052 110200  780 344  985      -57838   +278          -9    -10   23  11  142  +22  182  +30  182   30  13  0  0 L3B EC
C25 FF 61052 110200  780 835 2937    -9688074   +114         -26    +18   10  11   81   -1  136  -10  136  -10   6  0  0 L3B 0E
C32 FF 61052 110200  780 258 2973    +9641156    -61          35     -4   22  11  184   +6  145   +8  145    8  13  0  0 L3B D9
C34 FF 61052 110200  780 374 1377    -8612705    -54          -6    +27   24  11  133  -19  191  -28  191  -28  14  0  0 L3B 2E
C40 FF 61052 110200  780 132  375    +1990758    +31          -7     +1   25  11  346  +57  196   +1  196    1  15  0  0 L3B CB
C41 FF 61052 110200  780 195 2391    +9461018    +47          10    +66   39  11  240  +67  221   -7  221   -7  22  0  0 L3B FC
C44 FF 61052 110200  780 366  669    -9030529   +129         -13    +38   22  11  135   +5  161  -24  161  -24  13  0  0 L3B 1D
C23 FF 61052 111800  780 372 2837    +5105050    -97          -5    -24   22  11  134  -19  148   +7  148    7  14  0  0 L3B F7
C24 FF 61052 111800  780 287 1023      -57551   +322           2    +34   20  11  167  +31  198   +9  198    9  12  0  0 L3B D4
C25 FF 61052 111800  780 892  263    -9687980   +101         -25     +4   13  11   81   +0  136   -2  136   -2   8  0  0 L3B CD
C32 FF 61052 111800  780 244 2904    +9641083     +6          17    +64   26  11  194  +15  166  -24  166  -24  15  0  0 L3B 1D
C34 FF 61052 111800  780 431 1324    -8612786    -54         -10    +26   21  11  118  -12  176  -28  176  -28  12  0  0 L3B 37
C40 FF 61052 111800  780 109  382    +1990789    +38          -5     +8   26  11  412  +83  203   +8  203    8  15  0  0 L3B D6
C41 FF 61052 111800  780 139 2353    +9460994     -8           4    +11   54  11  331 +131  261  +14  261   14  35  0  0 L3B 02
C44 FF 61052 111800  780 345  598    -9030449    +86         -20     -5   30  11  142  +10  163   +3  163    3  17  0  0 L3B DB
C20 FF 61052 113400  780 103 3382    +9504035    +39         -15    -59   35  11  440 -105  187  +42  187   42  21  0  0 L3B 35
C23 FF 61052 113400  780 432 2862    +5104981    -65          -5     +8   29  11  118  -14  147   -7  147   -7  17  0  0 L3B FB
C24 FF 61052 113400  780 231 1060      -57270   +296           5     +8   22  11  205  +48  228  +31  228   31  15  0  0 L3B D4
C25 FF 61052 113400  780 832 1077    -9687872    +65         -11    -32   10  11   81   +1  132  +24  132   24   6  0  0 L3B ED
C32 FF 61052 113400  780 220 2840    +9641021    -62          10     -4   37  11  214  +27  182  +27  182   27  24  0  0 L3B F6
C34 FF 61052 113400  780 481 1254    -8612862   -116          -9    -36   19  11  109   -8  165  +21  165   21  11  0  0 L3B 1B
C43 FF 61052 113400  780 158 1790    -1295050     -3          25     +6   24  11  296 -119  268  -11  268  -11  14  0  0 L3B 1B
C44 FF 61052 113400  780 313  538    -9030367    +53         -24    -38   21  11  155  +17  172  +32  172   32  13  0  0 L3B 0C
C20 FF 61052 115000  780 124 3329    +9504140   +100          -5     +2   41  11  370  -48  185   +7  185    7  25  0  0 L3B E1
C23 FF 61052 115000  780 493 2882    +5104908    -92          -9    -19   19  11  107  -10  145   +7  145    7  11  0  0 L3B F9
C24 FF 61052 115000  780 175 1096      -56999   +264           0    -25   23  11  266  +82  268  +53  268   53  14  0  0 L3B 0F
C25 FF 61052 115000  780 766 1149    -9687785   +109         -16    +12   12  11   83   +2  139   -3  139   -3   7  0  0 L3B 01
C32 FF 61052 115000  780 188 2780    +9640976     -9          19    +48   27  11  248  +47  195  -15  195  -15  15  0  0 L3B 3F
C34 FF 61052 115000  780 522 1165    -8612946    -79         -15     +2   15  11  102   -5  161   -6  161   -6   9  0  0 L3B DB
C43 FF 61052 115000  780 223 1784    -1295047    -35          37    -26   22  11  213  -62  222   -5  222   -5  14  0  0 L3B F9
C44 FF 61052 115000  780 273  489    -9030282    +28         -26    -62   20  11  175  +27  181  +47  181   47  12  0  0 L3B 1E
C20 FF 61052 120600  780 135 3272    +9504236   +105         -16     +6   33  12  340  -16  192  +10  192   10  20  0  0 L3B 08
C23 FF 61052 120600  780 556 2894    +5104851    -82          -5    -11   19  12   98   -8  134   +2  134    2  11  0  0 L3B D1
C24 FF 61052 120600  780 120 1131      -56736   +277         -21    -12   52  12  380 +168  315  +44  315   44  31  0  0 L3B 18
C25 FF 61052 120600  780 699 1197    -9687699    +68         -41    -31   13  12   86   +4  145  +22  145   22   7  0  0 L3B 18
C32 FF 61052 120600  780 148 2726    +9640917    -93           1    -37   30  12  310  +86  211  +32  211   32  18  0  0 L3B 02
C34 FF 61052 120600  780 548 1058    -8613018   -135         -31    -57   15  12   99   -2  157  +30  157   30   9  0  0 L3B 12
C43 FF 61052 120600  780 290 1778    -1295066    -11          18     -3   17  12  167  -37  194  -25  194  -25  11  0  0 L3B 27
C44 FF 61052 120600  780 226  453    -9030192    +86         -19     -4   22  12  208  +43  187  +12  187   12  14  0  0 L3B 03
C20 FF 61052 122200  780 136 3213    +9504326    +92         -21     -7   29  12  337   +8  200   +8  200    8  17  0  0 L3B D0
C23 FF 61052 122200  780 619 2892    +5104778    -87          -8    -15   14  12   92   -6  134  +12  134   12   8  0  0 L3B EC
C25 FF 61052 122200  780 632 1238    -9687603    +63         -39    -35   16  12   90   +6  150  +23  150   23   9  0  0 L3B F8
C32 FF 61052 122200  780 105 2678    +9640869    -69           7    -13   25  12  433 +183  229  +38  229   38  17  0  0 L3B 3D
C34 FF 61052 122200  780 556  939    -8613102    -93         -41    -15   19  12   98   +0  159   +7  159    7  11  0  0 L3B E2
C37 FF 61052 122200  780 118 2944    +9072643    +31          15    -18   33  12  390 -178  205   +8  205    8  20  0  0 L3B 0D
C43 FF 61052 122200  780 359 1770    -1295080    -20          13    -11   23  12  138  -24  179   +0  179    0  14  0  0 L3B EC
C44 FF 61052 122200  780 176  426    -9030118   +140         -32    +49   32  12  264  +76  204  -17  204  -17  19  0  0 L3B 2F
C20 FF 61052 123800  780 128 3153    +9504435    +88          -7    -11   27  12  358  +36  200  +20  200   20  17  0  0 L3B 06
C23 FF 61052 123800  780 683 2865    +5104703    -68         -15     +4   17  12   87   -4  135   -6  135   -6  10  0  0 L3B E6
C25 FF 61052 123800  780 564 1276    -9687510    +83         -41    -15   18  12   97   +8  155  +12  155   12  11  0  0 L3B 15
C34 FF 61052 123800  780 545  825    -8613172    -77         -35     +1   15  12   99   +3  152   -7  152   -7   9  0  0 L3B CE
C37 FF 61052 123800  780 174 2965    +9072677     +7           1    -41   26  12  269  -87  199   +2  199    2  16  0  0 L3B 01
C43 FF 61052 123800  780 429 1758    -1295093    -39           8    -30   19  12  119  -16  168   +0  168    0  13  0  0 L3B FA
C44 FF 61052 123800  780 123  410    -9030040    +92         -40     +2   30  12  371 +158  216   -6  216   -6  20  0  0 L3B E3
C20 FF 61052 125400  780 110 3095    +9504520   +132         -17    +32   22  12  412  +80  219   -7  219   -7  14  0  0 L3B 0E
C23 FF 61052 125400  780 743 2783    +5104631    -95         -19    -23   14  12   84   -2  136   +8  136    8   8  0  0 L3B DD
C25 FF 61052 125400  780 498 1310    -9687418   +100         -43     +1   13  12  106  +11  161   +4  161    4   7  0  0 L3B E3
C34 FF 61052 125400  780 516  728    -8613248    -67         -36    +11   13  12  103   +5  150   -8  150   -8   8  0  0 L3B E0
C37 FF 61052 125400  780 231 2982    +9072729    +23           8    -26   25  12  206  -50  180  -12  180  -12  15  0  0 L3B 16
C43 FF 61052 125400  780 498 1738    -1295112    -10          -2     -1   18  12  106  -11  162   -4  162   -4  10  0  0 L3B DC
C23 FF 61052 131000  780 790 2577    +5104541    -65         -42     +7   16  13   82   -1  144   -6  144   -6   9  0  0 L3B CC
C25 FF 61052 131000  780 431 1342    -9687325    +98         -27     +2   15  13  118  +15  171  +13  171   13   9  0  0 L3B 02
C34 FF 61052 131000  780 475  654    -8613330    -93         -33    -14   16  13  109   +8  153   +5  153    5   9  0  0 L3B D3
C37 FF 61052 131000  780 289 2993    +9072775    +87           1    +38   24  13  167  -32  162  -30  162  -30  15  0  0 L3B 29
C43 FF 61052 131000  780 567 1705    -1295112    -25          -1    -17   13  13   97   -8  147   -3  147   -3   8  0  0 L3B CE
C23 FF 61052 132600  780 801 2200    +5104485    -78         -30     -7   12  13   82   +0  135   +6  135    6   7  0  0 L3B AD
C25 FF 61052 132600  780 366 1372    -9687230    +51         -25    -45   18  13  135  +21  184  +38  184   38  11  0  0 L3B 38
C28 FF 61052 132600  780 135 2065    -4705512    -15         -35    +29   29  13  345 -159  290  -53  290  -53  19  0  0 L3B 5D
C34 FF 61052 132600  780 425  603    -8613408    -87         -35     -8   14  13  119  +12  155   +3  155    3   9  0  0 L3B D7
C37 FF 61052 132600  780 349 2997    +9072810    +64         -11    +15   23  13  141  -22  157  -18  157  -18  15  0  0 L3B 45
C38 FF 61052 132600  780 121  686    -2683013    -41         -31    -23   20  13  377 -100  213   -2  213   -2  13  0  0 L3B F8
C43 FF 61052 132600  780 632 1646    -1295126    -24          -8    -16   16  13   91   -5  141   +1  141    1   9  0  0 L3B B8
C23 FF 61052 134200  780 764 1908    +5104400    -65         -46     +6   12  13   83   +2  144   -5  144   -5   7  0  0 L3B C4
C25 FF 61052 134200  780 301 1399    -9687125    +97         -12     +1   19  13  160  +32  187   +7  187    7  11  0  0 L3B 02
C28 FF 61052 134200  780 198 2080    -4705552    -21         -31    +24   22  13  238  -76  251  -45  251  -45  13  0  0 L3B 37
C34 FF 61052 134200  780 371  570    -8613480    -31         -32    +48   16  13  134  +18  157  -20  157  -20   9  0  0 L3B 12
C37 FF 61052 134200  780 409 2991    +9072864    +65          -4    +16   21  13  123  -15  144  -24  144  -24  13  0  0 L3B 27
C38 FF 61052 134200  780 153  672    -2683044    -14         -44     +5   32  13  303  -60  207  -27  207  -27  19  0  0 L3B 13
C43 FF 61052 134200  780 690 1541    -1295140    +21         -14    +29   11  13   87   -3  135  -23  135  -23   7  0  0 L3B F3
C23 FF 61052 135800  780 704 1778    +5104333    -81         -45    -10   16  13   86   +4  143   +8  143    8   9  0  0 L3B D9
C25 FF 61052 135800  780 237 1424    -9687032    +96         -11     +0   22  13  200  +51  204  +16  204   16  13  0  0 L3B 04
C28 FF 61052 135800  780 263 2099    -4705588    -57         -24    -12   25  13  182  -44  206  -19  206  -19  15  0  0 L3B 54
C34 FF 61052 135800  780 314  551    -8613558    -98         -34    -19   21  13  155  +26  165  +21  165   21  13  0  0 L3B 24
C37 FF 61052 135800  780 468 2970    +9072903     -3         -12    -52   17  13  111  -11  140  +25  140   25  10  0  0 L3B 0B
C38 FF 61052 135800  780 183  655    -2683039    -81         -21    -62   30  13  256  -39  176  +41  176   41  18  0  0 L3B 33
C43 FF 61052 135800  780 730 1363    -1295134     -4           1     +5   14  13   85   -1  125   -4  125   -4   8  0  0 L3B 92
C23 FF 61052 141400  780 636 1724    +5104265    -85         -31    -13   12  14   90   +6  149  +17  149   17   7  0  0 L3B F7
C25 FF 61052 141400  780 175 1447    -9686959    +14         -30    -82   22  14  266  +93  241  +78  241   78  13  0  0 L3B 4C
C28 FF 61052 141400  780 329 2119    -4705634    -71         -22    -26   21  14  149  -28  185   -2  185   -2  13  0  0 L3B 1C
C34 FF 61052 141400  780 256  544    -8613636    -92         -26    -12   17  14  186  +40  175  +16  175   16  11  0  0 L3B 23
C37 FF 61052 141400  780 524 2931    +9072927    +29         -29    -19   23  14  102   -8  150   +6  150    6  13  0  0 L3B F8
C38 FF 61052 141400  780 210  637    -2683072    -10         -27     +9   22  14  224  -27  178  -27  178  -27  13  0  0 L3B 1D
C43 FF 61052 141400  780 740 1122    -1295147     -9           8     +1   16  14   84   +0  128   -2  128   -2   9  0  0 L3B 93
C23 FF 61052 143000  780 566 1701    +5104201    -69         -25     +3   17  14   97   +8  152   +3  152    3  10  0  0 L3B BC
C25 FF 61052 143000  780 113 1466    -9686848   +153         -11    +57   43  14  403 +210  258   +6  258    6  25  0  0 L3B 37
C28 FF 61052 143000  780 397 2142    -4705683    -22         -28    +23   17  14  127  -19  169  -26  169  -26  10  0  0 L3B 4A
C34 FF 61052 143000  780 198  546    -8613715    -94         -30    -15   17  14  236  +67  188  +18  188   18  10  0  0 L3B 36
C37 FF 61052 143000  780 575 2865    +9072995    +27          -7    -21   18  14   96   -5  133   +9  133    9  10  0  0 L3B EC
C38 FF 61052 143000  780 234  616    -2683085    -68         -21    -49   22  14  202  -19  167  +32  167   32  13  0  0 L3B 21
C43 FF 61052 143000  780 715  909    -1295173    -27          -9    -18   15  14   85   +2  136   +9  136    9   9  0  0 L3B C5
C23 FF 61052 144600  780 494 1693    +5104131    -45         -26    +28   18  14  106  +12  161  -12  161  -12  11  0  0 L3B 24
C28 FF 61052 144600  780 465 2166    -4705734    -47         -35     -2   17  14  112  -13  161  -11  161  -11  10  0  0 L3B 1C
C34 FF 61052 144600  780 141  554    -8613786    -23         -24    +57   16  14  327 +129  181  -38  181  -38  11  0  0 L3B 4C
C37 FF 61052 144600  780 615 2764    +9073033    +23         -16    -26   22  14   92   -3  136  +13  136   13  13  0  0 L3B 01
C38 FF 61052 144600  780 256  592    -2683116    -19         -33     +0   19  14  186  -14  165  -16  165  -16  12  0  0 L3B 24
C43 FF 61052 144600  780 668  777    -1295164    +12           9    +21   12  14   88   +4  127  -12  127  -12   7  0  0 L3B DC
C23 FF 61052 150200  780 423 1692    +5104069    -59         -22    +13   19  15  120  +17  167   +7  167    7  11  0  0 L3B 01
C27 FF 61052 150200  780 122 2291    -5810943    -21          -5    +28   20  15  381 -181  275  -54  275  -54  12  0  0 L3B 39
C28 FF 61052 150200  780 534 2191    -4705768    -68         -23    -22   14  15  101   -9  148   +7  148    7   9  0  0 L3B F7
C37 FF 61052 150200  780 638 2627    +9073093    +21           0    -27   13  15   90   -1  128  +12  128   12   8  0  0 L3B CF
C38 FF 61052 150200  780 274  567    -2683135    +12         -27    +31   17  15  175  -10  155  -30  155  -30  11  0  0 L3B 1C
C43 FF 61052 150200  780 611  708    -1295183    +22          -3    +31   14  15   92   +5  133  -18  133  -18   8  0  0 L3B D3
C23 FF 61052 151800  780 353 1694    +5103995    -96         -26    -24   15  15  139  +25  180  +21  180   21  10  0  0 L3B 2E
C27 FF 61052 151800  780 180 2320    -5810985    -80          -1    -31   30  15  261  -85  228  -11  228  -11  16  0  0 L3B 23
C28 FF 61052 151800  780 603 2218    -4705821    -43         -31     +2   20  15   93   -7  144  -16  144  -16  12  0  0 L3B FB
C37 FF 61052 151800  780 637 2473    +9073129    +20         -10    -29   16  15   90   +1  132  +12  132   12   9  0  0 L3B EB
C38 FF 61052 151800  780 288  541    -2683155    -31         -29    -11   15  15  167   -7  148   +0  148    0   8  0  0 L3B E1
C43 FF 61052 151800  780 550  677    -1295193    +14          -4    +23   16  15   99   +8  132  -12  132  -12   9  0  0 L3B E4
C21 FF 61052 153400  780 101  339    +8919902    -63         -23     -9   35  15  445  -38  148   +5  148    5  21  0  0 L3B F2
C23 FF 61052 153400  780 285 1698    +5103934    -64         -18     +8   22  15  169  +38  187  +11  187   11  13  0  0 L3B 2D
C27 FF 61052 153400  780 239 2352    -5811032    -23          -1    +26   24  15  199  -48  197  -32  197  -32  16  0  0 L3B 36
C28 FF 61052 153400  780 673 2243    -4705862    -34         -29    +12   14  15   88   -5  133  -16  133  -16   8  0  0 L3B 11
C37 FF 61052 153400  780 613 2331    +9073175    +56         -10     +7   18  15   92   +3  129   -9  129   -9  10  0  0 L3B E5
C38 FF 61052 153400  780 297  513    -2683174     -4         -29    +15   15  15  162   -4  141  -13  141  -13   9  0  0 L3B F3
C43 FF 61052 153400  780 488  668    -1295198    -22           0    -13   16  15  107  +11  129   +6  129    6   9  0  0 L3B D5
C21 FF 61052 155000  780 105  281    +8919840    -51         -34     +3   29  15  429   +3  148   -4  148   -4  17  0  0 L3B E5
C23 FF 61052 155000  780 218 1701    +5103874    -45          -9    +27   17  15  216  +64  201   -4  201   -4  11  0  0 L3B EE
C27 FF 61052 155000  780 299 2386    -5811085    -28          -7    +21   24  15  162  -31  174  -50  174  -50  14  0  0 L3B 31
C28 FF 61052 155000  780 742 2265    -4705908    -19         -32    +26   15  15   84   -3  127  -18  127  -18   9  0  0 L3B 19
C37 FF 61052 155000  780 571 2222    +9073218    +67         -13    +19   21  15   96   +6  130  -15  130  -15  13  0  0 L3B 09
C38 FF 61052 155000  780 303  485    -2683179    -66         -15    -47   14  15  159   -2  126  +23  126   23   9  0  0 L3B 08
C43 FF 61052 155000  780 426  672    -1295208     -4          -1     +5   13  15  119  +14  128   -7  128   -7   7  0  0 L3B BB
C21 FF 61052 160600  780 100  224    +8919792    -58         -31     -4   36  16  451  +45  136  -13  136  -13  22  0  0 L3B 12
C23 FF 61052 160600  780 153 1704    +5103791   -135         -23    -63   28  16  303 +125  221  +63  221   63  18  0  0 L3B 41
C27 FF 61052 160600  780 360 2423    -5811136    -31         -10    +18   17  16  137  -21  151  -29  151  -29   9  0  0 L3B 21
C28 FF 61052 160600  780 811 2269    -4705951    -64         -30    -19   12  16   82   -2  118   +0  118    0   7  0  0 L3B D4
C37 FF 61052 160600  780 516 2143    +9073281     +8           3    -41   18  16  103   +9  118  +24  118   24  10  0  0 L3B DF
C38 FF 61052 160600  780 304  458    -2683208     -9         -22    +11   17  16  159   +0  125  -16  125  -16  10  0  0 L3B FD
C42 FF 61052 160600  780 141  696    +9189948    -38         -22     +7   35  16  328  -74  147  -23  147  -23  21  0  0 L3B 34
C43 FF 61052 160600  780 366  685    -1295215     -2          -7     +6   17  16  135  +20  124  -10  124  -10  10  0  0 L3B DD
C27 FF 61052 162200  780 422 2462    -5811193    -44         -20     +5   21  16  120  -15  137  -20  137  -20  12  0  0 L3B 0B
C28 FF 61052 162200  780 878 2084    -4706001    -59         -36    -14   16  16   81   +0  115   +4  115    4   9  0  0 L3B D5
C37 FF 61052 162200  780 455 2089    +9073319    +83          -5    +35   21  16  113  +13  123  -19  123  -19  13  0  0 L3B 25
C38 FF 61052 162200  780 302  433    -2683220    -14         -14     +6   15  16  160   +2  111   -8  111   -8   9  0  0 L3B B5
C42 FF 61052 162200  780 169  638    +9189912    -65         -14    -19   29  16  276  -39  125   -8  125   -8  18  0  0 L3B 2F
C43 FF 61052 162200  780 307  705    -1295225    -27          -9    -19   23  16  158  +28  121   +5  121    5  14  0  0 L3B E0
C27 FF 61052 163800  780 484 2504    -5811231    -51         -11     -2   18  16  108  -11  120  -13  120  -13  10  0  0 L3B 07
C28 FF 61052 163800  780 851  741    -4706032     +0         -24    +45   13  16   81   +1  102  -30  102  -30   7  0  0 L3B C5
C37 FF 61052 163800  780 391 2050    +9073368    +51          -3     +3   17  16  128  +18  123   +0  123    0   9  0  0 L3B C9
C38 FF 61052 163800  780 295  409    -2683244    -15         -19     +5   18  16  163   +4  107   -6  107   -6  10  0  0 L3B EB
C42 FF 61052 163800  780 188  577    +9189863    -93         -20    -48   38  16  248  -19  116  +27  116   27  23  0  0 L3B 4A
C43 FF 61052 163800  780 249  729    -1295225    +15          -1    +23   19  16  191  +42  107  -23  107  -23  11  0  0 L3B 10
C27 FF 61052 165400  780 546 2549    -5811278    -41         -10     +8   19  16   99   -8  107  -19  107  -19  11  0  0 L3B 21
C28 FF 61052 165400  780 785  706    -4706085    -97         -33    -52   14  16   82   +2  104  +24  104   24   8  0  0 L3B F3
C33 FF 61052 165400  780 168 1066    +9543187    -60         -12     +5   26  16  278  -83  148  -46  148  -46  16  0  0 L3B 49
C36 FF 61052 165400  780 130 3243    -3057721    +13          40     +0   24  16  355 -127  122  -21  122  -21  14  0  0 L3B 0A
C37 FF 61052 165400  780 326 2021    +9073421    +48           4     +0   18  16  150  +28  125  +10  125   10  10  0  0 L3B DB
C38 FF 61052 165400  780 285  388    -2683266     +1         -22    +21   13  16  169   +7  102  -22  102  -22   8  0  0 L3B F0
C42 FF 61052 165400  780 198  513    +9189819    -67         -21    -22   30  16  236   -5  111   +8  111    8  18  0  0 L3B F2
C43 FF 61052 165400  780 193  756    -1295248    +29         -16    +38   28  16  242  +67  114  -28  114  -28  17  0  0 L3B 42
C27 FF 61052 171000  780 609 2599    -5811329    -65         -16    -16   18  17   93   -6  102   +2  102    2  10  0  0 L3B E7
C28 FF 61052 171000  780 719  726    -4706125   -111         -18    -65   13  17   85   +3   97  +32   97   32   7  0  0 L3B E7
C33 FF 61052 171000  780 217 1017    +9543143    -80          16    -15   22  17  218  -46  108   -8  108   -8  14  0  0 L3B 05
C36 FF 61052 171000  780 175 3210    -3057725    +78          22    +65   36  17  267  -64  116  -49  116  -49  22  0  0 L3B 3F
C37 FF 61052 171000  780 260 1999    +9073475    +69          14    +21   14  17  183  +44  129   -5  129   -5   8  0  0 L3B 0F
C38 FF 61052 171000  780 271  371    -2683307    -17         -39     +3   14  17  176   +9  109   -6  109   -6   9  0  0 L3B DE
C42 FF 61052 171000  780 197  450    +9189793    -56           4    -10   31  17  237   +7   92   -5   92   -5  19  0  0 L3B C7
C43 FF 61052 171000  780 139  786    -1295263    +14         -20    +23   38  17  330 +124  118   -9  118   -9  24  0  0 L3B 18
C27 FF 61052 172600  780 672 2654    -5811378    -56         -18     -7   18  17   88   -4   95   -6   95   -6  10  0  0 L3B EB
C28 FF 61052 172600  780 655  757    -4706163    -59         -12    -12   14  17   89   +5   90   +5   90    5   8  0  0 L3B BA
C30 FF 61052 172600  780 121 2631    -3632773    -77          11     +7   28  17  380 -164  165  -47  165  -47  18  0  0 L3B 41
C33 FF 61052 172600  780 261  962    +9543058    -48          -6    +17   23  17  183  -28  110  -28  110  -28  14  0  0 L3B 20
C36 FF 61052 172600  780 214 3168    -3057706    +11          29     -2   37  17  220  -36   96  -13   96  -13  22  0  0 L3B FF
C37 FF 61052 172600  780 196 1980    +9073506    +20          -1    -28   19  17  239  +75  151  +38  151   38  12  0  0 L3B 2D
C38 FF 61052 172600  780 255  357    -2683336    +28         -48    +48   19  17  187  +12  109  -30  109  -30  11  0  0 L3B 3A
C42 FF 61052 172600  780 186  389    +9189730    +18         -16    +64   29  17  251  +22  101  -47  101  -47  18  0  0 L3B 3A
C27 FF 61052 174200  780 735 2723    -5811429    -41         -22     +8   12  17   84   -3   91  -10   91  -10   7  0  0 L3B D0
C28 FF 61052 174200  780 592  792    -4706206    -53         -10     -6   15  17   94   +6   85   +2   85    2   9  0  0 L3B A1
C30 FF 61052 174200  780 174 2667    -3632853    -41          12    +43   25  17  268  -82  134  -55  134  -55  15  0  0 L3B 3B
C33 FF 61052 174200  780 298  898    +9542999    -62          -2     +3   19  17  162  -17   98  -12   98  -12  12  0  0 L3B 0E
C36 FF 61052 174200  780 246 3117    -3057695    +30          27    +17   18  17  193  -21   89  -15   89  -15  11  0  0 L3B 1E
C37 FF 61052 174200  780 134 1963    +9073550    +31          -3    -17   22  17  344 +155  166  +29  166   29  14  0  0 L3B 39
C38 FF 61052 174200  780 236  347    -2683314    -15          -6     +6   16  17  200  +16   79   -3   79   -3  11  0  0 L3B C3
C41 FF 61052 174200  780 140 1389    +9460585    -43          26    -24   44  17  333 -142  130  +10  130   10  30  0  0 L3B 1E
C42 FF 61052 174200  780 164  333    +9189711     -9           9    +37   28  17  282  +44   81  -25   81  -25  17  0  0 L3B EB
C27 FF 61052 175800  780 797 2826    -5811465    -49         -11     +0   13  17   82   -2   79   -4   79   -4   7  0  0 L3B D1
C28 FF 61052 175800  780 530  830    -4706251    -28         -10    +19   12  17  101   +8   84   -9   84   -9   7  0  0 L3B CA
C30 FF 61052 175800  780 229 2702    -3632942    -74           3    +10   22  17  207  -49  117  -22  117  -22  14  0  0 L3B 16
C33 FF 61052 175800  780 327  828    +9542935    -27          -4    +38   25  17  149  -10   94  -25   94  -25  14  0  0 L3B 15
C36 FF 61052 175800  780 269 3057    -3057692     -7          18    -20   18  17  178  -11   86   +3   86    3  12  0  0 L3B E4
C38 FF 61052 175800  780 216  341    -2683315    +87          12   +107   20  17  218  +21   67  -67   67  -67  13  0  0 L3B 1C
C41 FF 61052 175800  780 200 1359    +9460554    +24          13    +43   27  17  236  -71  127  -42  127  -42  17  0  0 L3B 31
C42 FF 61052 175800  780 134  284    +9189652    -75          -6    -30   28  17  342  +85   89  +15   89   15  15  0  0 L3B 0F
C27 FF 61052 181400  780 855 3103    -5811518    -56         -19     -7   14  18   81   -1   79   +1   79    1   8  0  0 L3B B4
C28 FF 61052 181400  780 470  869    -4706299    -94         -13    -48   10  18  110  +11   88  +32   88   32   6  0  0 L3B 01
C30 FF 61052 181400  780 284 2738    -3633019   -104           5    -20   20  18  169  -32  100   -7  100   -7  13  0  0 L3B F7
C33 FF 61052 181400  780 344  751    +9542887    -82           3    -17   22  18  143   -4   83  +10   83   10  13  0  0 L3B CB
C36 FF 61052 181400  780 282 2992    -3057673    +18          25     +5   26  18  170   -4   78  -13   78  -13  15  0  0 L3B FD
C38 FF 61052 181400  780 194  338    -2683328    -11          17     +9   19  18  241  +27   59  -12   59  -12  12  0  0 L3B F7
C41 FF 61052 181400  780 260 1323    +9460523    -16          -5     +2   23  18  184  -41  123   -7  123   -7  13  0  0 L3B E1
C27 FF 61052 183000  780 859  511    -5811564    -35         -18    +14   12  18   81   +0   74   -9   74   -9   7  0  0 L3B BE
C28 FF 61052 183000  780 410  908    -4706335    -75          -4    -28   14  18  123  +15   83  +17   83   17   8  0  0 L3B E1
C30 FF 61052 183000  780 341 2772    -3633103    -90           1     -7   23  18  144  -22   91   -8   91   -8  15  0  0 L3B BD
C33 FF 61052 183000  780 348  672    +9542820    -54          -2    +10   24  18  141   +1   84   -6   84   -6  14  0  0 L3B BB
C36 FF 61052 183000  780 283 2922    -3057640    -11          46    -23   27  18  170   +3   64  +17   64   17  15  0  0 L3B EC
C38 FF 61052 183000  780 171  340    -2683356    -28           9     -7   12  18  271  +37   69   -3   69   -3   8  0  0 L3B B7
C41 FF 61052 183000  780 319 1281    +9460500     -1         -10    +18   22  18  153  -26  111  -36  111  -36  13  0  0 L3B 0B
C27 FF 61052 184600  780 801  820    -5811612   -115         -19    -66   15  18   82   +2   76  +37   76   37   9  0  0 L3B ED
C28 FF 61052 184600  780 352  947    -4706378    -70          -3    -23   19  18  140  +21   82  +20   82   20  12  0  0 L3B EA
C30 FF 61052 184600  780 400 2805    -3633189    -57          -5    +27   20  18  126  -16   88  -21   88  -21  12  0  0 L3B 0E
C33 FF 61052 184600  780 338  596    +9542772    -59          13     +6   25  18  145   +6   73   -9   73   -9  15  0  0 L3B D8
C36 FF 61052 184600  780 273 2853    -3057643    +32          30    +19   18  18  175  +10   69  -14   69  -14  11  0  0 L3B 17
C38 FF 61052 184600  780 147  344    -2683391    +41          -7    +62   24  18  313  +50   74  -38   74  -38  16  0  0 L3B 09
C41 FF 61052 184600  780 376 1229    +9460486    -14          -6     +5   18  18  133  -17   93  -17   93  -17  11  0  0 L3B 0A
C45 FF 61052 184600  780 110 3316    +6425509   +162         -18    -21   71  18  416 -113   92   +3   92    3  41  0  0 L3B 06
C27 FF 61052 190200  780 739  927    -5811654    -67           5    -17   11  19   84   +3   74   +8   74    8   6  0  0 L3B A3
C28 FF 61052 190200  780 295  985    -4706405    -29           8    +16   23  19  163  +29   75   -3   75   -3  13  0  0 L3B DD
C30 FF 61052 190200  780 460 2835    -3633266   -115          -8    -32   19  19  112  -12   84  +17   84   17  11  0  0 L3B 0A
C32 FF 61052 190200  780 125 1692    +9639507    -76          22    -19   19  19  372 -191  112   -1  112   -1  11  0  0 L3B 1D
C33 FF 61052 190200  780 316  527    +9542717    -13          -1    +49   21  19  153  +12   70  -31   70  -31  13  0  0 L3B E4
C36 FF 61052 190200  780 252 2786    -3057630    -20          31    -32   19  19  189  +18   67  +24   67   24  12  0  0 L3B 0A
C38 FF 61052 190200  780 123  352    -2683395    -31           3    -11   15  19  370  +72   65   +1   65    1   9  0  0 L3B A2
C41 FF 61052 190200  780 426 1164    +9460464     -9         -18     +9   24  19  119  -11   90   -8   90   -8  14  0  0 L3B DD
C45 FF 61052 190200  780 136 3267    +6425703   +241          -1    +58   43  19  338  -55   78  -42   78  -42  24  0  0 L3B 2C
C27 FF 61052 191800  780 675  997    -5811713    -54          -6     -4   11  19   87   +4   79  +10   79   10   6  0  0 L3B C2
C28 FF 61052 191800  780 239 1023    -4706477    -25         -20    +21   16  19  198  +45   96   -3   96   -3  11  0  0 L3B 06
C30 FF 61052 191800  780 521 2861    -3633342    -90          -4     -7   16  19  102   -9   77   -2   77   -2   9  0  0 L3B B9
C32 FF 61052 191800  780 190 1681    +9639445    -85          14    -28   20  19  248  -86  101   +7  101    7  11  0  0 L3B 0C
C33 FF 61052 191800  780 284  469    +9542650    -28          -9    +34   30  19  169  +21   72  -24   72  -24  18  0  0 L3B 0C
C36 FF 61052 191800  780 222 2725    -3057623    +39          26    +26   27  19  212  +31   71  -19   71  -19  16  0  0 L3B 14
C41 FF 61052 191800  780 468 1084    +9460452    -38         -13    -20   19  19  111   -7   84   +2   84    2  11  0  0 L3B D9
C45 FF 61052 191800  780 154 3212    +6425894   +195          15    +12   24  19  301  -26   67   -9   67   -9  14  0  0 L3B 0E
C27 FF 61052 193400  780 611 1052    -5811758    -64          -3    -14   11  19   92   +6   79   +8   79    8   6  0  0 L3B B9
C28 FF 61052 193400  780 183 1061    -4706492    -72           9    -26   22  19  254  +75   98  +50   98   50  14  0  0 L3B 09
C30 FF 61052 193400  780 584 2880    -3633428   -102         -11    -19   14  19   95   -7   80   +6   80    6   8  0  0 L3B D4
C32 FF 61052 193400  780 257 1670    +9639379    -74           3    -17   17  19  186  -48   99  +11   99   11  11  0  0 L3B 17
C33 FF 61052 193400  780 243  421    +9542591    -23          -8    +39   29  19  195  +34   71  -19   71  -19  17  0  0 L3B 0C
C36 FF 61052 193400  780 185 2669    -3057608    +15          29     +2   28  19  251  +53   71   +9   71    9  17  0  0 L3B E3
C41 FF 61052 193400  780 496  988    +9460424    +19         -23    +37   14  19  106   -3   87  -24   87  -24   8  0  0 L3B 05
C45 FF 61052 193400  780 162 3154    +6426057   +159           2    -24   40  19  285   -6   75  +17   75   17  25  0  0 L3B FF
C27 FF 61052 195000  780 548 1101    -5811802    -72           1    -22   14  19   99   +8   78  +14   78   14   7  0  0 L3B C5
C29 FF 61052 195000  780 141 2909    -5493140    -43          -3     +9   30  19  330 -128   82   -5   82   -5  20  0  0 L3B E5
C30 FF 61052 195000  780 648 2888    -3633493    -89           4     -6   19  19   89   -5   71   +1   71    1  11  0  0 L3B B2
C32 FF 61052 195000  780 327 1657    +9639322    -71           2    -14   23  19  150  -30   98   -2   98   -2  15  0  0 L3B E1
C33 FF 61052 195000  780 196  385    +9542538    -69          -2     -6   25  19  239  +59   67   +3   67    3  15  0  0 L3B D8
C36 FF 61052 195000  780 144 2618    -3057605    -14          20    -26   32  19  320  +96   89  +29   89   29  18  0  0 L3B 19
C41 FF 61052 195000  780 508  882    +9460408     +1         -22    +19   17  19  104   -1   85  -11   85  -11  10  0  0 L3B DA
C45 FF 61052 195000  780 161 3093    +6426236   +129           5    -54   32  19  288  +11   70  +32   70   32  18  0  0 L3B 00
C27 FF 61052 200600  780 485 1145    -5811852    -49          -3     +1   12  20  108  +11   81   +0   81    0   7  0  0 L3B 9A
C29 FF 61052 200600  780 196 2933    -5493192    -71          -2    -19   28  20  240  -68   82   +9   82    9  19  0  0 L3B F2
C30 FF 61052 200600  780 713 2872    -3633581    -76          -8     +7   11  20   85   -3   76   +0   76    0   7  0  0 L3B 8E
C32 FF 61052 200600  780 397 1638    +9639260    -37          -6    +20   14  20  127  -20  100  -19  100  -19   9  0  0 L3B 0D
C33 FF 61052 200600  780 145  359    +9542479    -81           6    -18   22  20  319 +114   71  +13   71   13  13  0  0 L3B E6
C41 FF 61052 200600  780 502  776    +9460381    -18         -38     +0   19  20  105   +2   90   -1   90   -1  11  0  0 L3B A7
C45 FF 61052 200600  780 150 3033    +6426427   +220          16    +37   30  20  308  +31   60  -20   60  -20  19  0  0 L3B F5
C27 FF 61052 202200  780 422 1185    -5811894    -55           3     -5   14  20  120  +15   85  +13   85   13   8  0  0 L3B C0
C29 FF 61052 202200  780 253 2953    -5493243    -54          -3     -2   22  20  189  -42   80   -4   80   -4  13  0  0 L3B CC
C30 FF 61052 202200  780 776 2798    -3633658    -77          -6     +6   10  20   83   -2   75   -2   75   -2   6  0  0 L3B AB
C32 FF 61052 202200  780 467 1612    +9639204    -76          -7    -19   11  20  111  -13   97   +6   97    6   7  0  0 L3B CA
C41 FF 61052 202200  780 480  682    +9460384    -39         -18    -21   12  20  109   +5   77  +13   77   13   7  0  0 L3B D5
C45 FF 61052 202200  780 130 2975    +6426584   +124          -2    -59   37  20  352  +63   74  +39   74   39  22  0  0 L3B 18
C27 FF 61052 203800  780 360 1223    -5811944    -61           1    -11   18  20  137  +21  101  +23  101   23  11  0  0 L3B E4
C29 FF 61052 203800  780 312 2968    -5493308     -9         -19    +43   23  20  156  -28   88  -27   88  -27  15  0  0 L3B 2C
C30 FF 61052 203800  780 827 2535    -3633747    -93         -15    -10   14  20   81   -1   79   +3   79    3   8  0  0 L3B BC
C32 FF 61052 203800  780 536 1572    +9639143    -52         -13     +5   18  20  101   -9   94  -11   94  -11  10  0  0 L3B EB
C41 FF 61052 203800  780 443  606    +9460361     +8         -24    +25   17  20  115   +9   81  -14   81  -14  10  0  0 L3B D2
C45 FF 61052 203800  780 102 2921    +6426772   +192           9     +9   39  20  440 +127   68   -2   68   -2  21  0  0 L3B ED
C20 FF 61052 205400  780 146 1975    +9507357    +96          -9     -2   20  20  320 -143  120   -7  120   -7  14  0  0 L3B FA
C27 FF 61052 205400  780 298 1258    -5812001    -72          -8    -22   16  20  162  +31  122  +20  122   20  10  0  0 L3B F9
C29 FF 61052 205400  780 372 2976    -5493349    -58          -9     -6   21  20  134  -19   79   +2   79    2  13  0  0 L3B E3
C30 FF 61052 205400  780 827 1979    -3633821    -75          -9     +8   10  20   81   +1   76   -1   76   -1   6  0  0 L3B A3
C32 FF 61052 205400  780 600 1507    +9639093    -71          -8    -14   19  20   93   -6   80   +2   80    2  11  0  0 L3B AA
C41 FF 61052 205400  780 397  550    +9460343    -22         -26     -4   17  20  126  +14   82   +4   82    4  10  0  0 L3B B4
C20 FF 61052 211000  780 212 1987    +9507454   +127          -4    +28   18  21  224  -70  109  -29  109  -29  13  0  0 L3B 39
C27 FF 61052 211000  780 237 1291    -5812044    -63           2    -13   29  21  200  +49  125  +16  125   16  17  0  0 L3B FA
C29 FF 61052 211000  780 433 2974    -5493395    -43          -5     +9   16  20  118  -14   75   -7   75   -7  10  0  0 L3B DF
C30 FF 61052 211000  780 774 1709    -3633919    -29         -37    +53   12  21   83   +2   88  -30   88  -30   7  0  0 L3B ED
C32 FF 61052 211000  780 655 1402    +9639040    -90           0    -32   17  21   89   -4   77  +15   77   15  10  0  0 L3B C0
C41 FF 61052 211000  780 345  511    +9460338    -27          -4     -9   18  21  142  +20   75   +8   75    8  10  0  0 L3B A6
C20 FF 61052 212600  780 280 2002    +9507542    +52         -11    -46   20  21  172  -40  107  +26  107   26  12  0  0 L3B 09
C27 FF 61052 212600  780 177 1321    -5812078    -36          16    +14   25  21  263  +87  121  -14  121  -14  15  0  0 L3B 21
C29 FF 61052 212600  780 493 2959    -5493461    -45         -22     +7   18  20  107  -10   86   -4   86   -4  10  0  0 L3B F2
C30 FF 61052 212600  780 707 1628    -3633991    -91         -30     -9   13  21   86   +4   83   +2   83    2   8  0  0 L3B A7
C32 FF 61052 212600  780 693 1241    +9638989    -35           4    +22   14  21   86   -2   73  -12   73  -12   8  0  0 L3B CF
C41 FF 61052 212600  780 289  487    +9460325    -14           0     +4   17  21  166  +31   72   -1   72   -1  10  0  0 L3B A2
C20 FF 61052 214200  780 349 2018    +9507637    +94         -10     -4   24  21  141  -26  102   -1  102   -1  14  0  0 L3B E5
C27 FF 61052 214200  780 118 1348    -5812123    -81          19    -31   27  21  388 +189  119  +16  119   16  16  0  0 L3B 3F
C29 FF 61052 214200  780 552 2924    -5493499    -27         -10    +25   13  21   98   -7   78  -19   78  -19   7  0  0 L3B 0B
C30 FF 61052 214200  780 637 1603    -3634071    -95         -31    -13   15  21   90   +6   86   +8   86    8   9  0  0 L3B B8
C32 FF 61052 214200  780 703 1037    +9638942    -86          12    -28   14  21   86   +0   68  +15   68   15   8  0  0 L3B D5
C39 FF 61052 214200  780 127  673     +179713    +14          -5    +10   29  21  360  -81   77   -8   77   -8  18  0  0 L3B CD
C41 FF 61052 214200  780 231  475    +9460307    -42           0    -24   19  21  204  +49   75  +22   75   22  12  0  0 L3B C8
C20 FF 61052 215800  780 420 2036    +9507733   +118          -8    +20   20  21  121  -17   98  -17   98  -17  11  0  0 L3B 10
C29 FF 61052 215800  780 606 2860    -5493551   -108         -13    -56   16  21   93   -5   78  +36   78   36   9  0  0 L3B 0C
C30 FF 61052 215800  780 566 1599    -3634152    -85         -33     -3   13  21   97   +8   95  +17   95   17   8  0  0 L3B E4
C32 FF 61052 215800  780 681  850    +9638886    -41          12    +17   14  21   87   +2   69   -5   69   -5   8  0  0 L3B BF
C39 FF 61052 215800  780 155  658     +179733    +22          11    +18   28  21  298  -51   63  -18   63  -18  17  0  0 L3B FE
C41 FF 61052 215800  780 173  472    +9460288     -3          -2    +15   24  21  268  +88   81   +3   81    3  14  0  0 L3B B6
C20 FF 61052 221400  780 491 2056    +9507828    +83         -10    -15   26  22  107  -12   93   +0   93    0  15  0  0 L3B D9
C29 FF 61052 221400  780 650 2754    -5493617    -52         -28     +0   17  22   89   -3   89   -3   89   -3   9  0  0 L3B CC
C30 FF 61052 221400  780 494 1604    -3634238    -78         -41     +4   14  22  106  +12  111   +8  111    8   8  0  0 L3B D3
C32 FF 61052 221400  780 638  722    +9638830    -89          11    -31   14  22   90   +4   72  +18   72   18   8  0  0 L3B C0
C35 FF 61052 221400  780 123 3114    +2299010   +248         -81   +106   18  22  375 -170  103  -71  103  -71  11  0  0 L3B 55
C39 FF 61052 221400  780 181  641     +179749    -72          17    -77   23  22  257  -35   55  +55   55   55  15  0  0 L3B F5
C41 FF 61052 221400  780 116  477    +9460280    -60          13    -42   28  22  394 +190   87  +45   87   45  20  0  0 L3B 07
C19 FF 61052 223000  780 104 2217    +9623945    +17          17    -21   31  22  444 -253  112   +0  112    0  19  0  0 L3B F3
C20 FF 61052 223000  780 564 2075    +9507915    +88         -18    -10   20  22   97   -9   88   +2   88    2  12  0  0 L3B CF
C29 FF 61052 223000  780 676 2599    -5493655    -84         -16    -32   14  22   87   -1   80  +20   80   20   8  0  0 L3B E9
C30 FF 61052 223000  780 423 1612    -3634306    -95         -32    -14   18  22  120  +17  112   +9  112    9  10  0  0 L3B E8
C32 FF 61052 223000  780 582  648    +9638774    -89          10    -32   14  22   95   +6   73  +21   73   21   8  0  0 L3B C7
C35 FF 61052 223000  780 180 3113    +2299156   +148         -72     +6   25  22  261  -81   87  -15   87  -15  14  0  0 L3B 1C
C39 FF 61052 223000  780 205  622     +179732    +49          -3    +44   25  22  229  -24   69  -28   69  -28  14  0  0 L3B F0
C19 FF 61052 224600  780 164 2245    +9623961    +31          -4     -7   18  22  285 -105  114   -9  114   -9  12  0  0 L3B 0A
C20 FF 61052 224600  780 637 2091    +9508020   +102          -7     +4   15  22   90   -6   79   -3   79   -3   9  0  0 L3B AC
C29 FF 61052 224600  780 676 2419    -5493712    -73         -23    -21   13  22   87   +1   87  +12   87   12   8  0  0 L3B E8
C30 FF 61052 224600  780 354 1622    -3634380    -77         -27     +5   18  22  139  +24  111   +0  111    0  11  0  0 L3B DC
C32 FF 61052 224600  780 522  610    +9638730    -72          22    -14   16  22  102   +9   68  +12   68   12   9  0  0 L3B C3
C35 FF 61052 224600  780 236 3104    +2299299   +151         -64     +9   20  22  201  -46   78  -10   78  -10  12  0  0 L3B 15
C39 FF 61052 224600  780 225  601     +179744    +30           5    +26   18  22  210  -17   65  -14   65  -14  11  0  0 L3B C9
C19 FF 61052 230200  780 225 2276    +9624004     -4           6    -41   29  23  211  -56  102  +17  102   17  19  0  0 L3B EC
C20 FF 61052 230200  780 709 2102    +9508097    +98         -34     -1   16  23   86   -4   90   -3   90   -3   9  0  0 L3B B0
C29 FF 61052 230200  780 649 2258    -5493760    -69         -32    -17   15  23   89   +3   88  +11   88   11   9  0  0 L3B F7
C30 FF 61052 230200  780 285 1632    -3634466    -86         -23     -3   19  23  168  +38  119  +10  119   10  12  0  0 L3B 16
C32 FF 61052 230200  780 459  594    +9638668    -76           2    -19   17  23  112  +12   74  +14   74   14  10  0  0 L3B E4
C35 FF 61052 230200  780 291 3086    +2299427   +122         -67    -19   18  23  166  -29   80   +7   80    7  11  0  0 L3B 06
C39 FF 61052 230200  780 242  579     +179763     -7           9    -13   23  23  196  -12   56  +10   56   10  14  0  0 L3B B9
C19 FF 61052 231800  780 287 2310    +9624035    +14           1    -23   27  23  168  -35  100  +15  100   15  15  0  0 L3B F8
C20 FF 61052 231800  780 781 2089    +9508205   +135         -22    +36   15  23   83   -2   80  -22   80  -22   9  0  0 L3B F1
C29 FF 61052 231800  780 603 2142    -5493810    -41         -33    +10   12  23   93   +5   93   +2   93    2   7  0  0 L3B A6
C30 FF 61052 231800  780 218 1641    -3634539    -83         -17     +0   17  23  215  +63  120   +9  120    9  10  0  0 L3B E8
C32 FF 61052 231800  780 397  593    +9638622    -51          10     +5   20  23  126  +17   70   -3   70   -3  12  0  0 L3B BB
C35 FF 61052 231800  780 344 3055    +2299571   +146         -59     +4   17  23  143  -19   73   -3   73   -3  10  0  0 L3B FA
C39 FF 61052 231800  780 256  555     +179743    +13         -17     +7   23  23  186   -8   72   -3   72   -3  13  0  0 L3B B7
C19 FF 61052 233400  780 349 2348    +9624061    +36          -8     -1   24  23  141  -23  100   -9  100   -9  14  0  0 L3B E8
C20 FF 61052 233400  780 850 1953    +9508295    +79         -26    -20   11  23   81   -1   81  +10   81   10   7  0  0 L3B CE
C29 FF 61052 233400  780 545 2064    -5493865    -56         -39     -5   15  23   99   +8  104  +11  104   11   8  0  0 L3B F7
C30 FF 61052 233400  780 153 1648    -3634621    -75         -19     +8   18  23  301 +123  125   +2  125    2  12  0  0 L3B F6
C32 FF 61052 233400  780 335  602    +9638569    -72          11    -16   15  23  146  +24   72  +12   72   12   9  0  0 L3B D9
C35 FF 61052 233400  780 391 3010    +2299706   +148         -59     +7   22  23  128  -13   71   -8   71   -8  13  0  0 L3B F8
C39 FF 61052 233400  780 267  531     +179761     +0          -4     -5   18  23  179   -5   65   +0   65    0  10  0  0 L3B 78
C19 FF 61052 235000  780 412 2389    +9624101     +2          -4    -35   19  23  123  -16   88   +9   88    9  11  0  0 L3B CB
C20 FF 61052 235000  780 864  887    +9508397   +105         -20     +6   13  23   81   +0   78   -2   78   -2   7  0  0 L3B B7
C23 FF 61052 235000  780 108  602    +5101799    -67         -21     +4   51  23  420  -93   76   +4   76    4  35  0  0 L3B C0
C29 FF 61052 235000  780 480 2014    -5493913    -36         -38    +15   20  23  108  +12  113   +2  113    2  12  0  0 L3B ED
C32 FF 61052 235000  780 275  619    +9638522    -44          19    +13   16  23  174  +35   67  -14   67  -14  10  0  0 L3B 00
C35 FF 61052 235000  780 432 2948    +2299847   +144         -54     +2   13  23  118   -8   69   +1   69    1   8  0  0 L3B D5
C39 FF 61052 235000  780 273  507     +179781    +24          11    +19   16  23  175   -3   54  -14   54  -14   9  0  0 L3B C7
