CGGTTS     GENERIC DATA FORMAT VERSION = 2E
REV DATE = 2026-01-01                    
RCVR = POLARX5-TR                    R2CGGTTS v8.8    
CH = 99 
IMS = POLARX5-TR                    
LAB = PTB                           
X = +3844059.67 m 
Y =  +709661.67 m 
Z = +5023129.80 m 
FRAME = ITRF
COMMENTS = TGD applied
INT DLY =   33.0 ns (BDS B1C),   32.5 ns (BDS B2a)
CAB DLY =  205.7 ns 
REF DLY =   56.2 ns
REF = UTC(PTB)                      
CKSUM = A4

SAT CL  MJD  STTIME TRKL ELV AZTH   REFSV      SRSV     REFSYS    SRSYS  DSG IOE MDTR SMDT MDIO SMDI MSIO SMSI ISG FR HC FRC CK
             hhmmss  s  .1dg .1dg    .1ns     .1ps/s     .1ns    .1ps/s .1ns     .1ns.1ps/s.1ns.1ps/s.1ns.1ps/s.1ns
C21 FF 61042 000200  780 113  560    +8970848   -109         -69    -55   40   0  401 +194  106  +42  106   42  28  0  0 L3B 23
C27 FF 61042 000200  780 206 3137    -5765823    -84         -59    -35   24   0  229  -60  110  +14  110   14  14  0  0 L3B 0B
C28 FF 61042 000200  780 561 2809    -4664201    -59         -40    -14   18   0   97   -4   94   +9   94    9  10  0  0 L3B BB
C33 FF 61042 000200  780 589 2259    +9603763    -81         -44    -14   18   0   94   -7  113   +4  113    4  10  0  0 L3B CE
C39 FF 61042 000200  780 255  550     +175318    +11         -29     +6   19   0  186   -8   82   -8   82   -8  12  0  0 L3B 99
C41 FF 61042 000200  780 103 2328    +9478850    -52         -32    -31   62   0  445 -244  167   +2  167    2  37  0  0 L3B 02
C42 FF 61042 000200  780 603  640    +9233424    -44         -41     +5   16   0   93   +6   99   -6   99   -6   9  0  0 L3B 8B
C43 FF 61042 000200  780 424 1790    -1287188     -5         -28     +4   14   0  119  +17  126   +1  126    1   8  0  0 L3B B2
C27 FF 61042 001800  780 260 3117    -5765852    -65         -41    -16   20   0  184  -36   99   +7   99    7  12  0  0 L3B E8
C28 FF 61042 001800  780 582 2693    -4664256    -39         -52     +7    9   0   95   -1  103   -3  103   -3   5  0  0 L3B B1
C33 FF 61042 001800  780 659 2301    +9603698   -104         -44    -37   14   0   89   -5  109  +16  109   16   8  0  0 L3B 04
C39 FF 61042 001800  780 265  526     +175314    -20         -37    -25   15   0  180   -5   89  +21   89   21  10  0  0 L3B BA
C41 FF 61042 001800  780 161 2361    +9478842     +2         -20    +23   42   0  290 -104  150  -33  150  -33  24  0  0 L3B 0A
C42 FF 61042 001800  780 539  625    +9233375    -56         -42     -7   14   0  100   +8  101   +4  101    4   9  0  0 L3B 9C
C43 FF 61042 001800  780 355 1784    -1287199     -9         -31     +0   17   0  139  +24  134   +8  134    8  10  0  0 L3B D3
C27 FF 61042 003400  780 310 3085    -5765880    -71         -23    -22   22   0  157  -23   85  +19   85   19  14  0  0 L3B FD
C28 FF 61042 003400  780 583 2564    -4664300    -65         -52    -20   16   0   95   +1  107  +12  107   12   9  0  0 L3B D8
C33 FF 61042 003400  780 728 2353    +9603642    -87         -36    -19   15   0   85   -3  100   +9  100    9   9  0  0 L3B C4
C39 FF 61042 003400  780 271  501     +175321    +17         -35    +12   17   0  176   -3   87   -6   87   -6  10  0  0 L3B 9E
C41 FF 61042 003400  780 219 2397    +9478826    -46         -16    -25   27   0  216  -57  134   +4  134    4  16  0  0 L3B 04
C42 FF 61042 003400  780 475  628    +9233337    -18         -33    +31   20   0  109  +11   97  -19   97  -19  12  0  0 L3B F4
C43 FF 61042 003400  780 286 1780    -1287200    -24         -22    -15   18   0  168  +38  136  +16  136   16  10  0  0 L3B 0E
C26 FF 61042 005000  780 129  786    +5754028   +660          58   +604  326   0  355  -94   78 -331   78 -331 183  0  0 L3B 71
C27 FF 61042 005000  780 356 3040    -5765938    -33         -33    +16   15   0  139  -15   92   -5   92   -5  10  0  0 L3B E0
C28 FF 61042 005000  780 564 2441    -4664339    -60         -47    -15   16   0   97   +3  107  +14  107   14   9  0  0 L3B E6
C33 FF 61042 005000  780 797 2427    +9603578    -39         -35    +29   10   0   82   -2   98  -20   98  -20   5  0  0 L3B E1
C39 FF 61042 005000  780 273  478     +175323    -14         -37    -19   20   0  175   +0   86   +5   86    5  13  0  0 L3B 9B
C41 FF 61042 005000  780 278 2436    +9478809    -24         -13     -3   17   0  173  -35  123   -8  123   -8  10  0  0 L3B F1
C42 FF 61042 005000  780 413  641    +9233290    -48         -33     +1   15   0  122  +15  100   +0  100    0   8  0  0 L3B 8A
C43 FF 61042 005000  780 219 1777    -1287202    -26         -16    -17   21   0  215  +63  142  +16  142   16  13  0  0 L3B 05
C26 FF 61042 010600  780 161  731    +5753986    +75         -47    +18   36   1  289  -50  123  -18  123  -18  22  0  0 L3B 22
C27 FF 61042 010600  780 394 2981    -5765993    -14         -33    +35   16   1  127   -9  100  -19  100  -19   9  0  0 L3B 12
C28 FF 61042 010600  780 527 2339    -4664390    -36         -53    +10   14   1  101   +6  118   +4  118    4   8  0  0 L3B C8
C33 FF 61042 010600  780 862 2642    +9603518    -69         -33     -2   11   1   81   -1   93   +0   93    0   6  0  0 L3B 83
C39 FF 61042 010600  780 272  455     +175336    +26         -29    +21   17   1  176   +2   80  -19   80  -19  11  0  0 L3B C9
C41 FF 61042 010600  780 337 2478    +9478774    -16         -33     +5   30   1  146  -24  125   +3  125    3  17  0  0 L3B E5
C42 FF 61042 010600  780 352  662    +9233253    -75         -16    -25   19   1  140  +21   97  +20   97   20  12  0  0 L3B D8
C43 FF 61042 010600  780 154 1774    -1287216     -5         -25     +4   24   1  301 +123  155   +4  155    4  16  0  0 L3B D0
C24 FF 61042 012200  780 109 1128     -316351   +269         -42    -17   75   1  420 -188  176   +4  176    4  44  0  0 L3B 09
C26 FF 61042 012200  780 185  671    +5754038    +85         -51    +28   25   1  252  -27  118  -26  118  -26  15  0  0 L3B 1B
C27 FF 61042 012200  780 422 2907    -5766033    -49         -26     +1   18   1  120   -5   93   -7   93   -7  11  0  0 L3B BB
C28 FF 61042 012200  780 478 2259    -4664425    -28         -45    +17   14   1  109  +10  121   -3  121   -3   8  0  0 L3B E8
C33 FF 61042 012200  780 862  341    +9603461    -76         -25     -9   11   1   81   +1   89  +10   89   10   6  0  0 L3B 98
C39 FF 61042 012200  780 267  434     +175342    +21         -26    +17   16   1  179   +4   78  -10   78  -10   9  0  0 L3B B9
C41 FF 61042 012200  780 396 2522    +9478753    -18         -34     +2   19   1  127  -17  120  -14  120  -14  11  0  0 L3B 06
C42 FF 61042 012200  780 293  687    +9233203    -33         -18    +17   18   1  164  +30  102   -4  102   -4  11  0  0 L3B D4
C24 FF 61042 013800  780 158 1085     -316059   +231         -25    -55   33   1  295  -89  152  +22  152   22  20  0  0 L3B 15
C26 FF 61042 013800  780 200  609    +5754075    +53         -68     -4   32   1  234  -12  122   +3  122    3  18  0  0 L3B BF
C27 FF 61042 013800  780 437 2822    -5766096    -48         -41     +1   18   1  117   -2  103   -5  103   -5  10  0  0 L3B D7
C28 FF 61042 013800  780 421 2199    -4664469    -56         -44    -10   17   1  120  +14  126   +8  126    8  10  0  0 L3B F7
C33 FF 61042 013800  780 798  552    +9603386   -100         -35    -32   15   1   82   +2   97  +20   97   20   9  0  0 L3B CB
C39 FF 61042 013800  780 258  415     +175358    +37         -15    +33   20   1  184   +7   71  -14   71  -14  12  0  0 L3B C7
C41 FF 61042 013800  780 457 2569    +9478725    -27         -42     -6   15   1  113  -12  113   -7  113   -7   9  0  0 L3B EB
C42 FF 61042 013800  780 236  717    +9233158    -52         -16     -2   23   1  200  +46  111  +10  111   10  14  0  0 L3B CE
C24 FF 61042 015400  780 204 1037     -315783   +252         -23    -33   27   1  230  -50  141   +3  141    3  16  0  0 L3B D3
C26 FF 61042 015400  780 206  546    +5754148    +60         -50     +3   30   1  228   -1  107  -12  107  -12  20  0  0 L3B D3
C27 FF 61042 015400  780 437 2732    -5766132    -73         -30    -23   15   1  117   +2  101  +13  101   13   9  0  0 L3B DC
C28 FF 61042 015400  780 360 2155    -4664502    -39         -34     +7   20   1  137  +21  126   +1  126    1  13  0  0 L3B CC
C30 FF 61042 015400  780 134 3257    -3556193    -77         -11     +6   33   1  345 -112  123  -49  123  -49  21  0  0 L3B 21
C33 FF 61042 015400  780 733  631    +9603329    -75         -28     -7   17   1   84   +3   93   +7   93    7  10  0  0 L3B 97
C39 FF 61042 015400  780 247  399     +175358    +19         -20    +14   17   1  192  +10   77   -7   77   -7  10  0  0 L3B C6
C41 FF 61042 015400  780 517 2620    +9478690    -14         -57     +6   16   1  103   -9  116   -7  116   -7   9  0  0 L3B D7
C42 FF 61042 015400  780 181  749    +9233108    -26         -19    +23   31   1  257  +76  122   -2  122   -2  19  0  0 L3B E8
C24 FF 61042 021000  780 247  983     -315514   +294         -29     +8   25   2  193  -30  135  -15  135  -15  15  0  0 L3B FF
C26 FF 61042 021000  780 201  483    +5754198    +59         -54     +2   28   2  233  +11  103   -5  103   -5  17  0  0 L3B CC
C27 FF 61042 021000  780 421 2643    -5766174    -55         -22     -5   17   2  120   +5  103  +11  103   11   9  0  0 L3B C6
C28 FF 61042 021000  780 298 2120    -4664557    -37         -53     +8   22   2  162  +32  143   +8  143    8  13  0  0 L3B E0
C30 FF 61042 021000  780 175 3218    -3556289   -116         -51    -34   27   2  267  -58  112   +7  112    7  16  0  0 L3B 08
C33 FF 61042 021000  780 669  689    +9603260   -114         -35    -48   19   2   88   +4   96  +27   96   27  11  0  0 L3B EF
C39 FF 61042 021000  780 233  386     +175350     +6         -37     +1   16   2  203  +13   85   -2   85   -2   9  0  0 L3B 76
C41 FF 61042 021000  780 578 2676    +9478678    -31         -59    -12   14   2   96   -7  107   +6  107    6   8  0  0 L3B DE
C42 FF 61042 021000  780 127  783    +9233060     +3         -29    +51   69   2  360 +146  128  -36  128  -36  42  0  0 L3B 12
C24 FF 61042 022600  780 283  922     -315244   +258         -34    -27   22   2  170  -19  129  +13  129   13  13  0  0 L3B FE
C26 FF 61042 022600  780 186  425    +5754242    +26         -65    -31   16   2  250  +26  108  +18  108   18  10  0  0 L3B FF
C27 FF 61042 022600  780 393 2562    -5766219    -56         -19     -6   22   2  127  +10  107  +15  107   15  13  0  0 L3B 07
C28 FF 61042 022600  780 235 2091    -4664591    -21         -44    +24   18   2  202  +52  146  -13  146  -13  11  0  0 L3B 17
C30 FF 61042 022600  780 209 3171    -3556364   -125         -48    -43   23   2  225  -32  100  +24  100   24  14  0  0 L3B 0F
C33 FF 61042 022600  780 606  741    +9603196    -63         -36     +3   16   2   93   +6   98   -3   98   -3  10  0  0 L3B A4
C39 FF 61042 022600  780 216  377     +175364    +22         -27    +17   20   2  217  +17   81   -6   81   -6  11  0  0 L3B B4
C41 FF 61042 022600  780 639 2740    +9478659    -46         -60    -26   16   2   90   -5  106  +12  106   12   9  0  0 L3B F0
C24 FF 61042 024200  780 310  854     -314956   +262         -20    -24   32   2  156  -11  113  +10  113   10  20  0  0 L3B DA
C25 FF 61042 024200  780 163 1455    -9603316   -133         -47    -15   21   2  287 -104  172   -7  172   -7  13  0  0 L3B 24
C26 FF 61042 024200  780 162  372    +5754278    +48         -83     -9   24   2  285  +49  119  +10  119   10  14  0  0 L3B FE
C27 FF 61042 024200  780 354 2492    -5766268    -56         -20     -6   21   2  139  +15  120  +10  120   10  13  0  0 L3B F3
C28 FF 61042 024200  780 172 2067    -4664645    -55         -55    -11   18   2  270  +94  158  +11  158   11  12  0  0 L3B 1E
C30 FF 61042 024200  780 236 3116    -3556448    -32         -53    +50   19   2  201  -18  101  -30  101  -30  13  0  0 L3B 01
C32 FF 61042 024200  780 146 2690    +9692509    -73         -28    -15   23   2  319 -115  132   +1  132    1  16  0  0 L3B 01
C33 FF 61042 024200  780 545  789    +9603139    -97         -29    -30   19   2   99   +8   96  +21   96   21  11  0  0 L3B E1
C39 FF 61042 024200  780 198  371     +175366    +18         -29    +13   20   2  236  +22   77  -19   77  -19  12  0  0 L3B EA
C41 FF 61042 024200  780 699 2817    +9478645     +3         -55    +23   15   2   86   -3  103  -14  103  -14   9  0  0 L3B E9
C24 FF 61042 025800  780 328  781     -314683   +283         -22     -3   26   2  149   -5  110   -9  110   -9  15  0  0 L3B CD
C25 FF 61042 025800  780 222 1425    -9603422   -121         -40     -3   23   2  213  -56  153  -10  153  -10  14  0  0 L3B 05
C26 FF 61042 025800  780 130  325    +5754325    +52         -91     -5   40   2  352  +95  128  +11  128   11  22  0  0 L3B E8
C27 FF 61042 025800  780 307 2432    -5766313    -49         -18     +1   23   2  157  +23  125   +9  125    9  14  0  0 L3B E7
C28 FF 61042 025800  780 112 2045    -4664696    -14         -63    +31   22   2  407 +211  169  -15  169  -15  14  0  0 L3B 3C
C30 FF 61042 025800  780 252 3054    -3556527    -92         -53    -10   22   2  189   -8  100  +10  100   10  13  0  0 L3B EC
C32 FF 61042 025800  780 199 2729    +9692469   -109         -12    -51   26   2  237  -63  111  +21  111   21  16  0  0 L3B 33
C33 FF 61042 025800  780 485  836    +9603074    -87         -31    -21   15   2  108  +10  100  +15  100   15   9  0  0 L3B E7
C39 FF 61042 025800  780 178  368     +175370    -10         -30    -15   25   2  261  +29   85  +18   85   18  14  0  0 L3B DF
C41 FF 61042 025800  780 759 2924    +9478625     -8         -56    +12   13   2   83   -2  100  -10  100  -10   7  0  0 L3B DA
C24 FF 61042 031400  780 333  706     -314412   +256         -45    -32   21   3  147   +0  107  +10  107   10  13  0  0 L3B CA
C25 FF 61042 031400  780 282 1391    -9603530    -85         -37    +33   22   3  171  -34  141  -31  141  -31  12  0  0 L3B 13
C27 FF 61042 031400  780 256 2382    -5766379    -77         -48    -28   24   3  186  +37  146  +23  146   23  14  0  0 L3B 39
C30 FF 61042 031400  780 258 2988    -3556593    -51         -43    +31   24   3  185   +0   93  -25   93  -25  13  0  0 L3B FE
C32 FF 61042 031400  780 254 2767    +9692405    -52         -22     +6   18   3  188  -40  107   -4  107   -4  11  0  0 L3B F0
C33 FF 61042 031400  780 426  882    +9603011   -119         -16    -51   13   3  119  +14  103  +31  103   31   8  0  0 L3B EB
C39 FF 61042 031400  780 157  368     +175348    -51         -52    -55   24   3  294  +39  102  +33  102   33  15  0  0 L3B F5
C41 FF 61042 031400  780 815 3121    +9478600    -20         -53     +0   16   3   82   -1  102   -1  102   -1   9  0  0 L3B 97
C24 FF 61042 033000  780 326  633     -314136   +226         -45    -62   40   3  149   +6  102  +33  102   33  23  0  0 L3B D6
C25 FF 61042 033000  780 341 1350    -9603645   -110         -40     +8   21   3  144  -22  130  -17  130  -17  12  0  0 L3B 00
C27 FF 61042 033000  780 202 2340    -5766416    -36         -38    +13   25   3  232  +62  147   -2  147   -2  15  0  0 L3B F5
C30 FF 61042 033000  780 253 2921    -3556674   -111         -45    -29   19   3  188   +8   98  +21   98   21  12  0  0 L3B 03
C32 FF 61042 033000  780 310 2805    +9692344    -44         -27    +14   25   3  157  -27  102  -11  102  -11  16  0  0 L3B 0D
C33 FF 61042 033000  780 367  926    +9602946    -66         -16     +2   19   3  135  +19  109  +12  109   12  10  0  0 L3B F3
C39 FF 61042 033000  780 135  372     +175342    -59         -62    -63   20   3  338  +54  107  +36  107   36  14  0  0 L3B F3
C41 FF 61042 033000  780 850   48    +9478592    -33         -41    -12   11   3   81   +0   97  +11   97   11   6  0  0 L3B 9A
C23 FF 61042 034600  780 103 1726    +5170896    -52         -41    +24   34   3  445 -260  178   +4  178    4  22  0  0 L3B 0B
C24 FF 61042 034600  780 307  565     -313866   +287         -52     +0   22   3  158  +12  103   -8  103   -8  13  0  0 L3B D5
C25 FF 61042 034600  780 397 1299    -9603763   -116         -45     +1   21   3  126  -15  126  -11  126  -11  12  0  0 L3B 23
C27 FF 61042 034600  780 147 2303    -5766471    -23         -46    +27   26   3  314 +117  157  -12  157  -12  17  0  0 L3B 3D
C30 FF 61042 034600  780 236 2855    -3556769    -63         -62    +19   23   3  200  +17  111   -7  111   -7  14  0  0 L3B 01
C32 FF 61042 034600  780 367 2841    +9692294    -35         -22    +24   21   3  135  -19   98   -9   98   -9  13  0  0 L3B 00
C33 FF 61042 034600  780 310  970    +9602897    -43           0    +25   16   3  156  +26  105   -6  105   -6   9  0  0 L3B C1
C39 FF 61042 034600  780 113  379     +175361    +29         -47    +24   27   3  401  +78   94  -25   94  -25  16  0  0 L3B F2
C41 FF 61042 034600  780 822  643    +9478567    -25         -47     -5   11   3   82   +1  100   +3  100    3   7  0  0 L3B 93
C23 FF 61042 040200  780 166 1715    +5170839    -55         -22    +22   25   4  282 -108  169  -45  169  -45  16  0  0 L3B 45
C24 FF 61042 040200  780 277  507     -313595   +312         -52    +25   20   4  173  +20  103  -11  103  -11  12  0  0 L3B E9
C25 FF 61042 040200  780 448 1234    -9603874    -95         -45    +23   18   4  115  -10  117  -17  117  -17  11  0  0 L3B 26
C29 FF 61042 040200  780 120 3286    -5445767    -35         -57    +18   34   4  379  -54  157  -41  157  -41  22  0  0 L3B 3E
C30 FF 61042 040200  780 211 2792    -3556848    -89         -46     -6   23   4  223  +30  118  +18  118   18  13  0  0 L3B 0C
C32 FF 61042 040200  780 427 2875    +9692230    -45         -25    +13   21   4  119  -14   96  -14   96  -14  12  0  0 L3B 06
C33 FF 61042 040200  780 254 1012    +9602816    -66         -21     +1   20   4  187  +39  119   -6  119   -6  12  0  0 L3B E3
C41 FF 61042 040200  780 767  866    +9478553    -15         -31     +6   12   4   83   +2   96   -3   96   -3   7  0  0 L3B 9C
C23 FF 61042 041800  780 230 1703    +5170766    -68         -21     +9   21   4  206  -57  155  -21  155  -21  13  0  0 L3B 0A
C24 FF 61042 041800  780 240  459     -313303   +295         -37     +7   19   4  198  +33   92  -12   92  -12  11  0  0 L3B DE
C25 FF 61042 041800  780 489 1152    -9603988   -127         -46    -10   14   4  107   -6  111   +2  111    2   9  0  0 L3B E4
C29 FF 61042 041800  780 133 3231    -5445812    -23         -51    +30   26   4  345  -21  131  -32  131  -32  15  0  0 L3B 0D
C30 FF 61042 041800  780 178 2735    -3556927    -68         -45    +15   25   4  261  +52  125   +3  125    3  14  0  0 L3B FD
C32 FF 61042 041800  780 488 2906    +9692185    -14         -14    +44   18   4  107  -11   87  -29   87  -29  11  0  0 L3B 21
C33 FF 61042 041800  780 199 1053    +9602763    -70          -9     -2   22   4  235  +64  113   +4  113    4  13  0  0 L3B C8
C41 FF 61042 041800  780 705  978    +9478530    +29         -34    +50   13   4   86   +3   98  -27   98  -27   7  0  0 L3B E4
C23 FF 61042 043400  780 297 1690    +5170695    -85         -19     -9   15   4  163  -35  136   -6  136   -6  10  0  0 L3B 05
C24 FF 61042 043400  780 195  421     -313051   +286         -60     -1   23   4  239  +56  101  -12  101  -12  14  0  0 L3B DF
C25 FF 61042 043400  780 518 1054    -9604108    -90         -53    +27   13   4  103   -3  113  -20  113  -20   8  0  0 L3B EA
C29 FF 61042 043400  780 136 3173    -5445873    -46         -61     +7   39   4  337   +3  127   -9  127   -9  23  0  0 L3B F8
C30 FF 61042 043400  780 139 2683    -3557025   -139         -64    -56   32   4  331  +97  145  +41  145   41  19  0  0 L3B 39
C32 FF 61042 043400  780 551 2933    +9692118    -40         -25    +19   18   4   99   -8   94  -12   94  -12  10  0  0 L3B F0
C33 FF 61042 043400  780 144 1092    +9602691   -145         -16    -77  101   4  320 +119  120  +50  120   50  58  0  0 L3B 3D
C41 FF 61042 043400  780 642 1055    +9478509    -31         -35    -11   16   4   90   +5   99   +3   99    3   9  0  0 L3B AF
C23 FF 61042 045000  780 365 1673    +5170619   -107         -22    -31   18   4  136  -23  125  +14  125   14  12  0  0 L3B 19
C24 FF 61042 045000  780 147  393     -312785   +284         -70     -3   25   4  314 +106  104   -4  104   -4  15  0  0 L3B E1
C25 FF 61042 045000  780 531  945    -9604220   -129         -52    -11   15   4  101   +0  109   +1  109    1   9  0  0 L3B B8
C29 FF 61042 045000  780 130 3114    -5445915    -36         -52    +17   27   4  352  +29  117  -16  117  -16  16  0  0 L3B 26
C32 FF 61042 045000  780 615 2951    +9692075    -36         -11    +23   13   4   92   -6   86  -13   86  -13   7  0  0 L3B D8
C41 FF 61042 045000  780 579 1117    +9478487    -33         -38    -12   14   4   95   +7  103   +7  103    7   8  0  0 L3B D0
C20 FF 61042 050600  780 118 2961    +9417757    +85         -51    -10   22   5  392 -182  110  +10  110   10  14  0  0 L3B 16
C23 FF 61042 050600  780 433 1650    +5170549    -90         -12    -13   15   5  118  -15  114   +4  114    4   8  0  0 L3B D2
C25 FF 61042 050600  780 525  835    -9604338   -145         -65    -28   16   5  102   +2  108  +13  108   13   9  0  0 L3B F8
C29 FF 61042 050600  780 115 3056    -5445973    -89         -62    -37   19   5  395  +65  122  +19  122   19  12  0  0 L3B 35
C32 FF 61042 050600  780 681 2955    +9692012    -20         -16    +39   13   5   87   -4   90  -25   90  -25   7  0  0 L3B DC
C41 FF 61042 050600  780 515 1169    +9478477     +7         -25    +28   18   5  103   +9  102  -10  102  -10  11  0  0 L3B F6
C20 FF 61042 052200  780 174 2986    +9417857   +101         -42     +6   31   5  270  -88  106  -11  106  -11  19  0  0 L3B 26
C23 FF 61042 052200  780 500 1617    +5170478    -79          -9     -2   13   5  106  -11  106   -8  106   -8   7  0  0 L3B C9
C25 FF 61042 052200  780 502  738    -9604446   -115         -60     +2   16   5  105   +5  102   -7  102   -7  10  0  0 L3B C8
C32 FF 61042 052200  780 747 2927    +9691971    -59          -1     -1   11   5   84   -3   80   +2   80    2   6  0  0 L3B 84
C37 FF 61042 052200  780 101 1973    +9031240    +38         -29     -6   28   5  456 -277  171  +11  171   11  18  0  0 L3B 19
C41 FF 61042 052200  780 451 1215    +9478457    -48         -25    -27   16   5  114  +13  105  +22  105   22  10  0  0 L3B 08
C20 FF 61042 053800  780 231 3006    +9417954    +99         -37     +3   20   5  205  -51  102   -4  102   -4  12  0  0 L3B DD
C23 FF 61042 053800  780 564 1565    +5170410    -74          -3     +2   16   5   97   -7   97   -7   97   -7   9  0  0 L3B A4
C25 FF 61042 053800  780 465  661    -9604549   -101         -51    +16   17   5  111   +8   96  -17   96  -17  10  0  0 L3B 01
C32 FF 61042 053800  780 810 2797    +9691911    -34          -4    +25   12   5   82   -1   82  -15   82  -15   7  0  0 L3B CA
C37 FF 61042 053800  780 164 1980    +9031292    +45         -20     +1   28   5  285 -111  158  -23  158  -23  15  0  0 L3B 2B
C41 FF 61042 053800  780 387 1257    +9478439     +8         -23    +29   15   5  129  +18  108  -14  108  -14   8  0  0 L3B 1D
C20 FF 61042 060600  780 336 3028    +9418103    +92         -54     -4   22   6  146  -24  102   +1  102    1  13  0  0 L3B C4
C23 FF 61042 060600  780 658 1394    +5170271    -77         -41     -2   14   6   89   -3   98   +2   98    2   8  0  0 L3B A4
C25 FF 61042 060600  780 380  573    -9604746   -109         -41     +8   15   6  131  +16   98   +1   98    1   9  0  0 L3B C1
C32 FF 61042 060600  780 821 1870    +9691817    -95         -10    -37    9   6   82   +1   83  +21   83   21   5  0  0 L3B BD
C37 FF 61042 060600  780 279 1998    +9031368    +13         -18    -31   16   6  173  -40  130   +9  130    9  10  0  0 L3B FD
C41 FF 61042 060600  780 277 1322    +9478409    -34           2    -11   19   6  173  +37  130  +34  130   34  12  0  0 L3B F2
C20 FF 61042 062200  780 398 3029    +9418210    +87         -40     -9   20   6  126  -17   94   +4   94    4  13  0  0 L3B C6
C23 FF 61042 062200  780 688 1230    +5170202    -54         -38    +21   13   6   87   -1   97   -9   97   -9   7  0  0 L3B B9
C25 FF 61042 062200  780 325  546    -9604868   -122         -51     -4   18   6  150  +24  114  +21  114   21  11  0  0 L3B F7
C32 FF 61042 062200  780 758 1687    +9691751    -77         -20    -19   11   6   83   +3   92  +18   92   18   7  0  0 L3B E2
C37 FF 61042 062200  780 347 2010    +9031415    +42         -14     -2   18   6  142  -26  120   -4  120   -4  10  0  0 L3B C9
C40 FF 61042 062200  780 105  686    +1964161    +14         -53    -15   33   6  434 -123  182  +17  182   17  22  0  0 L3B 12
C41 FF 61042 062200  780 215 1354    +9478379    -35          -6    -12   35   6  219  +61  172  +60  172   60  20  0  0 L3B 0B
C20 FF 61042 063800  780 460 3018    +9418302    +89         -40     -7   15   6  112  -12   95   +6   95    6   8  0  0 L3B B7
C23 FF 61042 063800  780 692 1039    +5170128    -70         -41     +4   13   6   86   +1  104   +6  104    6   7  0  0 L3B A4
C25 FF 61042 063800  780 268  532    -9604974   -117         -44     +1   16   6  178  +36  128  +22  128   22   9  0  0 L3B 0C
C32 FF 61042 063800  780 687 1639    +9691690    -53         -25     +5   14   6   87   +4  105  +10  105   10   8  0  0 L3B E0
C37 FF 61042 063800  780 417 2022    +9031446    +55         -24    +11   18   6  122  -17  125   -5  125   -5  11  0  0 L3B F3
C40 FF 61042 063800  780 134  673    +1964205    -11         -37    -40   24   6  343  -72  191  +20  191   20  16  0  0 L3B FE
C41 FF 61042 063800  780 154 1383    +9478365    +32           2    +55   36   6  301 +117  234  +53  234   53  19  0  0 L3B 15
C20 FF 61042 065400  780 520 2988    +9418375    +45         -58    -51   15   6  103   -9  113  +41  113   41   9  0  0 L3B FE
C23 FF 61042 065400  780 667  872    +5170043   -110         -54    -35   12   6   88   +2  120  +29  120   29   7  0  0 L3B E1
C25 FF 61042 065400  780 211  527    -9605087   -138         -44    -20   17   6  223  +59  159  +61  159   61  11  0  0 L3B 28
C32 FF 61042 065400  780 614 1628    +9691634    -47         -26    +11   15   6   92   +7  121  +18  121   18   8  0  0 L3B ED
C37 FF 61042 065400  780 487 2034    +9031486    +37         -26     -7   18   6  108  -12  132   +8  132    8  12  0  0 L3B EB
C40 FF 61042 065400  780 162  657    +1964227    +46         -43    +17   21   6  287  -47  200   -4  200   -4  12  0  0 L3B EB
C19 FF 61042 071000  780 126 3137    +9590726     -1         -34    -36   21   7  366 -166  102  +10  102   10  12  0  0 L3B 07
C20 FF 61042 071000  780 577 2933    +9418471    +91         -55     -5   15   7   96   -6  120  +14  120   14   8  0  0 L3B D7
C23 FF 61042 071000  780 623  758    +5169973    -37         -71    +36   14   7   91   +4  134   -9  134   -9   8  0  0 L3B D4
C25 FF 61042 071000  780 154  531    -9605205   -103         -51    +14   21   7  300 +109  213  +46  213   46  13  0  0 L3B 0B
C32 FF 61042 071000  780 541 1630    +9691582    -54         -20     +4   14   7  100  +10  144  +28  144   28   8  0  0 L3B E6
C37 FF 61042 071000  780 558 2043    +9031545    +63         -20    +19   16   7   98   -9  129   -2  129   -2   9  0  0 L3B DB
C40 FF 61042 071000  780 187  640    +1964267    +35         -25     +6   22   7  250  -32  203  +18  203   18  15  0  0 L3B E9
C19 FF 61042 072600  780 184 3139    +9590745     -2         -50    -37   28   7  255  -80  118  +37  118   37  17  0  0 L3B 29
C20 FF 61042 072600  780 625 2841    +9418570   +100         -49     +4   15   7   91   -4  126  +11  126   11   9  0  0 L3B DD
C23 FF 61042 072600  780 569  691    +5169894    -51         -80    +21   15   7   96   +6  148   -7  148   -7   9  0  0 L3B E7
C32 FF 61042 072600  780 468 1638    +9691536    -78         -11    -20   17   7  111  +14  171  +46  171   46  10  0  0 L3B 24
C37 FF 61042 072600  780 629 2046    +9031589    -35         -19    -80   19   7   91   -6  133  +47  133   47  12  0  0 L3B 11
C40 FF 61042 072600  780 210  620    +1964300     +3         -21    -26   22   7  224  -22  208  +17  208   17  13  0  0 L3B D6
C19 FF 61042 074200  780 242 3132    +9590779    +73         -50    +38   19   7  197  -45  137   -6  137   -6  11  0  0 L3B 20
C20 FF 61042 074200  780 657 2703    +9418660   +103         -51     +7   19   7   89   -2  140   +1  140    1  10  0  0 L3B C3
C23 FF 61042 074200  780 510  656    +5169824    -63         -81     +9   13   7  104   +9  161  +14  161   14   7  0  0 L3B D3
C32 FF 61042 074200  780 395 1649    +9691464    -54         -26     +4   18   7  127  +20  206  +28  206   28  11  0  0 L3B 17
C37 FF 61042 074200  780 700 2034    +9031624    +63         -27    +18   17   7   86   -4  138   -4  138   -4  10  0  0 L3B DE
C40 FF 61042 074200  780 230  599    +1964308    +19         -40     -9   19   7  206  -16  225   +8  225    8  12  0  0 L3B DC
C19 FF 61042 075800  780 300 3115    +9590820    +21         -42    -14   15   7  162  -29  149  +32  149   32   9  0  0 L3B 0E
C20 FF 61042 075800  780 665 2532    +9418753   +108         -50    +12   18   7   88   +0  150   +3  150    3  11  0  0 L3B DD
C23 FF 61042 075800  780 449  641    +5169747    -94         -88    -22   16   7  114  +13  177  +28  177   28   9  0  0 L3B 24
C32 FF 61042 075800  780 324 1660    +9691416    -40         -19    +18   13   7  150  +30  239  +40  239   40   8  0  0 L3B 0C
C37 FF 61042 075800  780 768 1980    +9031669    +15         -25    -29   10   7   83   -2  139  +20  139   20   6  0  0 L3B FC
C40 FF 61042 075800  780 246  577    +1964352    +25         -23     -3   23   7  193  -11  218  +24  218   24  14  0  0 L3B FA
C19 FF 61042 081400  780 354 3086    +9590859    +67         -35    +32   20   8  139  -19  160   -4  160   -4  12  0  0 L3B 16
C20 FF 61042 081400  780 646 2366    +9418852    +95         -38     -1   12   8   89   +2  160  +17  160   17   7  0  0 L3B E4
C23 FF 61042 081400  780 388  640    +5169681    -35         -54    +40   18   8  129  +17  192   +1  192    1  10  0  0 L3B EA
C32 FF 61042 081400  780 255 1670    +9691368    -40          -4    +19   18   8  187  +48  282  +46  282   46  11  0  0 L3B 25
C37 FF 61042 081400  780 828 1773    +9031706    +78         -28    +33   16   8   81   -1  151   -6  151   -6   9  0  0 L3B E1
C40 FF 61042 081400  780 259  553    +1964374    +51         -37    +21   20   8  184   -8  222   -9  222   -9  11  0  0 L3B E3
C19 FF 61042 083000  780 404 3041    +9590900    +43         -28     +8   18   8  125  -12  168   +7  168    7  11  0  0 L3B EA
C20 FF 61042 083000  780 604 2238    +9418937    +86         -45    -10   12   8   93   +5  184  +28  184   28   7  0  0 L3B FA
C23 FF 61042 083000  780 328  649    +5169610    -42         -53    +34   18   8  149  +25  227  +23  227   23  11  0  0 L3B 0B
C32 FF 61042 083000  780 187 1679    +9691319    -91           3    -33   24   8  249  +87  335 +113  335  113  15  0  0 L3B 39
C37 FF 61042 083000  780 842 1153    +9031755    +30         -22    -15   12   8   81   +0  160  +19  160   19   7  0  0 L3B D7
C40 FF 61042 083000  780 269  528    +1964407    +21         -31     -8   13   8  178   -5  241  +44  241   44   9  0  0 L3B D9
C43 FF 61042 083000  780 112  709    -1287444    +24         -16    +33   40   8  409 -113  357  -28  357  -28  27  0  0 L3B 33
C19 FF 61042 084600  780 447 2978    +9590918    +59         -43    +24   17   8  115   -8  198   -8  198   -8  10  0  0 L3B 2E
C20 FF 61042 084600  780 548 2149    +9419033   +116         -41    +20   14   8   99   +8  201   +9  201    9   9  0  0 L3B D9
C23 FF 61042 084600  780 269  664    +5169534    -56         -57    +19   18   8  177  +36  278  +48  278   48  11  0  0 L3B 41
C32 FF 61042 084600  780 122 1685    +9691257    -51          -2     +8   19   8  376 +195  429  +51  429   51  13  0  0 L3B 28
C37 FF 61042 084600  780 793  818    +9031789    +77         -31    +33   10   8   82   +2  174  -11  174  -11   6  0  0 L3B F3
C40 FF 61042 084600  780 275  504    +1964443    +10         -24    -19   13   8  174   -2  244   -6  244   -6   9  0  0 L3B D3
C43 FF 61042 084600  780 140  654    -1287443    +65          -6    +74   27   8  330  -57  329  -56  329  -56  18  0  0 L3B 27
C19 FF 61042 090200  780 478 2897    +9590962    +16         -22    -18   14   9  109   -4  195  +12  195   12   8  0  0 L3B 1A
C20 FF 61042 090200  780 485 2091    +9419126    +80         -38    -16   17   9  108  +11  232  +43  232   43  10  0  0 L3B 0F
C23 FF 61042 090200  780 212  685    +5169456    -87         -53    -11   23   9  221  +57  330  +58  330   58  14  0  0 L3B 13
C37 FF 61042 090200  780 730  739    +9031840    +14         -34    -31   15   9   84   +3  180  +28  180   28   9  0  0 L3B DA
C40 FF 61042 090200  780 276  480    +1964459    -26         -44    -55   19   9  173   +0  256  +48  256   48  12  0  0 L3B 11
C43 FF 61042 090200  780 160  596    -1287455    -10         -27     -3   34   9  290  -29  343  -10  343  -10  25  0  0 L3B 04
C19 FF 61042 091800  780 495 2799    +9590979    +66         -37    +32   10   9  106   -1  210  -12  210  -12   6  0  0 L3B 19
C20 FF 61042 091800  780 417 2051    +9419225    +84         -31    -12   17   9  121  +17  266  +43  266   43  10  0  0 L3B 15
C22 FF 61042 091800  780 130 3260    -4269851    -49         -45    -15   29   9  357 -142  221  +32  221   32  19  0  0 L3B 34
C23 FF 61042 091800  780 157  709    +5169393    -89         -43    -13   25   9  295 +101  385  +90  385   90  16  0  0 L3B 43
C28 FF 61042 091800  780 115 1092    -4665719    -60         -55    -15  123   9  400 -169  412   +0  412    0  82  0  0 L3B 1E
C37 FF 61042 091800  780 665  724    +9031879     -8         -38    -54   15   9   88   +4  185  +25  185   25   9  0  0 L3B F5
C40 FF 61042 091800  780 274  457    +1964498    +51         -33    +22   17   9  174   +2  250  -14  250  -14  10  0  0 L3B 03
C43 FF 61042 091800  780 171  535    -1287456     +8         -21    +15   29   9  271  -11  316  -46  316  -46  18  0  0 L3B 15
C19 FF 61042 093400  780 495 2695    +9591028    +61         -22    +27   19   9  106   +2  199  -18  199  -18  11  0  0 L3B 3D
C20 FF 61042 093400  780 349 2023    +9419318   +100         -29     +4   14   9  141  +25  292  +30  292   30   8  0  0 L3B FF
C22 FF 61042 093400  780 180 3233    -4269887     -7         -49    +27   25   9  260  -70  242   -6  242   -6  15  0  0 L3B 07
C23 FF 61042 093400  780 103  737    +5169264   -275         -99   -199   95   9  441 +220  489 +212  489  212  63  0  0 L3B 93
C28 FF 61042 093400  780 163 1048    -4665747    -28         -40    +17   26   9  286  -82  373  -77  373  -77  18  0  0 L3B 5D
C37 FF 61042 093400  780 601  734    +9031917     +4         -43    -41   16   9   93   +6  187  +27  187   27   9  0  0 L3B DC
C40 FF 61042 093400  780 269  436    +1964529    +63         -30    +33   24   9  178   +4  254   -7  254   -7  14  0  0 L3B F3
C43 FF 61042 093400  780 173  474    -1287477    -10         -34     -2   26   9  268   +4  321  +30  321   30  18  0  0 L3B E5
C19 FF 61042 095000  780 477 2594    +9591060    +47         -22    +13   15   9  109   +5  197  -22  197  -22   8  0  0 L3B 1E
C20 FF 61042 095000  780 281 2003    +9419411   +133         -27    +38   17   9  171  +39  330  +25  330   25  10  0  0 L3B 19
C22 FF 61042 095000  780 226 3197    -4269928    -70         -56    -36   23   9  210  -39  251  +22  251   22  14  0  0 L3B 25
C28 FF 61042 095000  780 208  998    -4665801    -77         -50    -32   20   9  227  -46  347   -6  347   -6  13  0  0 L3B 15
C36 FF 61042 095000  780 128 2573    -3069375    +27           8    +15   33   9  361 -149  338   +0  338    0  22  0  0 L3B F9
C37 FF 61042 095000  780 538  755    +9031961    +40         -44     -5   11   9  100   +8  194   +8  194    8   6  0  0 L3B BF
C40 FF 61042 095000  780 260  418    +1964573     +6         -15    -24   15   9  183   +7  261  +40  261   40   8  0  0 L3B D2
C43 FF 61042 095000  780 165  415    -1287478    -13         -29     -5   29   9  280  +21  338  +14  338   14  17  0  0 L3B 09
C19 FF 61042 100600  780 444 2505    +9591094    +62         -23    +27   21  10  115   +8  201   -7  201   -7  12  0  0 L3B ED
C20 FF 61042 100600  780 214 1986    +9419494    +54         -38    -41   21  10  220  +67  388  +91  388   91  13  0  0 L3B 3E
C22 FF 61042 100600  780 266 3149    -4269946    -41         -37     -6   28  10  180  -23  240   +7  240    7  17  0  0 L3B FA
C27 FF 61042 100600  780 119 1352    -5767577    -17         -24    +32   24  10  387 -180  443  -81  443  -81  17  0  0 L3B 5C
C28 FF 61042 100600  780 248  942    -4665854    -28         -27    +19   15  10  192  -28  313  -56  313  -56  10  0  0 L3B 38
C36 FF 61042 100600  780 182 2609    -3069347    +16          16     +3   25  10  258  -76  286  -61  286  -61  16  0  0 L3B 2C
C37 FF 61042 100600  780 476  782    +9032001    +39         -31     -4   16  10  109  +11  211  +22  211   22   9  0  0 L3B D5
C40 FF 61042 100600  780 248  402    +1964611     +8         -11    -22   18  10  191  +10  280  +44  280   44  11  0  0 L3B E7
C43 FF 61042 100600  780 148  360    -1287484    +16         -22    +23   24  10  311  +45  354  -26  354  -26  16  0  0 L3B 1B
C19 FF 61042 102200  780 399 2431    +9591132     +0         -18    -34   17  10  126  +13  211  +44  211   44  10  0  0 L3B FD
C20 FF 61042 102200  780 148 1971    +9419574    +31         -50    -65   23  10  312 +133  442  +71  442   71  13  0  0 L3B 2E
C22 FF 61042 102200  780 297 3091    -4269977    -27         -35     +8   22  10  163  -14  235   -7  235   -7  14  0  0 L3B 0D
C27 FF 61042 102200  780 176 1318    -5767630    -20         -30    +29   27  10  267  -85  352  -57  352  -57  16  0  0 L3B 49
C28 FF 61042 102200  780 282  880    -4665873    -70          -1    -22   22  10  171  -17  283   +5  283    5  13  0  0 L3B E4
C36 FF 61042 102200  780 237 2645    -3069362    +10         -11     -3   27  10  201  -46  260   +1  260    1  17  0  0 L3B D5
C37 FF 61042 102200  780 416  813    +9032047    +68         -27    +25   16  10  121  +15  237  +32  237   32   9  0  0 L3B FA
C40 FF 61042 102200  780 234  390    +1964623    +33         -29     +3   19  10  202  +13  299   +1  299    1  11  0  0 L3B D0
C43 FF 61042 102200  780 122  310    -1287516    +39         -47    +47   30  10  374  +90  382   +7  382    7  19  0  0 L3B F4
C19 FF 61042 103800  780 347 2371    +9591150    +32         -33     -2   21  10  141  +20  248  +32  248   32  12  0  0 L3B 03
C22 FF 61042 103800  780 318 3023    -4270019    -47         -44    -13   17  10  153   -7  235  +11  235   11   9  0  0 L3B F4
C27 FF 61042 103800  780 232 1281    -5767672    -73         -24    -24   23  10  205  -48  322   -5  322   -5  13  0  0 L3B 12
C28 FF 61042 103800  780 306  811    -4665923    -64          -6    -17   21  10  158   -9  296   +9  296    9  12  0  0 L3B EE
C36 FF 61042 103800  780 292 2682    -3069330    +13           8     +1   19  10  165  -30  237  -21  237  -21  12  0  0 L3B FA
C37 FF 61042 103800  780 358  847    +9032095    +48         -21     +4   23  10  138  +20  267  +30  267   30  14  0  0 L3B 05
C40 FF 61042 103800  780 217  380    +1964642    +80         -38    +50   20  10  216  +17  312  -20  312  -20  12  0  0 L3B 03
C19 FF 61042 105400  780 290 2322    +9591190    +31         -25     -3   27  10  166  +31  272  +25  272   25  16  0  0 L3B 10
C22 FF 61042 105400  780 326 2950    -4270051     -1         -43    +33   26  10  150   -1  245  -14  245  -14  17  0  0 L3B F7
C27 FF 61042 105400  780 287 1237    -5767716    -50         -22     -1   19  10  168  -30  305  +15  305   15  12  0  0 L3B 16
C28 FF 61042 105400  780 320  738    -4665966    -65          -3    -18   20  10  152   -4  272  -14  272  -14  13  0  0 L3B 06
C36 FF 61042 105400  780 349 2718    -3069322    +22           4     +9   19  10  141  -21  214  -13  214  -13  12  0  0 L3B F2
C37 FF 61042 105400  780 301  882    +9032129     -3         -28    -46   23  10  160  +28  304  +53  304   53  15  0  0 L3B FA
C40 FF 61042 105400  780 199  374    +1964687    +42         -22    +12   28  10  235  +22  312   -3  312   -3  17  0  0 L3B F7
C19 FF 61042 111000  780 231 2283    +9591235    +59         -20    +24   29  11  204  +51  291  +24  291   24  18  0  0 L3B 20
C21 FF 61042 111000  780 102 3360    +8968659    -18         -53    +36   21  11  448 -166  364   +6  364    6  14  0  0 L3B 23
C22 FF 61042 111000  780 322 2874    -4270081    +13         -39    +48   23  11  151   +5  249  -28  249  -28  13  0  0 L3B 1F
C27 FF 61042 111000  780 338 1184    -5767768    -40          -3    +11   16  11  145  -19  291  -43  291  -43   9  0  0 L3B 20
C28 FF 61042 111000  780 322  664    -4666010    -65         -19    -19   20  11  151   +2  274  +30  274   30  12  0  0 L3B F0
C36 FF 61042 111000  780 408 2753    -3069318    +27         -10    +14   18  11  124  -15  216  -10  216  -10  11  0  0 L3B 17
C37 FF 61042 111000  780 245  917    +9032176    +37         -11     -5   17  11  193  +42  339  +56  339   56  10  0  0 L3B 0A
C40 FF 61042 111000  780 179  372    +1964694    +72         -41    +42   19  11  260  +29  351  +18  351   18  11  0  0 L3B 14
C19 FF 61042 112600  780 171 2249    +9591255    +22         -33    -12   19  11  271  +93  330  +42  330   42  11  0  0 L3B 1D
C21 FF 61042 112600  780 137 3315    +8968600    -57         -59     -2   22  11  337  -77  367  -13  367  -13  15  0  0 L3B 39
C22 FF 61042 112600  780 305 2800    -4270119     -8         -44    +26   23  11  159  +11  270   -4  270   -4  14  0  0 L3B EA
C27 FF 61042 112600  780 384 1121    -5767816    -67          -3    -16   20  11  130  -13  270  -36  270  -36  11  0  0 L3B 1F
C28 FF 61042 112600  780 311  593    -4666056    -17         -21    +29   20  11  156   +8  288   +2  288    2  13  0  0 L3B E9
C30 FF 61042 112600  780 136 1663    -3559069    -64         -25    +20   21  11  342 -156  388  -76  388  -76  13  0  0 L3B 62
C36 FF 61042 112600  780 467 2787    -3069310    +29         -14    +16   18  11  111  -11  212  -22  212  -22  11  0  0 L3B 20
C37 FF 61042 112600  780 191  953    +9032223     -6          -5    -48   26  11  245  +68  382  +71  382   71  15  0  0 L3B 03
C40 FF 61042 112600  780 158  373    +1964720    +51         -44    +21   18  11  292  +39  381  -15  381  -15  12  0  0 L3B 21
C19 FF 61042 114200  780 112 2218    +9591283    +49         -38    +14   30  11  407 +207  399  +77  399   77  18  0  0 L3B 5D
C21 FF 61042 114200  780 164 3264    +8968556    -36         -51    +18   23  11  283  -39  353  -20  353  -20  14  0  0 L3B 3E
C22 FF 61042 114200  780 277 2731    -4270158    -48         -50    -13   22  11  173  +19  290  +21  290   21  13  0  0 L3B 1A
C27 FF 61042 114200  780 422 1046    -5767871    -47          -9     +3   18  11  120   -8  256   +6  256    6  11  0  0 L3B D8
C28 FF 61042 114200  780 289  529    -4666103    -46         -24     +0   19  11  167  +15  293  +18  293   18  11  0  0 L3B 13
C30 FF 61042 114200  780 199 1648    -3559153   -132         -30    -48   22  11  237  -76  396  +28  396   28  19  0  0 L3B 5E
C36 FF 61042 114200  780 528 2819    -3069302    +78         -19    +65   12  11  101   -9  206  -39  206  -39   7  0  0 L3B 21
C37 FF 61042 114200  780 137  989    +9032249    +48         -19     +5   49  11  335 +127  421   +3  421    3  30  0  0 L3B FA
C40 FF 61042 114200  780 136  377    +1964747    +39         -46     +9   25  11  337  +54  378   +1  378    1  15  0  0 L3B F7
C21 FF 61042 115800  780 182 3206    +8968504    -37         -51    +17   30  11  256  -18  344  -12  344  -12  18  0  0 L3B 3B
C22 FF 61042 115800  780 240 2669    -4270170    -21         -29    +13   26  11  197  +32  303  +34  303   34  16  0  0 L3B 1C
C27 FF 61042 115800  780 448  960    -5767912     +0          -2    +51   14  11  115   -4  243  -48  243  -48   8  0  0 L3B EB
C28 FF 61042 115800  780 257  474    -4666136    -34         -13    +12   18  11  185  +25  301   +7  301    7  12  0  0 L3B F1
C30 FF 61042 115800  780 264 1631    -3559225    -95         -21    -11   21  11  182  -44  333   -9  333   -9  13  0  0 L3B 12
C36 FF 61042 115800  780 591 2846    -3069283    -20         -11    -33   15  11   94   -6  196   +6  196    6   9  0  0 L3B EC
C40 FF 61042 115800  780 113  384    +1964790    +27         -33     -3   28  11  400  +78  372  -16  372  -16  17  0  0 L3B 1B
C21 FF 61042 121400  780 190 3145    +8968436    -94         -60    -39   31  12  246   -3  356  +32  356   32  19  0  0 L3B 29
C22 FF 61042 121400  780 197 2614    -4270217    -19         -47    +15   24  12  238  +54  358  +30  358   30  14  0  0 L3B 2A
C27 FF 61042 121400  780 460  866    -5767961    -31         -15    +18   16  12  112   -1  231  -46  231  -46  10  0  0 L3B 10
C28 FF 61042 121400  780 217  429    -4666185    -82         -53    -40   19  12  216  +41  308  +14  308   14  12  0  0 L3B 19
C30 FF 61042 121400  780 331 1612    -3559305   -111         -19    -28   20  12  148  -28  302   -8  302   -8  12  0  0 L3B 11
C36 FF 61042 121400  780 654 2865    -3069277    +21         -15     +8   13  12   89   -5  199   -1  199   -1   7  0  0 L3B E7
C45 FF 61042 121400  780 164 2860    +6263633   +236         -27    +54   40  12  285  -94  356  -83  356  -83  23  0  0 L3B 61
C21 FF 61042 123000  780 187 3082    +8968404    -73         -40    -19   22  12  249  +10  355  +31  355   31  13  0  0 L3B 26
C22 FF 61042 123000  780 149 2566    -4270249    -56         -46    -22   23  12  309 +100  408  +65  408   65  14  0  0 L3B 3E
C27 FF 61042 123000  780 455  772    -5767998    -29          -4    +21   17  12  113   +2  222  -16  222  -16  10  0  0 L3B 02
C28 FF 61042 123000  780 172  394    -4666242    -61         -69    -19   18  12  270  +74  324  +22  324   22  11  0  0 L3B 1A
C30 FF 61042 123000  780 397 1586    -3559380    -61         -13    +23   18  12  126  -18  272  -56  272  -56  11  0  0 L3B 42
C36 FF 61042 123000  780 719 2870    -3069254    -21          -4    -34   11  12   85   -3  190  +19  190   19   6  0  0 L3B E7
C45 FF 61042 123000  780 219 2888    +6263814   +176         -21     -6   26  12  216  -54  327  -13  327  -13  16  0  0 L3B 41
C21 FF 61042 124600  780 174 3019    +8968343    -71         -48    -17   27  12  267  +27  373  +33  373   33  16  0  0 L3B 43
C27 FF 61042 124600  780 436  687    -5768049    -43          -8     +7   15  12  117   +6  223  +10  223   10  10  0  0 L3B E2
C28 FF 61042 124600  780 122  369    -4666289    +38         -77    +80   31  12  373 +152  344  -40  344  -40  18  0  0 L3B 4C
C30 FF 61042 124600  780 463 1550    -3559463    -47         -15    +37   14  12  112  -13  238  -46  238  -46   8  0  0 L3B 31
C36 FF 61042 124600  780 784 2833    -3069257    +30         -20    +17   11  12   83   -2  197  -15  197  -15   7  0  0 L3B 10
C45 FF 61042 124600  780 276 2912    +6263971   +208         -38    +26   22  12  174  -35  310  -47  310  -47  14  0  0 L3B 51
C21 FF 61042 130200  780 151 2959    +8968291    +13         -42    +69   27  13  304  +53  402   -8  402   -8  16  0  0 L3B 1B
C27 FF 61042 130200  780 404  615    -5768099    -37         -17    +12   23  13  124  +10  228   -2  228   -2  13  0  0 L3B F8
C29 FF 61042 130200  780 148 1922    -5447420    -51         -39     +1   18  13  314 -135  440  -35  440  -35  14  0  0 L3B 31
C30 FF 61042 130200  780 526 1498    -3559538    -69          -9    +15   11  13  102   -9  228  -30  228  -30   7  0  0 L3B 0C
C36 FF 61042 130200  780 843 2622    -3069231    +18           1     +6    8  13   81   -1  185  -10  185  -10   5  0  0 L3B B1
C45 FF 61042 130200  780 335 2931    +6264146   +159         -39    -23   18  13  146  -24  280  -15  280  -15  12  0  0 L3B 4A
C21 FF 61042 131800  780 121 2903    +8968223    -82         -57    -27   32  13  376 +103  443  +57  443   57  20  0  0 L3B 48
C27 FF 61042 131800  780 362  559    -5768146     +4         -17    +53   20  13  136  +15  234  -22  234  -22  11  0  0 L3B 10
C29 FF 61042 131800  780 213 1927    -5447470    -70         -39    -19   19  13  222  -68  400  -65  400  -65  12  0  0 L3B 47
C30 FF 61042 131800  780 583 1422    -3559628    -63         -18    +21   15  13   95   -6  215  -25  215  -25   9  0  0 L3B 0E
C36 FF 61042 131800  780 850 1844    -3069217     +7           3     -5    8  13   81   +1  181   +1  181    1   5  0  0 L3B 77
C45 FF 61042 131800  780 395 2945    +6264319   +169         -40    -13   16  13  127  -17  248  -23  248  -23  10  0  0 L3B 59
C27 FF 61042 133400  780 313  519    -5768190    -40         -15     +9   19  13  155  +23  237   +5  237    5  12  0  0 L3B E8
C29 FF 61042 133400  780 280 1933    -5447523    -70         -42    -18   18  13  172  -40  331  -79  331  -79  11  0  0 L3B 46
C30 FF 61042 133400  780 629 1311    -3559710    -73         -19    +11   15  13   91   -3  203  -20  203  -20   9  0  0 L3B EC
C36 FF 61042 133400  780 792 1559    -3069206    +31           3    +19   13  13   82   +2  176  -17  176  -17   7  0  0 L3B F0
C45 FF 61042 133400  780 457 2950    +6264488   +164         -46    -18   15  13  113  -12  229  -11  229  -11   8  0  0 L3B 43
C27 FF 61042 135000  780 261  491    -5768240    -17         -18    +31   16  13  183  +36  250   -8  250   -8  11  0  0 L3B 01
C29 FF 61042 135000  780 349 1940    -5447571    -71         -41    -20   15  13  141  -25  264  -39  264  -39   9  0  0 L3B 39
C30 FF 61042 135000  780 656 1162    -3559783    -75         -11     +9   14  13   89   -1  190  -12  190  -12   8  0  0 L3B F8
C36 FF 61042 135000  780 724 1505    -3069215     +1         -18    -11   12  13   85   +3  188  +10  188   10   7  0  0 L3B D6
C45 FF 61042 135000  780 519 2942    +6264663   +168         -46    -14   14  13  103   -9  213   -5  213   -5   8  0  0 L3B 08
C27 FF 61042 140600  780 205  475    -5768286    -42         -23     +6   17  14  228  +60  258   +8  258    8  11  0  0 L3B F9
C29 FF 61042 140600  780 419 1946    -5447628    -10         -47    +42   20  14  121  -17  242  -45  242  -45  13  0  0 L3B 3C
C30 FF 61042 140600  780 658  995    -3559868    -81         -32     +1   14  14   89   +1  191   -5  191   -5   8  0  0 L3B DA
C36 FF 61042 140600  780 654 1497    -3069201    +12         -44     -2   13  14   89   +5  192   +4  192    4   8  0  0 L3B C5
C38 FF 61042 140600  780 121  690    -2665914    -45         -53    -26   27  14  379 -101  317  -22  317  -22  16  0  0 L3B 42
C45 FF 61042 140600  780 580 2916    +6264846   +177         -37     -5   13  14   95   -7  194  -13  194  -13   7  0  0 L3B 21
C27 FF 61042 142200  780 149  468    -5768348    -43         -40     +5   21  14  309 +115  271   -5  271   -5  12  0  0 L3B 0A
C29 FF 61042 142200  780 490 1951    -5447679    -34         -48    +17   14  14  107  -12  223  -23  223  -23   9  0  0 L3B 31
C30 FF 61042 142200  780 635  848    -3559949    -88         -34     -6   15  14   90   +3  187   +0  187    0   9  0  0 L3B CD
C36 FF 61042 142200  780 583 1504    -3069179     -8         -35    -22   13  14   95   +7  189   +9  189    9   7  0  0 L3B E4
C38 FF 61042 142200  780 153  676    -2665948    +19         -68    +38   25  14  303  -61  294  -61  294  -61  15  0  0 L3B 49
C45 FF 61042 142200  780 638 2858    +6265006   +167         -52    -15   12  14   90   -4  192   -3  192   -3   7  0  0 L3B FB
C26 FF 61042 143800  780 146 3082    +5756745    +35         -30    -21   23  14  319 -124  334  -44  334  -44  14  0  0 L3B 4F
C29 FF 61042 143800  780 562 1950    -5447724    -57         -43     -5   14  14   97   -8  202  -12  202  -12   8  0  0 L3B FF
C30 FF 61042 143800  780 594  741    -3560036   -105         -42    -23   15  14   94   +5  190  +18  190   18   9  0  0 L3B FB
C36 FF 61042 143800  780 512 1518    -3069173    +11         -43     -3   14  14  103  +11  200   +8  200    8   8  0  0 L3B C9
C38 FF 61042 143800  780 182  659    -2665943    -13         -45     +6   23  14  256  -40  252  -29  252  -29  16  0  0 L3B 2F
C45 FF 61042 143800  780 687 2750    +6265180   +192         -53    +10   10  14   87   -3  185  -15  185  -15   6  0  0 L3B 24
C26 FF 61042 145400  780 203 3084    +5756778     +3         -52    -53   23  14  233  -65  306  -11  306  -11  14  0  0 L3B 24
C29 FF 61042 145400  780 633 1937    -5447777    -73         -47    -21   16  14   90   -6  194   +2  194    2   9  0  0 L3B F6
C30 FF 61042 145400  780 542  673    -3560114   -113         -41    -31   18  14  100   +7  191  +21  191   21  10  0  0 L3B F7
C36 FF 61042 145400  780 442 1533    -3069161    -16         -44    -31   17  14  116  +15  209  +33  209   33  10  0  0 L3B 1E
C38 FF 61042 145400  780 210  641    -2665960    -47         -43    -28   28  14  224  -27  229   -6  229   -6  17  0  0 L3B 1A
C45 FF 61042 145400  780 719 2573    +6265357   +180         -50     -2   13  14   85   -1  180   +3  180    3   7  0  0 L3B D5
C26 FF 61042 151000  780 260 3078    +5756830    +41         -51    -16   23  15  184  -39  272  -23  272  -23  14  0  0 L3B 39
C29 FF 61042 151000  780 703 1900    -5447825    -74         -48    -23   13  15   86   -4  187   +9  187    9   8  0  0 L3B F3
C30 FF 61042 151000  780 484  635    -3560200    -79         -44     +3   15  15  108  +10  195   +3  195    3   9  0  0 L3B CA
C35 FF 61042 151000  780 148 2232    +2174184   +171         -71    +30   29  15  315 -127  358  -78  358  -78  19  0  0 L3B 71
C36 FF 61042 151000  780 373 1549    -3069145     -8         -19    -19   16  15  133  +21  225  +33  225   33   9  0  0 L3B 0C
C38 FF 61042 151000  780 235  620    -2665993     -4         -54    +15   17  15  202  -19  219  -31  219  -31  10  0  0 L3B 11
C45 FF 61042 151000  780 720 2350    +6265536   +203         -46    +21   16  15   85   +1  179  -12  179  -12   9  0  0 L3B 11
C26 FF 61042 152600  780 316 3062    +5756886    +52         -49     -5   24  15  154  -25  248  -20  248  -20  15  0  0 L3B 37
C29 FF 61042 152600  780 768 1799    -5447868    -32         -41    +20   13  15   83   -2  180  -16  180  -16   7  0  0 L3B 21
C30 FF 61042 152600  780 424  616    -3560275   -112         -39    -29   19  15  120  +14  192  +14  192   14  11  0  0 L3B 21
C35 FF 61042 152600  780 209 2258    +2174312   +148         -78     +7   28  15  227  -65  309  -57  309  -57  17  0  0 L3B 58
C36 FF 61042 152600  780 305 1565    -3069134    -10         -19    -21   17  15  158  +32  247  +33  247   33  10  0  0 L3B 26
C38 FF 61042 152600  780 256  597    -2665993    -26         -35     -6   17  15  186  -14  194  -14  194  -14  12  0  0 L3B 3B
C45 FF 61042 152600  780 690 2160    +6265701   +172         -55    -10   14  15   87   +3  189   +6  189    6   8  0  0 L3B F6
C26 FF 61042 154200  780 371 3033    +5756943    +27         -46    -30   29  15  134  -17  229   +6  229    6  17  0  0 L3B 18
C29 FF 61042 154200  780 815 1521    -5447932    -75         -55    -23   15  15   82   -1  182   +6  182    6   9  0  0 L3B E5
C30 FF 61042 154200  780 364  611    -3560360    -91         -45     -8   14  15  136  +20  193   +1  193    1   8  0  0 L3B C7
C35 FF 61042 154200  780 270 2288    +2174448   +155         -77    +14   19  15  178  -39  281  -26  281  -26  12  0  0 L3B 63
C36 FF 61042 154200  780 239 1578    -3069129    -28         -25    -39   18  15  198  +53  276  +49  276   49  10  0  0 L3B 5B
C38 FF 61042 154200  780 274  572    -2666033    -22         -57     -3   22  15  175  -10  190  -16  190  -16  13  0  0 L3B 14
C45 FF 61042 154200  780 639 2036    +6265883   +192         -47    +10   20  15   90   +5  186   +2  186    2  12  0  0 L3B FB
C26 FF 61042 155800  780 421 2990    +5756990    +38         -53    -18   16  15  121  -11  215  -14  215  -14  10  0  0 L3B 3C
C29 FF 61042 155800  780 812 1058    -5447972    -73         -46    -21   12  15   82   +1  169   +7  169    7   7  0  0 L3B F3
C30 FF 61042 155800  780 304  616    -3560440    -76         -47     +7   16  15  159  +29  185   -4  185   -4   9  0  0 L3B F6
C35 FF 61042 155800  780 332 2319    +2174595   +116         -66    -25   20  15  147  -26  246  -25  246  -25  11  0  0 L3B 55
C36 FF 61042 155800  780 174 1590    -3069104    +61         -11    +50   20  15  267  +97  292  -15  292  -15  12  0  0 L3B 3D
C38 FF 61042 155800  780 289  545    -2666064    -20         -69     -1   23  15  167   -7  183  -16  183  -16  14  0  0 L3B 21
C45 FF 61042 155800  780 577 1962    +6266053   +201         -52    +19   18  15   95   +7  190  -10  190  -10  10  0  0 L3B 2B
C26 FF 61042 161400  780 463 2928    +5757053    +91         -44    +35   18  16  112   -7  191  -32  191  -32  10  0  0 L3B 2D
C29 FF 61042 161400  780 763  813    -5448019    -39         -42    +12   12  16   83   +2  158  -17  158  -17   7  0  0 L3B 04
C30 FF 61042 161400  780 245  629    -3560522   -109         -45    -26   22  16  193  +44  170   +5  170    5  13  0  0 L3B 01
C35 FF 61042 161400  780 395 2354    +2174727   +138         -76     -4   21  16  127  -18  218  -27  218  -27  13  0  0 L3B 4A
C36 FF 61042 161400  780 111 1600    -3069110     +9         -26     -2   24  16  412 +225  321  +15  321   15  15  0  0 L3B F5
C38 FF 61042 161400  780 299  518    -2666058    -16         -40     +4   18  16  162   -4  150  -20  150  -20  11  0  0 L3B FD
C45 FF 61042 161400  780 510 1918    +6266224   +182         -46     +1   15  16  104  +10  195   +2  195    2   9  0  0 L3B EE
C24 FF 61042 163000  780 127 3197     -300767   +274         -51    -12   32  16  365 -153  253  -47  253  -47  19  0  0 L3B 57
C26 FF 61042 163000  780 496 2846    +5757101    +35         -50    -22   15  16  106   -4  179   +4  179    4   9  0  0 L3B F3
C29 FF 61042 163000  780 702  730    -5448074    -43         -48     +9   11  16   86   +4  150  -18  150  -18   6  0  0 L3B E6
C30 FF 61042 163000  780 188  647    -3560607    -91         -51     -8   15  16  248  +73  157   -7  157   -7  10  0  0 L3B 05
C32 FF 61042 163000  780 125  564    +9689629    -21         -26    +36   32  16  368  -71  132  -45  132  -45  20  0  0 L3B 33
C35 FF 61042 163000  780 459 2391    +2174853   +126         -85    -15   17  16  113  -13  196  -17  196  -17  10  0  0 L3B 59
C38 FF 61042 163000  780 305  490    -2666082    -43         -46    -23   17  16  159   -2  137   -1  137   -1  10  0  0 L3B EE
C45 FF 61042 163000  780 441 1891    +6266408   +156         -36    -25   15  16  116  +15  192  +18  192   18  10  0  0 L3B 43
C24 FF 61042 164600  780 179 3177     -300508   +320         -66    +34   35  16  262  -74  227  -47  227  -47  22  0  0 L3B 49
C26 FF 61042 164600  780 513 2748    +5757168    +60         -36     +4   16  16  103   -1  158  -20  158  -20   9  0  0 L3B 0E
C29 FF 61042 164600  780 638  706    -5448136    -60         -60     -9   17  16   90   +5  145   -2  145   -2  10  0  0 L3B D9
C30 FF 61042 164600  780 132  670    -3560696    -81         -59     +2   29  16  346 +140  153  -11  153  -11  20  0  0 L3B 22
C32 FF 61042 164600  780 145  505    +9689574    -39         -26    +19   24  16  319  -34  118  -19  118  -19  16  0  0 L3B 4B
C35 FF 61042 164600  780 523 2431    +2174995   +159         -79    +17   20  16  102   -9  165  -41  165  -41  12  0  0 L3B 44
C38 FF 61042 164600  780 306  462    -2666118     -9         -62    +11   24  16  158   +0  132  -20  132  -20  14  0  0 L3B F5
C45 FF 61042 164600  780 372 1874    +6266582   +214         -36    +33   19  16  133  +22  193  -22  193  -22  11  0  0 L3B 52
C24 FF 61042 170200  780 228 3149     -300216   +285         -47     -1   33  17  208  -42  189  -28  189  -28  21  0  0 L3B 32
C26 FF 61042 170200  780 514 2641    +5757208    +38         -49    -18   16  17  103   +1  148  -11  148  -11   9  0  0 L3B 18
C29 FF 61042 170200  780 574  708    -5448180    -41         -58    +10   15  17   96   +7  130  -18  130  -18   9  0  0 L3B FF
C32 FF 61042 170200  780 155  445    +9689523    -67         -18     -9   31  17  297  -11  104   -4  104   -4  19  0  0 L3B 01
C35 FF 61042 170200  780 588 2475    +2175124   +140         -84     -1   16  17   95   -7  141  -26  141  -26   9  0  0 L3B 0D
C38 FF 61042 170200  780 304  436    -2666141     +9         -63    +29   15  17  159   +2  123  -28  123  -28   9  0  0 L3B F9
C44 FF 61042 170200  780 120 2491    -9105457    +84         -50     -4   31  17  384 -172  312  -70  312  -70  20  0  0 L3B 2F
C45 FF 61042 170200  780 303 1862    +6266750   +197         -35    +16   18  17  159  +33  191  -13  191  -13  11  0  0 L3B 4F
C20 FF 61042 171800  780 161  940    +9421944   +137         -62    +42   37  17  289  -80  173  -43  173  -43  23  0  0 L3B 49
C24 FF 61042 171800  780 272 3109     -299922   +345         -28    +59   24  17  176  -26  153  -62  153  -62  15  0  0 L3B 53
C26 FF 61042 171800  780 497 2538    +5757274    +65         -37     +9   13  17  106   +4  129  -17  129  -17   7  0  0 L3B 27
C29 FF 61042 171800  780 511  723    -5448228    -51         -56     +0   14  17  104   +9  121   -4  121   -4   8  0  0 L3B C7
C32 FF 61042 171800  780 156  384    +9689470    -98         -15    -40   24  17  296   +8   94  +13   94   13  14  0  0 L3B 09
C35 FF 61042 171800  780 652 2524    +2175260   +146         -84     +5   18  17   89   -5  123  -16  123  -16  10  0  0 L3B 19
C38 FF 61042 171800  780 297  413    -2666161     +1         -64    +21   19  17  162   +4  113  -18  113  -18  10  0  0 L3B FD
C44 FF 61042 171800  780 175 2526    -9105365   +117         -42    +28   31  17  268  -84  242 -100  242 -100  19  0  0 L3B 72
C45 FF 61042 171800  780 236 1853    +6266916   +174         -42     -7   25  17  201  +55  196   +0  196    0  16  0  0 L3B 18
C20 FF 61042 173400  780 204  887    +9422048    +93         -50     -2   22  17  231  -44  152   -9  152   -9  14  0  0 L3B F2
C24 FF 61042 173400  780 310 3058     -299652   +290         -33     +4   24  17  156  -16  133  -27  133  -27  14  0  0 L3B 28
C26 FF 61042 173400  780 465 2446    +5757318    +66         -46    +10   18  17  111   +7  128   -5  128   -5  11  0  0 L3B 0D
C29 FF 61042 173400  780 449  746    -5448282    -96         -60    -45   15  17  114  +13  120  +23  120   23   9  0  0 L3B 12
C32 FF 61042 173400  780 147  325    +9689416    -35         -14    +23   24  17  314  +30   85  -29   85  -29  14  0  0 L3B 16
C35 FF 61042 173400  780 717 2582    +2175400   +150         -80     +9   17  17   85   -3  109  -15  109  -15  10  0  0 L3B 13
C38 FF 61042 173400  780 287  392    -2666173    +43         -57    +63   12  17  167   +6  102  -47  102  -47   7  0  0 L3B 17
C44 FF 61042 173400  780 230 2562    -9105279   +131         -40    +43   26  17  206  -49  178  -91  178  -91  17  0  0 L3B 60
C45 FF 61042 173400  780 170 1845    +6267100   +194         -31    +14   22  17  273 +101  191   +0  191    0  14  0  0 L3B 14
C20 FF 61042 175000  780 240  827    +9422145    +69         -45    -26   26  17  198  -26  133   -1  133   -1  17  0  0 L3B 06
C24 FF 61042 175000  780 339 2996     -299371   +304         -27    +18   18  17  144   -9  115  -24  115  -24  11  0  0 L3B 36
C26 FF 61042 175000  780 422 2371    +5757384    +55         -34     -1   20  17  120  +11  119   +0  119    0  11  0  0 L3B DC
C29 FF 61042 175000  780 389  774    -5448330    -57         -59     -6   14  17  128  +17  117   +1  117    1   8  0  0 L3B EB
C32 FF 61042 175000  780 127  270    +9689343    -90         -31    -32   25  17  358  +65   88  +16   88   16  16  0  0 L3B 14
C35 FF 61042 175000  780 781 2663    +2175533   +138         -83     -3   17  17   83   -2  104   -6  104   -6  10  0  0 L3B F1
C38 FF 61042 175000  780 274  374    -2666173     +3         -38    +22   16  17  175   +9   85  -19   85  -19   9  0  0 L3B F1
C44 FF 61042 175000  780 287 2599    -9105188    +87         -34     -1   20  17  168  -32  143  -16  143  -16  13  0  0 L3B 3B
C45 FF 61042 175000  780 107 1837    +6267265   +145         -40    -36   20  17  424 +238  203  +34  203   34  12  0  0 L3B 48
C20 FF 61042 180600  780 268  762    +9422235   +125         -49    +30   20  18  178  -15  119  -34  119  -34  12  0  0 L3B 3C
C24 FF 61042 180600  780 358 2925     -299103   +280         -30     -6   17  18  138   -4  114   -1  114   -1  11  0  0 L3B E8
C26 FF 61042 180600  780 370 2310    +5757424    +68         -49    +12   16  18  134  +17  128  -10  128  -10   9  0  0 L3B 27
C29 FF 61042 180600  780 331  805    -5448371    +12         -52    +64   25  18  147  +23  114  -39  114  -39  16  0  0 L3B 2F
C32 FF 61042 180600  780 100  221    +9689281    -99         -34    -40   29  18  452 +139   90  +27   90   27  17  0  0 L3B 1E
C35 FF 61042 180600  780 843 2835    +2175669   +125         -76    -16    9  18   81   -1   94   +2   94    2   6  0  0 L3B CC
C38 FF 61042 180600  780 258  360    -2666213    -15         -56     +5   17  18  185  +12   89   -5   89   -5  10  0  0 L3B E4
C44 FF 61042 180600  780 344 2637    -9105096    +78         -27    -10   19  18  143  -22  121   -8  121   -8  12  0  0 L3B 1A
C20 FF 61042 182200  780 286  692    +9422343    +85         -32    -10   23  18  168   -7   98   -7   98   -7  14  0  0 L3B EA
C24 FF 61042 182200  780 363 2848     -298833   +285         -35     -1   18  18  136   +0  109   +1  109    1  11  0  0 L3B E6
C26 FF 61042 182200  780 315 2262    +5757486    +44         -41    -12   18  18  154  +26  128  +16  128   16  10  0  0 L3B 2F
C29 FF 61042 182200  780 274  838    -5448417   -117         -49    -66   21  18  174  +34  115  +42  115   42  13  0  0 L3B 3E
C35 FF 61042 182200  780 873  221    +2175806   +138         -74     -3   15  18   81   +0   89   +4   89    4   9  0  0 L3B B0
C38 FF 61042 182200  780 239  350    -2666207    +24         -31    +44   16  18  198  +16   73  -23   73  -23  10  0  0 L3B 06
C44 FF 61042 182200  780 402 2676    -9105014   +120         -30    +32   22  18  125  -16  109  -34  109  -34  13  0  0 L3B 34
C20 FF 61042 183800  780 292  619    +9422434   +131         -33    +35   32  18  165   +0   91  -24   91  -24  20  0  0 L3B FD
C24 FF 61042 183800  780 355 2769     -298542   +308         -18    +23   22  18  139   +5   97  -16   97  -16  12  0  0 L3B 27
C26 FF 61042 183800  780 256 2222    +5757527    +78         -53    +22   20  18  186  +41  141   -6  141   -6  12  0  0 L3B 1B
C29 FF 61042 183800  780 219  872    -5448477    -44         -59     +7   19  18  215  +52  129   -1  129   -1  12  0  0 L3B 12
C35 FF 61042 183800  780 819  701    +2175935   +119         -80    -22   12  18   82   +1   92   +9   92    9   7  0  0 L3B C5
C38 FF 61042 183800  780 219  343    -2666205    -30         -10    -10   19  18  215  +20   57   +7   57    7  11  0  0 L3B D0
C44 FF 61042 183800  780 461 2714    -9104921   +100         -22    +12   19  18  112  -12   95  -15   95  -15  11  0  0 L3B 1E
C20 FF 61042 185400  780 286  548    +9422511    +74         -47    -21   20  18  168   +7   97   +9   97    9  10  0  0 L3B DC
C24 FF 61042 185400  780 335 2694     -298278   +296         -28    +10   18  18  146  +10  104   -7  104   -7  11  0  0 L3B 21
C25 FF 61042 185400  780 133 3272    -9610191   -110         -34     +9   26  18  346  -85   96  -19   96  -19  17  0  0 L3B 35
C26 FF 61042 185400  780 197 2189    +5757589    +49         -45     -7   24  18  237  +69  143  +14  143   14  15  0  0 L3B 46
C29 FF 61042 185400  780 165  907    -5448517    -75         -50    -24   19  18  281  +89  129  +23  129   23  12  0  0 L3B 3C
C35 FF 61042 185400  780 756  817    +2176068   +136         -83     -5   14  18   83   +2   91   +2   91    2   8  0  0 L3B B1
C38 FF 61042 185400  780 197  341    -2666241    +17         -26    +38   21  18  237  +26   73  -23   73  -23  14  0  0 L3B 10
C44 FF 61042 185400  780 522 2752    -9104842    +65         -27    -23   15  18  102   -9   92   +9   92    9  10  0  0 L3B E2
C20 FF 61042 191000  780 268  483    +9422616    +78         -40    -18   17  19  178  +15   91  +12   91   12  10  0  0 L3B FB
C22 FF 61042 191000  780 135 1571    -4271072    -38         -46     -4   16  19  344 -160  135   -2  135   -2  10  0  0 L3B 07
C24 FF 61042 191000  780 305 2625     -297992   +268         -17    -18   18  19  159  +17  100  +18  100   18  11  0  0 L3B 33
C25 FF 61042 191000  780 162 3224    -9610308   -178         -40    -59   22  19  286  -44   96  +34   96   34  14  0  0 L3B 32
C26 FF 61042 191000  780 139 2159    +5757633    +13         -57    -43   28  19  332 +136  154  +35  154   35  17  0  0 L3B 50
C29 FF 61042 191000  780 112  943    -5448572    +96         -58   +148  100  19  405 +184  140 -112  140 -112  68  0  0 L3B 88
C35 FF 61042 191000  780 693  887    +2176200   +160         -62    +22   12  19   86   +4   94  -10   94  -10   7  0  0 L3B E2
C38 FF 61042 191000  780 174  342    -2666275    -33         -41    -13   19  19  266  +35   80  +16   80   16  11  0  0 L3B FC
C44 FF 61042 191000  780 584 2789    -9104768    +82         -43     -6   15  19   95   -7   93   +3   93    3   8  0  0 L3B C9
C19 FF 61042 192600  780 410  972    +9592251    +28         -48     -7   21  19  123   -8  107   -6  107   -6  13  0  0 L3B EF
C20 FF 61042 192600  780 240  425    +9422705    +56         -43    -40   16  19  198  +26   93  +24   93   24  10  0  0 L3B FA
C22 FF 61042 192600  780 199 1552    -4271103    -48         -44    -13   23  19  237  -76  133   +3  133    3  13  0  0 L3B 08
C24 FF 61042 192600  780 266 2564     -297725   +262         -24    -24   20  19  179  +27  107  +12  107   12  12  0  0 L3B 30
C25 FF 61042 192600  780 183 3169    -9610432   -107         -50    +11   25  19  255  -22  103   +0  103    0  15  0  0 L3B 05
C34 FF 61042 192600  780 112 2791    -8545676    -81         -34     -1   45  19  409 -189  128   -5  128   -5  28  0  0 L3B 3D
C35 FF 61042 192600  780 631  943    +2176329   +152         -66    +14   13  19   91   +5   98   -5   98   -5   7  0  0 L3B DA
C38 FF 61042 192600  780 150  346    -2666309    -69         -56    -48   15  19  306  +48   95  +21   95   21  10  0  0 L3B 14
C44 FF 61042 192600  780 647 2823    -9104679    +85         -38     -4   12  19   89   -5   90   +4   90    4   7  0  0 L3B C4
C19 FF 61042 194200  780 433  885    +9592297    +52         -37    +16   15  19  118   -4   92  -14   92  -14   8  0  0 L3B 03
C20 FF 61042 194200  780 203  376    +9422814    +69         -26    -27   26  19  231  +45   82  +18   82   18  15  0  0 L3B 04
C22 FF 61042 194200  780 265 1530    -4271142    -44         -50    -10   18  19  181  -44  132   -2  132   -2  11  0  0 L3B FB
C24 FF 61042 194200  780 221 2511     -297451   +251         -24    -35   23  19  213  +44  112  +25  112   25  14  0  0 L3B 12
C25 FF 61042 194200  780 194 3109    -9610532   -102         -37    +16   29  19  242   -8   94  -10   94  -10  18  0  0 L3B 1F
C34 FF 61042 194200  780 166 2822    -8545746    -87         -26     -6   26  19  282  -91  109  -11  109  -11  16  0  0 L3B 44
C35 FF 61042 194200  780 568  993    +2176458   +142         -70     +3   20  19   96   +7  105   +0  105    0  11  0  0 L3B D2
C38 FF 61042 194200  780 126  354    -2666326    -53         -53    -33   18  19  361  +68  105  +40  105   40  12  0  0 L3B 1D
C44 FF 61042 194200  780 711 2853    -9104592    +79         -36    -10   13  19   85   -3   88   +5   88    5   8  0  0 L3B D1
C19 FF 61042 195800  780 441  792    +9592320    +12         -47    -24   21  19  116   +0   93  +15   93   15  13  0  0 L3B ED
C20 FF 61042 195800  780 159  338    +9422879   +130         -53    +34   29  19  291  +83  119   +8  119    8  17  0  0 L3B 2C
C22 FF 61042 195800  780 332 1504    -4271184    -69         -59    -35   14  19  148  -27  133  +16  133   16   9  0  0 L3B 2F
C24 FF 61042 195800  780 173 2464     -297180   +258         -27    -28   25  19  268  +76  125  +28  125   28  16  0  0 L3B 52
C25 FF 61042 195800  780 194 3047    -9610664     +9         -56   +127   35  19  240   +5  102  -75  102  -75  20  0  0 L3B 36
C34 FF 61042 195800  780 221 2852    -8545810    -52         -14    +29   17  19  214  -53   93  -28   93  -28  10  0  0 L3B 2D
C35 FF 61042 195800  780 506 1039    +2176600   +170         -61    +31   11  19  104  +10  105  -17  105  -17   7  0  0 L3B 24
C38 FF 61042 195800  780 102  365    -2666342    -35         -50    -14   16  19  441 +101  121  +34  121   34  10  0  0 L3B 1B
C44 FF 61042 195800  780 776 2872    -9104518    +78         -47    -10   10  19   83   -2   94   +5   94    5   6  0  0 L3B D5
C19 FF 61042 201400  780 433  701    +9592345     +2         -47    -33   20  20  118   +3   96  +19   96   19  12  0  0 L3B D3
C20 FF 61042 201400  780 110  309    +9422967   +120         -52    +24   28  20  411 +182  159  +54  159   54  16  0  0 L3B 32
C22 FF 61042 201400  780 398 1470    -4271215    -11         -67    +23   16  20  126  -18  126  -20  126  -20   9  0  0 L3B 14
C24 FF 61042 201400  780 123 2422     -296909   +309         -31    +23   40  20  373 +151  136   -7  136   -7  24  0  0 L3B 18
C25 FF 61042 201400  780 185 2985    -9610760   -103         -40    +15   25  20  252  +19   94   +3   94    3  16  0  0 L3B F6
C34 FF 61042 201400  780 277 2879    -8545892   -113         -20    -33   18  20  173  -34   94  +22   94   22  12  0  0 L3B 28
C35 FF 61042 201400  780 445 1082    +2176739   +170         -59    +31   14  20  115  +13  110   -9  110   -9   8  0  0 L3B 03
C44 FF 61042 201400  780 842 2841    -9104424   +120         -42    +32   10  20   81   -1   88  -21   88  -21   6  0  0 L3B DE
C19 FF 61042 203000  780 411  620    +9592386    +54         -40    +19   23  20  123   +7   89  -18   89  -18  13  0  0 L3B F9
C22 FF 61042 203000  780 462 1424    -4271251    +11         -70    +45   21  20  112  -12  123  -36  123  -36  12  0  0 L3B 08
C25 FF 61042 203000  780 167 2925    -9610877   -134         -44    -16   32  20  278  +37  102   +8  102    8  21  0  0 L3B 1A
C34 FF 61042 203000  780 336 2902    -8545982    -73         -33     +8   17  20  146  -24   96  -12   96  -12  10  0  0 L3B 0B
C35 FF 61042 203000  780 384 1122    +2176864   +152         -68    +13   13  20  130  +18  124   +1  124    1   8  0  0 L3B E9
C44 FF 61042 203000  780 883 1709    -9104335   +117         -39    +29   13  20   81   +0   86  -12   86  -12   7  0  0 L3B F3
C19 FF 61042 204600  780 376  552    +9592428    +23         -32    -11   20  20  132  +12   84   +9   84    9  12  0  0 L3B D1
C21 FF 61042 204600  780 162 1838    +8966765    -60         -42     -6   20  20  289 -118  136   +2  136    2  13  0  0 L3B 10
C22 FF 61042 204600  780 522 1360    -4271288    -30         -76     +3   15  20  102   -8  120  -13  120  -13   9  0  0 L3B E5
C25 FF 61042 204600  780 140 2868    -9610974   -173         -28    -55   37  20  328  +69   94  +38   94   38  23  0  0 L3B 46
C34 FF 61042 204600  780 396 2920    -8546056    -51         -30    +30   16  20  127  -17   88  -18   88  -18   9  0  0 L3B 1B
C35 FF 61042 204600  780 324 1160    +2177006   +153         -59    +13   18  20  150  +25  127   -1  127   -1  10  0  0 L3B 05
C44 FF 61042 204600  780 820 1338    -9104266    +76         -54    -13   13  20   82   +1   98   +7   98    7   7  0  0 L3B BF
C19 FF 61042 210200  780 333  500    +9592465    +82         -26    +48   20  21  147  +19   79  -26   79  -26  11  0  0 L3B 0F
C21 FF 61042 210200  780 230 1839    +8966721    -45         -29    +10   15  21  207  -60  124   -8  124   -8  10  0  0 L3B 08
C22 FF 61042 210200  780 572 1270    -4271314     -7         -60    +27   15  21   96   -5  110  -20  110  -20   9  0  0 L3B D0
C34 FF 61042 210200  780 457 2931    -8546134    -68         -39    +11   14  21  113  -12   88   -8   88   -8   8  0  0 L3B F3
C35 FF 61042 210200  780 265 1197    +2177133   +107         -73    -33   21  21  180  +38  142  +29  142   29  12  0  0 L3B 2F
C44 FF 61042 210200  780 751 1330    -9104173    +14         -46    -75   12  21   84   +3   96  +44   96   44   7  0  0 L3B D3
C19 FF 61042 211800  780 283  462    +9592500    +22         -25    -13   18  21  170  +30   78   +6   78    6  11  0  0 L3B D1
C21 FF 61042 211800  780 299 1841    +8966655    -43         -43    +11   22  21  162  -36  130  -10  130  -10  14  0  0 L3B 29
C22 FF 61042 211800  780 608 1148    -4271352    -60         -66    -26   17  21   93   -3  108   +8  108    8  10  0  0 L3B E3
C34 FF 61042 211800  780 519 2931    -8546215   -131         -43    -51   15  21  103   -9   91  +30   91   30   9  0  0 L3B F3
C35 FF 61042 211800  780 206 1230    +2177278   +187         -62    +47   21  21  228  +63  140  -25  140  -25  13  0  0 L3B 3D
C44 FF 61042 211800  780 682 1348    -9104088    +82         -46     -6   14  21   87   +4   99   +9   99    9   8  0  0 L3B C9
C19 FF 61042 213400  780 229  437    +9592536    +30         -22     -5   22  21  206  +48   82   +7   82    7  13  0  0 L3B C5
C21 FF 61042 213400  780 370 1843    +8966596    -57         -49     -2   16  21  134  -23  130   -4  130   -4  10  0  0 L3B 00
C22 FF 61042 213400  780 623 1002    -4271392    -52         -73    -18   16  21   91   +0  108   +8  108    8  10  0  0 L3B CF
C34 FF 61042 213400  780 582 2915    -8546288    -93         -40    -14   12  21   95   -7   90   +6   90    6   7  0  0 L3B C7
C35 FF 61042 213400  780 148 1262    +2177410   +116         -64    -23   33  21  312 +119  148  +21  148   21  19  0  0 L3B 3D
C44 FF 61042 213400  780 613 1372    -9104013   +150         -56    +61   20  21   92   +6  109  -26  109  -26  11  0  0 L3B 10
C19 FF 61042 215000  780 173  422    +9592559    +53         -33    +18   24  21  269  +87  102  +11  102   11  14  0  0 L3B 10
C21 FF 61042 215000  780 443 1843    +8966533    -51         -60     +4   20  21  116  -16  131   -9  131   -9  12  0  0 L3B F4
C22 FF 61042 215000  780 614  856    -4271414    -23         -62    +11   17  21   92   +2  102   -6  102   -6   9  0  0 L3B B6
C34 FF 61042 215000  780 642 2871    -8546378    -91         -53    -12   13  21   90   -5   97  +16   97   16   8  0  0 L3B EE
C43 FF 61042 215000  780 113 3032    -1287854     +9         -18    +18   25  21  407 -199   82   -8   82   -8  19  0  0 L3B 03
C44 FF 61042 215000  780 544 1398    -9103928   +110         -57    +21   17  21   99   +9  115   +0  115    0  10  0  0 L3B EA
C19 FF 61042 220600  780 116  417    +9592616    +42         -12     +6   30  22  394 +189  116  +48  116   48  19  0  0 L3B 28
C21 FF 61042 220600  780 516 1837    +8966492    -54         -48     +1   14  22  103  -11  120   -6  120   -6   8  0  0 L3B EA
C22 FF 61042 220600  780 584  736    -4271456     -9         -77    +25   16  22   95   +4  107  -15  107  -15   9  0  0 L3B EF
C34 FF 61042 220600  780 697 2779    -8546450    -70         -39    +11   12  22   86   -3   98   -8   98   -8   7  0  0 L3B EB
C43 FF 61042 220600  780 170 3044    -1287858    -65         -12    -56   22  22  276  -92   86  +42   86   42  14  0  0 L3B 1B
C44 FF 61042 220600  780 475 1423    -9103842    +70         -58    -19   22  22  109  +12  123  +20  123   20  12  0  0 L3B 11
C21 FF 61042 222200  780 589 1822    +8966431    -88         -56    -33   15  22   94   -8  117  +18  117   18   9  0  0 L3B 16
C22 FF 61042 222200  780 538  650    -4271483    -58         -72    -24   15  22  100   +7  103  +11  103   11   9  0  0 L3B DD
C34 FF 61042 222200  780 736 2608    -8546522    -64         -34    +16   14  22   84   -1   95  -10   95  -10   8  0  0 L3B E8
C39 FF 61042 222200  780 128  669     +175674    +42         -50    +37   25  22  357  -79   99  -24   99  -24  17  0  0 L3B 1A
C42 FF 61042 222200  780 137 2098    +9229519    -30         -21    +18   33  22  340 -156  135  -23  135  -23  20  0  0 L3B 3E
C43 FF 61042 222200  780 227 3050    -1287885    +13         -31    +21   28  22  209  -52  100  -12  100  -12  16  0  0 L3B 16
C44 FF 61042 222200  780 407 1447    -9103753   +109         -54    +20   17  22  124  +17  129  -10  129  -10   9  0  0 L3B 2B
C21 FF 61042 223800  780 661 1785    +8966382    -30         -53    +24   12  22   88   -5  112  -20  112  -20   7  0  0 L3B 01
C22 FF 61042 223800  780 484  595    -4271512    -42         -68     -8   15  22  108  +10   99   +5   99    5   8  0  0 L3B C8
C34 FF 61042 223800  780 747 2359    -8546602    -91         -36    -10   16  22   84   +0   99   +6   99    6   9  0  0 L3B D4
C39 FF 61042 223800  780 156  653     +175694    +42         -34    +37   25  22  296  -50   82  -23   82  -23  17  0  0 L3B 04
C42 FF 61042 223800  780 201 2119    +9229476    -91         -17    -42   32  22  235  -75  121  +13  121   13  20  0  0 L3B 1B
C43 FF 61042 223800  780 285 3048    -1287891    +17         -28    +26   20  22  169  -33   93  -22   93  -22  12  0  0 L3B 24
C44 FF 61042 223800  780 340 1470    -9103670    +45         -56    -44   17  22  144  +26  135  +32  135   32  11  0  0 L3B 1F
C21 FF 61042 225400  780 728 1702    +8966327    -42         -55    +13   13  22   85   -3  109  -11  109  -11   7  0  0 L3B 02
C22 FF 61042 225400  780 425  564    -4271550    -35         -74     -1   17  22  119  +14  101   +0  101    0  10  0  0 L3B BE
C34 FF 61042 225400  780 721 2131    -8546670   -110         -27    -30   15  22   85   +2   94  +23   94   23   9  0  0 L3B E3
C39 FF 61042 225400  780 182  636     +175693    +21         -40    +16   23  22  257  -34   82  -11   82  -11  14  0  0 L3B EC
C42 FF 61042 225400  780 266 2143    +9229431    -68         -15    -19   21  22  181  -43  110   +7  110    7  12  0  0 L3B FA
C43 FF 61042 225400  780 343 3036    -1287896    -66         -25    -57   18  22  143  -22   92  +31   92   31  12  0  0 L3B 14
C44 FF 61042 225400  780 274 1491    -9103582    +64         -54    -25   21  22  175  +39  137  +16  137   16  12  0  0 L3B 32
C21 FF 61042 231000  780 782 1505    +8966293    -58         -56     -4   17  23   83   -1   95   +2   95    2  10  0  0 L3B BC
C22 FF 61042 231000  780 364  549    -4271579     +1         -51    +36   20  23  136  +20   98  -23   98  -23  12  0  0 L3B EF
C34 FF 61042 231000  780 671 1987    -8546760   -131         -53    -52   17  23   88   +4  105  +35  105   35  10  0  0 L3B 20
C39 FF 61042 231000  780 205  617     +175699    +53         -34    +49   20  23  229  -24   81  -33   81  -33  12  0  0 L3B F4
C42 FF 61042 231000  780 332 2170    +9229378    -28         -16    +21   18  23  148  -27  109  -23  109  -23  11  0  0 L3B 31
C43 FF 61042 231000  780 399 3012    -1287906     -9         -22     +0   21  23  126  -15   90   +3   90    3  13  0  0 L3B AF
C44 FF 61042 231000  780 209 1509    -9103493    +84         -48     -4   24  23  224  +67  138   +2  138    2  15  0  0 L3B F7
C21 FF 61042 232600  780 798 1136    +8966232    -89         -66    -35   13  23   82   +0   98  +21   98   21   7  0  0 L3B F2
C22 FF 61042 232600  780 304  547    -4271606    -45         -45    -10   21  23  159  +29   96   +5   96    5  13  0  0 L3B D9
C34 FF 61042 232600  780 608 1908    -8546840   -112         -57    -33   11  23   92   +6  113  +24  113   24   6  0  0 L3B 07
C39 FF 61042 232600  780 225  596     +175706     +9         -32     +4   19  23  210  -17   79   +0   79    0  12  0  0 L3B A1
C42 FF 61042 232600  780 399 2200    +9229325    -57         -22     -7   22  23  126  -18  106   -6  106   -6  14  0  0 L3B 02
C43 FF 61042 232600  780 452 2971    -1287924     -2         -32     +7   16  23  114  -10   95   -5   95   -5   9  0  0 L3B C8
C44 FF 61042 232600  780 146 1525    -9103411    +97         -51     +8   21  23  316 +133  142  -10  142  -10  15  0  0 L3B 1E
C21 FF 61042 234200  780 765  832    +8966186    -78         -62    -25   14  23   83   +2   92  +15   92   15   8  0  0 L3B DC
C22 FF 61042 234200  780 244  553    -4271633    -36         -38     -1   23  23  195  +46   94   -2   94   -2  15  0  0 L3B D1
C34 FF 61042 234200  780 541 1864    -8546912   -126         -53    -46   12  23  100   +9  117  +32  117   32   7  0  0 L3B 18
C39 FF 61042 234200  780 242  574     +175705    +30         -37    +26   17  23  196  -12   83  -11   83  -11  10  0  0 L3B E9
C42 FF 61042 234200  780 467 2234    +9229271    -50         -29     -1   16  23  111  -13  104   -3  104   -3   9  0  0 L3B DF
C43 FF 61042 234200  780 499 2910    -1287914    +14         -12    +23   18  23  106   -7   80  -15   80  -15  10  0  0 L3B FD
C21 FF 61042 235800  780 708  698    +8966128    -67         -68    -13   16  23   86   +3   95   +9   95    9   9  0  0 L3B DA
C22 FF 61042 235800  780 185  567    -4271667    -39         -38     -4   22  23  252  +77   98   +1   98    1  14  0  0 L3B E1
C34 FF 61042 235800  780 471 1839    -8546987    -71         -52     +8   17  23  110  +13  120   -1  120   -1  10  0  0 L3B FF
C39 FF 61042 235800  780 255  550     +175723    +35         -23    +30   17  23  186   -8   77  -20   77  -20  11  0  0 L3B E4
C42 FF 61042 235800  780 535 2271    +9229210    -71         -42    -22   16  23  101   -9  107  +10  107   10   9  0  0 L3B F4
C43 FF 61042 235800  780 535 2826    -1287940    -16         -30     -7   17  23  101   -4   90   +6   90    6  10  0  0 L3B C2
