CGGTTS     GENERIC DATA FORMAT VERSION = 2E
REV DATE = 2026-01-01                    
RCVR = POLARX5-TR                    R2CGGTTS v8.8    
CH = 99 
IMS = POLARX5-TR                    
LAB = PTB                           
X = +3844059.67 m 
Y =  +709661.67 m 
Z = +5023129.80 m 
FRAME = ITRF
COMMENTS = TGD applied
INT DLY =   33.0 ns (BDS B1C),   32.5 ns (BDS B2a)
CAB DLY =  205.7 ns 
REF DLY =   56.2 ns
REF = UTC(PTB)                      
CKSUM = A4

SAT CL  MJD  STTIME TRKL ELV AZTH   REFSV      SRSV     REFSYS    SRSYS  DSG IOE MDTR SMDT MDIO SMDI MSIO SMSI ISG FR HC FRC CK
             hhmmss  s  .1dg .1dg    .1ns     .1ps/s     .1ns    .1ps/s .1ns     .1ns.1ps/s.1ns.1ps/s.1ns.1ps/s.1ns
C21 FF 61072 001000  780 823  423    +8836849    -49         -22     -5   12   0   82   +1   92   +3   92    3   7  0  0 L3B 76
C22 FF 61072 001000  780 291  770    -4351599    -19         -20     +9   25   0  165  +30   96   +5   96    5  15  0  0 L3B B3
C34 FF 61072 001000  780 315 2210    -8748388    -89         -33     -9   20   0  154  +27  131  +16  131   16  12  0  0 L3B FD
C36 FF 61072 001000  780 237  619    -3032492     -5          14    -22   27   0  199   -4   77  +11   77   11  16  0  0 L3B B0
C39 FF 61072 001000  780 245  398     +187729    +31           4    +25    8   0  193  +11   65  -23   65  -23   6  0  0 L3B 9F
C42 FF 61072 001000  780 420 2650    +9120700    -38         -15     +0   16   0  121  -14   95   -3   95   -3   9  0  0 L3B 9F
C43 FF 61072 001000  780 356 2889    -1309544    -13         -21     -5   19   0  139   -2   90   -4   90   -4  12  0  0 L3B B7
C45 FF 61072 001000  780 217 1136    +6735565   +148          -8    -43   31   0  218  -49  149   +6  149    6  19  0  0 L3B 05
C21 FF 61072 002600  780 765  613    +8836798     -4         -30    +40   13   0   83   +2   97  -26   97  -26   7  0  0 L3B BF
C22 FF 61072 002600  780 236  806    -4351613    -46          -8    -18   22   0  201  +45   96  +12   96   12  13  0  0 L3B C8
C34 FF 61072 002600  780 255 2174    -8748455    -67         -24    +13   17   0  187  +42  139   +9  139    9  10  0  0 L3B 0B
C36 FF 61072 002600  780 237  553    -3032484    +24           5     +7   20   0  200   +5   82   -8   82   -8  12  0  0 L3B 7B
C39 FF 61072 002600  780 230  387     +187720    +21         -10    +16   13   0  205  +14   74   -8   74   -8   8  0  0 L3B 9F
C42 FF 61072 002600  780 479 2698    +9120659    -56         -20    -18   16   0  109  -11   93   +6   93    6   8  0  0 L3B D9
C43 FF 61072 002600  780 354 2811    -1309555    +37         -24    +46   20   0  139   +3   91  -33   91  -33  13  0  0 L3B E7
C45 FF 61072 002600  780 265 1085    +6735741   +188         -14     -3   26   0  181  -30  137  -18  137  -18  14  0  0 L3B 2E
C21 FF 61072 004200  780 704  712    +8836760    -21         -25    +23   18   0   86   +3   96  -11   96  -11  10  0  0 L3B C4
C22 FF 61072 004200  780 181  843    -4351644    -94         -13    -66   27   0  257  +74  110  +60  110   60  17  0  0 L3B FE
C28 FF 61072 004200  780 117 3294    -4781789    -35           3    +10   29   0  391 -127   82  -23   82  -23  17  0  0 L3B 06
C34 FF 61072 004200  780 194 2144    -8748535    -65         -27    +15   22   0  241  +73  155   +9  155    9  14  0  0 L3B 01
C36 FF 61072 004200  780 226  491    -3032476    +13          -3     -4   23   0  209  +15   86   -2   86   -2  13  0  0 L3B 9B
C39 FF 61072 004200  780 212  380     +187722    -34         -13    -39   15   0  221  +19   77  +23   77   23   9  0  0 L3B BF
C42 FF 61072 004200  780 539 2748    +9120623    -60         -20    -22   20   0  100   -8   93  +15   93   15  12  0  0 L3B D0
C43 FF 61072 004200  780 339 2735    -1309570    -44         -31    -36   20   0  144   +8   98  +15   98   15  11  0  0 L3B E7
C45 FF 61072 004200  780 307 1027    +6735935   +166          -3    -25   18   0  158  -19  116   +2  116    2  11  0  0 L3B EE
C21 FF 61072 005800  780 642  784    +8836715    -58         -28    -14   15   0   90   +5   99   +9   99    9   8  0  0 L3B BA
C22 FF 61072 005800  780 128  881    -4351673    -36         -15     -8   41   0  357 +143  126  +24  126   24  24  0  0 L3B 0A
C26 FF 61072 005800  780 146 1547    +5899823    +65         -18     +9   24   0  318 -131  187  -27  187  -27  15  0  0 L3B 4D
C28 FF 61072 005800  780 152 3251    -4781835    -80           1    -35   24   0  304  -63   77  +24   77   24  14  0  0 L3B E0
C34 FF 61072 005800  780 135 2117    -8748617    -16         -32    +64   24   0  341 +146  177  -28  177  -28  15  0  0 L3B 4E
C36 FF 61072 005800  780 204  434    -3032446    +23          10     +6   28   0  230  +28   80   +2   80    2  17  0  0 L3B 86
C39 FF 61072 005800  780 193  376     +187735     +5          -5     +0   14   0  242  +25   69   +7   69    7  10  0  0 L3B 83
C42 FF 61072 005800  780 600 2801    +9120587    -36         -19     +2   15   0   93   -6   92   -4   92   -4   8  0  0 L3B 9D
C43 FF 61072 005800  780 313 2663    -1309568     -7         -22     +1   13   0  155  +14   95   -2   95   -2   8  0  0 L3B AA
C45 FF 61072 005800  780 343  960    +6736112   +218          -9    +28   25   0  143  -12  111  -25  111  -25  15  0  0 L3B 07
C21 FF 61072 011400  780 581  845    +8836681    -52         -17     -8   15   1   95   +6   96   +7   96    7   9  0  0 L3B 9E
C26 FF 61072 011400  780 208 1524    +5899868   +114         -20    +58   27   1  227  -67  174  -61  174  -61  16  0  0 L3B 51
C28 FF 61072 011400  780 180 3200    -4781891    -48          -7     -2   36   1  259  -34   84   -8   84   -8  22  0  0 L3B D0
C33 FF 61072 011400  780 118 2759    +9446756    -24          26    +28   32   1  389 -171   90  -32   90  -32  19  0  0 L3B 20
C36 FF 61072 011400  780 174  384    -3032451     -8         -11    -25   19   1  267  +51   93  +14   93   14  11  0  0 L3B CA
C39 FF 61072 011400  780 172  375     +187734     +2          -8     -3   17   1  269  +32   79   +0   79    0  12  0  0 L3B 7D
C42 FF 61072 011400  780 661 2861    +9120546    -48         -24    -10   12   1   88   -4   95   +5   95    5   7  0  0 L3B A6
C43 FF 61072 011400  780 278 2599    -1309582     +3         -22    +12   21   1  172  +23  107   -2  107   -2  13  0  0 L3B DC
C45 FF 61072 011400  780 369  884    +6736293   +163         -13    -27   16   1  135   -6  104   +8  104    8  10  0  0 L3B E9
C21 FF 61072 013000  780 521  900    +8836634    -82         -21    -38   21   1  102   +9  102  +22  102   22  12  0  0 L3B CE
C26 FF 61072 013000  780 271 1498    +5899921    +88         -20    +33   19   1  178  -40  159  -38  159  -38  10  0  0 L3B 47
C28 FF 61072 013000  780 199 3143    -4781945   -103         -17    -57   33   1  236  -16   90  +31   90   31  21  0  0 L3B 0B
C33 FF 61072 013000  780 171 2796    +9446706    -86          25    -33   26   1  273  -85   79  +20   79   20  15  0  0 L3B 02
C36 FF 61072 013000  780 137  342    -3032411    +70          12    +53   23   1  336  +97   77  -23   77  -23  13  0  0 L3B D4
C39 FF 61072 013000  780 151  378     +187753    +47           5    +42   21   1  306  +44   70  -26   70  -26  17  0  0 L3B BE
C42 FF 61072 013000  780 723 2932    +9120517     -6         -17    +32   15   1   85   -3   90  -18   90  -18   9  0  0 L3B BC
C43 FF 61072 013000  780 236 2543    -1309595    +52         -27    +61   25   1  200  +37  115  -26  115  -26  15  0  0 L3B 17
C45 FF 61072 013000  780 382  804    +6736469   +154         -20    -37   20   1  130   -2  104  +20  104   20  11  0  0 L3B E5
C21 FF 61072 014600  780 461  950    +8836595    -51         -19     -7   19   1  112  +12  105  +10  105   10  11  0  0 L3B E3
C26 FF 61072 014600  780 333 1466    +5899983    +61         -11     +5   21   1  147  -25  143  -17  143  -17  13  0  0 L3B 1D
C28 FF 61072 014600  780 207 3082    -4781983    +11         -12    +56   33   1  226   -4   86  -40   86  -40  19  0  0 L3B FC
C33 FF 61072 014600  780 226 2831    +9446646    -12          16    +40   21   1  210  -50   83  -28   83  -28  14  0  0 L3B F2
C39 FF 61072 014600  780 128  384     +187730   +102         -22    +97   25   1  355  +61   89  -64   89  -64  16  0  0 L3B 0D
C42 FF 61072 014600  780 785 3034    +9120481    -66         -17    -28   16   1   82   -2   90  +16   90   16   9  0  0 L3B CC
C43 FF 61072 014600  780 189 2493    -1309604    -23         -28    -14   30   1  246  +62  129  +24  129   24  17  0  0 L3B 1E
C45 FF 61072 014600  780 382  722    +6736658   +179         -14    -12   26   1  130   +2   96   +1   96    1  15  0  0 L3B C8
C21 FF 61072 020200  780 402  998    +8836568    -16          -6    +27   19   2  125  +16  103   -7  103   -7  11  0  0 L3B E0
C26 FF 61072 020200  780 395 1426    +5900053    +53          -3     -3   16   2  127  -17  121  -10  121  -10  10  0  0 L3B DA
C28 FF 61072 020200  780 206 3019    -4782006    -42          13     +4   33   2  228   +7   71   +4   71    4  22  0  0 L3B 8D
C33 FF 61072 020200  780 282 2865    +9446597    -35          18    +17   24   2  171  -33   79   +0   79    0  15  0  0 L3B D7
C39 FF 61072 020200  780 106  393     +187748    +34          -8    +29   25   2  426  +89   80  -22   80  -22  15  0  0 L3B D9
C42 FF 61072 020200  780 844 3271    +9120444    -84         -17    -46    8   2   81   -1   90  +26   90   26   5  0  0 L3B B1
C43 FF 61072 020200  780 140 2450    -1309619    -10         -34     -1   36   2  328 +116  148  +17  148   17  20  0  0 L3B 06
C45 FF 61072 020200  780 368  645    +6736852   +204           0    +14   19   2  134   +6   87   -5   87   -5  11  0  0 L3B B6
C21 FF 61072 021800  780 344 1043    +8836533    -31           1    +13   20   2  143  +22  107   +1  107    1  12  0  0 L3B AB
C24 FF 61072 021800  780 144 1787     +441222   +289         -12    -10   22   2  325 -143  177  -15  177  -15  12  0  0 L3B 32
C26 FF 61072 021800  780 454 1373    +5900093    +68         -16    +12   15   2  114  -11  120  -14  120  -14   9  0  0 L3B FD
C28 FF 61072 021800  780 194 2956    -4782065    -49          -2     -3   26   2  241  +20   86   +3   86    3  15  0  0 L3B BF
C33 FF 61072 021800  780 340 2896    +9446540    -46          10     +7   26   2  144  -23   85   +3   85    3  15  0  0 L3B BB
C42 FF 61072 021800  780 861  570    +9120417    -18          -8    +20   11   2   81   +0   86   -8   86   -8   6  0  0 L3B 8A
C45 FF 61072 021800  780 343  577    +6737038   +197           4     +7   20   2  143  +12   84   -2   84   -2  11  0  0 L3B B1
C21 FF 61072 023400  780 286 1087    +8836475    -57         -15    -13   23   2  168  +32  127  +24  127   24  15  0  0 L3B 23
C24 FF 61072 023400  780 208 1781     +441518   +275          -4    -24   23   2  227  -71  162   +6  162    6  14  0  0 L3B DD
C26 FF 61072 023400  780 506 1302    +5900144    +75         -19    +19   17   2  105   -8  116  -17  116  -17  10  0  0 L3B 06
C27 FF 61072 023400  780 108 3301    -5893668    -95           4    -46   34   2  419  -46   84  +21   84   21  20  0  0 L3B EA
C28 FF 61072 023400  780 173 2895    -4782102    -19           5    +27   31   2  268  +38   83  -11   83  -11  20  0  0 L3B EC
C33 FF 61072 023400  780 400 2923    +9446486    -58           7     -6   21   2  126  -17   84   +2   84    2  13  0  0 L3B A8
C42 FF 61072 023400  780 807  982    +9120374    -30         -14     +7   14   2   82   +1   93   +3   93    3   8  0  0 L3B 77
C45 FF 61072 023400  780 307  521    +6737213   +240          -4    +49   24   2  158  +19   89  -22   89  -22  13  0  0 L3B F8
C21 FF 61072 025000  780 229 1127    +8836442    -57          -6    -14   21   2  206  +50  137  +26  137   26  13  0  0 L3B FF
C24 FF 61072 025000  780 275 1774     +441806   +297          -2     -2   19   2  175  -41  149  -13  149  -13  12  0  0 L3B 06
C26 FF 61072 025000  780 549 1210    +5900202    +46         -15    -10   16   2   99   -5  107   -5  107   -5   8  0  0 L3B C0
C27 FF 61072 025000  780 116 3245    -5893712    -59           6    -10   27   2  392  -10   77   -1   77   -1  15  0  0 L3B C9
C28 FF 61072 025000  780 144 2838    -4782164   -113         -13    -67   35   2  319  +70   97  +41   97   41  21  0  0 L3B 19
C33 FF 61072 025000  780 462 2946    +9446440    -72          11    -20   21   2  112  -12   82  +14   82   14  12  0  0 L3B D3
C42 FF 61072 025000  780 743 1107    +9120349    -71          -3    -33   13   2   84   +3   88  +18   88   18   7  0  0 L3B B6
C45 FF 61072 025000  780 264  476    +6737400   +188           1     -2   21   2  181  +30   87   +6   87    6  12  0  0 L3B A3
C21 FF 61072 030600  780 172 1166    +8836400    -26         -10    +18   35   3  270  +87  156  +10  156   10  20  0  0 L3B 07
C24 FF 61072 030600  780 343 1766     +442082   +283         -11    -16   19   3  143  -26  144   +0  144    0  12  0  0 L3B E0
C26 FF 61072 030600  780 576 1095    +5900253    +49         -24     -8   21   3   96   -2  105   +1  105    1  12  0  0 L3B B4
C27 FF 61072 030600  780 114 3187    -5893789    +12         -29    +60   33   3  398  +22   91  -42   91  -42  20  0  0 L3B 17
C28 FF 61072 030600  780 109 2786    -4782181   -108          14    -62   42   3  416 +141   90  +38   90   38  25  0  0 L3B 1E
C33 FF 61072 030600  780 525 2961    +9446370    -85         -12    -33   15   3  102   -9   94  +18   94   18   9  0  0 L3B E7
C42 FF 61072 030600  780 676 1181    +9120303    -35           1     +4   18   3   87   +4   98   +4   98    4  10  0  0 L3B 7E
C45 FF 61072 030600  780 215  444    +6737580   +146          -2    -44   27   3  219  +50   87  +34   87   34  17  0  0 L3B F5
C21 FF 61072 032200  780 116 1203    +8836365     +8          -3    +52   43   3  393 +184  171  -14  171  -14  25  0  0 L3B 0C
C24 FF 61072 032200  780 413 1755     +442362   +332         -18    +33   21   3  123  -18  137  -34  137  -34  13  0  0 L3B 14
C26 FF 61072 032200  780 584  966    +5900318    +39         -14    -17   17   3   95   +0   97   +9   97    9   9  0  0 L3B B1
C27 FF 61072 032200  780 103 3130    -5893812    -13          -6    +35   34   3  437  +62   76  -25   76  -25  20  0  0 L3B F1
C33 FF 61072 032200  780 590 2965    +9446332     -6          -1    +46   13   3   94   -7   86  -27   86  -27   7  0  0 L3B C7
C41 FF 61072 032200  780 103 2992    +9433876     -7          25     +7   30   3  446 -236   78   +5   78    5  19  0  0 L3B CE
C42 FF 61072 032200  780 609 1237    +9120274     -2          10    +37   13   3   92   +6   97  -14   97  -14   7  0  0 L3B AF
C45 FF 61072 032200  780 163  422    +6737764   +160          -1    -31   26   3  284  +91   88  +26   88   26  16  0  0 L3B F5
C24 FF 61072 033800  780 482 1736     +442654   +330         -13    +31   23   3  108  -12  125  -30  125  -30  15  0  0 L3B 0E
C26 FF 61072 033800  780 571  843    +5900355    +67         -31    +10   16   3   96   +3  103   -8  103   -8   9  0  0 L3B BE
C33 FF 61072 033800  780 655 2947    +9446289    -46           6     +6   11   3   89   -5   84   -1   84   -1   7  0  0 L3B 9F
C41 FF 61072 033800  780 159 3014    +9433854    -27          17    -13   25   3  294 -105   83  +13   83   13  16  0  0 L3B 03
C42 FF 61072 033800  780 542 1283    +9120231    -24           4    +15   18   3   99   +9  105   +1  105    1  10  0  0 L3B 9D
C45 FF 61072 033800  780 109  408    +6737958   +198          10     +8   34   3  416 +202   79   -1   79   -1  21  0  0 L3B E8
C24 FF 61072 040600  780 601 1669     +443165   +298         -15     -2   14   4   93   -6  111   -6  111   -6   8  0  0 L3B BA
C25 FF 61072 040600  780 113 2087    -9523491    +98          11     +2   29   4  410 -222  166  -10  166  -10  19  0  0 L3B 16
C26 FF 61072 040600  780 509  683    +5900456    +61         -21     +5   15   4  104   +7  101   -1  101   -1   8  0  0 L3B A3
C33 FF 61072 040600  780 761 2786    +9446199    -54           2     -3   10   4   83   -2   85   +2   85    2   5  0  0 L3B 7E
C41 FF 61072 040600  780 261 3041    +9433813    -24          -4    -10   25   4  184  -40   94   +1   94    1  15  0  0 L3B B1
C42 FF 61072 040600  780 425 1352    +9120188    -19          20    +20   12   4  119  +16  107   -3  107   -3   7  0  0 L3B CE
C24 FF 61072 042200  780 663 1588     +443452   +264         -15    -35   16   4   88   -4  107  +22  107   22   9  0  0 L3B EA
C25 FF 61072 042200  780 175 2103    -9523389    +78          22    -18   21   4  268  -96  145  -12  145  -12  15  0  0 L3B 26
C26 FF 61072 042200  780 459  627    +5900508    +78         -23    +22   14   4  112  +10  100  -18  100  -18   8  0  0 L3B F0
C33 FF 61072 042200  780 798 2499    +9446161    -20          14    +32   10   4   82   +0   81  -17   81  -17   6  0  0 L3B C7
C40 FF 61072 042200  780 104  678    +2042486    +53          27    +23   32   4  437 -123   89  -22   89  -22  23  0  0 L3B F9
C41 FF 61072 042200  780 321 3046    +9433809     +0           4    +14   23   4  152  -27   88  -12   88  -12  14  0  0 L3B C9
C42 FF 61072 042200  780 359 1386    +9120145    -19          13    +19   23   4  137  +23  122   +4  122    4  13  0  0 L3B D6
C24 FF 61072 043800  780 712 1446     +443738   +315         -17    +16   15   4   85   -2  105  -13  105  -13   9  0  0 L3B ED
C25 FF 61072 043800  780 239 2122    -9523296    +83          23    -13   26   4  200  -52  130   +1  130    1  15  0  0 L3B D4
C26 FF 61072 043800  780 404  592    +5900566    +55         -19     -2   17   4  124  +15   97   +2   97    2  10  0  0 L3B B7
C33 FF 61072 043800  780 786 2121    +9446096   -105          -1    -53   12   4   82   +1   93  +29   93   29   7  0  0 L3B D3
C40 FF 61072 043800  780 133  664    +2042485    +27          -2     -2   28   4  346  -72  105   +7  105    7  17  0  0 L3B BD
C41 FF 61072 043800  780 382 3043    +9433793    +28           2    +42   18   4  131  -18   90  -21   90  -21  10  0  0 L3B DE
C42 FF 61072 043800  780 293 1416    +9120110     -7          16    +32   24   4  164  +34  130   -6  130   -6  14  0  0 L3B CC
C24 FF 61072 045400  780 737 1230     +444025   +275         -18    -25   16   4   84   +0  102   +9  102    9   9  0  0 L3B B8
C25 FF 61072 045400  780 304 2144    -9523207   +100          20     +4   21   4  160  -32  122  -14  122  -14  12  0  0 L3B EC
C26 FF 61072 045400  780 346  572    +5900629    +62         -10     +6   15   4  142  +22   92   +1   92    1   9  0  0 L3B 97
C33 FF 61072 045400  780 734 1908    +9446063    -39          16    +12   12   4   84   +3   87   -5   87   -5   7  0  0 L3B B5
C40 FF 61072 045400  780 160  648    +2042541     +4          25    -25   23   4  289  -47   89   +1   89    1  14  0  0 L3B A8
C41 FF 61072 045400  780 442 3027    +9433779    -10           1     +4   13   4  116  -13   90   +1   90    1   8  0  0 L3B 82
C42 FF 61072 045400  780 229 1444    +9120077    -68          20    -30   24   4  206  +56  142  +28  142   28  14  0  0 L3B 08
C24 FF 61072 051000  780 727  995     +444307   +313         -23    +13   17   5   85   +1  104   -6  104   -6   9  0  0 L3B B5
C25 FF 61072 051000  780 370 2167    -9523122    +86          -2    -11   18   5  134  -22  116   -3  116   -3  11  0  0 L3B DB
C26 FF 61072 051000  780 287  565    +5900671    +70         -12    +14   17   5  167  +32  102   -4  102   -4  10  0  0 L3B DB
C33 FF 61072 051000  780 668 1818    +9446001    -50          11     +3   12   5   88   +5  100   +4  100    4   7  0  0 L3B 8A
C40 FF 61072 051000  780 185  631    +2042536    +31         -16     +1   20   5  252  -32  105   -4  105   -4  13  0  0 L3B B5
C41 FF 61072 051000  780 500 2992    +9433749    -20         -16     -6   11   5  105   -9  100   +7  100    7   7  0  0 L3B B2
C42 FF 61072 051000  780 165 1468    +9120055    +25          26    +63   24   5  281 +105  147  -27  147  -27  15  0  0 L3B 2A
C24 FF 61072 052600  780 689  827     +444618   +309           0    +10   18   5   87   +3   92   -9   92   -9  11  0  0 L3B A2
C25 FF 61072 052600  780 437 2193    -9523032    +95          -5     -2   15   5  117  -15  111   -2  111   -2  10  0  0 L3B CB
C26 FF 61072 052600  780 229  567    +5900721    +80         -15    +25   20   5  206  +51  110   -6  110   -6  13  0  0 L3B DC
C33 FF 61072 052600  780 597 1779    +9445962    -68          22    -16   12   5   94   +7   99  +18   99   18   6  0  0 L3B F2
C40 FF 61072 052600  780 207  611    +2042577    +77          -4    +47   23   5  226  -22   99  -31   99  -31  14  0  0 L3B E7
C41 FF 61072 052600  780 554 2934    +9433749    +29          -4    +43   14   5   98   -6   94  -24   94  -24   8  0  0 L3B E2
C42 FF 61072 052600  780 103 1489    +9120010    +16          17    +53   34   5  441 +256  184  +12  184   12  21  0  0 L3B 0C
C24 FF 61072 054200  780 636  733     +444883   +299         -22     +0   14   5   90   +5  107   +7  107    7   8  0  0 L3B A5
C25 FF 61072 054200  780 505 2220    -9522943   +109          -9    +12   19   5  105  -11  110  -11  110  -11  11  0  0 L3B 01
C26 FF 61072 054200  780 172  576    +5900790    +16           1    -40   25   5  271  +88  119  +50  119   50  16  0  0 L3B EE
C32 FF 61072 054200  780 110 3182    +9548702    -56          22     -4   24   5  417 -214   78   -8   78   -8  15  0  0 L3B E3
C33 FF 61072 054200  780 524 1762    +9445910    -65          20    -12   18   5  102  +10  109  +15  109   15  10  0  0 L3B F9
C40 FF 61072 054200  780 227  590    +2042599    -11         -12    -41   23   5  208  -16  108  +38  108   38  14  0  0 L3B 02
C41 FF 61072 054200  780 597 2842    +9433744    -17           5     -4   12   5   94   -4   90   +4   90    4   7  0  0 L3B 7E
C24 FF 61072 055800  780 576  687     +445175   +306         -17     +6   13   5   96   +7  106   +3  106    3   7  0  0 L3B AD
C25 FF 61072 055800  780 573 2249    -9522851   +102         -10     +5   14   5   96   -8  109   -3  109   -3   9  0  0 L3B DC
C26 FF 61072 055800  780 115  591    +5900830   +115         -13    +60   35   5  395 +186  173  +36  173   36  23  0  0 L3B 37
C32 FF 61072 055800  780 167 3177    +9548650    -89          19    -37   31   5  279  -94   78  +27   78   27  19  0  0 L3B 2F
C33 FF 61072 055800  780 450 1757    +9445865     -7          26    +45   20   5  114  +15  120  -11  120  -11  12  0  0 L3B FD
C40 FF 61072 055800  780 243  568    +2042618    +28         -21     -3   20   5  195  -11  122   +7  122    7  11  0  0 L3B C2
C41 FF 61072 055800  780 625 2714    +9433731    +11           5    +25   15   5   91   -2   93  -11   93  -11   9  0  0 L3B B1
C23 FF 61072 061400  780 151 2361    +4989576    -41           7    +22   45   6  308 -116  147  -20  147  -20  26  0  0 L3B 22
C24 FF 61072 061400  780 514  668     +445465   +337         -24    +37   13   6  103   +9  115   -7  115   -7   8  0  0 L3B D5
C25 FF 61072 061400  780 642 2278    -9522753    +83         -11    -14   14   6   90   -5  106  +14  106   14   8  0  0 L3B E6
C32 FF 61072 061400  780 224 3164    +9548600    -35          16    +16   28   6  212  -52   81   -5   81   -5  18  0  0 L3B D6
C33 FF 61072 061400  780 378 1756    +9445811    -15          20    +37   17   6  131  +22  141   +1  141    1  10  0  0 L3B D6
C40 FF 61072 061400  780 256  544    +2042670    +36          -5     +5   26   6  186   -8  119  +17  119   17  15  0  0 L3B D7
C41 FF 61072 061400  780 631 2563    +9433724    -28          11    -14   23   6   91   +1   95  +17   95   17  13  0  0 L3B CB
C23 FF 61072 063000  780 209 2394    +4989499    -69          -9     -6   29   6  226  -62  147   -9  147   -9  17  0  0 L3B 1A
C24 FF 61072 063000  780 452  666     +445761   +331         -17    +30   18   6  114  +13  128   +6  128    6  11  0  0 L3B D9
C25 FF 61072 063000  780 711 2308    -9522660    +69         -11    -28   13   6   85   -4  110  +20  110   20   8  0  0 L3B D3
C32 FF 61072 063000  780 278 3140    +9548539    -67           5    -15   16   6  173  -31   91  +20   91   20  10  0  0 L3B DB
C33 FF 61072 063000  780 307 1758    +9445773    -76          31    -24   15   6  158  +34  170  +64  170   64  10  0  0 L3B 1C
C35 FF 61072 063000  780 104  373    +2536358   +114          12    -29   36   6  435  -15  156  +38  156   38  22  0  0 L3B 14
C40 FF 61072 063000  780 265  520    +2042700    +36          -4     +5   11   6  180   -5  135  +14  135   14   7  0  0 L3B A0
C41 FF 61072 063000  780 612 2417    +9433714    +15          14    +29   16   6   92   +3  104   -4  104   -4   9  0  0 L3B B5
C44 FF 61072 063000  780 102  817    -8878469   +163           0    +74   39   6  446 -162  292  -64  292  -64  25  0  0 L3B 42
C23 FF 61072 064600  780 267 2428    +4989461    -58          14     +5   33   6  179  -38  135   +2  135    2  19  0  0 L3B F6
C24 FF 61072 064600  780 391  676     +446058   +315          -9    +14   14   6  128  +17  150  +25  150   25   8  0  0 L3B EB
C25 FF 61072 064600  780 780 2333    -9522575    +98         -20     +1   10   6   83   -2  124   +9  124    9   5  0  0 L3B B8
C32 FF 61072 064600  780 328 3103    +9548481    -55          -3     -3   16   6  149  -20  107  +14  107   14  10  0  0 L3B F1
C33 FF 61072 064600  780 237 1760    +9445715    -58          24     -5   22   6  199  +55  229  +79  229   79  13  0  0 L3B 2A
C35 FF 61072 064600  780 103  316    +2536477   +138          -6     -5   34   6  439  +23  185  +16  185   16  22  0  0 L3B 04
C40 FF 61072 064600  780 270  496    +2042731    +21          -3    -10   20   6  177   -2  153  +30  153   30  12  0  0 L3B C5
C41 FF 61072 064600  780 573 2299    +9433693    -40           7    -26   15   6   96   +5  125  +41  125   41   9  0  0 L3B DF
C23 FF 61072 070200  780 327 2465    +4989391   -120           5    -57   26   7  150  -25  151  +49  151   49  15  0  0 L3B 20
C24 FF 61072 070200  780 331  692     +446338   +326          -8    +26   19   7  147  +24  189  +24  189   24  11  0  0 L3B 06
C25 FF 61072 070200  780 848 2336    -9522479   +104         -17     +6   10   7   81   -1  135  +11  135   11   6  0  0 L3B E0
C32 FF 61072 070200  780 373 3052    +9548439    -39           6    +13   19   7  133  -13  118  +14  118   14  12  0  0 L3B FC
C33 FF 61072 070200  780 170 1761    +9445672    -43          35    +10   19   7  273 +105  309 +103  309  103  12  0  0 L3B 39
C40 FF 61072 070200  780 271  472    +2042770    +33           7     +2   27   7  176   +0  167  +22  167   22  16  0  0 L3B B8
C41 FF 61072 070200  780 520 2213    +9433685     +6          12    +20   16   7  102   +8  146  +12  146   12   9  0  0 L3B C2
C44 FF 61072 070200  780 166  709    -8878291    +37           5    -53   35   7  279  -43  263  +29  263   29  22  0  0 L3B 14
C23 FF 61072 071800  780 386 2503    +4989324    -83          -1    -20   20   7  129  -18  165  +29  165   29  11  0  0 L3B 1C
C24 FF 61072 071800  780 273  714     +446627   +304          -7     +5   15   7  175  +35  234  +50  234   50   9  0  0 L3B D8
C25 FF 61072 071800  780 883  829    -9522381   +100         -13     +2   13   7   81   +0  145  +13  145   13   8  0  0 L3B CF
C32 FF 61072 071800  780 408 2986    +9548392    -64           8    -12   15   7  124   -8  138  +25  138   25   9  0  0 L3B FE
C33 FF 61072 071800  780 105 1761    +9445611    +66          26   +119   19   7  434 +258  412  +20  412   20  12  0  0 L3B 2E
C34 FF 61072 071800  780 113 1169    -8750434   -111          -2    -30   31   7  406 -181  440  -29  440  -29  21  0  0 L3B 36
C40 FF 61072 071800  780 269  450    +2042763    +22         -30     -9   19   7  178   +3  206  +18  206   18  11  0  0 L3B E3
C41 FF 61072 071800  780 459 2153    +9433683    +18          23    +31   16   7  112  +12  167  +10  167   10   9  0  0 L3B FA
C44 FF 61072 071800  780 188  649    -8878196    +52          15    -38   27   7  249  -23  253  +21  253   21  17  0  0 L3B 25
C23 FF 61072 073400  780 447 2543    +4989261    -71          -3     -7   17   7  115  -13  179  +11  179   11  11  0  0 L3B 04
C24 FF 61072 073400  780 216  740     +446902   +315         -19    +15   23   7  217  +54  301  +55  301   55  13  0  0 L3B FC
C25 FF 61072 073400  780 818  711    -9522291    +64         -16    -34   13   7   82   +1  162  +33  162   33   7  0  0 L3B D7
C32 FF 61072 073400  780 432 2906    +9548342    -97           8    -45   20   7  118   -4  154  +42  154   42  12  0  0 L3B F7
C34 FF 61072 073400  780 164 1127    -8750507    -68           3    +12   32   7  285  -86  395  -77  395  -77  19  0  0 L3B 3B
C40 FF 61072 073400  780 263  429    +2042808    +67         -14    +36   14   7  181   +5  210  -19  210  -19   8  0  0 L3B EE
C41 FF 61072 073400  780 394 2110    +9433661    +29          14    +43   12   7  127  +18  208  +18  208   18   7  0  0 L3B FE
C44 FF 61072 073400  780 200  587    -8878130    +59          -6    -31   27   7  234   -9  268  +22  268   22  17  0  0 L3B 02
C23 FF 61072 075000  780 508 2586    +4989199    -78          -5    -14   16   7  104   -9  190  +16  190   16   9  0  0 L3B 0D
C24 FF 61072 075000  780 161  769     +447193   +289         -16    -10   38   7  287  +95  372  +91  372   91  23  0  0 L3B 2E
C25 FF 61072 075000  780 752  733    -9522193    +95         -12     -2   14   7   84   +3  172  +14  172   14   8  0  0 L3B C8
C32 FF 61072 075000  780 441 2816    +9548296    -11          12    +41   20   7  116   +0  174   -4  174   -4  11  0  0 L3B DA
C34 FF 61072 075000  780 212 1081    -8750576   -108          11    -28   23   7  223  -48  342  +11  342   11  15  0  0 L3B 16
C40 FF 61072 075000  780 254  411    +2042855    +60           4    +29   20   7  187   +8  221   +6  221    6  14  0  0 L3B A2
C41 FF 61072 075000  780 328 2079    +9433640    -13           7     +0   17   7  149  +28  256  +50  256   50  10  0  0 L3B EC
C44 FF 61072 075000  780 203  524    -8878042   +164          -4    +74   25   7  231   +3  273  -39  273  -39  16  0  0 L3B 15
C20 FF 61072 080600  780 144 3281    +9683519   +113           5     +0   23   8  321 -101  194  +25  194   25  13  0  0 L3B 05
C23 FF 61072 080600  780 570 2631    +4989142    -74          -5    -11   17   8   96   -7  194   +6  194    6  10  0  0 L3B DA
C24 FF 61072 080600  780 108  800     +447495   +292          -7     -9   49   8  420 +198  452 +127  452  127  33  0  0 L3B 35
C25 FF 61072 080600  780 687  767    -9522105   +126         -20    +29   14   8   87   +4  191   -3  191   -3   8  0  0 L3B E4
C32 FF 61072 080600  780 434 2723    +9548246    -55          16     -3   18   8  117   +3  191  +15  191   15  10  0  0 L3B F0
C34 FF 61072 080600  780 257 1028    -8750665   -155          16    -73   25   8  186  -30  325  +16  325   16  14  0  0 L3B 35
C40 FF 61072 080600  780 242  396    +2042877     +5          -7    -26   17   8  196  +10  242  +31  242   31  10  0  0 L3B DD
C41 FF 61072 080600  780 261 2054    +9433636    -12          20     +2   21   8  183  +44  312  +69  312   69  13  0  0 L3B F5
C44 FF 61072 080600  780 195  462    -8877966    +42          -8    -47   35   8  240  +15  284  +42  284   42  21  0  0 L3B 1B
C20 FF 61072 082200  780 187 3242    +9683606   +145         -16    +31   23   8  251  -53  228   -2  228   -2  13  0  0 L3B 15
C23 FF 61072 082200  780 632 2679    +4989087    -15           1    +48   16   8   91   -5  192  -24  192  -24   9  0  0 L3B F8
C25 FF 61072 082200  780 624  804    -9522012   +127         -20    +30   14   8   91   +5  205   -7  205   -7   8  0  0 L3B C3
C32 FF 61072 082200  780 412 2635    +9548190    -51          11     +2   15   8  122   +7  215  +20  215   20   8  0  0 L3B C4
C34 FF 61072 082200  780 296  968    -8750737   -138          23    -56   27   8  163  -18  299  +10  299   10  17  0  0 L3B 40
C37 FF 61072 082200  780 126 2646    +9166944    +30          13    -32   33   8  366 -152  306  +34  306   34  19  0  0 L3B 2D
C40 FF 61072 082200  780 227  384    +2042907    +13          -6    -18   23   8  208  +14  260  +43  260   43  14  0  0 L3B E9
C41 FF 61072 082200  780 195 2034    +9433623    -28          21    -14   20   8  239  +78  380  +91  380   91  13  0  0 L3B 18
C43 FF 61072 082200  780 104 1494    -1309778    -54          12    -46   36   8  440 -240  553 -195  553 -195  24  0  0 L3B 6D
C44 FF 61072 082200  780 177  405    -8877881   +127          -9    +37   30   8  262  +32  296   -6  296   -6  19  0  0 L3B 1E
C20 FF 61072 083800  780 223 3194    +9683720    +98         -11    -15   24   8  212  -30  238  +25  238   25  16  0  0 L3B 25
C23 FF 61072 083800  780 695 2732    +4989023    -62          -3     +1   14   8   86   -4  196   -1  196   -1   8  0  0 L3B C8
C25 FF 61072 083800  780 562  843    -9521914   +116         -15    +19   13   8   97   +7  213   +5  213    5   8  0  0 L3B D3
C32 FF 61072 083800  780 378 2557    +9548153    -86          24    -34   23   8  132  +12  232  +46  232   46  13  0  0 L3B 21
C34 FF 61072 083800  780 327  900    -8750817    -98          22    -16   19   8  149  -11  282  -10  282  -10  11  0  0 L3B 1A
C37 FF 61072 083800  780 179 2681    +9167007    +74          17    +12   27   8  261  -78  287  -27  287  -27  17  0  0 L3B 4F
C40 FF 61072 083800  780 210  375    +2042938    +31          -5     +0   14   8  223  +18  282  +15  282   15   9  0  0 L3B CB
C41 FF 61072 083800  780 131 2015    +9433612    +19          23    +33   26   8  349 +164  470  +69  470   69  17  0  0 L3B 33
C43 FF 61072 083800  780 163 1468    -1309783    -19          16    -11   29   8  287 -104  460  -41  460  -41  18  0  0 L3B 46
C44 FF 61072 083800  780 151  354    -8877822   +114         -35    +25   33   8  306  +61  336  +13  336   13  18  0  0 L3B 29
C20 FF 61072 085400  780 250 3137    +9683823   +112         -18     -2   24   8  190  -17  253  +10  253   10  15  0  0 L3B 11
C23 FF 61072 085400  780 758 2797    +4988954    -79         -11    -16   13   8   83   -2  198   +3  198    3   7  0  0 L3B FE
C25 FF 61072 085400  780 500  882    -9521831   +110         -26    +13   16   8  105  +10  235  +10  235   10   9  0  0 L3B F4
C32 FF 61072 085400  780 334 2491    +9548098    -12          19    +40   18   8  146  +19  260   +1  260    1  11  0  0 L3B EE
C34 FF 61072 085400  780 348  825    -8750896    -46          22    +36   19   8  141   -6  271  -24  271  -24  11  0  0 L3B 13
C37 FF 61072 085400  780 234 2717    +9167060    +44          11    -18   20   8  203  -47  277   -5  277   -5  12  0  0 L3B 05
C40 FF 61072 085400  780 192  370    +2042973    -79           1   -110   24   8  243  +24  292  +89  292   89  16  0  0 L3B 13
C43 FF 61072 085400  780 223 1439    -1309807    -19          -1    -10   20   8  213  -56  413  -35  413  -35  14  0  0 L3B 12
C44 FF 61072 085400  780 116  310    -8877720    +90         -19     +1   36   8  391 +123  356  +43  356   43  21  0  0 L3B 16
C20 FF 61072 091000  780 267 3073    +9683939    +73          -9    -41   19   9  179   -7  255  +37  255   37  11  0  0 L3B 1F
C23 FF 61072 091000  780 821 2900    +4988898    -62          -8     +1    9   9   82   -1  198   +3  198    3   5  0  0 L3B AF
C25 FF 61072 091000  780 441  921    -9521732   +136          19    +43   20   9  116  +13  250   +0  250    0  11  0  0 L3B CD
C32 FF 61072 091000  780 283 2436    +9548057    -58          37     -5   22   9  169  +30  281  +38  281   38  12  0  0 L3B 16
C34 FF 61072 091000  780 356  747    -8750973    -67           8    +14   22   9  138   -1  266   -5  266   -5  13  0  0 L3B E1
C37 FF 61072 091000  780 290 2751    +9167127    +57          19     -5   16   9  167  -31  256   -5  256   -5   9  0  0 L3B F2
C40 FF 61072 091000  780 172  368    +2042991     -5          -7    -36   10   9  270  +32  329  +50  329   50   6  0  0 L3B D4
C43 FF 61072 091000  780 283 1406    -1309799    +37          15    +46   23   9  170  -34  350 -100  350 -100  16  0  0 L3B 38
C20 FF 61072 092600  780 272 3004    +9684057   +106           1     -7   25   9  176   +0  263  +19  263   19  15  0  0 L3B F1
C23 FF 61072 092600  780 877 3377    +4988845    -55          -2     +7   16   9   81   +0  195   -5  195   -5   9  0  0 L3B DF
C25 FF 61072 092600  780 382  961    -9521639   +102          24     +9   18   9  130  +17  272  +23  272   23  10  0  0 L3B 01
C32 FF 61072 092600  780 229 2389    +9547995    -13          26    +40   34   9  206  +49  327  +28  327   28  19  0  0 L3B 3C
C34 FF 61072 092600  780 352  670    -8751062   -111          -2    -31   21   9  140   +4  272  +15  272   15  12  0  0 L3B E8
C37 FF 61072 092600  780 347 2784    +9167188    +64          20     +2   22   9  142  -22  243  -10  243  -10  13  0  0 L3B 0B
C40 FF 61072 092600  780 150  369    +2043002    +66         -25    +35   17   9  306  +43  365   -1  365   -1  11  0  0 L3B E6
C43 FF 61072 092600  780 343 1366    -1309815     +1           7    +10   22   9  143  -22  305  -47  305  -47  14  0  0 L3B F3
C20 FF 61072 094200  780 266 2933    +9684162    +87          -3    -27   26   9  180   +8  279  +25  279   25  15  0  0 L3B 1E
C23 FF 61072 094200  780 844  844    +4988784    -82          -2    -19   13   9   81   +1  199  +15  199   15   7  0  0 L3B F1
C25 FF 61072 094200  780 324 1000    -9521542    +96          32     +3   19   9  150  +24  298  +29  298   29  12  0  0 L3B 09
C32 FF 61072 094200  780 173 2350    +9547929    +56          11   +109   38   9  269  +87  397  +26  397   26  22  0  0 L3B 51
C34 FF 61072 094200  780 335  599    -8751128   -104           9    -23   22   9  146   +9  271  +23  271   23  13  0  0 L3B FA
C37 FF 61072 094200  780 405 2815    +9167247    +72          20    +10   19   9  124  -16  234  -23  234  -23  11  0  0 L3B 18
C40 FF 61072 094200  780 128  373    +2043034    +33         -22     +2   35   9  356  +61  388  +20  388   20  21  0  0 L3B ED
C43 FF 61072 094200  780 400 1316    -1309820    -35          10    -26   17   9  126  -15  274  -28  274  -28  10  0  0 L3B 19
C19 FF 61072 095800  780 126 3335    +9691677    +85          10    +42   26   9  363  -70  313  -29  313  -29  15  0  0 L3B 3D
C20 FF 61072 095800  780 248 2865    +9684293   +109          18     -5   21   9  192  +17  279  +25  279   25  12  0  0 L3B 39
C23 FF 61072 095800  780 780  990    +4988713    -27         -13    +36   14   9   83   +2  211  -19  211  -19   8  0  0 L3B FD
C25 FF 61072 095800  780 267 1038    -9521445    +72          39    -21   23   9  179  +36  327  +55  327   55  13  0  0 L3B 30
C28 FF 61072 095800  780 103 1766    -4783302    -94          27    -48   22   9  448 -267  599 -124  599 -124  17  0  0 L3B 92
C32 FF 61072 095800  780 116 2314    +9547905   -129          37    -76   48   9  394 +188  479 +175  479  175  28  0  0 L3B A3
C34 FF 61072 095800  780 306  537    -8751209    -24           5    +57   19   9  158  +16  285  -15  285  -15  12  0  0 L3B 1A
C37 FF 61072 095800  780 466 2843    +9167294    +42           8    -20   22   9  111  -12  234   +4  234    4  13  0  0 L3B E2
C40 FF 61072 095800  780 106  381    +2043082     +9          -4    -21   31   9  426  +89  399  +27  399   27  19  0  0 L3B 05
C43 FF 61072 095800  780 451 1252    -1309838    -51           1    -42   23   9  114  -10  249   +5  249    5  13  0  0 L3B DD
C19 FF 61072 101400  780 146 3280    +9691725    +39           7     -4   26  10  315  -33  306   +1  306    1  15  0  0 L3B D2
C20 FF 61072 101400  780 220 2802    +9684391    +93          10    -20   30  10  214  +30  312  +36  312   36  18  0  0 L3B FC
C23 FF 61072 101400  780 716 1062    +4988657    -34         -25    +28   10  10   85   +3  212   -8  212   -8   6  0  0 L3B DF
C25 FF 61072 101400  780 211 1075    -9521348    +75          25    -19   20  10  223  +57  359  +58  359   58  15  0  0 L3B 2D
C28 FF 61072 101400  780 166 1758    -4783353    -47          11     -2   23  10  282 -109  454 -156  454 -156  16  0  0 L3B 64
C34 FF 61072 101400  780 269  485    -8751288    -88         -24    -10   21  10  177  +26  308  +36  308   36  13  0  0 L3B 2D
C37 FF 61072 101400  780 527 2866    +9167369    +67          16     +4   17  10  102   -9  215  -15  215  -15  10  0  0 L3B 0E
C43 FF 61072 101400  780 494 1171    -1309845    -27          -1    -19   20  10  106   -6  236   -3  236   -3  11  0  0 L3B E2
C19 FF 61072 103000  780 157 3221    +9691772    +52          13     +8   26  10  295  -10  308   +1  308    1  17  0  0 L3B E1
C20 FF 61072 103000  780 184 2744    +9684498    +84           9    -29   25  10  253  +52  343  +61  343   61  14  0  0 L3B 1C
C23 FF 61072 103000  780 651 1115    +4988595    -49         -28    +13   16  10   89   +5  219   -5  219   -5  10  0  0 L3B FD
C25 FF 61072 103000  780 155 1110    -9521271    +97          12     +2   36  10  298 +104  427  +82  427   82  24  0  0 L3B 17
C28 FF 61072 103000  780 231 1750    -4783417    -23          -8    +22   15  10  206  -58  379 -100  379 -100  11  0  0 L3B 42
C34 FF 61072 103000  780 225  445    -8751354    -49         -15    +29   22  10  209  +42  326  +24  326   24  14  0  0 L3B 14
C37 FF 61072 103000  780 590 2882    +9167417    +72           4    +10   15  10   94   -7  215  -11  215  -11   9  0  0 L3B E0
C43 FF 61072 103000  780 524 1073    -1309863    +14         -12    +22   17  10  102   -3  235  -17  235  -17  10  0  0 L3B 05
C19 FF 61072 104600  780 157 3161    +9691813    -17          12    -60   33  10  294   +9  318  +53  318   53  20  0  0 L3B 16
C20 FF 61072 104600  780 143 2691    +9684621   +131          22    +17   31  10  322  +97  373  +47  373   47  19  0  0 L3B 38
C23 FF 61072 104600  780 585 1161    +4988527    -35         -36    +27   16  10   95   +7  235   -5  235   -5   9  0  0 L3B F8
C25 FF 61072 104600  780 101 1144    -9521165   +116          27    +21   42  10  450 +234  471  +30  471   30  27  0  0 L3B 27
C28 FF 61072 104600  780 299 1742    -4783450    -37           2     +9   21  10  162  -35  315  -41  315  -41  14  0  0 L3B 0C
C34 FF 61072 104600  780 177  416    -8751438    -41         -25    +37   27  10  263  +74  370  +12  370   12  19  0  0 L3B 21
C37 FF 61072 104600  780 655 2883    +9167473    +58           1     -5   11  10   89   -5  213   -4  213   -4   6  0  0 L3B BE
C43 FF 61072 104600  780 538  962    -1309852     -9           7     -1   17  10  100   -1  220   -2  220   -2  10  0  0 L3B 95
C19 FF 61072 110200  780 147 3100    +9691846    +56           9    +13   30  11  313  +31  336  +19  336   19  18  0  0 L3B 0C
C23 FF 61072 110200  780 520 1203    +4988460    -68         -28     -5   15  11  102   +9  252  +20  252   20   9  0  0 L3B E4
C28 FF 61072 110200  780 368 1731    -4783493    -61           0    -15   16  11  135  -23  283   -7  283   -7  11  0  0 L3B FC
C34 FF 61072 110200  780 125  395    -8751513    -37         -16    +41   32  11  367 +152  421  +18  421   18  20  0  0 L3B 20
C37 FF 61072 110200  780 719 2856    +9167541    +35           4    -28   11  11   85   -3  202  +10  202   10   6  0  0 L3B C9
C43 FF 61072 110200  780 533  850    -1309863     +3           3    +11   15  11  101   +2  221  -13  221  -13   9  0  0 L3B A7
C23 FF 61072 111800  780 456 1241    +4988407    -60         -19     +3   14  11  113  +13  264  +15  264   15   8  0  0 L3B 03
C28 FF 61072 111800  780 437 1714    -4783542    -65          -6    -20   23  11  117  -15  255   -9  255   -9  14  0  0 L3B 13
C37 FF 61072 111800  780 780 2759    +9167593    +38          -4    -24   12  11   83   -2  203  +13  203   13   7  0  0 L3B EA
C43 FF 61072 111800  780 511  750    -1309884    -10         -10     -2   17  11  104   +4  230   +9  230    9  10  0  0 L3B B3
C19 FF 61072 113400  780 100 2986    +9691919    +65           0    +22   31  11  448 +133  388   -5  388   -5  18  0  0 L3B 23
C23 FF 61072 113400  780 392 1276    +4988347    -59         -18     +4   24  11  127  +18  283  +20  283   20  14  0  0 L3B 25
C27 FF 61072 113400  780 155 1981    -5895267    -14          -4    +35   18  11  301 -124  415  -70  415  -70  11  0  0 L3B 3D
C28 FF 61072 113400  780 507 1689    -4783579    -89           1    -44   24  11  105  -11  232  +12  232   12  13  0  0 L3B 12
C37 FF 61072 113400  780 824 2455    +9167659    +27           1    -36   18  11   82   +0  202  +25  202   25  11  0  0 L3B E4
C43 FF 61072 113400  780 474  671    -1309890    +24          -8    +32   15  11  109   +8  240   -9  240   -9   9  0  0 L3B D3
C23 FF 61072 115000  780 329 1309    +4988291    -82         -14    -19   20  11  148  +26  308  +48  308   48  11  0  0 L3B 39
C27 FF 61072 115000  780 220 1990    -5895304    -47           6     +1   22  11  215  -63  343  -42  343  -42  14  0  0 L3B 02
C28 FF 61072 115000  780 574 1647    -4783620     -4           3    +41   15  11   96   -7  223  -31  223  -31   9  0  0 L3B D5
C37 FF 61072 115000  780 815 1959    +9167708    +20         -10    -43   11  11   82   +1  213  +26  213   26   6  0  0 L3B ED
C43 FF 61072 115000  780 428  613    -1309893    -26          -4    -18   18  11  119  +11  248  +20  248   20  10  0  0 L3B FE
C23 FF 61072 120600  780 266 1339    +4988234    -71          19     -4   17  12  179  +40  343  +50  343   50  10  0  0 L3B 11
C27 FF 61072 120600  780 287 2002    -5895362    -54          -8     -6   17  12  168  -38  319  -39  319  -39  11  0  0 L3B 37
C28 FF 61072 120600  780 637 1576    -4783662    -38          13     +8   13  12   90   -5  211  -14  211  -14   8  0  0 L3B EB
C37 FF 61072 120600  780 761 1729    +9167772   +104         -14    +41   15  12   83   +2  212  -20  212  -20   9  0  0 L3B 09
C38 FF 61072 120600  780 121  682    -2717213    -71         -34    -52   24  12  377  -99  437   -3  437   -3  14  0  0 L3B 12
C43 FF 61072 120600  780 376  573    -1309909    -19          -8    -11   18  12  132  +17  265  +25  265   25  11  0  0 L3B 0F
C23 FF 61072 122200  780 204 1366    +4988176    -55          24    +11   29  12  230  +67  391  +60  391   60  17  0  0 L3B 25
C27 FF 61072 122200  780 355 2015    -5895407    -56          -7     -8   15  12  139  -24  281  -16  281  -16   9  0  0 L3B 18
C28 FF 61072 122200  780 689 1456    -4783717    -42           2     +4   12  12   87   -3  215   -5  215   -5   7  0  0 L3B BD
C37 FF 61072 122200  780 694 1653    +9167826    +38         -20    -25   13  12   86   +4  223  +28  223   28   7  0  0 L3B 05
C38 FF 61072 122200  780 153  667    -2717215    +17         -18    +35   19  12  303  -60  386  -61  386  -61  11  0  0 L3B 31
C43 FF 61072 122200  780 321  549    -1309916    -11          -8     -3   22  12  152  +25  284  +28  284   28  14  0  0 L3B F4
C23 FF 61072 123800  780 143 1391    +4988119    -19          31    +47   38  12  321 +132  437   +9  437    9  22  0  0 L3B 1E
C27 FF 61072 123800  780 425 2029    -5895448    -59          -2    -11   20  12  120  -17  258  -15  258  -15  12  0  0 L3B 33
C28 FF 61072 123800  780 721 1268    -4783754    -71           9    -25   15  12   85   -1  207   +6  207    6   8  0  0 L3B CC
C37 FF 61072 123800  780 624 1627    +9167893    +33         -15    -31   20  12   91   +6  229  +33  229   33  11  0  0 L3B 11
C38 FF 61072 123800  780 182  651    -2717225    -37         -10    -18   23  12  256  -39  344  -23  344  -23  16  0  0 L3B 30
C43 FF 61072 123800  780 264  537    -1309924    +15          -8    +24   15  12  181  +38  303  +13  303   13   9  0  0 L3B F0
C27 FF 61072 125400  780 495 2042    -5895504    -38         -12    +10   20  12  106  -12  246  -27  246  -27  14  0  0 L3B 38
C28 FF 61072 125400  780 722 1042    -4783801    -43           6     +3   16  12   85   +1  205   -7  205   -7   9  0  0 L3B AD
C37 FF 61072 125400  780 553 1621    +9167950    +73         -19     +9   16  12   98   +9  242   +6  242    6   9  0  0 L3B DB
C38 FF 61072 125400  780 210  632    -2717258    -38         -24    -20   22  12  224  -27  322  -14  322  -14  13  0  0 L3B 16
C43 FF 61072 125400  780 206  535    -1309930    -17          -5     -8   24  12  228  +62  317  +16  317   16  15  0  0 L3B F6
C27 FF 61072 131000  780 567 2052    -5895540    -34           8    +15   17  13   97   -8  222  -31  222  -31   9  0  0 L3B EE
C28 FF 61072 131000  780 692  858    -4783829    -49           9     -4   13  13   86   +2  192   -8  192   -8   8  0  0 L3B CB
C36 FF 61072 131000  780 139 3117    -3031689     -6          32    -23   20  13  335 -135  340  -39  340  -39  13  0  0 L3B 26
C37 FF 61072 131000  780 481 1624    +9168013    +83          -3    +21   16  13  108  +12  256   +6  256    6   9  0  0 L3B DF
C38 FF 61072 131000  780 234  611    -2717284    +22         -31    +41   19  13  202  -19  298  -65  298  -65  11  0  0 L3B 2D
C43 FF 61072 131000  780 149  540    -1309934    +12          -4    +21   26  13  310 +116  325  -16  325  -16  16  0  0 L3B 0F
C27 FF 61072 132600  780 638 2057    -5895587    -58           7     -9   20  13   90   -6  202  -20  202  -20  12  0  0 L3B F1
C28 FF 61072 132600  780 644  745    -4783898    -79         -17    -34    9  13   90   +4  201  +17  201   17   6  0  0 L3B F1
C30 FF 61072 132600  780 110 2280    -3774354    -69          -3    +13   25  13  418 -219  442  -44  442  -44  16  0  0 L3B 3B
C36 FF 61072 132600  780 195 3113    -3031693    -34          12    -51   40  13  241  -69  311  -10  311  -10  24  0  0 L3B 12
C37 FF 61072 132600  780 411 1630    +9168081    +45           5    -17   15  13  123  +18  266  +34  266   34   9  0  0 L3B 01
C38 FF 61072 132600  780 255  587    -2717279    -31          -8    -13   18  13  187  -14  252  -18  252  -18  11  0  0 L3B 2C
C27 FF 61072 134200  780 709 2046    -5895640    -49           1     -1   17  13   86   -4  188  -14  188  -14  10  0  0 L3B FB
C28 FF 61072 134200  780 586  685    -4783937    -75         -13    -30   14  13   95   +6  194  +11  194   11   8  0  0 L3B 04
C30 FF 61072 134200  780 169 2309    -3774447    -53         -18    +29   32  13  278  -97  416  -58  416  -58  20  0  0 L3B 5F
C36 FF 61072 134200  780 251 3101    -3031674     -5          14    -22   21  13  190  -41  273  -23  273  -23  14  0  0 L3B 00
C37 FF 61072 134200  780 341 1639    +9168145   +104          10    +42   20  13  143  +26  278  -18  278  -18  12  0  0 L3B 3F
C38 FF 61072 134200  780 272  562    -2717310    -44         -21    -25   17  13  176  -10  244   +5  244    5  10  0  0 L3B E9
C27 FF 61072 135800  780 778 1990    -5895695    -48          -6     +1   17  13   83   -2  179  -10  179  -10  10  0  0 L3B 1B
C28 FF 61072 135800  780 525  658    -4783985    -10         -18    +35   18  13  102   +9  195  -23  195  -23  10  0  0 L3B 30
C30 FF 61072 135800  780 228 2339    -3774509    -90          -1     -8   31  13  208  -53  336  -82  336  -82  17  0  0 L3B 2E
C36 FF 61072 135800  780 305 3079    -3031648    -16          24    -34   26  13  159  -26  238   -4  238   -4  16  0  0 L3B 1B
C37 FF 61072 135800  780 273 1647    +9168209    +71          15     +9   22  13  175  +41  291  +19  291   19  13  0  0 L3B 23
C38 FF 61072 135800  780 286  536    -2717328    -15         -22     +3   15  13  168   -7  232  -11  232  -11   9  0  0 L3B F8
C27 FF 61072 141400  780 837 1754    -5895724     -5          11    +44   13  14   81   -1  160  -33  160  -33   7  0  0 L3B EC
C28 FF 61072 141400  780 463  650    -4784016    -27         -14    +17   12  14  112  +12  192   -7  192   -7   7  0  0 L3B F2
C30 FF 61072 141400  780 288 2373    -3774583    -92           5    -10   22  14  168  -33  273  -52  273  -52  13  0  0 L3B 29
C36 FF 61072 141400  780 355 3044    -3031641    +52          14    +34   17  14  139  -17  220  -39  220  -39  11  0  0 L3B 1D
C37 FF 61072 141400  780 207 1655    +9168265    +72          18    +11   20  14  227  +70  325  +24  325   24  12  0  0 L3B 19
C38 FF 61072 141400  780 296  508    -2717343     -2         -16    +17   20  14  163   -4  225  -12  225  -12  12  0  0 L3B F7
C27 FF 61072 143000  780 843 1065    -5895769    -79          12    -31   16  14   81   +1  156  +19  156   19   9  0  0 L3B 0B
C28 FF 61072 143000  780 401  654    -4784075    -63         -30    -19   19  14  125  +16  208  +22  208   22  12  0  0 L3B 15
C30 FF 61072 143000  780 349 2409    -3774663    -91           3     -9   20  14  141  -22  231  -36  231  -36  12  0  0 L3B 03
C33 FF 61072 143000  780 117  702    +9444272   -149           7    -97   42  14  393 -115  293  +41  293   41  26  0  0 L3B 30
C36 FF 61072 143000  780 401 2994    -3031632     +3           7    -15   16  14  126  -11  211   -6  211   -6   9  0  0 L3B BF
C37 FF 61072 143000  780 142 1660    +9168337    +79          31    +18   24  14  324 +142  352  +26  352   26  15  0  0 L3B 33
C38 FF 61072 143000  780 301  481    -2717360    -28         -15     -9   18  14  160   -2  217   +3  217    3  11  0  0 L3B C5
C27 FF 61072 144600  780 788  781    -5895833    -51          -5     -2   11  14   82   +2  165   +4  165    4   6  0  0 L3B B7
C28 FF 61072 144600  780 341  668    -4784113    -56         -26    -12   18  14  144  +23  214  +13  214   13  12  0  0 L3B 15
C30 FF 61072 144600  780 410 2447    -3774748    -84          -3     -2   19  14  123  -16  210  -14  210  -14  11  0  0 L3B 09
C33 FF 61072 144600  780 148  646    +9444230    +19          15    +70   23  14  313  -58  266  -71  266  -71  14  0  0 L3B 29
C36 FF 61072 144600  780 437 2928    -3031612    +39          10    +22   18  14  117   -7  196  -21  196  -21  10  0  0 L3B 1A
C38 FF 61072 144600  780 302  454    -2717390     +4         -27    +23   26  14  160   +0  218  -13  218  -13  14  0  0 L3B F6
C27 FF 61072 150200  780 724  721    -5895878    -80          10    -30   14  15   85   +3  163  +19  163   19   8  0  0 L3B ED
C28 FF 61072 150200  780 282  687    -4784164    -40         -29     +5   20  15  170  +33  227   +6  227    6  13  0  0 L3B EC
C30 FF 61072 150200  780 472 2488    -3774821    -84           5     -2   20  15  110  -12  195  -13  195  -13  11  0  0 L3B 03
C33 FF 61072 150200  780 171  587    +9444190    -16          16    +35   22  15  272  -30  238  -41  238  -41  14  0  0 L3B 1A
C36 FF 61072 150200  780 462 2846    -3031606    -26           6    -43   14  15  112   -4  198  +24  198   24   8  0  0 L3B F2
C38 FF 61072 150200  780 299  428    -2717412    -57         -25    -38   20  15  161   +3  217  +15  217   15  12  0  0 L3B 0A
C45 FF 61072 150200  780 116 3234    +6745752   +242           6    +51   26  15  397 -174  370  -87  370  -87  16  0  0 L3B 5A
C27 FF 61072 151800  780 659  715    -5895923   -120          13    -70   15  15   88   +5  164  +43  164   43   9  0  0 L3B 0A
C28 FF 61072 151800  780 225  711    -4784193    -53         -15     -8   21  15  209  +51  227  +10  227   10  13  0  0 L3B 04
C30 FF 61072 151800  780 535 2532    -3774895    -96          10    -14   21  15  101   -8  180   -3  180   -3  12  0  0 L3B F6
C33 FF 61072 151800  780 185  524    +9444145    -44          19     +7   24  15  252  -12  222  -11  222  -11  14  0  0 L3B FC
C36 FF 61072 151800  780 473 2753    -3031568     -6          28    -22   19  15  110   -1  182  +18  182   18  11  0  0 L3B 00
C38 FF 61072 151800  780 292  405    -2717414    -40          -9    -20   16  15  165   +5  203   +6  203    6  10  0  0 L3B C7
C41 FF 61072 151800  780 149 1014    +9433276    -13           4     +0   31  15  313 -101  272   -5  272   -5  16  0  0 L3B E5
C45 FF 61072 151800  780 165 3209    +6745934   +138           6    -53   31  15  282  -81  327   -3  327   -3  19  0  0 L3B 22
C27 FF 61072 153400  780 594  729    -5895978    -68           5    -18   14  15   94   +6  171  +10  171   10   8  0  0 L3B EF
C28 FF 61072 153400  780 170  739    -4784236    -26         -15    +19   25  15  273  +86  230  -15  230  -15  17  0  0 L3B 37
C30 FF 61072 153400  780 598 2579    -3774978    -80           5     +2   17  15   94   -6  176  -10  176  -10  10  0  0 L3B 04
C33 FF 61072 153400  780 189  461    +9444089    -74          13    -23   25  15  247   +2  217  +10  217   10  18  0  0 L3B FF
C36 FF 61072 153400  780 467 2656    -3031568     -4          12    -20   19  15  111   +3  195  +17  195   17  10  0  0 L3B FE
C38 FF 61072 153400  780 282  384    -2717438    +11         -14    +30   16  15  170   +7  204  -23  204  -23  10  0  0 L3B 04
C41 FF 61072 153400  780 195  965    +9433263    +15           4    +29   22  15  241  -54  249  -46  249  -46  14  0  0 L3B 20
C45 FF 61072 153400  780 211 3175    +6746128   +182          17     -9   31  15  223  -45  285  -16  285  -16  18  0  0 L3B 40
C27 FF 61072 155000  780 531  753    -5896018    -57          13     -7   13  15  101   +8  168   +6  168    6   8  0  0 L3B CA
C28 FF 61072 155000  780 116  769    -4784291    +35         -27    +79   49  15  392 +175  229  -58  229  -58  33  0  0 L3B 73
C29 FF 61072 155000  780 151 2600    -5581301    -13           6    +39   27  15  309 -109  320  -54  320  -54  18  0  0 L3B 27
C30 FF 61072 155000  780 661 2632    -3775057    -65           6    +17   14  15   88   -5  169  -14  169  -14   8  0  0 L3B 00
C33 FF 61072 155000  780 183  399    +9444018    +22          -9    +73   25  15  255  +16  228  -43  228  -43  15  0  0 L3B 25
C36 FF 61072 155000  780 446 2564    -3031544    +43          19    +26   19  15  115   +6  197   -5  197   -5  11  0  0 L3B 02
C38 FF 61072 155000  780 268  367    -2717438    -36           4    -16   15  15  178  +10  191   +8  191    8   9  0  0 L3B E2
C41 FF 61072 155000  780 237  910    +9433250     -5           3     +8   22  15  200  -32  221  -23  221  -23  13  0  0 L3B C2
C45 FF 61072 155000  780 251 3131    +6746296   +194           2     +4   19  15  190  -27  270  -22  270  -22  12  0  0 L3B 17
C27 FF 61072 160600  780 470  782    -5896066    -24           7    +25   14  16  110  +11  172  -13  172  -13   8  0  0 L3B FB
C29 FF 61072 160600  780 205 2637    -5581344    -21           4    +30   28  16  230  -61  287  -47  287  -47  17  0  0 L3B 31
C30 FF 61072 160600  780 724 2696    -3775143    -69           5    +14   12  16   85   -3  170  -10  170  -10   7  0  0 L3B E9
C33 FF 61072 160600  780 165  341    +9443987   -112          13    -61   39  16  280  +36  219  +27  219   27  23  0  0 L3B 31
C36 FF 61072 160600  780 412 2483    -3031523    +17          27     +0   17  16  122  +10  204  +16  204   16  10  0  0 L3B E8
C38 FF 61072 160600  780 251  354    -2717484    -37         -17    -18   20  16  189  +13  201   -3  201   -3  11  0  0 L3B FD
C41 FF 61072 160600  780 273  848    +9433238    -18          -1     -5   25  16  176  -19  203   -9  203   -9  15  0  0 L3B F1
C45 FF 61072 160600  780 284 3077    +6746485   +213          12    +23   24  16  170  -16  252  -32  252  -32  14  0  0 L3B 3F
C27 FF 61072 162200  780 410  814    -5896111    -27           9    +22   14  16  123  +15  170  -17  170  -17   9  0  0 L3B F5
C29 FF 61072 162200  780 260 2673    -5581397   -109           0    -58   24  16  184  -38  262   +8  262    8  14  0  0 L3B 19
C30 FF 61072 162200  780 787 2787    -3775220    -66           7    +16   10  16   82   -2  163  -18  163  -18   6  0  0 L3B FB
C32 FF 61072 162200  780 165 1355    +9546691    -30           4    +22   37  16  284 -103  261  -34  261  -34  20  0  0 L3B 2B
C33 FF 61072 162200  780 139  289    +9443940     -5          15    +46   29  16  330  +71  206  -21  206  -21  18  0  0 L3B 0D
C36 FF 61072 162200  780 369 2415    -3031518     +8          16     -8   24  16  134  +15  223  +23  223   23  14  0  0 L3B F0
C38 FF 61072 162200  780 233  344    -2717475    +27          11    +47   15  16  203  +17  179  -39  179  -39   9  0  0 L3B 24
C41 FF 61072 162200  780 299  779    +9433221    -19          -6     -6   20  16  162  -11  189  -11  189  -11  12  0  0 L3B 10
C45 FF 61072 162200  780 307 3014    +6746676   +200          21    +10   19  16  158   -8  233  -18  233  -18  11  0  0 L3B 28
C27 FF 61072 163800  780 352  849    -5896157    -54          10     -5   19  16  140  +21  167   -3  167   -3  11  0  0 L3B FA
C29 FF 61072 163800  780 316 2710    -5581451    -43          -4     +8   23  16  154  -26  232  -41  232  -41  15  0  0 L3B 15
C30 FF 61072 163800  780 847 2996    -3775299    -70           7    +13   12  16   81   -1  155  -18  155  -18   7  0  0 L3B 0C
C32 FF 61072 163800  780 225 1321    +9546643    -53           6     +0   28  16  211  -55  233  -27  233  -27  16  0  0 L3B 0B
C33 FF 61072 163800  780 105  244    +9443889     -2          14    +49   36  16  431 +150  199  -40  199  -40  21  0  0 L3B 2F
C36 FF 61072 163800  780 318 2359    -3031498    +12          21     -5   21  16  153  +23  237  +18  237   18  13  0  0 L3B 11
C38 FF 61072 163800  780 212  338    -2717500    -11           5     +9   18  16  221  +22  174   -3  174   -3   9  0  0 L3B BF
C41 FF 61072 163800  780 314  706    +9433210    +25          -5    +38   26  16  155   -4  172  -38  172  -38  16  0  0 L3B 0C
C45 FF 61072 163800  780 318 2944    +6746847   +252           9    +62   32  16  153   -3  233  -44  233  -44  19  0  0 L3B 37
C27 FF 61072 165400  780 295  885    -5896195    -60          20    -11   19  16  163  +29  161  +13  161   13  12  0  0 L3B 20
C29 FF 61072 165400  780 373 2746    -5581494    -86           2    -35   20  16  133  -18  201   +1  201    1  13  0  0 L3B EA
C30 FF 61072 165400  780 867  383    -3775374    -73          12    +10   13  16   81   +0  145   -7  145   -7   7  0  0 L3B CE
C32 FF 61072 165400  780 284 1282    +9546594    -33           7    +19   23  16  170  -33  204  -38  204  -38  14  0  0 L3B 2B
C36 FF 61072 165400  780 264 2313    -3031469     +8          34     -8   23  16  181  +36  247  +21  247   21  14  0  0 L3B FD
C38 FF 61072 165400  780 190  336    -2717513     -9          10    +11   18  16  245  +29  167  -22  167  -22  11  0  0 L3B 0C
C41 FF 61072 165400  780 317  631    +9433208    -44           6    -31   25  16  153   +2  155  +13  155   13  15  0  0 L3B E0
C45 FF 61072 165400  780 318 2870    +6747026   +278           6    +87   26  16  153   +3  225  -54  225  -54  15  0  0 L3B 36
C27 FF 61072 171000  780 239  921    -5896263    -60          -7    -11   20  17  198  +44  175   +3  175    3  12  0  0 L3B F2
C29 FF 61072 171000  780 432 2781    -5581560    -65         -21    -15   24  17  118  -14  188  -23  188  -23  14  0  0 L3B 49
C30 FF 61072 171000  780 813  795    -3775466   -118          -3    -36   11  17   82   +1  143  +11  143   11   6  0  0 L3B E1
C32 FF 61072 171000  780 341 1234    +9546539    -13         -14    +38   22  17  144  -21  183  -49  183  -49  13  0  0 L3B 41
C36 FF 61072 171000  780 208 2274    -3031468    +20          16     +3   24  17  226  +60  282  +34  282   34  16  0  0 L3B 03
C38 FF 61072 171000  780 167  337    -2717542    -52           8    -32   25  17  277  +38  159  +42  159   42  16  0  0 L3B 16
C41 FF 61072 171000  780 307  559    +9433178    -13         -13     +0   22  17  158   +8  159   -9  159   -9  13  0  0 L3B F0
C45 FF 61072 171000  780 305 2797    +6747206   +221           1    +31   26  17  159   +9  226  -11  226  -11  15  0  0 L3B 18
C26 FF 61072 172600  780 120 3294    +5903172    +40           4    -16   28  17  381  -84  254  -30  254  -30  17  0  0 L3B 1E
C27 FF 61072 172600  780 184  958    -5896299    -80           3    -31   25  17  253  +73  170  +21  170   21  14  0  0 L3B 15
C29 FF 61072 172600  780 492 2813    -5581611    -92         -23    -41   20  17  107  -10  168   +4  168    4  12  0  0 L3B 0F
C30 FF 61072 172600  780 750  911    -3775529   -132          14    -49   11  17   84   +3  125  +20  125   20   6  0  0 L3B E7
C32 FF 61072 172600  780 394 1175    +9546489    -57         -14     -5   13  17  127  -14  157  -20  157  -20   8  0  0 L3B 2F
C36 FF 61072 172600  780 151 2239    -3031454     -1          14    -18   23  17  306 +113  313  +42  313   42  13  0  0 L3B 08
C38 FF 61072 172600  780 143  342    -2717560    -21           9     -1   19  17  321  +53  150   -8  150   -8  11  0  0 L3B CE
C41 FF 61072 172600  780 285  494    +9433161    -19         -18     -6   22  17  168  +15  153   -5  153   -5  14  0  0 L3B 01
C45 FF 61072 172600  780 281 2728    +6747404   +204          17    +14   24  17  171  +16  217   -6  217   -6  14  0  0 L3B 22
C20 FF 61072 174200  780 148 1668    +9687420   +144          -5    +31   24  17  315 -138  240  -54  240  -54  16  0  0 L3B 54
C26 FF 61072 174200  780 142 3243    +5903227    +98           6    +42   27  17  323  -41  220  -45  220  -45  16  0  0 L3B 18
C27 FF 61072 174200  780 131  994    -5896340    -82           9    -34   50  17  350 +139  170  +20  170   20  30  0  0 L3B 14
C29 FF 61072 174200  780 554 2843    -5581639    -55          -2     -4   14  17   98   -8  133  -23  133  -23   8  0  0 L3B FD
C30 FF 61072 174200  780 687  982    -3775619   -113           4    -30   10  17   87   +4  123  +16  123   16   5  0  0 L3B E2
C32 FF 61072 174200  780 439 1103    +9546449    -45          -6     +6   10  17  117   -9  133  -18  133  -18   6  0  0 L3B FD
C38 FF 61072 174200  780 119  350    -2717589    -71           0    -51   18  17  382  +76  146  +16  146   16  11  0  0 L3B 0E
C41 FF 61072 174200  780 253  438    +9433177    +12          10    +25   24  17  188  +26  130  -14  130  -14  14  0  0 L3B 0C
C45 FF 61072 174200  780 249 2665    +6747586   +244          15    +54   21  17  191  +27  218  -23  218  -23  12  0  0 L3B 54
C20 FF 61072 175800  780 214 1656    +9687526   +135          -8    +22   20  17  221  -68  198  -58  198  -58  12  0  0 L3B 62
C26 FF 61072 175800  780 156 3186    +5903273   +111          -3    +55   29  17  296  -17  210  -56  210  -56  20  0  0 L3B 46
C29 FF 61072 175800  780 617 2866    -5581712    -65         -26    -15   13  17   92   -6  130   -8  130   -8   8  0  0 L3B 01
C30 FF 61072 175800  780 623 1038    -3775705    -84          -3     -1   14  17   91   +5  120   -5  120   -5   8  0  0 L3B BD
C32 FF 61072 175800  780 473 1015    +9546401    -37          -5    +14   13  17  110   -5  117  -23  117  -23   7  0  0 L3B FC
C41 FF 61072 175800  780 213  392    +9433168    +21          14    +34   27  17  220  +43  122  -32  122  -32  16  0  0 L3B 0B
C45 FF 61072 175800  780 209 2609    +6747776   +223          23    +33   19  17  224  +44  217  -11  217  -11  10  0  0 L3B 48
C20 FF 61072 181400  780 282 1642    +9687632    +83         -13    -30   24  18  171  -40  166   -8  166   -8  14  0  0 L3B 25
C26 FF 61072 181400  780 160 3127    +5903310    +43         -20    -13   32  18  289   +1  211   -8  211   -8  19  0  0 L3B F4
C29 FF 61072 181400  780 682 2879    -5581761    -41         -29     +9   12  18   87   -4  119  -15  119  -15   7  0  0 L3B 1D
C30 FF 61072 181400  780 560 1087    -3775786    -93          -8    -10   15  18   97   +8  118   +0  118    0   9  0  0 L3B D9
C32 FF 61072 181400  780 493  915    +9546360    -60           6     -8   13  18  107   -2  102   -3  102   -3   7  0  0 L3B AC
C35 FF 61072 181400  780 105 2883    +2542417   +184          -9    +39   45  18  435 -218  248  -84  248  -84  27  0  0 L3B 76
C41 FF 61072 181400  780 168  356    +9433144    +20           6    +33   33  18  277  +78  127  -21  127  -21  18  0  0 L3B 10
C45 FF 61072 181400  780 165 2559    +6747957   +252          18    +62   31  18  281  +78  227  -27  227  -27  19  0  0 L3B 6D
C20 FF 61072 183000  780 352 1625    +9687750    +80          -4    -34   16  18  140  -25  142   +9  142    9  10  0  0 L3B F7
C26 FF 61072 183000  780 154 3067    +5903391    +69           7    +13   28  18  299  +20  186   -8  186   -8  18  0  0 L3B 1B
C29 FF 61072 183000  780 747 2868    -5581810    -67         -30    -17   11  18   84   -3  112   +1  112    1   6  0  0 L3B DA
C30 FF 61072 183000  780 496 1132    -3775857    -43           0    +39   18  18  106  +10  110  -26  110  -26  10  0  0 L3B 0E
C32 FF 61072 183000  780 495  810    +9546311    -45           6     +7   13  18  106   +1   95  -12   95  -12   7  0  0 L3B B4
C35 FF 61072 183000  780 160 2909    +2542541   +152         -24     +7   31  18  292 -100  198  -53  198  -53  19  0  0 L3B 58
C41 FF 61072 183000  780 117  331    +9433142     -7          17     +7   26  18  388 +166  116  -10  116  -10  16  0  0 L3B 02
C45 FF 61072 183000  780 117 2514    +6748125   +118           3    -72   30  18  389 +157  252  +61  252   61  18  0  0 L3B 3F
C20 FF 61072 184600  780 422 1602    +9687841   +105         -22     -9   16  18  121  -17  138   -8  138   -8   9  0  0 L3B 17
C26 FF 61072 184600  780 139 3008    +5903422    +53         -16     -3   32  18  329  +45  200   +6  200    6  20  0  0 L3B EA
C29 FF 61072 184600  780 811 2782    -5581855    -46         -26     +4    9  18   82   -1  104   -7  104   -7   5  0  0 L3B D8
C30 FF 61072 184600  780 434 1173    -3775949    -62         -13    +20   17  18  117  +14  121  -11  121  -11  10  0  0 L3B 29
C32 FF 61072 184600  780 480  712    +9546245    -92         -11    -40   17  18  109   +4  100  +18  100   18  10  0  0 L3B FD
C35 FF 61072 184600  780 216 2933    +2542695   +100          -8    -45   28  18  219  -57  149   -4  149   -4  18  0  0 L3B 36
C19 FF 61072 190200  780 115 1914    +9693090   +116           7    +72   25  19  403 -225  181  -84  181  -84  17  0  0 L3B 54
C20 FF 61072 190200  780 491 1568    +9687951    +72         -22    -42   18  19  107  -12  127  +11  127   11  10  0  0 L3B 2E
C26 FF 61072 190200  780 116 2951    +5903482    +71         -14    +15   28  19  391  +89  200   +0  200    0  17  0  0 L3B 00
C29 FF 61072 190200  780 857 2319    -5581917    -40         -26    +12   11  19   81   +0  106  -10  106  -10   6  0  0 L3B FE
C30 FF 61072 190200  780 372 1211    -3776024    -68          -4    +15   18  19  133  +20  124   +1  124    1  11  0  0 L3B DA
C32 FF 61072 190200  780 449  629    +9546215    -49          16     +3   19  19  114   +8   84   +0   84    0  11  0  0 L3B AE
C35 FF 61072 190200  780 274 2952    +2542837   +145          -7     +0   31  19  176  -36  122  -21  122  -21  20  0  0 L3B 1E
C19 FF 61072 191800  780 181 1920    +9693131    +35           6     -8   24  19  260  -96  161  -15  161  -15  15  0  0 L3B 1B
C20 FF 61072 191800  780 557 1516    +9688057   +113         -25     -1   17  19   98   -8  120   -9  120   -9  10  0  0 L3B 05
C29 FF 61072 191800  780 825 1680    -5581969   -106         -28    -54   10  19   82   +1  107  +29  107   29   6  0  0 L3B 2C
C30 FF 61072 191800  780 310 1247    -3776106    -73          -6    +10   18  19  156  +29  131   +6  131    6  11  0  0 L3B F0
C32 FF 61072 191800  780 408  564    +9546148    -84           0    -32   16  19  123  +12   93  +19   93   19   9  0  0 L3B E2
C35 FF 61072 191800  780 333 2965    +2542968   +141         -16     -4   26  19  147  -24  111  -13  111  -13  15  0  0 L3B 3D
C19 FF 61072 193400  780 248 1929    +9693178    +65          11    +22   19  19  193  -52  142  -30  142  -30  12  0  0 L3B 40
C20 FF 61072 193400  780 617 1434    +9688165   +108         -26     -5   20  19   92   -5  115   -2  115   -2  11  0  0 L3B F4
C29 FF 61072 193400  780 760 1545    -5582011    -68         -21    -17   13  19   83   +3  102  +12  102   12   8  0  0 L3B F0
C30 FF 61072 193400  780 249 1280    -3776185    -77          -5     +6   21  19  191  +44  141   +9  141    9  12  0  0 L3B F4
C32 FF 61072 193400  780 358  518    +9546097    -59          -2     -7   26  19  138  +18   94   +0   94    0  15  0  0 L3B D1
C35 FF 61072 193400  780 393 2971    +2543099   +124         -24    -21   16  19  128  -17  104   +9  104    9  10  0  0 L3B 23
C19 FF 61072 195000  780 318 1939    +9693214    +50           5     +7   16  19  154  -32  133  -14  133  -14  10  0  0 L3B 0E
C20 FF 61072 195000  780 664 1307    +9688287    +80         -13    -34   16  19   88   -3  104  +18  104   18   9  0  0 L3B 0F
C29 FF 61072 195000  780 690 1516    -5582075    -69         -36    -18   15  19   86   +4  113  +13  113   13   9  0  0 L3B 0D
C30 FF 61072 195000  780 189 1310    -3776254    -91           5     -8   29  19  247  +76  144  +17  144   17  17  0  0 L3B 17
C32 FF 61072 195000  780 304  487    +9546056    -48           7     +4   19  19  159  +27   92   +2   92    2  12  0  0 L3B B9
C35 FF 61072 195000  780 454 2966    +2543232   +121         -30    -24   13  19  113  -12  100   +7  100    7   7  0  0 L3B F1
C19 FF 61072 200600  780 389 1949    +9693249     +9           2    -35   16  20  129  -21  123  +14  123   14  10  0  0 L3B 03
C20 FF 61072 200600  780 689 1129    +9688395   +152         -17    +38   16  20   87   -1  101  -30  101  -30   9  0  0 L3B 19
C29 FF 61072 200600  780 620 1515    -5582111    -39         -11    +14   13  20   91   +6  107   -2  107   -2   7  0  0 L3B C8
C30 FF 61072 200600  780 130 1338    -3776347   -100         -10    -18   29  20  353 +157  163  +20  163   20  18  0  0 L3B 3D
C32 FF 61072 200600  780 247  469    +9546010    -61          11     -9   22  20  192  +43   90  +11   90   11  13  0  0 L3B C5
C35 FF 61072 200600  780 515 2947    +2543364   +144         -31     +0   18  20  103   -9   98   -2   98   -2  11  0  0 L3B DD
C19 FF 61072 202200  780 461 1960    +9693287    +30          -3    -14   19  20  112  -14  116   +4  116    4  13  0  0 L3B EA
C20 FF 61072 202200  780 684  936    +9688509   +111         -11     -3   15  20   87   +1   95   +1   95    1   8  0  0 L3B A4
C29 FF 61072 202200  780 548 1525    -5582168    -38         -18    +14   15  20   99   +9  117   +0  117    0   9  0  0 L3B E0
C32 FF 61072 202200  780 189  462    +9545960    -57          11     -5   23  20  247  +74   89   -3   89   -3  13  0  0 L3B D6
C35 FF 61072 202200  780 573 2905    +2543499   +143         -35     -1   14  20   96   -6   98   -4   98   -4   8  0  0 L3B D6
C39 FF 61072 202200  780 125  685     +188063    -47         -20    -53   32  20  367  -85  108  +31  108   31  20  0  0 L3B 05
C44 FF 61072 202200  780 123 3075    -8874029   +127          22    +38   19  20  375 -170  121  -42  121  -42  13  0  0 L3B 46
C19 FF 61072 203800  780 534 1969    +9693321    +69         -10    +26   13  20  101  -10  112  -24  112  -24   8  0  0 L3B 1E
C20 FF 61072 203800  780 652  781    +9688602   +122         -28     +9   14  20   89   +3  103   -4  103   -4   8  0  0 L3B D0
C29 FF 61072 203800  780 478 1539    -5582211    -49         -12     +3   15  20  109  +13  118   +6  118    6   8  0  0 L3B ED
C32 FF 61072 203800  780 131  462    +9545918    -72          19    -20   23  20  349 +150   80  +18   80   18  17  0  0 L3B 02
C35 FF 61072 203800  780 625 2829    +2543639   +141         -34     -4   15  20   91   -4   94   +4   94    4   8  0  0 L3B BF
C39 FF 61072 203800  780 154  670     +188073    +26         -15    +21   26  20  301  -54  103  -15  103  -15  17  0  0 L3B 03
C44 FF 61072 203800  780 180 3081    -8873949    +81          16     -8   22  20  260  -82  109   -6  109   -6  15  0  0 L3B 0B
C19 FF 61072 205400  780 608 1972    +9693364    +79          -8    +36   18  20   93   -7  103  -28  103  -28  10  0  0 L3B 1E
C20 FF 61072 205400  780 604  680    +9688717   +110         -23     -3   14  20   93   +5  100   -3  100   -3   8  0  0 L3B B9
C22 FF 61072 205400  780 103 2183    -4353756     +2         -18    +30   28  20  445 -257  182  -29  182  -29  17  0  0 L3B 41
C29 FF 61072 205400  780 408 1554    -5582255   -100          -6    -48   16  20  123  +18  122  +37  122   37  10  0  0 L3B 24
C35 FF 61072 205400  780 665 2707    +2543768   +161         -44    +16   13  20   88   -2  100  -13  100  -13   7  0  0 L3B 0B
C39 FF 61072 205400  780 180  654     +188092    +27          -1    +22   18  20  259  -36   92  -19   92  -19  12  0  0 L3B EE
C44 FF 61072 205400  780 237 3078    -8873864    +79          16    -10   20  20  200  -47  100   -6  100   -6  13  0  0 L3B 03
C19 FF 61072 211000  780 681 1962    +9693403    +61         -11    +17   18  21   87   -5   99  -19   99  -19  11  0  0 L3B 10
C20 FF 61072 211000  780 546  623    +9688827    +96         -25    -18   15  21   99   +8   97  +11   97   11   8  0  0 L3B E3
C22 FF 61072 211000  780 165 2209    -4353781    -16          -9    +13   29  21  284 -106  171  -24  171  -24  17  0  0 L3B 35
C29 FF 61072 211000  780 339 1569    -5582310    -54         -26     -4   15  21  144  +26  134  +16  134   16  10  0  0 L3B 12
C35 FF 61072 211000  780 684 2538    +2543912   +158         -35    +13   11  21   87   +0   96   -9   96   -9   7  0  0 L3B E1
C39 FF 61072 211000  780 204  635     +188089    -46          -6    -51   18  21  230  -25   94  +35   94   35  11  0  0 L3B D9
C44 FF 61072 211000  780 294 3067    -8873791    +54           3    -35   25  21  164  -30   97  +21   97   21  17  0  0 L3B FC
C19 FF 61072 212600  780 753 1919    +9693451    +31          -5    -13   12  21   84   -3   89   +3   89    3   7  0  0 L3B B5
C20 FF 61072 212600  780 485  594    +9688935   +107         -26     -7   16  21  108  +11   97   +6   97    6   8  0  0 L3B E5
C22 FF 61072 212600  780 227 2238    -4353802    -12          -2    +17   24  21  210  -57  157  -28  157  -28  15  0  0 L3B 23
C29 FF 61072 212600  780 271 1583    -5582355    -77         -22    -27   16  21  176  +41  139  +27  139   27  10  0  0 L3B 40
C35 FF 61072 212600  780 675 2355    +2544053   +114         -32    -31   12  21   87   +1   96  +22   96   22   7  0  0 L3B E2
C39 FF 61072 212600  780 226  615     +188080    -45         -20    -50   17  21  209  -18  102  +25  102   25  11  0  0 L3B F4
C44 FF 61072 212600  780 350 3045    -8873706    +83           3     -6   16  21  141  -20   90   -3   90   -3  11  0  0 L3B B9
C19 FF 61072 214200  780 817 1756    +9693488    +59         -10    +15   15  21   82   -1   90   -9   90   -9   9  0  0 L3B DF
C20 FF 61072 214200  780 422  584    +9689054   +109         -16     -5   16  21  120  +15   90   +1   90    1   9  0  0 L3B B8
C22 FF 61072 214200  780 289 2270    -4353835    -54          -7    -25   21  21  167  -35  141   -3  141   -3  13  0  0 L3B FD
C29 FF 61072 214200  780 205 1595    -5582411    -52         -30     -1   20  21  228  +71  155   +8  155    8  12  0  0 L3B EF
C35 FF 61072 214200  780 641 2205    +2544190   +128         -33    -16   13  21   90   +3  102  +11  102   11   7  0  0 L3B DF
C39 FF 61072 214200  780 244  592     +188103    +55          -2    +50   16  21  195  -13   89  -30   89  -30  10  0  0 L3B DF
C44 FF 61072 214200  780 402 3008    -8873626    +81          -3     -8   17  21  125  -13   90   +4   90    4  11  0  0 L3B BA
C19 FF 61072 215800  780 844 1183    +9693533    +42          -6     -1   16  21   81   +0   86   +0   86    0   9  0  0 L3B 97
C20 FF 61072 215800  780 360  587    +9689159    +99         -21    -15   14  21  137  +21   95   +9   95    9   9  0  0 L3B EB
C22 FF 61072 215800  780 353 2305    -4353859    -42          -4    -12   15  21  140  -23  125   -5  125   -5   8  0  0 L3B EA
C29 FF 61072 215800  780 141 1606    -5582447    -69         -17    -18   20  21  327 +144  156  +27  156   27  11  0  0 L3B 50
C35 FF 61072 215800  780 590 2102    +2544334   +149         -28     +5   18  21   94   +6  103   +6  103    6  10  0  0 L3B D8
C39 FF 61072 215800  780 259  569     +188105     -4          -5     -9   16  21  184   -9   85   +1   85    1  10  0  0 L3B 8F
C44 FF 61072 215800  780 448 2954    -8873539    +97          -2     +8   14  21  115   -9   86   -9   86   -9   8  0  0 L3B E5
C19 FF 61072 221400  780 800  763    +9693563     +3         -19    -40   11  22   82   +2   91  +22   91   22   6  0  0 L3B AE
C20 FF 61072 221400  780 300  598    +9689277   +167          -4    +54   19  22  161  +30   92  -31   92  -31  11  0  0 L3B 0A
C22 FF 61072 221400  780 417 2345    -4353893    -29         -12     +0   22  22  122  -16  117   -8  117   -8  13  0  0 L3B FA
C35 FF 61072 221400  780 529 2034    +2544470   +128         -26    -16   17  22  101   +9  111  +19  111   19  10  0  0 L3B 15
C39 FF 61072 221400  780 270  545     +188112    +30          -4    +25   18  22  177   -6   84  -19   84  -19  11  0  0 L3B D3
C44 FF 61072 221400  780 486 2881    -8873451    +69           2    -20   17  22  108   -5   82  +12   82   12  10  0  0 L3B DE
C19 FF 61072 223000  780 736  662    +9693623    +52          -1     +8   15  22   84   +3   79   -3   79   -3   9  0  0 L3B 9F
C20 FF 61072 223000  780 240  616    +9689388    +84          -2    -29   22  22  197  +46   93  +23   93   23  12  0  0 L3B F5
C22 FF 61072 223000  780 482 2388    -4353930    -20         -20     +9   15  22  109  -11  115  -16  115  -16   9  0  0 L3B 09
C34 FF 61072 223000  780 112 3217    -8754814    -97           3    -17   27  22  411 -191   94  -14   94  -14  19  0  0 L3B 18
C35 FF 61072 223000  780 464 1990    +2544613   +177         -22    +33   20  22  111  +13  119  -10  119  -10  13  0  0 L3B 2D
C37 FF 61072 223000  780 111  515    +9170141    +51          11    -12   35  22  411  -63   89   +3   89    3  25  0  0 L3B B5
C39 FF 61072 223000  780 278  520     +188109    -39         -13    -44   22  22  173   -3   86  +28   86   28  13  0  0 L3B E1
C44 FF 61072 223000  780 510 2789    -8873376   +135          -8    +46    9  22  104   -3   91  -25   91  -25   5  0  0 L3B F6
C19 FF 61072 224600  780 670  642    +9693654    +73         -12    +30   17  22   88   +4   86  -17   86  -17   9  0  0 L3B F2
C20 FF 61072 224600  780 183  639    +9689511   +130          12    +17   26  22  254  +77   87   -2   87   -2  16  0  0 L3B F7
C22 FF 61072 224600  780 546 2436    -4353959    -26         -21     +3   17  22   99   -8  108  -14  108  -14  10  0  0 L3B 0F
C34 FF 61072 224600  780 163 3197    -8754893   -102           0    -22   25  22  285  -87   89  +15   89   15  18  0  0 L3B 24
C35 FF 61072 224600  780 396 1961    +2544743   +133         -29    -11   19  22  126  +19  134  +16  134   16  11  0  0 L3B 40
C37 FF 61072 224600  780 123  458    +9170215    +33          24    -31   35  22  370  -25   76  +10   76   10  22  0  0 L3B DF
C39 FF 61072 224600  780 281  495     +188113    -23         -13    -29   14  22  171   -1   85   +7   85    7   8  0  0 L3B AD
C44 FF 61072 224600  780 518 2684    -8873279    +65           4    -24   15  22  103   +0   83  +11   83   11   9  0  0 L3B D4
C19 FF 61072 230200  780 604  649    +9693694    +49         -13     +5   12  23   93   +6   86   -5   86   -5   7  0  0 L3B BB
C20 FF 61072 230200  780 128  666    +9689613   +152           3    +38   29  23  359 +150  100  -14  100  -14  18  0  0 L3B 27
C22 FF 61072 230200  780 611 2492    -4353986    -42         -24    -13   18  23   92   -6  102   +1  102    1  10  0  0 L3B CD
C34 FF 61072 230200  780 212 3168    -8754977   -129          -8    -50   26  23  223  -48   90  +28   90   28  16  0  0 L3B 25
C35 FF 61072 230200  780 329 1940    +2544880   +122         -25    -21   15  23  148  +28  148  +21  148   21   9  0  0 L3B 29
C37 FF 61072 230200  780 127  400    +9170275     +0          18    -63   34  23  359   +2   73  +38   73   38  21  0  0 L3B C4
C39 FF 61072 230200  780 281  472     +188111    +75         -22    +69   23  23  171   +1   89  -34   89  -34  13  0  0 L3B E8
C44 FF 61072 230200  780 509 2577    -8873199    +94          -1     +6   13  23  104   +3   90   +1   90    1   8  0  0 L3B A5
C19 FF 61072 231800  780 540  670    +9693733     +1         -16    -43   16  23  100   +8   88  +25   88   25   9  0  0 L3B D6
C21 FF 61072 231800  780 153 2513    +8833186    -79         -17    -35   34  23  305 -109  159   -3  159   -3  18  0  0 L3B 3D
C22 FF 61072 231800  780 675 2560    -4354023    -29         -34     +0   15  23   87   -4  104   -3  104   -3   9  0  0 L3B C7
C34 FF 61072 231800  780 256 3128    -8755052    -78          -7     +2   25  23  187  -29   87   -4   87   -4  15  0  0 L3B F3
C35 FF 61072 231800  780 262 1924    +2545030   +170         -13    +26   17  23  182  +44  154   +1  154    1  10  0  0 L3B 01
C37 FF 61072 231800  780 122  343    +9170326   +104           8    +40   34  23  374  +30   84  -19   84  -19  20  0  0 L3B F4
C39 FF 61072 231800  780 277  450     +188117     +2         -20     -3   17  23  173   +3   88   -1   88   -1  11  0  0 L3B 97
C44 FF 61072 231800  780 483 2479    -8873109    +78           2    -11   20  23  108   +6   91  +10   91   10  12  0  0 L3B DB
C19 FF 61072 233400  780 478  697    +9693771    +48         -20     +4   18  23  109  +11   93   -2   93   -2  11  0  0 L3B E5
C21 FF 61072 233400  780 208 2552    +8833165    -54           4     -9   26  23  227  -60  128   -8  128   -8  17  0  0 L3B F6
C22 FF 61072 233400  780 738 2651    -4354052    -42         -35    -13   16  23   84   -3  103   +7  103    7   9  0  0 L3B CE
C34 FF 61072 233400  780 292 3078    -8755137   -108         -15    -28   27  23  165  -18   93  +17   93   17  16  0  0 L3B 3C
C35 FF 61072 233400  780 197 1911    +2545160   +120         -21    -24   19  23  238  +76  172  +22  172   22  11  0  0 L3B 30
C37 FF 61072 233400  780 107  289    +9170378    +59          -1     -4   31  23  421  +72   90   +5   90    5  20  0  0 L3B B3
C39 FF 61072 233400  780 270  430     +188119    +33         -24    +28   15  23  177   +6   85  -13   85  -13   9  0  0 L3B D7
C44 FF 61072 233400  780 444 2397    -8873034   +106          -8    +17   16  23  115   +9  107   -4  107   -4   9  0  0 L3B FE
