CGGTTS     GENERIC DATA FORMAT VERSION = 2E
REV DATE = 2026-01-01                    
RCVR = POLARX5-TR                    R2CGGTTS v8.8    
CH = 99 
IMS = POLARX5-TR                    
LAB = PTB                           
X = +3844059.67 m 
Y =  +709661.67 m 
Z = +5023129.80 m 
FRAME = ITRF
COMMENTS = TGD applied
INT DLY =   33.0 ns (BDS B1C),   32.5 ns (BDS B2a)
CAB DLY =  205.7 ns 
REF DLY =   56.2 ns
REF = UTC(PTB)                      
CKSUM = A4

SAT CL  MJD  STTIME TRKL ELV AZTH   REFSV      SRSV     REFSYS    SRSYS  DSG IOE MDTR SMDT MDIO SMDI MSIO SMSI ISG FR HC FRC CK
             hhmmss  s  .1dg .1dg    .1ns     .1ps/s     .1ns    .1ps/s .1ns     .1ns.1ps/s.1ns.1ps/s.1ns.1ps/s.1ns
C27 FF 61049 000600  780 311 3085    -5795559    -55          -6     -7   19   0  156  -23   78   +6   78    6  11  0  0 L3B CE
C28 FF 61049 000600  780 583 2563    -4691588    -33         -10    +12   15   0   95   +1   87   -5   87   -5   9  0  0 L3B C3
C33 FF 61049 000600  780 728 2355    +9563793    -63          -5     +2   14   0   85   -3   96   +0   96    0   8  0  0 L3B 8C
C39 FF 61049 000600  780 272  504     +178139    +11           2     +6   23   0  176   -3   73   -4   73   -4  14  0  0 L3B 6F
C41 FF 61049 000600  780 219 2398    +9466682    +11           2    +30   28   0  216  -56  135  -14  135  -14  16  0  0 L3B 09
C42 FF 61049 000600  780 474  628    +9204559    -30           3    +17   18   0  109  +11   92  -10   92  -10  11  0  0 L3B C5
C43 FF 61049 000600  780 286 1781    -1292448    -19           6    -10   16   0  168  +38  145   +8  145    8   9  0  0 L3B DB
C27 FF 61049 002200  780 357 3039    -5795609    -47          -9     +1   21   0  138  -15   78   +0   78    0  13  0  0 L3B BD
C28 FF 61049 002200  780 563 2441    -4691631    -74         -10    -29   15   0   97   +3   94  +32   94   32   8  0  0 L3B CE
C33 FF 61049 002200  780 797 2430    +9563740    -71           5     -5   11   0   82   -2   88   +2   88    2   7  0  0 L3B 77
C39 FF 61049 002200  780 275  480     +178123    -18         -18    -23   24   0  174   +0   84   +6   84    6  14  0  0 L3B 9D
C41 FF 61049 002200  780 278 2437    +9466681     -9          19    +11   24   0  173  -35  123  -15  123  -15  14  0  0 L3B 0A
C42 FF 61049 002200  780 412  642    +9204521    -47           9     +0   18   0  122  +15   91   +0   91    0  11  0  0 L3B 6E
C43 FF 61049 002200  780 219 1778    -1292458    -34           4    -25   19   0  215  +63  153  +18  153   18  11  0  0 L3B 00
C26 FF 61049 003800  780 162  730    +5787937     +3         -11    -53   34   0  287  -49  115  +21  115   21  24  0  0 L3B FB
C27 FF 61049 003800  780 395 2980    -5795658    -63         -12    -14   18   0  127   -9   82   +6   82    6  10  0  0 L3B E2
C28 FF 61049 003800  780 526 2338    -4691680    -51         -15     -6   18   0  102   +6  109  +15  109   15  10  0  0 L3B F6
C33 FF 61049 003800  780 862 2648    +9563680    -65           8     +0   14   0   81   -1   86   -1   86   -1   8  0  0 L3B 8F
C39 FF 61049 003800  780 274  458     +178151    +48           6    +43   20   0  175   +2   67  -36   67  -36  11  0  0 L3B BD
C41 FF 61049 003800  780 337 2479    +9466655    -35          11    -16   20   0  146  -23  119   +5  119    5  12  0  0 L3B F2
C42 FF 61049 003800  780 351  662    +9204484    -95          17    -49   21   0  140  +21   89  +38   89   38  13  0  0 L3B EF
C43 FF 61049 003800  780 154 1775    -1292472     -3          -2     +6   13   0  301 +123  163   +0  163    0   8  0  0 L3B AB
C24 FF 61049 005400  780 110 1128     -143150   +278          -4    -10   56   0  416 -184  182   +1  182    1  36  0  0 L3B E2
C26 FF 61049 005400  780 186  671    +5787990    +21         -11    -36   22   0  251  -27  105   +7  105    7  14  0  0 L3B E8
C27 FF 61049 005400  780 422 2906    -5795707    -39         -14     +9   20   0  120   -5   81   -9   81   -9  12  0  0 L3B CA
C28 FF 61049 005400  780 477 2259    -4691720    -49         -12     -4   19   0  109  +10  117  +16  117   16  11  0  0 L3B 0C
C33 FF 61049 005400  780 861  341    +9563622    -55          13    +11   14   0   81   +1   84   +0   84    0   8  0  0 L3B 72
C39 FF 61049 005400  780 269  436     +178152     -6           1    -11   15   0  178   +4   70   +7   70    7   9  0  0 L3B 61
C41 FF 61049 005400  780 397 2523    +9466621    -42          -3    -22   21   0  127  -17  113   +7  113    7  12  0  0 L3B D9
C42 FF 61049 005400  780 293  688    +9204436    -45          14     +2   21   0  164  +30   93   +6   93    6  12  0  0 L3B A3
C24 FF 61049 011000  780 159 1085     -142863   +274          -7    -14   27   1  293  -87  165   -5  165   -5  17  0  0 L3B 03
C26 FF 61049 011000  780 201  609    +5788028    +78         -30    +22   30   1  233  -12  106  -13  106  -13  18  0  0 L3B FE
C27 FF 61049 011000  780 437 2821    -5795756    -29          -8    +20   21   1  117   -2   86   -7   86   -7  13  0  0 L3B D0
C28 FF 61049 011000  780 420 2200    -4691764    -78         -10    -33   21   1  120  +14  129  +21  129   21  13  0  0 L3B FC
C33 FF 61049 011000  780 798  552    +9563562    -91           4    -27   11   1   82   +2   86  +16   86   16   7  0  0 L3B A5
C39 FF 61049 011000  780 260  417     +178154     +3           0     -2   18   1  183   +7   70   -1   70   -1  10  0  0 L3B 4A
C41 FF 61049 011000  780 457 2570    +9466597    -29         -13     -9   15   1  113  -12  108   -1  108   -1   9  0  0 L3B E3
C42 FF 61049 011000  780 236  718    +9204397    -87          17    -41   26   1  201  +46   96  +35   96   35  15  0  0 L3B E9
C24 FF 61049 012600  780 206 1037     -142585   +334          -6    +46   29   1  229  -49  144  -54  144  -54  18  0  0 L3B 22
C26 FF 61049 012600  780 207  545    +5788093    +25         -18    -31   30   1  227   +0   96  +12   96   12  17  0  0 L3B D8
C27 FF 61049 012600  780 436 2730    -5795800    -78          -4    -28   19   1  117   +2   90  +19   90   19  11  0  0 L3B E5
C28 FF 61049 012600  780 359 2155    -4691818    -56         -20    -11   19   1  137  +21  140  +13  140   13  12  0  0 L3B 10
C30 FF 61049 012600  780 134 3257    -3606463    -38           2    +45   28   1  345 -112  124  -65  124  -65  17  0  0 L3B 1D
C33 FF 61049 012600  780 733  631    +9563505    -35           9    +29   20   1   84   +3   85  -11   85  -11  12  0  0 L3B B1
C39 FF 61049 012600  780 249  401     +178171    +15          12    +10   15   1  191   +9   64   -6   64   -6  11  0  0 L3B 92
C41 FF 61049 012600  780 517 2621    +9466579     -3         -12    +16   20   1  103   -9  105  -11  105  -11  11  0  0 L3B ED
C42 FF 61049 012600  780 180  750    +9204350    -45          14     +2   30   1  258  +76  107  +14  107   14  18  0  0 L3B DA
C24 FF 61049 014200  780 248  983     -142308   +294          -6     +6   21   1  192  -30  131  -10  131  -10  12  0  0 L3B D8
C26 FF 61049 014200  780 202  483    +5788129    +77         -37    +21   24   1  232  +11  102  -14  102  -14  16  0  0 L3B 02
C27 FF 61049 014200  780 421 2642    -5795835    -37           8    +12   18   1  120   +5   91   +4   91    4  11  0  0 L3B A2
C28 FF 61049 014200  780 297 2120    -4691856    -66         -15    -20   15   1  163  +32  139  +11  139   11   9  0  0 L3B 0D
C30 FF 61049 014200  780 175 3218    -3606539    -72           5    +11   25   1  267  -58  104  -21  104  -21  16  0  0 L3B FF
C33 FF 61049 014200  780 669  690    +9563436    -53           1    +11   14   1   88   +4   93   -5   93   -5   8  0  0 L3B 8F
C39 FF 61049 014200  780 235  388     +178163    -37           0    -42   14   1  201  +13   70  +23   70   23   8  0  0 L3B 95
C41 FF 61049 014200  780 578 2677    +9466567    -16          -6     +3   14   1   96   -7  100   -3  100   -3   8  0  0 L3B B7
C42 FF 61049 014200  780 127  784    +9204296    -23           5    +24   54   1  360 +147  124   -8  124   -8  32  0  0 L3B E7
C24 FF 61049 015800  780 284  921     -142031   +253          -7    -35   26   1  170  -18  120  +10  120   10  16  0  0 L3B D8
C26 FF 61049 015800  780 187  424    +5788189    +49         -31     -8   27   1  250  +26  101  +13  101   13  17  0  0 L3B FD
C27 FF 61049 015800  780 392 2561    -5795888    -42           1     +7   19   1  128  +10  102  +10  102   10  12  0  0 L3B E3
C28 FF 61049 015800  780 234 2092    -4691892     +7          -7    +53   16   1  202  +52  135  -36  135  -36  10  0  0 L3B 0B
C30 FF 61049 015800  780 209 3171    -3606612    -99          11    -17   30   1  225  -32   88   +3   88    3  17  0  0 L3B CE
C33 FF 61049 015800  780 606  742    +9563363    -40         -10    +24   17   1   93   +6  100  -14  100  -14  10  0  0 L3B DB
C39 FF 61049 015800  780 219  378     +178168    +32           0    +27   22   1  215  +16   72   -9   72   -9  13  0  0 L3B AA
C41 FF 61049 015800  780 639 2741    +9466541    -44         -14    -25   18   1   90   -5  102  +14  102   14  11  0  0 L3B F1
C24 FF 61049 021400  780 311  853     -141755   +257          -5    -32   22   2  156  -11  110  +13  110   13  14  0  0 L3B D3
C25 FF 61049 021400  780 163 1455    -9674588   -116         -11     +2   21   2  286 -103  191   -2  191   -2  13  0  0 L3B 15
C26 FF 61049 021400  780 162  371    +5788234    +55         -38     -1   33   2  285  +49  122  +34  122   34  19  0  0 L3B FD
C27 FF 61049 021400  780 353 2491    -5795946    -77           1    -27   18   2  139  +15  120  +37  120   37  11  0  0 L3B 0A
C28 FF 61049 021400  780 171 2067    -4691937    -52         -10     -7   17   2  271  +95  137   +3  137    3  10  0  0 L3B EB
C30 FF 61049 021400  780 235 3116    -3606705    -74          -6     +8   23   2  201  -18   95  -10   95  -10  12  0  0 L3B D3
C32 FF 61049 021400  780 146 2691    +9657687    -93           4    -35   26   2  319 -115  122   +0  122    0  17  0  0 L3B F1
C33 FF 61049 021400  780 545  790    +9563321    -53          13    +12   15   2   99   +8   89   -4   89   -4   9  0  0 L3B A7
C39 FF 61049 021400  780 201  372     +178174    +16           1    +12   19   2  233  +22   78   -7   78   -7  13  0  0 L3B 9A
C41 FF 61049 021400  780 700 2818    +9466531     +4          -4    +24   16   2   86   -3   99  -13   99  -13   9  0  0 L3B BD
C24 FF 61049 023000  780 328  780     -141484   +294         -11     +5   24   2  149   -5  109  -13  109  -13  14  0  0 L3B E9
C25 FF 61049 023000  780 223 1426    -9674702   -104         -12    +14   25   2  212  -56  175  -37  175  -37  16  0  0 L3B 3A
C26 FF 61049 023000  780 130  325    +5788281    +48         -45     -9   37   2  352  +95  154  +50  154   50  21  0  0 L3B FE
C27 FF 61049 023000  780 306 2432    -5795988    -49           7     +0   21   2  158  +24  130  +10  130   10  12  0  0 L3B DD
C28 FF 61049 023000  780 111 2045    -4691990    -63         -20    -18   24   2  411 +214  145   +9  145    9  17  0  0 L3B 07
C30 FF 61049 023000  780 252 3054    -3606803    -76         -25     +7   23   2  189   -8  107   +2  107    2  14  0  0 L3B C9
C32 FF 61049 023000  780 199 2730    +9657626    -50          -1     +7   25   2  236  -63  110  -24  110  -24  14  0  0 L3B FB
C33 FF 61049 023000  780 484  837    +9563256    -87          10    -22   15   2  108  +10   95  +19   95   19   9  0  0 L3B DE
C39 FF 61049 023000  780 181  369     +178136     +2         -41     -2   29   2  257  +28  105  +13  105   13  18  0  0 L3B CB
C41 FF 61049 023000  780 760 2925    +9466514    -30          -2    -11   13   2   83   -2   98   +4   98    4   8  0  0 L3B 95
C24 FF 61049 024600  780 334  705     -141211   +278         -15    -10   28   2  147   +0  109   +3  109    3  16  0  0 L3B BE
C25 FF 61049 024600  780 283 1392    -9674819   -125         -16     -7   24   2  170  -34  160  -11  160  -11  14  0  0 L3B 2D
C27 FF 61049 024600  780 255 2382    -5796034    -32           9    +18   24   2  187  +37  140   -4  140   -4  15  0  0 L3B F0
C30 FF 61049 024600  780 257 2988    -3606864    -57          -7    +25   26   2  185   +0  100  -21  100  -21  15  0  0 L3B 03
C32 FF 61049 024600  780 254 2768    +9657566    -79          -6    -22   24   2  188  -40  106  +20  106   20  14  0  0 L3B 1A
C33 FF 61049 024600  780 425  883    +9563196    -96          12    -31   14   2  119  +14   98  +22   98   22   9  0  0 L3B E5
C39 FF 61049 024600  780 160  369     +178146    -13         -36    -17   16   2  289  +38  111  +16  111   16   9  0  0 L3B F0
C41 FF 61049 024600  780 816 3123    +9466491    -16          -6     +3   14   2   82   -1  101   +0  101    0   8  0  0 L3B 89
C24 FF 61049 030200  780 326  632     -140926   +274          -4    -14   29   3  149   +6   99   +5   99    5  17  0  0 L3B B0
C25 FF 61049 030200  780 342 1350    -9674929    -71         -19    +46   25   3  144  -22  144  -38  144  -38  15  0  0 L3B 39
C27 FF 61049 030200  780 201 2340    -5796084    -12           8    +38   31   3  233  +62  138  -20  138  -20  18  0  0 L3B 00
C30 FF 61049 030200  780 252 2921    -3606952   -112         -10    -30   31   3  189   +8  104  +19  104   19  19  0  0 L3B 0C
C32 FF 61049 030200  780 310 2806    +9657518    -38           5    +20   20   3  157  -27   98  -21   98  -21  13  0  0 L3B ED
C33 FF 61049 030200  780 367  927    +9563135    -84          19    -19   11   3  135  +19  103  +25  103   25   6  0  0 L3B EF
C39 FF 61049 030200  780 138  373     +178165    -71         -21    -76   25   3  332  +52  111  +62  111   62  15  0  0 L3B EE
C41 FF 61049 030200  780 850   53    +9466472    -28         -13    -10   15   3   81   +0  102   +7  102    7   9  0  0 L3B 8E
C23 FF 61049 031800  780 104 1727    +5125945    -45         -11    +29   40   3  442 -256  185  +32  185   32  23  0  0 L3B 30
C24 FF 61049 031800  780 307  564     -140664   +313         -18    +25   22   3  158  +12  103  -22  103  -22  13  0  0 L3B FB
C25 FF 61049 031800  780 398 1299    -9675046   -130         -22    -13   20   3  126  -15  135   -6  135   -6  12  0  0 L3B 20
C27 FF 61049 031800  780 145 2302    -5796122    -35          18    +15   29   3  317 +118  131  -18  131  -18  16  0  0 L3B 30
C30 FF 61049 031800  780 236 2855    -3607017   -123           5    -40   16   3  201  +17   96  +31   96   31  11  0  0 L3B E2
C32 FF 61049 031800  780 368 2842    +9657472    -81          14    -24   20   3  135  -19   92  +16   92   16  13  0  0 L3B FE
C33 FF 61049 031800  780 310  971    +9563068    -53          15    +13   20   3  156  +26  116   +0  116    0  12  0  0 L3B C6
C39 FF 61049 031800  780 116  380     +178177    +27         -14    +23   18   3  392  +75  115   -4  115   -4  11  0  0 L3B E1
C41 FF 61049 031800  780 822  646    +9466466     -7          -1    +11   10   3   82   +1   96   -6   96   -6   6  0  0 L3B 87
C23 FF 61049 033400  780 167 1715    +5125892    -55           6    +18   29   3  281 -107  177  -34  177  -34  19  0  0 L3B 38
C24 FF 61049 033400  780 277  506     -140366   +290           4     +2   21   3  173  +20   87   +4   87    4  12  0  0 L3B 88
C25 FF 61049 033400  780 449 1234    -9675162    -99         -26    +18   16   3  115  -10  127  -14  127  -14  10  0  0 L3B 30
C29 FF 61049 033400  780 120 3286    -5476800    -25         -23    +27   34   3  380  -54  167  -22  167  -22  20  0  0 L3B 2E
C30 FF 61049 033400  780 210 2792    -3607107    -63          -6    +19   25   3  223  +31  113  +10  113   10  16  0  0 L3B E8
C32 FF 61049 033400  780 427 2876    +9657401    -29          -2    +29   17   3  119  -14  101  -18  101  -18  10  0  0 L3B 17
C33 FF 61049 033400  780 254 1013    +9563007    -64          16     +1   16   3  187  +39  121   +5  121    5  10  0  0 L3B C5
C41 FF 61049 033400  780 766  868    +9466443    +27          -6    +46   12   3   83   +2   99  -25   99  -25   7  0  0 L3B D7
C23 FF 61049 035000  780 232 1703    +5125809    -59          -6    +15   25   3  205  -57  173  -23  173  -23  15  0  0 L3B 14
C24 FF 61049 035000  780 239  458     -140087   +280           6     -8   19   3  198  +33   86   -1   86   -1  11  0  0 L3B AB
C25 FF 61049 035000  780 490 1152    -9675268   -127         -19     -9   18   3  107   -6  116   +0  116    0  10  0  0 L3B E7
C29 FF 61049 035000  780 133 3231    -5476840    -31         -14    +21   30   3  346  -21  149  -20  149  -20  18  0  0 L3B 1C
C30 FF 61049 035000  780 177 2735    -3607184    -44          -4    +39   25   3  263  +53  123  -10  123  -10  14  0  0 L3B 0A
C32 FF 61049 035000  780 488 2907    +9657360    -63          13     -5   15   3  107  -11   89   -1   89   -1   9  0  0 L3B C8
C33 FF 61049 035000  780 199 1054    +9562950    -89          22    -24   20   3  235  +64  126  +31  126   31  12  0  0 L3B 0E
C41 FF 61049 035000  780 705  980    +9466422    -26          -8     -8   15   3   86   +3  101   +7  101    7   8  0  0 L3B 92
C23 FF 61049 040600  780 298 1690    +5125741    -72          -3     +2   21   4  163  -35  153  -20  153  -20  13  0  0 L3B F6
C24 FF 61049 040600  780 195  420     -139821   +263          -2    -24   21   4  240  +56   95  +13   95   13  12  0  0 L3B CA
C25 FF 61049 040600  780 519 1054    -9675391    -95         -36    +21   13   4  103   -3  116  -17  116  -17   8  0  0 L3B 0F
C29 FF 61049 040600  780 136 3173    -5476875   -103           0    -52   31   4  338   +4  129  +25  129   25  19  0  0 L3B 0C
C30 FF 61049 040600  780 138 2683    -3607272    -80          -6     +3   23   4  333  +98  144  +20  144   20  16  0  0 L3B F3
C32 FF 61049 040600  780 551 2933    +9657296    -29           4    +29   14   4   99   -8   94  -24   94  -24   8  0  0 L3B DF
C33 FF 61049 040600  780 144 1093    +9562885    -87          15    -22   37   4  320 +119  142  +25  142   25  22  0  0 L3B 26
C41 FF 61049 040600  780 642 1057    +9466413    -46          -4    -27   13   4   90   +5   99   +9   99    9   7  0  0 L3B AE
C23 FF 61049 042200  780 366 1674    +5125661   -123         -13    -49   13   4  136  -23  143  +16  143   16   8  0  0 L3B 19
C24 FF 61049 042200  780 146  393     -139546   +284          -3     -3   25   4  315 +107  110  +33  110   33  16  0  0 L3B E6
C25 FF 61049 042200  780 531  944    -9675483   -105         -15    +12   14   4  101   +0   98  -15   98  -15   8  0  0 L3B ED
C29 FF 61049 042200  780 129 3114    -5476942    -47         -18     +5   29   4  353  +29  133  -21  133  -21  18  0  0 L3B 22
C32 FF 61049 042200  780 616 2951    +9657254    -69          17    -12   16   4   92   -6   82   +5   82    5   9  0  0 L3B AE
C41 FF 61049 042200  780 578 1118    +9466392     -6          -8    +13   15   4   95   +7  102   -5  102   -5   9  0  0 L3B B5
C20 FF 61049 043800  780 118 2962    +9476183    +45         -27    -53   29   4  391 -181  112  +41  112   41  16  0  0 L3B 38
C23 FF 61049 043800  780 434 1651    +5125599    -73          -5     +0   14   4  118  -15  120  -14  120  -14   8  0  0 L3B EA
C25 FF 61049 043800  780 525  835    -9675603   -103         -22    +14   15   4  102   +2   97  -13   97  -13   9  0  0 L3B ED
C29 FF 61049 043800  780 114 3057    -5476980    -60          -7     -8   18   4  397  +66  116   -6  116   -6  11  0  0 L3B 01
C32 FF 61049 043800  780 682 2955    +9657200    -50          19     +8   15   4   87   -4   81   -8   81   -8   9  0  0 L3B B2
C41 FF 61049 043800  780 514 1170    +9466371    -22         -11     -3   13   4  103   +9  106   +6  106    6   8  0  0 L3B B6
C20 FF 61049 045400  780 174 2987    +9476280    +89         -24     -8   23   4  269  -88  103   -8  103   -8  13  0  0 L3B 18
C23 FF 61049 045400  780 501 1617    +5125520    -81         -13     -7   15   4  105  -11  115   -4  115   -4   9  0  0 L3B CC
C25 FF 61049 045400  780 502  737    -9675716   -104         -23    +13   17   4  105   +5   93  -12   93  -12  10  0  0 L3B F3
C32 FF 61049 045400  780 748 2925    +9657142    -96          16    -38   10   4   84   -3   83  +22   83   22   6  0  0 L3B D2
C37 FF 61049 045400  780 101 1974    +9058963    +64           6    +16   26   4  454 -275  170   +2  170    2  17  0  0 L3B FC
C41 FF 61049 045400  780 451 1217    +9466361    -12          -4     +7   17   4  114  +13  104   -2  104   -2  10  0  0 L3B C5
C20 FF 61049 051000  780 232 3007    +9476371    +71         -24    -27   22   5  205  -51  103  +13  103   13  13  0  0 L3B FA
C23 FF 61049 051000  780 565 1565    +5125463    -31           6    +43   13   5   97   -7  100  -27  100  -27   7  0  0 L3B CF
C25 FF 61049 051000  780 465  660    -9675833    -67         -15    +51   17   5  111   +8   94  -38   94  -38  10  0  0 L3B FD
C32 FF 61049 051000  780 810 2794    +9657087    -33          15    +25    9   5   82   -1   81  -16   81  -16   5  0  0 L3B C2
C37 FF 61049 051000  780 165 1981    +9058994    +59          -5    +12   19   5  285 -111  182   -9  182   -9  14  0  0 L3B 27
C41 FF 61049 051000  780 387 1259    +9466339    -70          19    -49   15   5  129  +18  108  +29  108   29   8  0  0 L3B 22
C20 FF 61049 053800  780 337 3028    +9476533    +98         -25     +1   18   5  146  -24   98   -8   98   -8  10  0  0 L3B F4
C23 FF 61049 053800  780 659 1393    +5125324   -109          -8    -36   16   5   89   -3   99  +15   99   15   9  0  0 L3B F0
C25 FF 61049 053800  780 380  573    -9676028   -150         -12    -32   16   5  131  +16   89  +21   89   21   9  0  0 L3B FB
C32 FF 61049 053800  780 821 1871    +9656989    -99          14    -42    9   5   82   +1   83  +24   83   24   5  0  0 L3B D0
C37 FF 61049 053800  780 280 1999    +9059097    +36          18    -12   20   5  172  -40  128  -14  128  -14  12  0  0 L3B 31
C41 FF 61049 053800  780 277 1323    +9466306    -50          21    -29   20   5  173  +37  120  +27  120   27  12  0  0 L3B 08
C20 FF 61049 055400  780 398 3029    +9476632   +131         -20    +34   18   5  126  -17   93  -21   93  -21  11  0  0 L3B 1C
C23 FF 61049 055400  780 689 1229    +5125261    -64           0    +10   13   5   87   -1   91   -9   91   -9   7  0  0 L3B 9C
C25 FF 61049 055400  780 325  546    -9676140   -167         -11    -49   19   5  150  +24   90  +41   90   41  11  0  0 L3B 02
C32 FF 61049 055400  780 757 1689    +9656933    -48          13     +9   14   5   83   +3   84   -5   84   -5   8  0  0 L3B BD
C37 FF 61049 055400  780 348 2011    +9059139    +40          14     -8   17   5  142  -25  111  -14  111  -14  10  0  0 L3B F9
C40 FF 61049 055400  780 104  683    +1982362    -46         -15    -76   38   5  434 -123  123  +37  123   37  26  0  0 L3B 2A
C41 FF 61049 055400  780 215 1355    +9466282     -4          16    +17   25   5  219  +61  137  +14  137   14  15  0  0 L3B 02
C20 FF 61049 061000  780 460 3018    +9476726    +92         -13     -5   16   6  112  -12   90   +1   90    1  10  0  0 L3B B0
C23 FF 61049 061000  780 692 1036    +5125196    -76           2     -2   13   6   86   +1   87   +2   87    2   7  0  0 L3B 75
C25 FF 61049 061000  780 268  532    -9676248   -140          -4    -22   15   6  178  +36   94  +31   94   31   9  0  0 L3B EC
C32 FF 61049 061000  780 686 1641    +9656884    -68          14    -10   12   6   87   +4   86  +13   86   13   7  0  0 L3B D3
C37 FF 61049 061000  780 417 2024    +9059179    +35          12    -13   21   6  122  -17   99   -2   99   -2  13  0  0 L3B DB
C40 FF 61049 061000  780 134  670    +1982360    +43         -38    +13   28   6  343  -72  142  -11  142  -11  19  0  0 L3B 0A
C41 FF 61049 061000  780 153 1384    +9466273     -2          36    +20   32   6  302 +118  157  +26  157   26  19  0  0 L3B 11
C20 FF 61049 062600  780 520 2988    +9476808    +73         -24    -24   13   6  103   -9   99  +17   99   17   8  0  0 L3B 00
C23 FF 61049 062600  780 667  870    +5125119   -103          -4    -29   10   6   88   +2   93  +21   93   21   5  0  0 L3B B7
C25 FF 61049 062600  780 211  528    -9676359   -153          -1    -35   19   6  223  +59  107  +40  107   40  13  0  0 L3B 15
C32 FF 61049 062600  780 613 1629    +9656825    -59          10     -1   15   6   92   +7   95  +11   95   11   9  0  0 L3B BD
C37 FF 61049 062600  780 487 2036    +9059219    +64           7    +16   17   6  108  -12   98  -12   98  -12  12  0  0 L3B 01
C40 FF 61049 062600  780 161  654    +1982436    +83          10    +53   20   6  288  -47  112  -28  112  -28  12  0  0 L3B 0D
C19 FF 61049 064200  780 127 3138    +9612221    +37           1     +1   28   6  365 -165   88  -14   88  -14  16  0  0 L3B F8
C20 FF 61049 064200  780 577 2933    +9476914   +104         -11     +6   20   6   96   -6   92   +1   92    1  12  0  0 L3B B8
C23 FF 61049 064200  780 623  757    +5125036    -49         -16    +24   13   6   91   +4  106   -6  106   -6   7  0  0 L3B C0
C25 FF 61049 064200  780 154  531    -9676481    -84          -9    +34   19   6  300 +109  142  +18  142   18  12  0  0 L3B 16
C32 FF 61049 064200  780 540 1632    +9656776    -63          16     -6   12   6  100  +10  102  +18  102   18   8  0  0 L3B E3
C37 FF 61049 064200  780 558 2045    +9059269    +40          12     -7   16   6   98   -9   96  +10   96   10   9  0  0 L3B C7
C40 FF 61049 064200  780 186  637    +1982456    -19           1    -49   26   6  251  -32  125  +33  125   33  16  0  0 L3B F8
C19 FF 61049 065800  780 185 3139    +9612243     -4         -12    -40   26   6  254  -79   92  +19   92   19  15  0  0 L3B 07
C20 FF 61049 065800  780 625 2840    +9477010   +101          -9     +4   15   6   91   -4   98  +10   98   10   9  0  0 L3B BB
C23 FF 61049 065800  780 569  691    +5124979    -56          -2    +18   10   6   96   +7  105   -2  105   -2   5  0  0 L3B C1
C32 FF 61049 065800  780 467 1640    +9656711    -25           6    +32   16   6  111  +14  126   +6  126    6  10  0  0 L3B D9
C37 FF 61049 065800  780 630 2049    +9059312    +59           9    +12   19   6   91   -6  101   -6  101   -6  11  0  0 L3B C9
C40 FF 61049 065800  780 209  617    +1982472     +4         -12    -26   19   6  225  -22  142  +25  142   25  12  0  0 L3B F7
C19 FF 61049 071400  780 243 3132    +9612282   +103         -11    +66   30   7  196  -45   95  -34   95  -34  17  0  0 L3B 25
C20 FF 61049 071400  780 657 2702    +9477101   +133         -13    +36   12   7   89   -2  111  -11  111  -11   7  0  0 L3B F2
C23 FF 61049 071400  780 509  655    +5124912    -63         -15     +9   14   7  104   +9  114   +3  114    3   9  0  0 L3B AD
C32 FF 61049 071400  780 395 1650    +9656668    -70          15    -13   17   7  127  +20  141  +31  141   31  10  0  0 L3B 0B
C37 FF 61049 071400  780 700 2037    +9059357    +86           8    +39   14   7   86   -4  105  -15  105  -15   8  0  0 L3B EA
C40 FF 61049 071400  780 229  596    +1982497    +36         -11     +6   23   7  207  -16  153   +0  153    0  13  0  0 L3B D5
C19 FF 61049 073000  780 300 3115    +9612320    +55          -7    +19   25   7  162  -28  106   +6  106    6  15  0  0 L3B DD
C20 FF 61049 073000  780 664 2531    +9477196   +108         -12    +11   19   7   88   +0  121   +6  121    6  11  0  0 L3B DE
C23 FF 61049 073000  780 449  641    +5124843    -82         -15    -10   15   7  114  +13  130  +26  130   26   9  0  0 L3B EA
C32 FF 61049 073000  780 324 1661    +9656606    -83           8    -26   21   7  150  +30  174  +68  174   68  13  0  0 L3B 10
C37 FF 61049 073000  780 769 1983    +9059387    +40          -7     -7   14   7   83   -2  118  +11  118   11   8  0  0 L3B DE
C40 FF 61049 073000  780 245  574    +1982540     +9           4    -21   17   7  194  -11  152  +33  152   33  10  0  0 L3B D0
C19 FF 61049 074600  780 354 3086    +9612359    +46          -4    +10   21   7  139  -19  114   +5  114    5  13  0  0 L3B EE
C20 FF 61049 074600  780 645 2365    +9477295    +88          -6     -9   17   7   90   +2  128  +25  128   25  10  0  0 L3B F4
C23 FF 61049 074600  780 388  640    +5124765    -91         -24    -19   18   7  129  +17  152  +26  152   26  10  0  0 L3B 1B
C32 FF 61049 074600  780 254 1671    +9656556    -33          12    +24   16   7  187  +48  203  +26  203   26  11  0  0 L3B 1B
C37 FF 61049 074600  780 829 1777    +9059461    +71          22    +24   10   7   81   -1  107   -9  107   -9   6  0  0 L3B DD
C40 FF 61049 074600  780 258  550    +1982557    +36          -8     +7   17   7  185   -8  173   +5  173    5  10  0  0 L3B CA
C19 FF 61049 080200  780 404 3041    +9612405    +41           7     +5   17   8  125  -12  120   +8  120    8  11  0  0 L3B AF
C20 FF 61049 080200  780 603 2238    +9477390    +62         -10    -36   15   8   93   +5  141  +40  141   40   8  0  0 L3B E1
C23 FF 61049 080200  780 328  649    +5124707    -54          -6    +19   17   8  149  +25  165  +11  165   11  10  0  0 L3B FD
C32 FF 61049 080200  780 187 1680    +9656516    -50          37     +8   20   8  250  +87  240  +51  240   51  14  0  0 L3B 04
C37 FF 61049 080200  780 842 1151    +9059518    +36          32    -12   14   8   81   +0  107  +16  107   16   8  0  0 L3B D8
C40 FF 61049 080200  780 267  525    +1982580    +36         -16     +6   20   8  179   -5  180   +3  180    3  13  0  0 L3B C5
C43 FF 61049 080200  780 112  710    -1292696    -18           9    -10   48   8  406 -111  283  -41  283  -41  32  0  0 L3B 0E
C19 FF 61049 081800  780 447 2978    +9612437    +23           4    -14   13   8  115   -8  130  +14  130   14   8  0  0 L3B E5
C20 FF 61049 081800  780 547 2150    +9477488    +87          -5    -10   14   8   99   +8  152  +18  152   18   8  0  0 L3B F9
C23 FF 61049 081800  780 269  665    +5124639    -76          -4     -3   21   8  178  +36  195  +35  195   35  13  0  0 L3B 0B
C32 FF 61049 081800  780 121 1686    +9656451    -90          28    -32   27   8  378 +197  323 +114  323  114  15  0  0 L3B 5F
C37 FF 61049 081800  780 793  817    +9059537     +4           6    -44   12   8   82   +2  127  +32  127   32   6  0  0 L3B BD
C40 FF 61049 081800  780 273  501    +1982608    -44         -16    -74   22   8  175   -2  190  +55  190   55  13  0  0 L3B 07
C43 FF 61049 081800  780 140  655    -1292685    +10          29    +19   35   8  329  -57  261  -28  261  -28  22  0  0 L3B 25
C19 FF 61049 083400  780 478 2896    +9612475    +12           7    -25   16   8  109   -4  134  +21  134   21  10  0  0 L3B FA
C20 FF 61049 083400  780 484 2092    +9477579    +88          -8    -10   16   8  108  +11  169  +24  169   24  10  0  0 L3B 27
C23 FF 61049 083400  780 212  685    +5124557   -101         -16    -29   25   8  222  +57  248  +72  248   72  16  0  0 L3B 2E
C37 FF 61049 083400  780 730  738    +9059591    +29          14    -18   13   8   84   +3  130  +21  130   21   7  0  0 L3B D0
C40 FF 61049 083400  780 275  477    +1982644    +49          -8    +19   22   8  174   +0  195   -7  195   -7  13  0  0 L3B F2
C43 FF 61049 083400  780 160  596    -1292691    -26          32    -17   26   8  289  -29  248   -3  248   -3  17  0  0 L3B 0D
C19 FF 61049 085000  780 495 2799    +9612497    +35          -5     -1   19   8  106   -1  153  +13  153   13  11  0  0 L3B F9
C20 FF 61049 085000  780 417 2052    +9477675    +93          -5     -4   17   8  121  +17  191  +31  191   31  10  0  0 L3B FA
C22 FF 61049 085000  780 130 3260    -4290365     -6           4    +28   22   8  356 -142  164   +7  164    7  15  0  0 L3B DC
C23 FF 61049 085000  780 156  710    +5124500    -77          -3     -4   25   8  296 +102  298  +71  298   71  16  0  0 L3B 07
C28 FF 61049 085000  780 116 1092    -4692966   -103          36    -58   80   8  397 -166  346   +1  346    1  63  0  0 L3B 36
C37 FF 61049 085000  780 665  724    +9059630    +48           8     +1   20   8   88   +4  146  +13  146   13  11  0  0 L3B C2
C40 FF 61049 085000  780 272  455    +1982679    +26          -2     -4   14   8  176   +2  205  +19  205   19   9  0  0 L3B D3
C43 FF 61049 085000  780 172  536    -1292692    -32          39    -23   24   8  270  -11  242  +12  242   12  16  0  0 L3B F9
C19 FF 61049 090600  780 494 2694    +9612538     -6          -2    -42   15   9  106   +2  160  +30  160   30   9  0  0 L3B DF
C20 FF 61049 090600  780 348 2024    +9477777   +118          -3    +20   17   9  141  +25  214  +19  214   19  11  0  0 L3B 20
C22 FF 61049 090600  780 180 3233    -4290409    -35          -8     -2   23   9  260  -69  191  +16  191   16  14  0  0 L3B 02
C23 FF 61049 090600  780 102  738    +5124386   -239         -50   -166   67   9  442 +222  396 +220  396  220  51  0  0 L3B 79
C28 FF 61049 090600  780 164 1048    -4693050    -66          -5    -22   22   9  285  -81  346  -18  346  -18  14  0  0 L3B 35
C37 FF 61049 090600  780 601  734    +9059665    +54          -8     +6   14   9   93   +6  166   +9  166    9   8  0  0 L3B B8
C40 FF 61049 090600  780 267  434    +1982710    +43           2    +13   15   9  179   +5  218   +7  218    7   9  0  0 L3B B2
C43 FF 61049 090600  780 174  475    -1292725    +13           4    +21   22   9  267   +5  269  +11  269   11  14  0  0 L3B E1
C19 FF 61049 092200  780 476 2593    +9612567    +18          -8    -19   19   9  109   +5  175  +24  175   24  11  0  0 L3B 1D
C20 FF 61049 092200  780 280 2003    +9477871   +131          -3    +33   17   9  171  +39  249  +19  249   19  10  0  0 L3B 27
C22 FF 61049 092200  780 226 3196    -4290452    -16         -18    +18   25   9  209  -39  205  -11  205  -11  16  0  0 L3B 2D
C28 FF 61049 092200  780 209  998    -4693100    -19         -11    +26   30   9  226  -46  297  -48  297  -48  20  0  0 L3B 41
C36 FF 61049 092200  780 128 2574    -3061477    -39          15    -53   26   9  360 -149  281  +11  281   11  18  0  0 L3B 36
C37 FF 61049 092200  780 538  756    +9059718    +45          -1     -3   13   9  100   +8  175  +15  175   15   8  0  0 L3B DA
C40 FF 61049 092200  780 258  416    +1982752    +58          15    +29   13   9  185   +7  227   -1  227   -1   7  0  0 L3B D5
C43 FF 61049 092200  780 166  416    -1292731    +25           6    +33   24   9  280  +21  278  -25  278  -25  15  0  0 L3B 05
C19 FF 61049 093800  780 443 2504    +9612615    +25           5    -11   14   9  116   +8  184  +21  184   21   8  0  0 L3B E2
C20 FF 61049 093800  780 213 1986    +9477966    +89          -2     -9   20   9  221  +67  289  +64  289   64  12  0  0 L3B 33
C22 FF 61049 093800  780 266 3149    -4290472    -92          -6    -58   19   9  180  -23  203  +48  203   48  13  0  0 L3B 27
C27 FF 61049 093800  780 120 1352    -5797250    +14           7    +63   50   9  383 -177  410 -123  410 -123  34  0  0 L3B 48
C28 FF 61049 093800  780 249  942    -4693142    -48         -10     -3   20   9  191  -28  278   -3  278   -3  12  0  0 L3B 02
C36 FF 61049 093800  780 182 2610    -3061457    -42          22    -56   30   9  257  -76  254  +21  254   21  18  0  0 L3B 1E
C37 FF 61049 093800  780 477  783    +9059758    +13          -6    -35   19   9  109  +11  195  +39  195   39  11  0  0 L3B 2F
C40 FF 61049 093800  780 246  400    +1982781    +24          16     -6   17   9  193  +10  245  +10  245   10  11  0  0 L3B E4
C43 FF 61049 093800  780 148  360    -1292741    -76           3    -68   22   9  311  +45  303  +77  303   77  15  0  0 L3B 02
C19 FF 61049 095400  780 398 2431    +9612646    +11           1    -25   15   9  126  +13  203  +32  203   32   8  0  0 L3B EA
C20 FF 61049 095400  780 147 1971    +9478046   +120         -16    +21   19   9  313 +134  358  +53  358   53  12  0  0 L3B 51
C22 FF 61049 095400  780 297 3090    -4290514    -58         -15    -25   19   9  163  -14  213  +23  213   23  12  0  0 L3B 21
C27 FF 61049 095400  780 177 1318    -5797295    -56           9     -7   34   9  265  -84  339  -48  339  -48  20  0  0 L3B 40
C28 FF 61049 095400  780 282  879    -4693185    -31         -11    +14   21   9  170  -17  267  -28  267  -28  13  0  0 L3B 3D
C36 FF 61049 095400  780 237 2646    -3061423    +16          43     +2   19   9  201  -46  223  -25  223  -25  11  0  0 L3B 07
C37 FF 61049 095400  780 417  814    +9059812    +42           2     -6   17   9  121  +15  207  +29  207   29   9  0  0 L3B DD
C40 FF 61049 095400  780 232  388    +1982805    +23          11     -7   12   9  204  +13  267  +36  267   36   8  0  0 L3B E9
C43 FF 61049 095400  780 122  311    -1292754    -11          -3     -4   25   9  374  +90  336  +16  336   16  14  0  0 L3B E9
C19 FF 61049 101000  780 346 2371    +9612678     +2           4    -34   20  10  142  +20  224  +45  224   45  12  0  0 L3B E7
C22 FF 61049 101000  780 317 3023    -4290544    +12          -9    +46   19  10  153   -7  217  -26  217  -26  12  0  0 L3B 07
C27 FF 61049 101000  780 233 1280    -5797342    -87          19    -37   25  10  204  -48  299   -1  299   -1  16  0  0 L3B 22
C28 FF 61049 101000  780 307  810    -4693220    -23          23    +24   36  10  158   -9  254   -4  254   -4  22  0  0 L3B DB
C36 FF 61049 101000  780 293 2683    -3061422    +15          25     +1   20  10  165  -30  217   -9  217   -9  12  0  0 L3B E4
C37 FF 61049 101000  780 358  848    +9059851    +54          12     +8   17  10  138  +20  241  +29  241   29  10  0  0 L3B FF
C40 FF 61049 101000  780 215  378    +1982828    +65           7    +35   22  10  219  +18  284  -15  284  -15  12  0  0 L3B 0E
C19 FF 61049 102600  780 289 2323    +9612726    +26          17    -11   26  10  166  +31  241  +33  241   33  15  0  0 L3B 19
C22 FF 61049 102600  780 326 2949    -4290593    -63         -25    -29   29  10  150   -1  232  +22  232   22  17  0  0 L3B 1B
C27 FF 61049 102600  780 288 1236    -5797398    -49          11     +1   16  10  168  -30  289   -4  289   -4  10  0  0 L3B 18
C28 FF 61049 102600  780 320  737    -4693266    -40          22     +7   19  10  152   -3  256   -1  256   -1  12  0  0 L3B D0
C36 FF 61049 102600  780 350 2719    -3061418    +35          16    +21   22  10  141  -21  215  -16  215  -16  14  0  0 L3B 14
C37 FF 61049 102600  780 301  883    +9059901    +15          18    -31   15  10  160  +28  268  +61  268   61   9  0  0 L3B 09
C40 FF 61049 102600  780 196  373    +1982870    +27          21     -3   20  10  238  +23  295  +21  295   21  13  0  0 L3B F7
C19 FF 61049 104200  780 230 2283    +9612742    -13          -2    -49   27  10  205  +51  289  +75  289   75  16  0  0 L3B 2E
C21 FF 61049 104200  780 102 3360    +8935051    -86         -27    -31   31  10  446 -165  320  +44  320   44  19  0  0 L3B 33
C22 FF 61049 104200  780 321 2873    -4290612     +7         -12    +41   20  10  152   +5  233   -9  233   -9  11  0  0 L3B D8
C27 FF 61049 104200  780 339 1184    -5797443    -16          14    +34   24  10  145  -19  272  -54  272  -54  14  0  0 L3B 3E
C28 FF 61049 104200  780 322  663    -4693313    -47          20     -1   24  10  151   +2  254  +14  254   14  15  0  0 L3B D8
C36 FF 61049 104200  780 408 2755    -3061405    +13          16     -1   19  10  124  -15  209   -7  209   -7  12  0  0 L3B EC
C37 FF 61049 104200  780 245  918    +9059949    +29          22    -17   19  10  193  +42  309  +56  309   56  11  0  0 L3B 2C
C40 FF 61049 104200  780 176  370    +1982882    +54           4    +24   20  10  263  +30  326  +17  326   17  11  0  0 L3B EF
C19 FF 61049 105800  780 170 2249    +9612770    +19          -9    -17   25  10  273  +94  347  +64  347   64  15  0  0 L3B 3C
C21 FF 61049 105800  780 137 3315    +8935023    -80          -2    -25   30  10  337  -77  314  +24  314   24  18  0  0 L3B 18
C22 FF 61049 105800  780 304 2799    -4290640    -52          -7    -18   18  10  159  +11  247  +43  247   43  10  0  0 L3B 25
C27 FF 61049 105800  780 385 1121    -5797499    -55           6     -5   14  10  130  -12  252   -6  252   -6   9  0  0 L3B E8
C28 FF 61049 105800  780 311  592    -4693378    -43           0     +3   25  10  156   +8  276   -4  276   -4  14  0  0 L3B D3
C30 FF 61049 105800  780 136 1664    -3609320    -85           7     -2   23  10  341 -155  378  -62  378  -62  16  0  0 L3B 2E
C36 FF 61049 105800  780 467 2788    -3061374    -23          33    -37   18  10  111  -11  196  +24  196   24  10  0  0 L3B 2C
C37 FF 61049 105800  780 191  954    +9059999    +69          28    +23   26  10  245  +68  351  +34  351   34  16  0  0 L3B 38
C40 FF 61049 105800  780 155  371    +1982915    +79           9    +49   23  10  297  +41  345  -16  345  -16  13  0  0 L3B 21
C19 FF 61049 111400  780 111 2219    +9612797    +29         -23     -7   27  11  410 +211  415  +81  415   81  17  0  0 L3B 2D
C21 FF 61049 111400  780 164 3263    +8934963    -77         -15    -22   27  11  283  -39  315   +4  315    4  17  0  0 L3B 18
C22 FF 61049 111400  780 276 2731    -4290671    -24         -12    +10   27  11  174  +19  269  +25  269   25  17  0  0 L3B 32
C27 FF 61049 111400  780 423 1045    -5797529    -46           5     +3   14  11  120   -8  239   -8  239   -8   9  0  0 L3B D7
C28 FF 61049 111400  780 289  528    -4693409    -51         -31     -9   20  11  167  +15  278   +5  278    5  11  0  0 L3B FC
C30 FF 61049 111400  780 200 1649    -3609408   -103          -6    -20   17  11  236  -75  356  -13  356  -13  12  0  0 L3B 30
C36 FF 61049 111400  780 528 2820    -3061373    +17          14     +2   15  11  101   -9  199   -5  199   -5   9  0  0 L3B DA
C37 FF 61049 111400  780 137  990    +9060048     +1          24    -46   30  11  335 +127  405  +78  405   78  18  0  0 L3B 19
C40 FF 61049 111400  780 133  376    +1982933    -18          -9    -48   27  11  343  +56  360  +28  360   28  15  0  0 L3B 1A
C21 FF 61049 113000  780 182 3206    +8934915     +9         -11    +64   25  11  256  -18  303  -48  303  -48  17  0  0 L3B 2D
C22 FF 61049 113000  780 239 2669    -4290704    -21         -13    +12   26  11  198  +32  302  +26  302   26  16  0  0 L3B 1F
C27 FF 61049 113000  780 449  959    -5797584    -74          -4    -25   16  11  114   -4  233   +5  233    5   9  0  0 L3B DE
C28 FF 61049 113000  780 257  473    -4693445    -54         -27    -13   22  11  185  +25  286  +19  286   19  13  0  0 L3B 34
C30 FF 61049 113000  780 265 1632    -3609477   -103           5    -20   19  11  181  -43  320  -21  320  -21  13  0  0 L3B 12
C36 FF 61049 113000  780 591 2847    -3061354    +20          19     +5   17  11   94   -6  191   -6  191   -6  10  0  0 L3B D6
C40 FF 61049 113000  780 111  383    +1982964    +45          -7    +15   21  11  409  +81  369   -6  369   -6  13  0  0 L3B FC
C21 FF 61049 114600  780 190 3144    +8934845   -121         -28    -66   30  11  246   -3  315  +43  315   43  18  0  0 L3B 32
C22 FF 61049 114600  780 196 2614    -4290726     +5          -2    +38   36  11  239  +55  326   +7  326    7  21  0  0 L3B F0
C27 FF 61049 114600  780 460  865    -5797650    -17         -24    +31   16  11  112   -1  241  -28  241  -28  10  0  0 L3B 18
C28 FF 61049 114600  780 217  429    -4693490    -25         -32    +17   23  11  217  +42  303  -15  303  -15  13  0  0 L3B 23
C30 FF 61049 114600  780 331 1613    -3609551   -136          11    -53   20  11  148  -27  287   -5  287   -5  13  0  0 L3B 1D
C36 FF 61049 114600  780 655 2866    -3061337    +10          22     -5   14  11   89   -5  186   -4  186   -4   8  0  0 L3B D6
C45 FF 61049 114600  780 164 2861    +6373478   +170          -3    -12   28  11  285  -94  322  -40  322  -40  17  0  0 L3B 45
C21 FF 61049 120200  780 187 3081    +8934797    -12         -27    +43   37  12  250  +11  319  -13  319  -13  22  0  0 L3B 3A
C22 FF 61049 120200  780 148 2566    -4290768    +37         -17    +70   32  12  311 +102  369   -8  369   -8  21  0  0 L3B 35
C27 FF 61049 120200  780 455  771    -5797688    -54          -9     -6   17  12  113   +2  230   -5  230   -5  10  0  0 L3B D8
C28 FF 61049 120200  780 171  394    -4693537     +1         -29    +44   25  12  271  +74  324  -16  324  -16  15  0  0 L3B 1E
C30 FF 61049 120200  780 398 1587    -3609652    -66         -11    +17   13  12  126  -18  274  -40  274  -40   8  0  0 L3B 35
C36 FF 61049 120200  780 719 2870    -3061320     +0          27    -14   13  12   85   -3  179   +5  179    5   8  0  0 L3B B8
C45 FF 61049 120200  780 219 2889    +6373657   +265          -6    +82   25  12  216  -54  285  -81  285  -81  14  0  0 L3B 60
C21 FF 61049 121800  780 173 3019    +8934752    -40         -20    +15   22  12  268  +27  324   -2  324   -2  14  0  0 L3B 0C
C27 FF 61049 121800  780 436  686    -5797717    -31           9    +18   15  12  117   +6  215   -9  215   -9   8  0  0 L3B E6
C28 FF 61049 121800  780 122  369    -4693578    -49         -28     -7   31  12  374 +153  338   +9  338    9  19  0  0 L3B 28
C30 FF 61049 121800  780 464 1551    -3609727    -83          -7     +0   14  12  112  -13  250  -25  250  -25   8  0  0 L3B FD
C36 FF 61049 121800  780 784 2832    -3061314    +28          19    +14   12  12   83   -2  178  -11  178  -11   7  0  0 L3B FD
C45 FF 61049 121800  780 276 2913    +6373829   +230         -10    +46   20  12  174  -35  263  -55  263  -55  13  0  0 L3B 58
C21 FF 61049 123400  780 151 2959    +8934696    -74         -24    -20   19  12  306  +53  340  +20  340   20  11  0  0 L3B 2A
C27 FF 61049 123400  780 403  614    -5797775    -12          -3    +37   19  12  125  +10  221  -10  221  -10  11  0  0 L3B 02
C29 FF 61049 123400  780 149 1923    -5478467    -55         -18     -4   20  12  314 -135  431  -60  431  -60  12  0  0 L3B 45
C30 FF 61049 123400  780 527 1499    -3609808    -86          -8     -3   17  12  102   -9  230  -19  230  -19  10  0  0 L3B 11
C36 FF 61049 123400  780 843 2619    -3061300     -7          20    -22   10  12   81   -1  171   +3  171    3   6  0  0 L3B 9C
C45 FF 61049 123400  780 335 2932    +6373987   +181         -28     -3   25  12  146  -24  248  -18  248  -18  15  0  0 L3B 59
C21 FF 61049 125000  780 120 2903    +8934650   -107         -17    -53   37  12  379 +104  351  +59  351   59  22  0  0 L3B 59
C27 FF 61049 125000  780 361  559    -5797820    -42          -1     +7   18  12  137  +15  226   -2  226   -2  11  0  0 L3B E3
C29 FF 61049 125000  780 214 1928    -5478517    -65         -20    -14   17  12  222  -67  372  -45  372  -45  11  0  0 L3B 4D
C30 FF 61049 125000  780 584 1423    -3609888   -132          -9    -49   17  12   95   -6  211  +14  211   14  10  0  0 L3B 0D
C36 FF 61049 125000  780 850 1842    -3061279    +25          27    +11    9  12   81   +1  162  -11  162  -11   5  0  0 L3B D7
C45 FF 61049 125000  780 395 2945    +6374175   +160         -16    -23   14  12  127  -17  224   -5  224   -5   8  0  0 L3B 20
C27 FF 61049 130600  780 313  518    -5797861    -87           2    -39   19  13  155  +23  226  +21  226   21  11  0  0 L3B 0A
C29 FF 61049 130600  780 281 1934    -5478563    -14         -18    +37   17  13  172  -40  301 -104  301 -104  10  0  0 L3B 58
C30 FF 61049 130600  780 630 1312    -3609964    -69         -12    +13   11  13   91   -3  188  -20  188  -20   7  0  0 L3B 04
C36 FF 61049 130600  780 791 1560    -3061289    +13         -18     -3    9  13   82   +2  173   -3  173   -3   5  0  0 L3B C1
C45 FF 61049 130600  780 457 2950    +6374340   +155         -25    -29   16  13  113  -12  214   +5  214    5   9  0  0 L3B 0A
C27 FF 61049 132200  780 260  491    -5797900     -1           9    +47   19  13  183  +37  236   -6  236   -6  11  0  0 L3B E6
C29 FF 61049 132200  780 349 1941    -5478613    -38         -19    +13   18  13  141  -25  246  -26  246  -26  12  0  0 L3B 4E
C30 FF 61049 132200  780 656 1162    -3610040    -84          -9     -2   14  13   89   -1  182   +5  182    5   8  0  0 L3B AD
C36 FF 61049 132200  780 723 1506    -3061269    +20         -14     +3   13  13   85   +3  172   +3  172    3   7  0  0 L3B B0
C45 FF 61049 132200  780 519 2943    +6374510   +219         -31    +35   17  13  103   -9  208  -32  208  -32  10  0  0 L3B 34
C27 FF 61049 133800  780 205  475    -5797959    -81          -3    -33   19  13  229  +61  267  +52  267   52  12  0  0 L3B 32
C29 FF 61049 133800  780 419 1948    -5478668    -27         -26    +24   22  13  121  -17  235  -43  235  -43  14  0  0 L3B 58
C30 FF 61049 133800  780 658  995    -3610129    -82         -19     +1   16  13   89   +1  189   -3  189   -3   9  0  0 L3B E1
C36 FF 61049 133800  780 653 1498    -3061261    +58         -21    +42   15  13   89   +5  182  -19  182  -19   8  0  0 L3B 1F
C38 FF 61049 133800  780 121  687    -2677895    -46         -22    -26   18  13  378 -100  314  -16  314  -16  13  0  0 L3B 55
C45 FF 61049 133800  780 580 2916    +6374687   +197         -30    +14   13  13   95   -7  195  -17  195  -17   7  0  0 L3B 43
C27 FF 61049 135400  780 148  468    -5798002    -21           0    +28   21  13  311 +116  289   +2  289    2  13  0  0 L3B F1
C29 FF 61049 135400  780 490 1952    -5478716    -35         -25    +16   18  13  107  -12  218  -25  218  -25  12  0  0 L3B 4D
C30 FF 61049 135400  780 635  847    -3610208    -88         -19     -6   14  13   90   +3  190   +5  190    5   8  0  0 L3B BD
C36 FF 61049 135400  780 582 1506    -3061246    +26         -21    +10   12  13   95   +7  188   +9  188    9   7  0  0 L3B E3
C38 FF 61049 135400  780 153  673    -2677922    -12         -30     +7   25  13  303  -60  296  -26  296  -26  15  0  0 L3B 2C
C45 FF 61049 135400  780 638 2858    +6374871   +191         -22     +7   15  13   90   -4  183   -8  183   -8   9  0  0 L3B 08
C26 FF 61049 141000  780 146 3082    +5790682    +48          -8     -9   22  14  319 -124  322  -37  322  -37  14  0  0 L3B 36
C29 FF 61049 141000  780 562 1951    -5478764    -69         -21    -18   17  14   97   -8  202   -5  202   -5  10  0  0 L3B 08
C30 FF 61049 141000  780 594  741    -3610281   -125         -13    -43   10  14   94   +5  187  +27  187   27   5  0  0 L3B FB
C36 FF 61049 141000  780 512 1519    -3061229    +31         -14    +15   13  14  104  +11  196   -4  196   -4   7  0  0 L3B F4
C38 FF 61049 141000  780 183  656    -2677927    -24         -25     -5   28  14  256  -40  271   -7  271   -7  17  0  0 L3B 10
C45 FF 61049 141000  780 687 2749    +6375038   +191         -30     +8   14  14   87   -3  182  -13  182  -13   7  0  0 L3B 19
C26 FF 61049 142600  780 203 3084    +5790723    +86         -22    +30   21  14  232  -65  287  -60  287  -60  11  0  0 L3B 41
C29 FF 61049 142600  780 633 1940    -5478821    -87         -28    -36   16  14   90   -6  191  +10  191   10   9  0  0 L3B 12
C30 FF 61049 142600  780 542  673    -3610358    -89         -11     -7   14  14  100   +7  185   +8  185    8   8  0  0 L3B D2
C36 FF 61049 142600  780 442 1535    -3061216    +22         -15     +6   17  14  116  +15  206   +6  206    6  10  0  0 L3B E2
C38 FF 61049 142600  780 210  638    -2677946    -38         -26    -19   21  14  224  -27  255   -9  255   -9  12  0  0 L3B 26
C45 FF 61049 142600  780 718 2572    +6375212   +188         -33     +4   15  14   85   -1  177   -6  177   -6   9  0  0 L3B FF
C26 FF 61049 144200  780 260 3078    +5790791    +93          -8    +36   23  14  184  -39  241  -42  241  -42  15  0  0 L3B 3B
C29 FF 61049 144200  780 703 1903    -5478870    -67         -28    -16   16  14   86   -4  181   +2  181    2   9  0  0 L3B F0
C30 FF 61049 144200  780 484  635    -3610435   -130          -9    -48   13  14  108  +10  185  +33  185   33   7  0  0 L3B 0A
C35 FF 61049 144200  780 149 2233    +2258762   +118         -47    -24   23  14  313 -126  350  -46  350  -46  16  0  0 L3B 65
C36 FF 61049 144200  780 373 1550    -3061205    +11         -20     -4   17  14  133  +22  217   +7  217    7  10  0  0 L3B DB
C38 FF 61049 144200  780 235  617    -2677955    -77         -16    -58   15  14  202  -19  230  +20  230   20   8  0  0 L3B 17
C45 FF 61049 144200  780 719 2350    +6375388   +172         -33    -11   17  14   85   +1  175   +0  175    0   9  0  0 L3B F0
C26 FF 61049 145800  780 317 3062    +5790825    +81         -29    +24   22  14  154  -25  230  -43  230  -43  14  0  0 L3B 3D
C29 FF 61049 145800  780 768 1803    -5478919    -72         -28    -20   14  14   83   -2  174   +7  174    7   8  0  0 L3B 02
C30 FF 61049 145800  780 424  616    -3610513   -110          -8    -28   13  14  119  +14  187  +17  187   17   7  0  0 L3B 10
C35 FF 61049 145800  780 209 2259    +2258888   +139         -56     -2   23  14  226  -65  298  -56  298  -56  14  0  0 L3B 74
C36 FF 61049 145800  780 305 1566    -3061188    +16         -18     +1   18  14  159  +33  221  +16  221   16  11  0  0 L3B 17
C38 FF 61049 145800  780 256  593    -2677988    -15         -31     +4   16  14  186  -14  221  -26  221  -26  10  0  0 L3B 2F
C45 FF 61049 145800  780 689 2160    +6375562   +113         -34    -71   16  14   87   +3  177  +42  177   42   9  0  0 L3B 2B
C26 FF 61049 151400  780 371 3034    +5790886    +83         -24    +27   18  15  134  -17  205  -33  205  -33  12  0  0 L3B 41
C29 FF 61049 151400  780 815 1524    -5478975    -35         -36    +16   12  15   82   -1  173  -18  173  -18   7  0  0 L3B 24
C30 FF 61049 151400  780 364  612    -3610609    -70         -20    +12   14  15  136  +20  194  -12  194  -12   9  0  0 L3B 05
C35 FF 61049 151400  780 271 2289    +2259039   +200         -50    +58   25  15  177  -39  249  -61  249  -61  15  0  0 L3B 66
C36 FF 61049 151400  780 238 1579    -3061171    -66          11    -79   18  15  199  +53  232  +66  232   66  12  0  0 L3B 3B
C38 FF 61049 151400  780 274  568    -2678022    +64         -43    +83   18  15  175  -10  206  -81  206  -81  11  0  0 L3B 38
C45 FF 61049 151400  780 638 2036    +6375735   +117         -31    -66   20  15   90   +5  181  +46  181   46  11  0  0 L3B 26
C26 FF 61049 153000  780 421 2990    +5790947    +65         -18     +8   15  15  121  -11  183  -23  183  -23  10  0  0 L3B 2E
C29 FF 61049 153000  780 812 1059    -5479023    -72         -35    -21   12  15   82   +1  165   +1  165    1   7  0  0 L3B D2
C30 FF 61049 153000  780 304  617    -3610686    -59         -18    +23   18  15  159  +29  188  -20  188  -20  10  0  0 L3B 35
C35 FF 61049 153000  780 333 2320    +2259183   +143         -42     +1   23  15  147  -25  220  -32  220  -32  13  0  0 L3B 1A
C36 FF 61049 153000  780 173 1591    -3061155    +16          15     +4   22  15  268  +98  244   +1  244    1  14  0  0 L3B E5
C38 FF 61049 153000  780 288  542    -2678029    -21         -31     -2   13  15  167   -7  181  -13  181  -13   8  0  0 L3B FD
C45 FF 61049 153000  780 576 1963    +6375915   +157         -26    -25   15  15   96   +7  182  +17  182   17   9  0  0 L3B 31
C26 FF 61049 154600  780 463 2927    +5790992    +74         -27    +17   16  15  112   -7  171  -26  171  -26   9  0  0 L3B 39
C29 FF 61049 154600  780 764  813    -5479071     -3         -33    +48   11  15   83   +2  154  -37  154  -37   7  0  0 L3B FC
C30 FF 61049 154600  780 245  630    -3610753    -81          -5     +1   20  15  193  +44  169  -23  169  -23  13  0  0 L3B 04
C35 FF 61049 154600  780 396 2355    +2259308   +164         -54    +22   21  15  127  -18  201  -43  201  -43  12  0  0 L3B 49
C36 FF 61049 154600  780 110 1601    -3061159    -38          -1    -51   28  15  414 +228  269  +36  269   36  14  0  0 L3B 39
C38 FF 61049 154600  780 298  514    -2678059    +11         -43    +31   20  15  162   -4  167  -31  167  -31  11  0  0 L3B 1F
C45 FF 61049 154600  780 509 1919    +6376096   +193         -21    +10   16  15  104  +10  179   -6  179   -6   9  0  0 L3B 31
C24 FF 61049 160200  780 127 3197     -127446   +232          -8    -57   33  16  363 -151  248   +2  248    2  20  0  0 L3B 0F
C26 FF 61049 160200  780 495 2846    +5791061    +46         -12    -11   15  16  106   -4  151   -4  151   -4   9  0  0 L3B F4
C29 FF 61049 160200  780 702  730    -5479127    -80         -41    -29   16  16   86   +4  149  +10  149   10   9  0  0 L3B F6
C30 FF 61049 160200  780 188  648    -3610838    -89         -13     -7   18  16  248  +73  158  -10  158  -10  12  0  0 L3B 2D
C32 FF 61049 160200  780 125  564    +9654849     -2           5    +55   35  16  366  -70  148  -55  148  -55  24  0  0 L3B 19
C35 FF 61049 160200  780 460 2392    +2259440   +117         -64    -26   16  16  112  -13  178  -11  178  -11  10  0  0 L3B 45
C38 FF 61049 160200  780 303  486    -2678059    -62         -23    -43   17  16  159   -2  143  +12  143   12  11  0  0 L3B 0C
C45 FF 61049 160200  780 440 1892    +6376268   +207         -15    +25   14  16  116  +15  178  -15  178  -15   8  0  0 L3B 4E
C24 FF 61049 161800  780 179 3177     -127164   +276          -3    -13   30  16  261  -74  215  -18  215  -18  19  0  0 L3B 3A
C26 FF 61049 161800  780 513 2747    +5791098    +85         -29    +29   15  16  103   -1  154  -31  154  -31   9  0  0 L3B 2E
C29 FF 61049 161800  780 638  707    -5479169    -80         -34    -29   11  16   90   +5  138  +13  138   13   6  0  0 L3B 07
C30 FF 61049 161800  780 133  671    -3610926    -79         -21     +3   23  16  346 +140  153  -17  153  -17  15  0  0 L3B 29
C32 FF 61049 161800  780 145  505    +9654796    -58           6     -1   26  16  318  -34  131  -16  131  -16  16  0  0 L3B 0B
C35 FF 61049 161800  780 524 2432    +2259582   +126         -59    -17   16  16  102   -9  155  -11  155  -11   9  0  0 L3B 35
C38 FF 61049 161800  780 305  459    -2678086    -44         -32    -25   18  16  159   +0  138   +7  138    7  10  0  0 L3B 01
C45 FF 61049 161800  780 371 1875    +6376445   +198         -13    +16   13  16  134  +22  177   -7  177   -7   8  0  0 L3B 3A
C24 FF 61049 163400  780 228 3148     -126904   +302         -21    +13   27  16  208  -42  201  -25  201  -25  16  0  0 L3B 27
C26 FF 61049 163400  780 513 2641    +5791148    +20         -34    -36   16  16  103   +1  151  +16  151   16   9  0  0 L3B 02
C29 FF 61049 163400  780 574  709    -5479220    -48         -36     +3   10  16   96   +7  136   -4  136   -4   5  0  0 L3B D7
C32 FF 61049 163400  780 156  444    +9654744    -49           9     +8   34  16  297  -11  125   -3  125   -3  19  0  0 L3B EF
C35 FF 61049 163400  780 589 2476    +2259727   +150         -51     +7   14  16   94   -7  136  -15  136  -15   8  0  0 L3B 24
C38 FF 61049 163400  780 302  434    -2678112    -31         -39    -11   18  16  160   +2  136   +9  136    9  11  0  0 L3B E4
C45 FF 61049 163400  780 302 1863    +6376619   +160         -14    -22   19  16  160  +33  183  +18  183   18  11  0  0 L3B 47
C20 FF 61049 165000  780 162  940    +9480463   +161         -37    +63   33  16  287  -79  174  -54  174  -54  19  0  0 L3B 5B
C24 FF 61049 165000  780 273 3109     -126606   +286           1     -3   21  16  176  -26  169  -15  169  -15  13  0  0 L3B 13
C26 FF 61049 165000  780 496 2537    +5791205    +84         -32    +27   16  16  106   +4  147  -19  147  -19  10  0  0 L3B 3B
C29 FF 61049 165000  780 511  724    -5479264    -37         -30    +14   14  16  104   +9  128  -12  128  -12   8  0  0 L3B 0A
C32 FF 61049 165000  780 156  383    +9654701    -43          21    +14   23  16  296   +8  110  -11  110  -11  13  0  0 L3B F6
C35 FF 61049 165000  780 653 2525    +2259850   +106         -65    -37   14  16   89   -5  135  +12  135   12   8  0  0 L3B 18
C38 FF 61049 165000  780 295  410    -2678135     -6         -44    +13   18  16  163   +4  133  -20  133  -20  11  0  0 L3B FA
C45 FF 61049 165000  780 235 1854    +6376788   +190         -19     +8   20  16  201  +55  195   +5  195    5  13  0  0 L3B 23
C20 FF 61049 170600  780 205  886    +9480570   +117         -14    +20   25  17  230  -44  150  -23  150  -23  16  0  0 L3B 2F
C24 FF 61049 170600  780 311 3058     -126351   +315         -19    +26   25  17  156  -16  165  -30  165  -30  14  0  0 L3B 35
C26 FF 61049 170600  780 464 2446    +5791257    +40         -31    -17   16  17  111   +7  150  +14  150   14   9  0  0 L3B 09
C29 FF 61049 170600  780 450  747    -5479319    -54         -35     -2   15  17  114  +12  129   +1  129    1   9  0  0 L3B E4
C32 FF 61049 170600  780 147  325    +9654621    -23          -5    +34   39  17  314  +30  116  -30  116  -30  23  0  0 L3B 0D
C35 FF 61049 170600  780 718 2584    +2259984   +153         -60    +11   11  17   85   -3  125  -16  125  -16   6  0  0 L3B 27
C38 FF 61049 170600  780 285  389    -2678138     -2         -26    +18   17  17  168   +7  115  -22  115  -22  10  0  0 L3B 19
C44 FF 61049 170600  780 231 2563    -9051652    +88          -2     -1   31  17  206  -49  200  -22  200  -22  19  0  0 L3B 0E
C45 FF 61049 170600  780 170 1846    +6376960   +211         -26    +29   22  17  274 +102  215   -3  215   -3  14  0  0 L3B 3B
C19 FF 61049 172200  780 111 1289    +9613619    +40         -19     +3   46  17  417 -212  179  -25  179  -25  29  0  0 L3B 57
C20 FF 61049 172200  780 241  827    +9480667    +98         -10     +1   29  17  197  -26  136  -20  136  -20  18  0  0 L3B 26
C24 FF 61049 172200  780 340 2996     -126056   +288           0     +0   17  17  144   -9  141  -15  141  -15  10  0  0 L3B F1
C26 FF 61049 172200  780 421 2371    +5791311    +53         -30     -3   18  17  120  +12  154   +7  154    7  10  0  0 L3B E4
C29 FF 61049 172200  780 390  775    -5479363    -52         -29     -1   18  17  128  +17  124   +1  124    1  11  0  0 L3B F1
C32 FF 61049 172200  780 127  270    +9654573    -39           2    +17   24  17  358  +66  112  -15  112  -15  15  0  0 L3B 10
C35 FF 61049 172200  780 782 2664    +2260116   +153         -65    +11   17  17   83   -2  120  -14  120  -14  10  0  0 L3B 15
C38 FF 61049 172200  780 272  372    -2678167     -7         -36    +12   19  17  176   +9  115   -5  115   -5  11  0  0 L3B F3
C44 FF 61049 172200  780 287 2600    -9051577   +123         -13    +34   26  17  168  -31  183  -49  183  -49  15  0  0 L3B 65
C45 FF 61049 172200  780 107 1837    +6377151   +131          -9    -51   15  17  427 +240  213  +41  213   41  10  0  0 L3B 33
C19 FF 61049 173800  780 168 1254    +9613655    +52         -18    +15   27  17  279  -95  170  -21  170  -21  17  0  0 L3B 58
C20 FF 61049 173800  780 269  761    +9480765   +112          -6    +15   21  17  178  -15  122  -24  122  -24  12  0  0 L3B 2D
C24 FF 61049 173800  780 357 2924     -125791   +265         -13    -23   25  17  138   -4  142   +5  142    5  14  0  0 L3B 01
C26 FF 61049 173800  780 370 2311    +5791366    +62         -30     +5   22  17  134  +17  161   -2  161   -2  12  0  0 L3B FA
C29 FF 61049 173800  780 332  806    -5479413    -75         -30    -24   17  17  147  +23  127  +16  127   16  11  0  0 L3B 2C
C35 FF 61049 173800  780 844 2839    +2260256   +139         -61     -3    9  17   81   -1  112   -6  112   -6   5  0  0 L3B DD
C38 FF 61049 173800  780 255  358    -2678182    +14         -32    +34   17  17  186  +12  108  -33  108  -33  10  0  0 L3B 36
C44 FF 61049 173800  780 344 2638    -9051484    +58          -4    -31   13  17  143  -22  153   -7  153   -7   8  0  0 L3B 09
C19 FF 61049 175400  780 224 1215    +9613680    +19         -28    -17   20  17  211  -52  166  -16  166  -16  11  0  0 L3B 42
C20 FF 61049 175400  780 287  691    +9480862   +101          -2     +4   22  17  168   -7  109  -11  109  -11  12  0  0 L3B 06
C24 FF 61049 175400  780 363 2847     -125502   +293           0     +4   25  17  136   +0  126   -5  126   -5  14  0  0 L3B CE
C26 FF 61049 175400  780 314 2262    +5791418   +108         -32    +52   21  17  155  +26  167  -29  167  -29  13  0  0 L3B 5F
C29 FF 61049 175400  780 275  839    -5479448    -66         -15    -15   23  17  174  +34  120  +16  120   16  15  0  0 L3B 36
C35 FF 61049 175400  780 873  240    +2260396   +128         -58    -14   13  17   81   +0  103   +1  103    1   8  0  0 L3B CA
C38 FF 61049 175400  780 237  348    -2678200    -15         -32     +5   22  17  200  +16   99   -6   99   -6  13  0  0 L3B E3
C44 FF 61049 175400  780 403 2676    -9051395    +91          -2     +2   23  17  125  -16  129  -27  129  -27  14  0  0 L3B 28
C19 FF 61049 181000  780 279 1169    +9613725    +64         -13    +28   19  18  172  -31  138  -32  138  -32  12  0  0 L3B 4E
C20 FF 61049 181000  780 293  619    +9480960   +115         -10    +16   29  18  165   +0  100  -16  100  -16  17  0  0 L3B 1B
C24 FF 61049 181000  780 355 2768     -125234   +312          -9    +24   22  18  139   +5  126  -29  126  -29  13  0  0 L3B 1D
C26 FF 61049 181000  780 255 2223    +5791473    +84         -27    +28   16  18  186  +41  171   -8  171   -8  10  0  0 L3B 27
C29 FF 61049 181000  780 219  873    -5479510    -54         -32     -3   16  18  214  +52  135   +6  135    6  11  0  0 L3B EE
C35 FF 61049 181000  780 818  705    +2260540   +130         -42    -12   12  18   82   +1   95   +4   95    4   7  0  0 L3B AA
C38 FF 61049 181000  780 216  342    -2678189    +52          -2    +71   17  18  217  +21   82  -60   82  -60  12  0  0 L3B FA
C44 FF 61049 181000  780 462 2715    -9051316    +84         -14     -6   18  18  112  -12  116   -9  116   -9  10  0  0 L3B 05
C19 FF 61049 182600  780 330 1114    +9613763    +36         -10     +0   19  18  148  -20  120  -13  120  -13  11  0  0 L3B 0F
C20 FF 61049 182600  780 286  548    +9481060    +79          -4    -19   25  18  168   +7   90   +3   90    3  14  0  0 L3B CA
C24 FF 61049 182600  780 335 2693     -124957   +313          -9    +25   19  18  146  +10  120  -24  120  -24  11  0  0 L3B 24
C25 FF 61049 182600  780 133 3273    -9681462   -117         -15     +1   28  18  346  -84  122  -14  122  -14  17  0  0 L3B 46
C26 FF 61049 182600  780 196 2189    +5791518    +76         -36    +20   25  18  238  +70  188   -7  188   -7  15  0  0 L3B 49
C29 FF 61049 182600  780 165  908    -5479555    -58         -28     -7   27  18  280  +89  135  +12  135   12  18  0  0 L3B 3A
C35 FF 61049 182600  780 756  819    +2260662   +196         -56    +54   12  18   83   +2   99  -38   99  -38   7  0  0 L3B 19
C38 FF 61049 182600  780 194  339    -2678220    +80         -13   +100   20  18  240  +27   84  -68   84  -68  12  0  0 L3B 2A
C44 FF 61049 182600  780 523 2753    -9051232    +55         -17    -34   15  18  102   -9  104   +5  104    5  10  0  0 L3B F0
C19 FF 61049 184200  780 375 1049    +9613792    +72         -16    +35   17  18  133  -13  115  -32  115  -32  11  0  0 L3B 41
C20 FF 61049 184200  780 268  482    +9481127   +103         -32     +4   29  18  178  +15  103   -4  103   -4  17  0  0 L3B 04
C22 FF 61049 184200  780 136 1572    -4291591    -30         -35     +4   25  18  341 -158  155  -27  155  -27  16  0  0 L3B 4B
C24 FF 61049 184200  780 304 2624     -124679   +244          -8    -44   20  18  159  +17  117  +28  117   28  12  0  0 L3B 27
C25 FF 61049 184200  780 162 3224    -9681583   -184         -23    -66   30  18  286  -44  113  +43  113   43  17  0  0 L3B 53
C26 FF 61049 184200  780 138 2160    +5791591    +91         -17    +34   23  18  334 +138  190   -7  190   -7  14  0  0 L3B 3B
C35 FF 61049 184200  780 692  889    +2260793   +206         -61    +65   12  18   86   +4   95  -40   95  -40   7  0  0 L3B 07
C38 FF 61049 184200  780 172  340    -2678229    -38          -4    -19   18  18  270  +36   77   +2   77    2  12  0  0 L3B DC
C44 FF 61049 184200  780 584 2789    -9051157    +77         -27    -13   18  18   95   -7   99   +2   99    2  10  0  0 L3B F6
C19 FF 61049 185800  780 410  972    +9613827    +52         -16    +15   19  18  123   -8  108  -18  108  -18  12  0  0 L3B 2F
C20 FF 61049 185800  780 240  425    +9481255   +107           1     +8   23  18  198  +26   81   +0   81    0  14  0  0 L3B B5
C22 FF 61049 185800  780 200 1552    -4291620   -106         -32    -72   27  18  236  -76  136  +32  136   32  16  0  0 L3B 44
C24 FF 61049 185800  780 265 2563     -124397   +310          -2    +22   25  18  180  +27  122   -3  122   -3  15  0  0 L3B FD
C25 FF 61049 185800  780 182 3169    -9681701   -130         -28    -13   21  18  256  -22  110   +8  110    8  13  0  0 L3B 21
C34 FF 61049 185800  780 113 2792    -8594149     -4          -2    +77   44  18  406 -187  160  -88  160  -88  28  0  0 L3B 61
C35 FF 61049 185800  780 630  945    +2260926   +120         -63    -21   12  18   91   +5   97  +11   97   11   6  0  0 L3B E1
C38 FF 61049 185800  780 148  345    -2678272    +79         -28    +99   28  18  311  +50   88  -64   88  -64  16  0  0 L3B 48
C44 FF 61049 185800  780 647 2824    -9051056   +105         -12    +15   13  18   89   -5   87  -14   87  -14   7  0  0 L3B 14
C19 FF 61049 191400  780 433  884    +9613879    +91          -8    +54   18  19  118   -4   90  -38   90  -38  10  0  0 L3B 0F
C20 FF 61049 191400  780 202  376    +9481346   +123           2    +25   28  19  231  +45   80  -23   80  -23  16  0  0 L3B F4
C22 FF 61049 191400  780 266 1531    -4291652    -41         -32     -7   19  19  180  -43  131   +0  131    0  12  0  0 L3B E9
C24 FF 61049 191400  780 220 2510     -124118   +304          -1    +16   30  19  214  +44  126   -6  126   -6  19  0  0 L3B ED
C25 FF 61049 191400  780 193 3109    -9681830   -133         -44    -16   25  19  242   -7  114   +3  114    3  15  0  0 L3B 10
C34 FF 61049 191400  780 167 2823    -8594219    -52           3    +28   31  19  280  -91  120  -43  120  -43  18  0  0 L3B 2B
C35 FF 61049 191400  780 567  994    +2261064   +103         -53    -37   16  19   97   +7   99  +22   99   22  10  0  0 L3B 08
C38 FF 61049 191400  780 124  353    -2678278    -21         -15     -1   17  19  368  +71   80   -7   80   -7   9  0  0 L3B DC
C44 FF 61049 191400  780 712 2853    -9050968    +63         -10    -26   11  19   85   -3   85  +17   85   17   7  0  0 L3B F4
C19 FF 61049 193000  780 441  791    +9613909    +38         -13     +1   17  19  116   +0   88   -5   88   -5  10  0  0 L3B D1
C20 FF 61049 193000  780 159  338    +9481432    +85          -7    -13   24  19  291  +84   85   +6   85    6  14  0  0 L3B DF
C22 FF 61049 193000  780 333 1504    -4291687    -23         -34    +11   15  19  147  -27  129   -9  129   -9   9  0  0 L3B 1B
C24 FF 61049 193000  780 172 2464     -123842   +327          -2    +39   31  19  270  +77  132  -17  132  -17  17  0  0 L3B 2C
C25 FF 61049 193000  780 194 3047    -9681929    -94         -29    +24   32  19  241   +5  104  -16  104  -16  19  0  0 L3B 41
C34 FF 61049 193000  780 222 2853    -8594285    -65          14    +15   22  19  214  -53   99  -29   99  -29  13  0  0 L3B 35
C35 FF 61049 193000  780 505 1040    +2261199   +119         -52    -22   14  19  104  +10  103  +17  103   17   8  0  0 L3B 16
C44 FF 61049 193000  780 777 2871    -9050889   +106         -17    +17   16  19   83   -2   87  -10   87  -10   9  0  0 L3B 1B
C19 FF 61049 194600  780 434  701    +9613950    +41          -8     +4   15  19  118   +3   81   -2   81   -2   9  0  0 L3B A5
C20 FF 61049 194600  780 110  309    +9481522    +46         -11    -52   32  19  413 +183   94  +47   94   47  19  0  0 L3B 1C
C22 FF 61049 194600  780 399 1471    -4291726    -32         -41     +1   20  19  126  -18  128   -6  128   -6  12  0  0 L3B 13
C24 FF 61049 194600  780 121 2422     -123579   +277         -16    -11   56  19  376 +154  150  +23  150   23  33  0  0 L3B 42
C25 FF 61049 194600  780 185 2985    -9682037   -146         -24    -28   26  19  252  +19   99  +20   99   20  16  0  0 L3B 50
C34 FF 61049 194600  780 278 2879    -8594378    -95          -1    -14   23  19  173  -34  101   +0  101    0  14  0  0 L3B 0F
C35 FF 61049 194600  780 444 1083    +2261337   +152         -50    +11   14  19  115  +13  107   -1  107   -1   8  0  0 L3B 05
C44 FF 61049 194600  780 843 2837    -9050804    +83         -18     -6   13  19   81   -1   85   +1   85    1   7  0  0 L3B BB
C19 FF 61049 200200  780 411  619    +9613971    +61         -28    +23   23  20  123   +7   88  -17   88  -17  14  0  0 L3B FD
C22 FF 61049 200200  780 463 1425    -4291769    -45         -43    -11   14  20  112  -12  131   +4  131    4   9  0  0 L3B E1
C25 FF 61049 200200  780 166 2925    -9682152    -72         -21    +46   26  20  279  +38  103  -30  103  -30  15  0  0 L3B 36
C34 FF 61049 200200  780 336 2903    -8594455    -79          -3     +2   25  20  146  -23   95   -2   95   -2  16  0  0 L3B DE
C35 FF 61049 200200  780 383 1123    +2261468   +107         -45    -33   18  20  130  +18  116  +30  116   30  11  0  0 L3B 1E
C44 FF 61049 200200  780 882 1692    -9050715    +95         -22     +5   15  20   81   +0   83   -3   83   -3   8  0  0 L3B AF
C19 FF 61049 201800  780 376  552    +9614026    +39         -10     +1   17  20  132  +12   76   -1   76   -1  11  0  0 L3B C2
C21 FF 61049 201800  780 163 1839    +8933174    -75         -25    -20   22  20  287 -116  130  +14  130   14  14  0  0 L3B 38
C22 FF 61049 201800  780 523 1360    -4291788    -54         -29    -20   16  20  102   -8  117   +2  117    2   9  0  0 L3B E2
C25 FF 61049 201800  780 139 2868    -9682280   -120         -36     -2   36  20  329  +70  113   +5  113    5  24  0  0 L3B 0F
C34 FF 61049 201800  780 396 2920    -8594532    -98          -3    -18   17  20  127  -17   91   +9   91    9  10  0  0 L3B F4
C35 FF 61049 201800  780 323 1162    +2261597   +152         -50    +12   19  20  150  +26  126   +1  126    1  11  0  0 L3B FC
C44 FF 61049 201800  780 819 1340    -9050630    +37         -23    -53   10  20   82   +1   85  +27   85   27   6  0  0 L3B D6
C19 FF 61049 203400  780 332  500    +9614061    +51         -12    +13   21  20  147  +19   76  -15   76  -15  12  0  0 L3B F2
C21 FF 61049 203400  780 231 1840    +8933113    -42         -34    +13   18  20  206  -60  132  -11  132  -11  11  0  0 L3B 11
C22 FF 61049 203400  780 573 1269    -4291808    -28         -16     +7   16  20   96   -5  109   -6  109   -6   9  0  0 L3B E8
C25 FF 61049 203400  780 106 2815    -9682373   -136         -15    -18   64  20  427 +141  108   +9  108    9  39  0  0 L3B 42
C34 FF 61049 203400  780 458 2931    -8594612    -81          -6     -1   16  20  113  -12   91   -2   91   -2  10  0  0 L3B CB
C35 FF 61049 203400  780 264 1198    +2261739   +120         -42    -20   20  20  181  +39  138  +31  138   31  12  0  0 L3B 2F
C44 FF 61049 203400  780 750 1332    -9050545   +104         -25    +14   11  20   84   +3   90   -6   90   -6   6  0  0 L3B C2
C19 FF 61049 205000  780 282  462    +9614109    +49           0    +11   24  20  170  +30   68   -9   68   -9  14  0  0 L3B C5
C21 FF 61049 205000  780 300 1842    +8933062    -69         -32    -14   21  20  162  -36  131   +8  131    8  12  0  0 L3B F5
C22 FF 61049 205000  780 609 1147    -4291839    -24         -14    +11   15  20   92   -2  103  -15  103  -15   9  0  0 L3B F6
C34 FF 61049 205000  780 520 2931    -8594694   -102         -11    -21   15  20  103   -9   93  +13   93   13   9  0  0 L3B F6
C35 FF 61049 205000  780 205 1231    +2261875   +146         -40     +6   26  20  229  +63  148   -6  148   -6  16  0  0 L3B 14
C44 FF 61049 205000  780 681 1350    -9050469    +92         -35     +2    9  20   87   +4   98  +10   98   10   5  0  0 L3B BD
C19 FF 61049 210600  780 228  437    +9614138    +68          -5    +30   25  21  207  +48   71  -26   71  -26  16  0  0 L3B FF
C21 FF 61049 210600  780 371 1844    +8933015    -70         -24    -15   16  21  134  -23  129   +7  129    7  10  0  0 L3B 03
C22 FF 61049 210600  780 624 1001    -4291869    -36         -24     -2   13  21   91   +0   97   -1   97   -1   7  0  0 L3B A9
C34 FF 61049 210600  780 582 2915    -8594769    -79          -9     +1   14  21   95   -7   91   -1   91   -1   8  0  0 L3B C1
C35 FF 61049 210600  780 147 1263    +2262011   +119         -41    -21   25  21  313 +121  153  +20  153   20  14  0  0 L3B 23
C44 FF 61049 210600  780 612 1374    -9050389    +34         -43    -56   14  21   92   +6  109  +35  109   35   8  0  0 L3B 04
C19 FF 61049 212200  780 172  423    +9614174    +62          -6    +25   32  21  270  +87   72  -13   72  -13  21  0  0 L3B EC
C21 FF 61049 212200  780 444 1844    +8932961    -48         -25     +7   17  21  116  -16  126   -8  126   -8  10  0  0 L3B 0E
C22 FF 61049 212200  780 614  855    -4291898    -23         -21    +10   14  21   92   +2   93   -7   93   -7   8  0  0 L3B B7
C34 FF 61049 212200  780 643 2870    -8594837    -84           0     -4   18  21   90   -5   86   +2   86    2  10  0  0 L3B A5
C43 FF 61049 212200  780 113 3032    -1293114    -11           2     -2   26  21  408 -200   87   -5   87   -5  15  0  0 L3B BE
C44 FF 61049 212200  780 543 1399    -9050305    +88         -45     -2   15  21   99   +9  114   +6  114    6   9  0  0 L3B D2
C19 FF 61049 213800  780 115  417    +9614196    +78         -20    +41   33  21  395 +191   74  -34   74  -34  21  0  0 L3B 27
C21 FF 61049 213800  780 517 1838    +8932906    -55         -26     +0   17  21  103  -11  123   -7  123   -7  10  0  0 L3B FF
C22 FF 61049 213800  780 583  735    -4291939    -77         -30    -44   14  21   95   +4  100  +25  100   25   8  0  0 L3B EE
C34 FF 61049 213800  780 697 2777    -8594921    -80          -7     +1   17  21   86   -3   91   +3   91    3  10  0  0 L3B BC
C43 FF 61049 213800  780 169 3044    -1293120    -43           5    -34   20  21  276  -92   82  +25   82   25  13  0  0 L3B EC
C44 FF 61049 213800  780 474 1424    -9050215    +78         -42    -12   20  21  110  +12  120   +9  120    9  12  0  0 L3B EE
C21 FF 61049 215400  780 590 1823    +8932858    -62         -22     -7   15  21   94   -8  113   -2  113   -2   8  0  0 L3B D9
C22 FF 61049 215400  780 538  650    -4291961    -65         -20    -32   15  21  100   +7   94  +18   94   18   8  0  0 L3B DF
C34 FF 61049 215400  780 737 2604    -8594990    -47           1    +33   15  21   84   -1   88  -19   88  -19   8  0  0 L3B EF
C39 FF 61049 215400  780 128  672     +178495    -26         -18    -31   25  21  359  -80   95  +16   95   16  18  0  0 L3B 0C
C42 FF 61049 215400  780 138 2099    +9200909    -34          -7    +12   31  21  338 -154  139  -12  139  -12  18  0  0 L3B 42
C43 FF 61049 215400  780 227 3050    -1293130    -26           3    -17   21  21  209  -52   81   +9   81    9  13  0  0 L3B BE
C44 FF 61049 215400  780 406 1448    -9050119   +130         -33    +39   19  21  124  +18  120  -19  120  -19  11  0  0 L3B 3F
C21 FF 61049 221000  780 662 1786    +8932793    -52         -37     +3   12  22   88   -5  117   -4  117   -4   7  0  0 L3B E0
C22 FF 61049 221000  780 483  595    -4291991    -38         -29     -6   11  22  108  +10   91   +3   91    3   7  0  0 L3B B8
C34 FF 61049 221000  780 746 2355    -8595072    -67          -7    +13   12  22   84   +0   95   +0   95    0   7  0  0 L3B A9
C39 FF 61049 221000  780 156  657     +178509    +26         -13    +21   24  22  297  -51   86  -24   86  -24  15  0  0 L3B 04
C42 FF 61049 221000  780 201 2120    +9200860    -51         -11     -4   29  22  234  -74  136   -6  136   -6  17  0  0 L3B EF
C43 FF 61049 221000  780 285 3048    -1293141    -11          -3     -2   22  22  169  -33   79   +4   79    4  15  0  0 L3B C1
C44 FF 61049 221000  780 339 1471    -9050036   +116         -28    +27   18  22  144  +26  124  -11  124  -11  11  0  0 L3B 35
C21 FF 61049 222600  780 729 1702    +8932743    -30         -34    +25   15  22   85   -3  111  -16  111  -16   9  0  0 L3B 01
C22 FF 61049 222600  780 425  564    -4292022    -41         -30     -9   16  22  119  +14   92   +4   92    4  10  0  0 L3B B7
C34 FF 61049 222600  780 720 2128    -8595148    -70          -6    +10   16  22   85   +2   97   -3   97   -3   9  0  0 L3B C2
C39 FF 61049 222600  780 182  639     +178514    -55         -13    -60   20  22  257  -34   79  +32   79   32  14  0  0 L3B FA
C42 FF 61049 222600  780 267 2144    +9200810    -43         -16     +4   23  22  180  -43  137  -12  137  -12  14  0  0 L3B 16
C43 FF 61049 222600  780 343 3036    -1293137    +11          10    +19   20  22  143  -22   70  -16   70  -16  13  0  0 L3B EF
C44 FF 61049 222600  780 273 1492    -9049951    +47         -29    -42   22  22  175  +40  127  +20  127   20  14  0  0 L3B 32
C21 FF 61049 224200  780 782 1503    +8932688    -60         -37     -5   14  22   83   -1  111   +0  111    0   8  0  0 L3B B8
C22 FF 61049 224200  780 364  549    -4292048    -33         -25     -1   18  22  136  +20   89   -1   89   -1  10  0  0 L3B D2
C34 FF 61049 224200  780 670 1987    -8595238    -70         -19    +10   17  22   88   +4  108   -2  108   -2  10  0  0 L3B 02
C39 FF 61049 224200  780 205  620     +178514    +38         -18    +33   20  22  229  -24   82  -22   82  -22  12  0  0 L3B E9
C42 FF 61049 224200  780 333 2171    +9200763    -53         -19     -7   20  22  147  -27  132   -8  132   -8  12  0  0 L3B FE
C43 FF 61049 224200  780 399 3012    -1293139    -20          16    -11   17  22  126  -15   67  +11   67   11  10  0  0 L3B EF
C44 FF 61049 224200  780 208 1510    -9049871    +49         -35    -40   20  22  225  +67  130  +15  130   15  11  0  0 L3B 1F
C21 FF 61049 225800  780 799 1133    +8932627    -71         -45    -17   13  22   82   +0  114  +12  114   12   8  0  0 L3B FA
C22 FF 61049 225800  780 303  547    -4292084    -52         -30    -20   20  22  159  +30   90  +13   90   13  11  0  0 L3B E5
C34 FF 61049 225800  780 607 1908    -8595310    -69         -15    +11   12  22   93   +6  110   +0  110    0   7  0  0 L3B CC
C39 FF 61049 225800  780 225  600     +178519     -3         -18     -8   19  22  210  -17   78   +4   78    4  11  0  0 L3B AD
C42 FF 61049 225800  780 400 2201    +9200724     -3         -13    +44   20  22  126  -18  117  -40  117  -40  12  0  0 L3B 06
C43 FF 61049 225800  780 452 2971    -1293154     -9           9     +0   14  22  114  -10   71   +0   71    0   8  0  0 L3B 89
C44 FF 61049 225800  780 145 1526    -9049780    +70         -30    -20   17  22  318 +134  130   +7  130    7  11  0  0 L3B 15
C21 FF 61049 231400  780 765  830    +8932594    -14         -42    +40    8  23   83   +2  103  -24  103  -24   5  0  0 L3B DC
C22 FF 61049 231400  780 243  554    -4292107    -28         -19     +4   23  23  195  +46   86   -1   86   -1  14  0  0 L3B D6
C34 FF 61049 231400  780 539 1864    -8595383    -70         -29     +9   14  23  100   +9  115   +6  115    6   8  0  0 L3B EA
C39 FF 61049 231400  780 242  577     +178524    -18         -15    -24   19  23  196  -12   76  +16   76   16  12  0  0 L3B FB
C42 FF 61049 231400  780 467 2235    +9200675    -63         -15    -17   16  23  111  -13  110   -2  110   -2  10  0  0 L3B F9
C43 FF 61049 231400  780 498 2910    -1293165    +17          -1    +25   12  23  106   -7   72  -16   72  -16   7  0  0 L3B E4
C21 FF 61049 233000  780 708  697    +8932544   -123         -40    -69   10  23   86   +3  102  +43  102   43   6  0  0 L3B F8
C22 FF 61049 233000  780 185  567    -4292144    -33         -26     +0   27  23  252  +78   94   +1   94    1  16  0  0 L3B C8
C34 FF 61049 233000  780 470 1840    -8595479    -98         -49    -19   14  23  110  +13  134  +17  134   17   9  0  0 L3B 34
C39 FF 61049 233000  780 256  554     +178526    +10         -17     +5   16  23  186   -8   78   -9   78   -9  10  0  0 L3B C6
C42 FF 61049 233000  780 536 2272    +9200624    -40         -21     +7   21  23  101   -9  107  -10  107  -10  13  0  0 L3B F1
C43 FF 61049 233000  780 534 2826    -1293186     -4         -14     +4   15  23  101   -4   80   -6   80   -6   8  0  0 L3B A9
C21 FF 61049 234600  780 644  647    +8932498    -82         -35    -29   15  23   90   +5   98  +18   98   18   9  0  0 L3B FA
C22 FF 61049 234600  780 127  586    -4292166    -49         -16    -17   35  23  359 +155   96  +21   96   21  23  0  0 L3B 29
C28 FF 61049 234600  780 118 3193    -4695455     +3         -32    +48   34  23  392 -180   83  -32   83  -32  20  0  0 L3B 2C
C34 FF 61049 234600  780 399 1825    -8595559    -75         -54     +4   13  23  126  +19  138   +1  138    1   9  0  0 L3B 0C
C39 FF 61049 234600  780 266  530     +178529     +0         -20     -5   16  23  179   -5   80   +3   80    3  11  0  0 L3B 8D
C42 FF 61049 234600  780 604 2315    +9200590    -39         -10     +8   16  23   93   -7   97   -9   97   -9  10  0  0 L3B D4
C43 FF 61049 234600  780 556 2719    -1293192     -2         -12     +7   16  23   98   -2   80   -2   80   -2  10  0  0 L3B B0
