CGGTTS     GENERIC DATA FORMAT VERSION = 2E
REV DATE = 2026-01-01                    
RCVR = POLARX5-TR                    R2CGGTTS v8.8    
CH = 99 
IMS = POLARX5-TR                    
LAB = PTB                           
X = +3844059.67 m 
Y =  +709661.67 m 
Z = +5023129.80 m 
FRAME = ITRF
COMMENTS = TGD applied
INT DLY =   33.0 ns (BDS B1C),   32.5 ns (BDS B2a)
CAB DLY =  205.7 ns 
REF DLY =   56.2 ns
REF = UTC(PTB)                      
CKSUM = A4

SAT CL  MJD  STTIME TRKL ELV AZTH   REFSV      SRSV     REFSYS    SRSYS  DSG IOE MDTR SMDT MDIO SMDI MSIO SMSI ISG FR HC FRC CK
             hhmmss  s  .1dg .1dg    .1ns     .1ps/s     .1ns    .1ps/s .1ns     .1ns.1ps/s.1ns.1ps/s.1ns.1ps/s.1ns
C27 FF 61041 000600  780 641 2468    -5761559    -46         -28     +4   20   0   90   +1  106   +5  106    5  11  0  0 L3B B5
C28 FF 61041 000600  780 419 1745    -4660305    -54         -31     -8   14   0  121  +17  135   +9  135    9   9  0  0 L3B CF
C30 FF 61041 000600  780 250 3117    -3548453    -87         -27     -3   18   0  191  -39  102   -2  102   -2  11  0  0 L3B D9
C32 FF 61041 000600  780 143 2326    +9698104    -91          -6    -32   26   0  325 -132  183   +6  183    6  15  0  0 L3B F1
C33 FF 61041 000600  780 548  621    +9609603    -75         -34     -8   14   0   99   +8   95  +11   95   11   8  0  0 L3B AC
C39 FF 61041 000600  780 255  550     +174916    +25         -29    +20   19   0  186   -8   82  -19   82  -19  12  0  0 L3B D4
C41 FF 61041 000600  780 697 2200    +9480654    -18         -40     +3   15   0   86   -4  114   -9  114   -9   9  0  0 L3B BA
C27 FF 61041 002200  780 616 2324    -5761595    -56         -16     -6   15   0   92   +3  109  +16  109   16   8  0  0 L3B D6
C28 FF 61041 002200  780 349 1743    -4660350    -82         -31    -35   18   0  141  +25  144  +31  144   31  11  0  0 L3B 02
C30 FF 61041 002200  780 302 3089    -3548515    -94          -8    -10   24   0  160  -25   90  +12   90   12  15  0  0 L3B CE
C32 FF 61041 002200  780 202 2360    +9698035    -88         -19    -29   40   0  234  -67  170   +3  170    3  24  0  0 L3B F0
C33 FF 61041 002200  780 484  616    +9609544    -60         -28     +7   13   0  108  +11   94   -2   94   -2   7  0  0 L3B A7
C39 FF 61041 002200  780 265  526     +174919     +7         -30     +2   21   0  180   -5   84   +2   84    2  12  0  0 L3B 66
C41 FF 61041 002200  780 769 2225    +9480625     -4         -49    +17   17   0   83   -3  114  -12  114  -12  10  0  0 L3B E0
C27 FF 61041 003800  780 572 2214    -5761638    -54         -11     -4   15   0   96   +6  116   +9  116    9   9  0  0 L3B B9
C28 FF 61041 003800  780 280 1744    -4660386    -42         -24     +4   20   0  171  +39  147   +7  147    7  13  0  0 L3B E4
C30 FF 61041 003800  780 349 3047    -3548599    -88         -12     -5   21   0  141  -16   92   +1   92    1  13  0  0 L3B C2
C32 FF 61041 003800  780 261 2397    +9697984    -84         -14    -26   31   0  184  -40  155  +11  155   11  18  0  0 L3B 28
C33 FF 61041 003800  780 421  624    +9609490    -71         -18     -4   20   0  120  +15   90   +4   90    4  11  0  0 L3B 98
C39 FF 61041 003800  780 271  501     +174920    -36         -34    -41   20   0  176   -3   85  +23   85   23  12  0  0 L3B B2
C41 FF 61041 003800  780 839 2232    +9480622     -6         -32    +15   12   0   81   -1  103  -12  103  -12   7  0  0 L3B C1
C24 FF 61041 005400  780 129  667     -341503   +284         -16     -2   28   0  356  -73  111   -8  111   -8  17  0  0 L3B D9
C27 FF 61041 005400  780 517 2137    -5761691    -46         -16     +4   17   0  103   +9  126  +13  126   13   9  0  0 L3B DF
C28 FF 61041 005400  780 213 1744    -4660430    -53         -23     -7   23   0  221  +67  152   +6  152    6  14  0  0 L3B D1
C30 FF 61041 005400  780 390 2991    -3548696    -63         -29    +21   12   0  128  -10  103  -10  103  -10   7  0  0 L3B 01
C32 FF 61041 005400  780 321 2437    +9697935    -74          -7    -15   28   0  152  -26  138   -5  138   -5  16  0  0 L3B 03
C33 FF 61041 005400  780 359  641    +9609419    -79         -24    -11   24   0  137  +21   99  +14   99   14  13  0  0 L3B F2
C39 FF 61041 005400  780 273  477     +174924    -42         -35    -47   15   0  175   +0   84  +21   84   21  10  0  0 L3B BC
C41 FF 61041 005400  780 889  833    +9480609     -9         -25    +12   17   0   81   +0   95  -11   95  -11  10  0  0 L3B BE
C24 FF 61041 011000  780 152  610     -341234   +288         -26     +1   23   1  305  -38  105  -15  105  -15  13  0  0 L3B DA
C27 FF 61041 011000  780 455 2083    -5761738    -41         -11     +9   18   1  113  +13  130   -4  130   -4  12  0  0 L3B D3
C28 FF 61041 011000  780 147 1744    -4660483    -22         -28    +25   18   1  313 +134  165  -12  165  -12  11  0  0 L3B 27
C30 FF 61041 011000  780 421 2921    -3548757    -65          -6    +19   15   1  121   -6   93  -14   93  -14   9  0  0 L3B CC
C32 FF 61041 011000  780 381 2480    +9697875    -48          -9    +11   15   1  131  -18  126  -21  126  -21   9  0  0 L3B 03
C33 FF 61041 011000  780 300  663    +9609360    -78          -1     -9   23   1  161  +29  102  +10  102   10  12  0  0 L3B BB
C39 FF 61041 011000  780 272  455     +174940     +0         -23     -4   19   1  176   +2   73   -8   73   -8  11  0  0 L3B 7A
C41 FF 61041 011000  780 822  598    +9480578    -20         -20     +2   11   1   82   +1   99   -3   99   -3   6  0  0 L3B 86
C24 FF 61041 012600  780 166  550     -340966   +278         -34     -8   28   1  279  -17   99   -1   99   -1  17  0  0 L3B D9
C27 FF 61041 012600  780 390 2045    -5761784    -76          -8    -26   13   1  128  +19  137  +19  137   19   8  0  0 L3B 0D
C29 FF 61041 012600  780 106 3261    -5440837    -16         -45    +36   23   1  434 -198  117  -33  117  -33  14  0  0 L3B 39
C30 FF 61041 012600  780 439 2838    -3548860    -81         -29     +2   17   1  116   -2  108   +2  108    2   9  0  0 L3B C0
C32 FF 61041 012600  780 441 2527    +9697813    -80         -15    -21   16   1  116  -13  120   -1  120   -1   9  0  0 L3B DC
C33 FF 61041 012600  780 242  690    +9609296    -54           1    +15   22   1  196  +44  107   -7  107   -7  14  0  0 L3B D2
C39 FF 61041 012600  780 267  434     +174953    +39         -14    +34   20   1  179   +4   67  -16   67  -16  12  0  0 L3B D5
C41 FF 61041 012600  780 755  619    +9480554    +19         -24    +41   13   1   83   +3  101  -22  101  -22   8  0  0 L3B CC
C24 FF 61041 014200  780 171  489     -340702   +280         -45     -7   35   1  271   +0  100   +1  100    1  20  0  0 L3B 91
C27 FF 61041 014200  780 324 2017    -5761839    -89         -15    -39   18   1  150  +28  149  +32  149   32  11  0  0 L3B 24
C29 FF 61041 014200  780 153 3232    -5440864    -20         -22    +32   27   1  305  -89   92  -14   92  -14  17  0  0 L3B FE
C30 FF 61041 014200  780 442 2747    -3548932    -58         -21    +26   17   1  116   +1  112   -4  112   -4  10  0  0 L3B D7
C32 FF 61041 014200  780 502 2577    +9697755    -77         -17    -19   18   1  105  -10  112   +2  112    2  10  0  0 L3B EB
C33 FF 61041 014200  780 186  720    +9609247    -40          18    +28   30   1  251  +73  106   -7  106   -7  18  0  0 L3B DF
C39 FF 61041 014200  780 258  415     +174962    +21         -10    +16   17   1  184   +7   66  -10   66  -10  10  0  0 L3B BA
C41 FF 61041 014200  780 689  652    +9480531     +7         -26    +29   12   1   87   +4  108  -17  108  -17   7  0  0 L3B D6
C24 FF 61041 015800  780 166  429     -340430   +264         -48    -23   27   1  279  +16  102  +10  102   10  18  0  0 L3B F2
C27 FF 61041 015800  780 258 1996    -5761876    -33          -3    +17   19   1  184  +45  153   -3  153   -3  12  0  0 L3B 06
C29 FF 61041 015800  780 195 3194    -5440938    -57         -47     -6   25   1  241  -48  106   +1  106    1  16  0  0 L3B F0
C30 FF 61041 015800  780 431 2657    -3549006   -102         -14    -18   16   1  118   +4  114  +22  114   22   9  0  0 L3B F1
C32 FF 61041 015800  780 563 2632    +9697693    -30         -22    +28   18   1   97   -7  109  -25  109  -25  10  0  0 L3B 16
C33 FF 61041 015800  780 132  753    +9609156   -114          -8    -45   82   1  348 +138  132  +44  132   44  50  0  0 L3B 1E
C39 FF 61041 015800  780 247  399     +174962     +4         -15     +0   15   1  192  +10   72   +1   72    1  10  0  0 L3B 7B
C41 FF 61041 015800  780 625  689    +9480509    +58         -27    +80   13   1   91   +5  110  -45  110  -45   7  0  0 L3B E7
C24 FF 61041 021400  780 151  373     -340150   +278         -34     -8   26   2  304  +38   96   +2   96    2  16  0  0 L3B A6
C25 FF 61041 021400  780 260  960    -9592921   -141         -34    -22   18   2  184  -25  135   +9  135    9  11  0  0 L3B F7
C27 FF 61041 021400  780 194 1977    -5761927    -74         -16    -24   22   2  241  +78  165  +29  165   29  13  0  0 L3B 36
C29 FF 61041 021400  780 231 3148    -5440980    -90         -53    -39   27   2  205  -28  101  +33  101   33  16  0  0 L3B 0D
C30 FF 61041 021400  780 405 2573    -3549096    -84         -23     -1   19   2  124   +8  126   +8  126    8  11  0  0 L3B CE
C32 FF 61041 021400  780 625 2694    +9697642    -32         -18    +26   16   2   91   -5  101  -19  101  -19   9  0  0 L3B FA
C39 FF 61041 021400  780 232  386     +174955     +1         -27     -4   20   2  203  +13   78   +2   78    2  12  0  0 L3B 7B
C41 FF 61041 021400  780 563  729    +9480493     +8         -44    +28   14   2   97   +7  107  -14  107  -14   8  0  0 L3B D9
C20 FF 61041 023000  780 125 2650    +9408624   +115         -25    +20   25   2  368 -153  171  -33  171  -33  15  0  0 L3B 34
C23 FF 61041 023000  780 146 1391    +5177826    -23         -43    +53   63   2  319 -125  171  -54  171  -54  38  0  0 L3B 3C
C24 FF 61041 023000  780 128  321     -339890   +273         -48    -13   40   2  357  +75  102   +8  102    8  24  0  0 L3B D8
C25 FF 61041 023000  780 293  897    -9593035    -91         -34    +28   23   2  164  -15  127  -28  127  -28  13  0  0 L3B 27
C27 FF 61041 023000  780 131 1961    -5761989    -55         -30     -5   20   2  351 +162  184  +11  184   11  13  0  0 L3B 10
C29 FF 61041 023000  780 259 3092    -5441033    -62         -58    -11   25   2  184  -16  104   -1  104   -1  14  0  0 L3B ED
C30 FF 61041 023000  780 368 2500    -3549179    -82         -25     +2   20   2  134  +13  134   +3  134    3  12  0  0 L3B C5
C32 FF 61041 023000  780 686 2769    +9697584    -53         -20     +5   15   2   87   -4  100   -4  100   -4   9  0  0 L3B C5
C39 FF 61041 023000  780 216  377     +174967    +22         -20    +18   14   2  217  +17   75   -7   75   -7   8  0  0 L3B B1
C41 FF 61041 023000  780 501  770    +9480479    -16         -38     +4   14   2  105  +10  105   -1  105   -1   9  0  0 L3B B2
C20 FF 61041 024600  780 178 2690    +9408717    +77         -23    -19   27   2  263  -78  146  -10  146  -10  17  0  0 L3B 37
C23 FF 61041 024600  780 203 1358    +5177772    -90         -24    -14   40   2  232  -65  148   -3  148   -3  23  0  0 L3B 00
C25 FF 61041 024600  780 318  827    -9593142   -117         -27     +2   25   2  153   -9  118   -3  118   -3  15  0  0 L3B E4
C29 FF 61041 024600  780 277 3029    -5441086    -54         -62     -3   27   2  173   -8  108   +6  108    6  17  0  0 L3B E0
C30 FF 61041 024600  780 323 2438    -3549247    -67         -13    +17   16   2  151  +21  136   +0  136    0  10  0  0 L3B DE
C32 FF 61041 024600  780 746 2871    +9697526    -44         -22    +14   13   2   84   -2  100   -8  100   -8   7  0  0 L3B D0
C39 FF 61041 024600  780 198  371     +174969    +14         -23    +10   14   2  236  +22   72  -19   72  -19   9  0  0 L3B D7
C41 FF 61041 024600  780 442  811    +9480456    -14         -43     +6   17   2  116  +13  109   -4  109   -4  10  0  0 L3B CE
C20 FF 61041 030200  780 233 2729    +9408802   +107         -33    +11   21   3  204  -47  136  -30  136  -30  14  0  0 L3B 18
C23 FF 61041 030200  780 260 1321    +5177688    -66         -41     +9   31   3  184  -39  143  -15  143  -15  18  0  0 L3B 14
C25 FF 61041 030200  780 331  752    -9593262   -151         -52    -34   15   3  148   -3  122  +20  122   20   9  0  0 L3B E1
C29 FF 61041 030200  780 284 2960    -5441115    -51         -31     +1   25   3  169   -1  101  +10  101   10  16  0  0 L3B CC
C30 FF 61041 030200  780 273 2386    -3549334    -59         -25    +25   21   3  175  +32  151   -3  151   -3  13  0  0 L3B F4
C32 FF 61041 030200  780 803 3044    +9697470    -56         -23     +3   13   3   82   -1   99   -1   99   -1   8  0  0 L3B 9F
C39 FF 61041 030200  780 178  368     +174967     -3         -27     -8   25   3  261  +29   82  +14   82   14  15  0  0 L3B BD
C41 FF 61041 030200  780 384  853    +9480436     -2         -22    +19   19   3  130  +17  114   -2  114   -2  10  0  0 L3B C5
C20 FF 61041 031800  780 288 2768    +9408879    +97         -48     +1   18   3  168  -31  128  -13  128  -13  11  0  0 L3B 30
C23 FF 61041 031800  780 316 1277    +5177611   -112         -46    -37   22   3  154  -25  137  +13  137   13  14  0  0 L3B 20
C25 FF 61041 031800  780 332  677    -9593369    -82         -47    +35   18   3  147   +2  117  -25  117  -25  11  0  0 L3B 16
C29 FF 61041 031800  780 279 2890    -5441178     -7         -44    +45   15   3  172   +6  114  -27  114  -27  10  0  0 L3B 0C
C30 FF 61041 031800  780 219 2342    -3549422   -102         -32    -19   28   3  215  +52  169  +29  169   29  17  0  0 L3B 34
C32 FF 61041 031800  780 844 3472    +9697424    -43         -12    +15   12   3   81   +0   93   -4   93   -4   7  0  0 L3B B0
C39 FF 61041 031800  780 157  368     +174942    -22         -58    -27   25   3  294  +40   98  +10   98   10  16  0  0 L3B E6
C41 FF 61041 031800  780 326  895    +9480430    -11          -8    +11   20   3  149  +24  111   +2  111    2  12  0  0 L3B B1
C20 FF 61041 033400  780 345 2806    +9408976   +135         -42    +39   22   3  143  -22  113  -36  113  -36  13  0  0 L3B 31
C23 FF 61041 033400  780 369 1223    +5177552    -72         -32     +3   19   3  135  -16  119   -6  119   -6  11  0  0 L3B ED
C25 FF 61041 033400  780 320  606    -9593491   -163         -56    -46   28   3  152   +8  117  +28  117   28  16  0  0 L3B 18
C29 FF 61041 033400  780 263 2822    -5441219    -52         -35     +0   22   3  181  +14  114  +16  114   16  13  0  0 L3B EE
C30 FF 61041 033400  780 164 2304    -3549494   -116         -24    -32   30   3  283  +94  178  +27  178   27  19  0  0 L3B 3B
C32 FF 61041 033400  780 829  508    +9697369    -46         -12    +13   10   3   81   +1   94   -5   94   -5   6  0  0 L3B A9
C39 FF 61041 033400  780 135  372     +174932    -23         -72    -28   31   3  339  +55  104  +12  104   12  19  0  0 L3B EA
C41 FF 61041 033400  780 271  936    +9480407    -50         -10    -28   24   3  177  +34  120  +27  120   27  14  0  0 L3B FA
C20 FF 61041 035000  780 403 2843    +9409074    +60         -37    -35   25   3  125  -16  100  +21  100   21  15  0  0 L3B F5
C23 FF 61041 035000  780 415 1158    +5177481    -82         -31     -7   21   3  122  -11  112   -1  112   -1  13  0  0 L3B CB
C25 FF 61041 035000  780 297  541    -9593600   -154         -53    -37   21   3  162  +14  111  +14  111   14  12  0  0 L3B 03
C29 FF 61041 035000  780 237 2757    -5441265    -32         -31    +20   22   3  199  +24  117   -6  117   -6  14  0  0 L3B FF
C30 FF 61041 035000  780 108 2270    -3549592   -122         -41    -38   23   3  419 +206  201  +29  201   29  15  0  0 L3B 2E
C32 FF 61041 035000  780 777  783    +9697306    -68         -18    -10   13   3   83   +2   98   +6   98    6   8  0  0 L3B B1
C35 FF 61041 035000  780 105 3322    +2156373   +166         -73    +25   32   3  431  -98  140  -35  140  -35  19  0  0 L3B 2E
C37 FF 61041 035000  780 165 1665    +9027189    +68           3    +24   24   3  284 -108  131  -13  131  -13  15  0  0 L3B 16
C39 FF 61041 035000  780 113  379     +174957    +13         -51     +8   36   3  402  +79   88  -10   88  -10  22  0  0 L3B D5
C41 FF 61041 035000  780 216  977    +9480398     +6           2    +28   19   3  218  +54  124   +3  124    3  12  0  0 L3B B2
C20 FF 61041 040600  780 463 2878    +9409163    +76         -47    -20   11   4  112  -12   98  +10   98   10   7  0  0 L3B E7
C23 FF 61041 040600  780 453 1079    +5177398    -99         -50    -25   23   4  114   -7  113   +8  113    8  13  0  0 L3B EB
C25 FF 61041 040600  780 265  486    -9593697    -82         -50    +33   20   4  180  +24  102  -22  102  -22  12  0  0 L3B 0D
C29 FF 61041 040600  780 204 2698    -5441323    -49         -44     +3   24   4  230  +41  138   +8  138    8  15  0  0 L3B E7
C32 FF 61041 040600  780 718  913    +9697252    -30         -23    +28   16   4   85   +3   99  -15   99  -15   9  0  0 L3B DA
C35 FF 61041 040600  780 125 3270    +2156509   +175         -72    +35   34   4  365  -46  122  -32  122  -32  21  0  0 L3B 2A
C37 FF 61041 040600  780 229 1650    +9027234    +52           4     +7   24   4  207  -58  122  -10  122  -10  15  0  0 L3B DF
C41 FF 61041 040600  780 162 1017    +9480373    -22           0     +0   27   4  287  +94  138  +16  138   16  16  0  0 L3B E3
C20 FF 61041 042200  780 525 2910    +9409273    +50         -29    -47   16   4  102   -9   85  +26   85   26   9  0  0 L3B DC
C23 FF 61041 042200  780 478  987    +5177331    -26         -45    +48   16   4  109   -3  104  -33  104  -33   9  0  0 L3B F9
C25 FF 61041 042200  780 224  442    -9593809   -131         -52    -16   20   4  210  +39   97   +6   97    6  12  0  0 L3B D8
C29 FF 61041 042200  780 164 2645    -5441366    -39         -37    +12   26   4  283  +71  150   +4  150    4  16  0  0 L3B F4
C32 FF 61041 042200  780 655  998    +9697194    -58         -25     +0   17   4   89   +5  102   +0  102    0  10  0  0 L3B B2
C35 FF 61041 042200  780 137 3214    +2156659   +130         -56    -10   25   4  336  -16   98  -11   98  -11  16  0  0 L3B 14
C37 FF 61041 042200  780 295 1632    +9027262    +58         -11    +14   20   4  164  -35  123  -14  123  -14  12  0  0 L3B 10
C41 FF 61041 042200  780 108 1056    +9480390    +33          38    +55  183   4  419 +199  130  +10  130   10 114  0  0 L3B 31
C19 FF 61041 043800  780 114 2906    +9587429    +14         -35    -21   27   4  402 -188  102   -2  102   -2  18  0  0 L3B 15
C20 FF 61041 043800  780 589 2937    +9409352   +108         -43    +12   16   4   94   -7   93   -6   93   -6   9  0  0 L3B DB
C23 FF 61041 043800  780 487  888    +5177269    -82         -36     -7   16   4  107   +0   97   +1   97    1  10  0  0 L3B B7
C25 FF 61041 043800  780 178  408    -9593935   -120         -66     -5   20   4  261  +69  100   -3  100   -3  12  0  0 L3B EE
C29 FF 61041 043800  780 120 2597    -5441435    -75         -57    -24   27   4  380 +141  168  +29  168   29  17  0  0 L3B 4B
C32 FF 61041 043800  780 593 1064    +9697147    -76         -16    -18   13   4   94   +6   97  +12   97   12   7  0  0 L3B E3
C35 FF 61041 043800  780 139 3156    +2156786    +98         -64    -42   20   4  331   +7   97  +22   97   22  14  0  0 L3B F9
C37 FF 61041 043800  780 362 1610    +9027300    +70         -15    +25   22   4  137  -23  118  -21  118  -21  14  0  0 L3B 0C
C19 FF 61041 045400  780 169 2935    +9587476     +7         -21    -28   27   4  276  -90   89  +13   89   13  17  0  0 L3B 16
C20 FF 61041 045400  780 654 2956    +9409442   +100         -45     +3   16   4   89   -5   96   +3   96    3   9  0  0 L3B B0
C23 FF 61041 045400  780 480  790    +5177180    -98         -54    -24   21   4  109   +3  105  +16  105   16  13  0  0 L3B F0
C25 FF 61041 045400  780 128  383    -9594034   -132         -54    -17   30   4  357 +139   92  +11   92   11  19  0  0 L3B 12
C32 FF 61041 045400  780 529 1120    +9697096    -89         -12    -31   17   4  101   +9   96  +27   96   27  10  0  0 L3B F7
C35 FF 61041 045400  780 131 3097    +2156920   +184         -65    +44   29   4  349  +32   91  -34   91  -34  19  0  0 L3B 24
C37 FF 61041 045400  780 428 1581    +9027340    +74         -19    +29   17   4  119  -15  112  -25  112  -25   9  0  0 L3B 19
C19 FF 61041 051000  780 226 2961    +9587495    +75         -37    +40   22   5  210  -52   93  -34   93  -34  14  0  0 L3B 13
C20 FF 61041 051000  780 721 2957    +9409543   +121         -31    +25   13   5   85   -3   92  -12   92  -12   7  0  0 L3B D6
C23 FF 61041 051000  780 458  702    +5177122    -77         -33     -2   14   5  113   +6   95   -4   95   -4   9  0  0 L3B 98
C32 FF 61041 051000  780 466 1169    +9697041    -49          -5    +10   16   5  111  +12  101   +4  101    4   9  0  0 L3B BB
C35 FF 61041 051000  780 114 3040    +2157036   +126         -75    -13   27   5  396  +69  103   +6  103    6  17  0  0 L3B F8
C37 FF 61041 051000  780 493 1540    +9027383    +53          -1    +10   12   5  107  -11  105   -8  105   -8   7  0  0 L3B C9
C19 FF 61041 052600  780 284 2983    +9587526    -11         -39    -46   20   5  170  -34   93  +31   93   31  12  0  0 L3B 0B
C20 FF 61041 052600  780 787 2911    +9409627    +97         -39     +1   12   5   82   -2   97   -3   97   -3   7  0  0 L3B B5
C23 FF 61041 052600  780 423  631    +5177036    -82         -47     -7   19   5  120  +10  102   -2  102   -2  11  0  0 L3B BF
C32 FF 61041 052600  780 403 1213    +9696990    -69           0    -10   17   5  125  +17  106  +14  106   14  10  0  0 L3B EC
C37 FF 61041 052600  780 554 1479    +9027424    +27          -2    -16   17   5   98   -7  100   +4  100    4  10  0  0 L3B BB
C19 FF 61041 054200  780 345 2999    +9587569    +45         -30    +10   19   5  143  -23   87   -4   87   -4  13  0  0 L3B 02
C20 FF 61041 054200  780 846 2652    +9409713    +88         -45     -8   11   5   81   -1  100   +4  100    4   7  0  0 L3B A5
C23 FF 61041 054200  780 379  577    +5176965    -92         -47    -17   16   5  131  +14  101  +13  101   13  10  0  0 L3B 01
C32 FF 61041 054200  780 340 1254    +9696931    -78          -3    -20   18   5  144  +24  117  +27  117   27  10  0  0 L3B 07
C37 FF 61041 054200  780 607 1389    +9027468     -7           1    -51   12   5   93   -4   96  +26   96   26   7  0  0 L3B AE
C19 FF 61041 061000  780 453 3007    +9587616    +48         -33    +14   15   6  114  -13   97  -10   97  -10   9  0  0 L3B F9
C20 FF 61041 061000  780 797 1663    +9409874   +138         -43    +42   13   6   82   +2  103  -23  103  -23   7  0  0 L3B FF
C23 FF 61041 061000  780 288  519    +5176836    -73         -35     +3   19   6  167  +30  109  +14  109   14  11  0  0 L3B F8
C32 FF 61041 061000  780 232 1317    +9696831    -43          16    +18   28   6  204  +52  156  +23  156   23  16  0  0 L3B 0A
C37 FF 61041 061000  780 661 1141    +9027543     +4           4    -40   17   6   88   -1   93  +22   93   22  10  0  0 L3B 95
C19 FF 61041 062600  780 516 2994    +9587648    +27         -34     -8   19   6  103   -9   99   +6   99    6  11  0  0 L3B E5
C20 FF 61041 062600  780 727 1594    +9409972   +121         -36    +26   12   6   85   +3  104   -7  104   -7   7  0  0 L3B E6
C23 FF 61041 062600  780 232  503    +5176758    -75         -40     +2   22   6  203  +47  130  +19  130   19  13  0  0 L3B E6
C32 FF 61041 062600  780 171 1349    +9696768    -76          12    -15   36   6  271  +94  199  +57  199   57  21  0  0 L3B 43
C37 FF 61041 062600  780 658  974    +9027571    +37         -10     -7   15   6   89   +1  103   +9  103    9   8  0  0 L3B B1
C40 FF 61041 062600  780 105  687    +1961580     +6         -39    -24   31   6  434 -123  199   +6  199    6  21  0  0 L3B F6
C19 FF 61041 064200  780 577 2959    +9587679    +41         -36     +6   11   6   96   -7  100   -1  100   -1   6  0  0 L3B D1
C20 FF 61041 064200  780 655 1581    +9410068   +130         -32    +35   13   6   89   +5  111  -14  111  -14   8  0  0 L3B F0
C23 FF 61041 064200  780 176  497    +5176678   -103         -47    -27   18   6  264  +83  158  +54  158   54  12  0  0 L3B 3D
C32 FF 61041 064200  780 111 1377    +9696709    -73          11    -12   50   6  410 +214  262  +84  262   84  30  0  0 L3B 1F
C37 FF 61041 064200  780 631  832    +9027620    +34          -2    -10   15   6   91   +3  103  +13  103   13   8  0  0 L3B A3
C40 FF 61041 064200  780 134  673    +1961616    -13         -32    -42   26   6  343  -72  203  +40  203   40  17  0  0 L3B F5
C19 FF 61041 065800  780 634 2891    +9587714    +38         -34     +3   16   6   90   -4  104  +10  104   10   9  0  0 L3B DC
C20 FF 61041 065800  780 581 1586    +9410157    +96         -36     +1   13   6   95   +8  129  +18  129   18   7  0  0 L3B EB
C22 FF 61041 065800  780 128 3117    -4266574    -72         -26    -37   30   6  363 -163   94  +14   94   14  19  0  0 L3B 1F
C23 FF 61041 065800  780 120  498    +5176589    -45         -62    +32   25   6  382 +175  218  +54  218   54  18  0  0 L3B 38
C37 FF 61041 065800  780 588  732    +9027655    +57          -8    +14   21   6   94   +5  116   +6  116    6  12  0  0 L3B C2
C40 FF 61041 065800  780 162  658    +1961648    +15         -29    -14   18   6  287  -47  203  +11  203   11  11  0  0 L3B 0A
C19 FF 61041 071400  780 679 2770    +9587752    +73         -28    +39   14   7   87   -2  111  -12  111  -12   8  0  0 L3B 08
C20 FF 61041 071400  780 508 1597    +9410255    +81         -23    -14   12   7  104  +11  148  +33  148   33   7  0  0 L3B FD
C22 FF 61041 071400  780 186 3122    -4266615    -51         -39    -16   24   7  253  -79  104  +27  104   27  14  0  0 L3B 1D
C36 FF 61041 071400  780 105 2218    -3070558     +5          -2     -7   28   7  436 -242  216   +6  216    6  19  0  0 L3B D5
C37 FF 61041 071400  780 534  671    +9027698    +39         -32     -7   17   7  100   +8  133  +21  133   21  10  0  0 L3B DF
C40 FF 61041 071400  780 187  640    +1961678    +43         -27    +14   22   7  250  -32  210  -11  210  -11  14  0  0 L3B FB
C19 FF 61041 073000  780 704 2588    +9587785    +39         -28     +5   14   7   86   -1  124  +11  124   11   8  0  0 L3B E8
C20 FF 61041 073000  780 436 1611    +9410349   +132         -21    +36   17   7  117  +16  174   +6  174    6   9  0  0 L3B ED
C22 FF 61041 073000  780 245 3118    -4266643    -54         -34    -19   25   7  195  -45  124  +37  124   37  16  0  0 L3B 25
C36 FF 61041 073000  780 165 2243    -3070535    +22          10    +10   24   7  283 -103  206  -12  206  -12  15  0  0 L3B 06
C37 FF 61041 073000  780 476  636    +9027745    +61         -29    +15   11   7  109  +11  149  +10  149   10   6  0  0 L3B F6
C40 FF 61041 073000  780 210  621    +1961716    -10         -17    -40   19   7  224  -22  222  +57  222   57  12  0  0 L3B EF
C19 FF 61041 074600  780 698 2380    +9587821    +38         -25     +4   11   7   86   +1  136  +15  136   15   6  0  0 L3B EA
C20 FF 61041 074600  780 364 1625    +9410439   +109         -22    +14   22   7  136  +23  211  +36  211   36  13  0  0 L3B 16
C22 FF 61041 074600  780 303 3106    -4266678    -76         -34    -42   19   7  160  -29  144  +45  144   45  12  0  0 L3B 27
C36 FF 61041 074600  780 226 2270    -3070519     +1          14    -11   24   7  210  -56  202   -2  202   -2  14  0  0 L3B C3
C37 FF 61041 074600  780 416  621    +9027789     +6         -29    -40   17   7  121  +15  172  +49  172   49  10  0  0 L3B 07
C40 FF 61041 074600  780 230  600    +1961725     +2         -37    -27   24   7  206  -16  250  +23  250   23  14  0  0 L3B E0
C19 FF 61041 080200  780 663 2210    +9587858    +93         -21    +59   15   8   88   +3  153  -21  153  -21   8  0  0 L3B 06
C20 FF 61041 080200  780 294 1638    +9410523    +58         -23    -37   22   8  164  +36  257  +71  257   71  12  0  0 L3B 21
C22 FF 61041 080200  780 359 3081    -4266710    -30         -36     +4   17   8  138  -19  158  +10  158   10  10  0  0 L3B FF
C36 FF 61041 080200  780 287 2300    -3070522     -7          -5    -19   26   8  168  -34  203  +13  203   13  15  0  0 L3B E7
C37 FF 61041 080200  780 356  618    +9027830    +76         -26    +30   21   8  138  +21  209  +17  209   17  13  0  0 L3B 09
C40 FF 61041 080200  780 246  577    +1961755    +42         -40    +12   15   8  193  -11  251  -11  251  -11  10  0  0 L3B FE
C19 FF 61041 081800  780 609 2099    +9587887    +64         -25    +30   16   8   92   +6  173   +0  173    0   9  0  0 L3B E4
C20 FF 61041 081800  780 226 1650    +9410622    +62         -14    -32   21   8  209  +60  304  +74  304   74  14  0  0 L3B 09
C22 FF 61041 081800  780 412 3040    -4266744    +15         -37    +49   13   8  123  -13  171  -15  171  -15   8  0  0 L3B 0F
C36 FF 61041 081800  780 350 2332    -3070521     +0         -15    -12   21   8  141  -23  206   +2  206    2  13  0  0 L3B BA
C37 FF 61041 081800  780 296  625    +9027876    +43         -24     -2   19   8  163  +30  244  +44  244   44  11  0  0 L3B 05
C40 FF 61041 081800  780 260  553    +1961784    +30         -40     +0   19   8  184   -8  264   -5  264   -5  11  0  0 L3B D0
C19 FF 61041 083400  780 546 2031    +9587929    +34         -16     +0   14   8   99   +8  187  +22  187   22   8  0  0 L3B F3
C20 FF 61041 083400  780 159 1659    +9410717    +71         -10    -23   20   8  291 +118  357  +73  357   73  13  0  0 L3B 37
C22 FF 61041 083400  780 458 2981    -4266796    -14         -56    +21   14   8  113   -8  192   +2  192    2   9  0  0 L3B E7
C28 FF 61041 083400  780 100  686    -4661673    -48         -21     -2   29   8  453 -140  395  -32  395  -32  20  0  0 L3B 28
C36 FF 61041 083400  780 413 2367    -3070482     +6          12     -6   15   8  123  -16  188   +5  188    5   8  0  0 L3B C0
C37 FF 61041 083400  780 238  639    +9027917    +31         -26    -15   22   8  199  +46  281  +63  281   63  14  0  0 L3B 24
C40 FF 61041 083400  780 269  529    +1961820    +26         -32     -4   16   8  178   -5  265   +2  265    2  10  0  0 L3B C6
C19 FF 61041 085000  780 477 1988    +9587955    +50         -23    +16   15   8  109  +12  217  +23  217   23   9  0  0 L3B 25
C22 FF 61041 085000  780 494 2902    -4266806    -61         -34    -27   13   8  106   -5  193  +24  193   24   7  0  0 L3B 02
C28 FF 61041 085000  780 128  631    -4661718     -1         -22    +45   31   8  357  -69  385   +9  385    9  22  0  0 L3B F0
C36 FF 61041 085000  780 476 2405    -3070484     +2          -1    -10   18   8  109  -12  200  +19  200   19  10  0  0 L3B DC
C37 FF 61041 085000  780 181  658    +9027971    +37         -16     -9   23   8  257  +78  338  +75  338   75  15  0  0 L3B 26
C40 FF 61041 085000  780 275  504    +1961853    -43         -28    -73   16   8  174   -2  270  +67  270   67  10  0  0 L3B 03
C19 FF 61041 090600  780 407 1961    +9587978    +17         -18    -16   16   9  124  +18  262  +56  262   56  10  0  0 L3B 3E
C21 FF 61041 090600  780 139 3242    +8973836    -23         -40    +31   24   9  334 -128  257  +12  257   12  15  0  0 L3B 32
C22 FF 61041 090600  780 516 2803    -4266854    -48         -46    -14   14   9  103   -2  218  +18  218   18   9  0  0 L3B 06
C28 FF 61041 090600  780 149  574    -4661754    -99         -29    -55   19   9  309  -34  371  +17  371   17  14  0  0 L3B 37
C36 FF 61041 090600  780 540 2446    -3070470    +30          -1    +17   15   9  100   -8  203  -13  203  -13   9  0  0 L3B D7
C37 FF 61041 090600  780 126  681    +9027995    +58         -32    +13   25   9  362 +153  424  +68  424   68  14  0  0 L3B 38
C40 FF 61041 090600  780 277  480    +1961872    +21         -41     -9   24   9  173   +0  290  +28  290   28  16  0  0 L3B EE
C19 FF 61041 092200  780 337 1943    +9588027    +38           0     +5    9   9  145  +27  297  +44  297   44   5  0  0 L3B EC
C21 FF 61041 092200  780 190 3218    +8973766    -64         -57    -10   32   9  247  -64  291  +20  291   20  19  0  0 L3B 2D
C22 FF 61041 092200  780 520 2693    -4266871    -51         -30    -16   14   9  103   +1  212  +17  212   17   9  0  0 L3B E9
C28 FF 61041 092200  780 161  514    -4661805    -32         -37    +12   24   9  287  -13  380  -17  380  -17  15  0  0 L3B 1D
C36 FF 61041 092200  780 605 2491    -3070459     +2          -2    -11   16   9   93   -6  200   -3  200   -3   9  0  0 L3B 9C
C40 FF 61041 092200  780 275  458    +1961913    +33         -30     +3   17   9  174   +2  291  -12  291  -12  11  0  0 L3B E7
C45 FF 61041 092200  780 121 2500    +6246059   +180         -51     -1   36   9  380 -169  372  +14  372   14  23  0  0 L3B 28
C19 FF 61041 093800  780 268 1929    +9588066    +43           7    +11   15   9  178  +43  339  +30  339   30  10  0  0 L3B 1A
C21 FF 61041 093800  780 238 3183    +8973720    -18         -50    +37   17   9  199  -37  286  -36  286  -36  11  0  0 L3B 53
C22 FF 61041 093800  780 505 2584    -4266918    -48         -44    -14   12   9  105   +4  234  +31  234   31   6  0  0 L3B FD
C27 FF 61041 093800  780 194  881    -5763240    -65          -9    -15   24   9  242  -45  359  +10  359   10  14  0  0 L3B 11
C28 FF 61041 093800  780 164  453    -4661852    -95         -42    -51   19   9  282   +4  390  +25  390   25  12  0  0 L3B 10
C36 FF 61041 093800  780 669 2541    -3070451     +7          -6     -6   14   9   88   -4  199   +3  199    3   8  0  0 L3B B0
C40 FF 61041 093800  780 269  437    +1961938    +49         -33    +19   20   9  177   +4  299  -20  299  -20  12  0  0 L3B 24
C45 FF 61041 093800  780 176 2535    +6246267   +226         -17    +45   21   9  266  -83  352  -56  352  -56  14  0  0 L3B 5A
C19 FF 61041 095400  780 200 1918    +9588091    +32           0     -1   16   9  234  +76  388  +68  388   68  10  0  0 L3B 0C
C21 FF 61041 095400  780 280 3137    +8973681    -66         -36    -11   17   9  172  -22  264   -5  264   -5  11  0  0 L3B 15
C22 FF 61041 095400  780 474 2488    -4266954    -47         -47    -12   14   9  110   +7  247  +20  247   20   9  0  0 L3B 0B
C27 FF 61041 095400  780 227  823    -5763272    -32           7    +17   19   9  208  -27  344  -35  344  -35  12  0  0 L3B 0D
C28 FF 61041 095400  780 157  394    -4661902    -31         -49    +13   20   9  295  +22  393  -31  393  -31  11  0  0 L3B 23
C30 FF 61041 095400  780 103 1352    -3551391    -57         -17    +27   45   9  446 -236  503 -172  503 -172  30  0  0 L3B 62
C36 FF 61041 095400  780 733 2602    -3070434    +27          -1    +15   11   9   84   -3  193  -13  193  -13   6  0  0 L3B DB
C40 FF 61041 095400  780 260  418    +1961990    +24         -10     -6   16   9  183   +7  282  +19  282   19  10  0  0 L3B EC
C45 FF 61041 095400  780 231 2572    +6246428   +161         -30    -20   26   9  205  -48  311  -38  311  -38  18  0  0 L3B 3D
C19 FF 61041 101000  780 134 1907    +9588110     -6         -14    -39   15  10  342 +161  476 +153  476  153  10  0  0 L3B 4C
C21 FF 61041 101000  780 314 3080    +8973621    -61         -35     -6   20  10  155  -13  267   +5  267    5  12  0  0 L3B E3
C22 FF 61041 101000  780 430 2408    -4266980    -41         -33     -6   15  10  118  +11  256  +24  256   24   9  0  0 L3B F6
C27 FF 61041 101000  780 252  759    -5763327    -42           2     +8   23  10  189  -15  318  -23  318  -23  14  0  0 L3B F6
C28 FF 61041 101000  780 140  339    -4661965    -71         -61    -27   30  10  328  +49  425  +73  425   73  19  0  0 L3B 24
C30 FF 61041 101000  780 158 1319    -3551469   -122         -12    -38   23  10  294 -104  413  -25  413  -25  16  0  0 L3B 4A
C36 FF 61041 101000  780 797 2690    -3070421     +7           5     -5   13  10   82   -2  191   +1  191    1   8  0  0 L3B 7E
C40 FF 61041 101000  780 249  402    +1962023    -10          -6    -40   15  10  191  +10  298  +33  298   33   9  0  0 L3B DE
C45 FF 61041 101000  780 287 2610    +6246596   +162         -31    -19   26  10  168  -31  298  -26  298  -26  16  0  0 L3B 5D
C21 FF 61041 102600  780 338 3012    +8973570    -68         -33    -12   19  10  145   -7  263  +10  263   10  11  0  0 L3B 09
C22 FF 61041 102600  780 378 2345    -4267015    -74         -34    -39   19  10  132  +17  281  +53  281   53  11  0  0 L3B 2A
C27 FF 61041 102600  780 268  691    -5763389    -80         -11    -30   21  10  179   -7  326  +34  326   34  13  0  0 L3B 13
C28 FF 61041 102600  780 114  289    -4661975    -40         -29     +5   23  10  397  +99  438  +35  438   35  14  0  0 L3B 27
C30 FF 61041 102600  780 214 1282    -3551549   -103         -12    -19   24  10  221  -56  362  -34  362  -34  18  0  0 L3B 3B
C36 FF 61041 102600  780 858 2926    -3070407    +27           8    +15   12  10   81   -1  187  -10  187  -10   7  0  0 L3B E2
C40 FF 61041 102600  780 234  390    +1962030    +19         -29    -11   20  10  202  +13  337  +38  337   38  13  0  0 L3B FE
C45 FF 61041 102600  780 345 2648    +6246773   +194         -27    +13   19  10  143  -22  277  -27  277  -27  12  0  0 L3B 5C
C21 FF 61041 104200  780 349 2937    +8973508    -71         -42    -15   14  10  141   -2  268  +16  268   16   9  0  0 L3B 15
C22 FF 61041 104200  780 320 2295    -4267042    -13         -28    +22   16  10  152  +26  314  +29  314   29   9  0  0 L3B 07
C27 FF 61041 104200  780 272  622    -5763425    -50           0     +0   27  10  176   +1  321  +23  321   23  17  0  0 L3B B7
C30 FF 61041 104200  780 269 1239    -3551627    -75          -9     +9   21  10  178  -34  353  -23  353  -23  12  0  0 L3B 17
C36 FF 61041 104200  780 863  467    -3070395     -5           9    -17    8  10   81   +0  190  +23  190   23   5  0  0 L3B A0
C40 FF 61041 104200  780 218  381    +1962060    +83         -28    +53   18  10  216  +17  350  -23  350  -23  11  0  0 L3B 0C
C45 FF 61041 104200  780 403 2687    +6246943   +199         -31    +18   16  10  125  -16  259  -34  259  -34   9  0  0 L3B 4E
C21 FF 61041 105800  780 347 2858    +8973449    -73         -47    -18   15  10  141   +3  274   +6  274    6   9  0  0 L3B 02
C22 FF 61041 105800  780 260 2255    -4267071    -31         -23     +4   17  10  183  +41  355  +49  355   49  10  0  0 L3B 12
C27 FF 61041 105800  780 265  555    -5763470    -69           4    -19   21  10  180   +8  340  +51  340   51  13  0  0 L3B EB
C30 FF 61041 105800  780 321 1189    -3551707   -109          -9    -25   16  10  152  -22  320  -28  320  -28  10  0  0 L3B 29
C36 FF 61041 105800  780 804  752    -3070393     +0          -1    -12   12  10   82   +2  202  +12  202   12   7  0  0 L3B 96
C40 FF 61041 105800  780 199  375    +1962098    +10         -18    -20   25  10  235  +22  375  +34  375   34  15  0  0 L3B 1C
C42 FF 61041 105800  780 120 3328    +9235750    -56         -10     -6   26  10  382 -123  390   -9  390   -9  17  0  0 L3B 1A
C45 FF 61041 105800  780 462 2726    +6247122   +173         -26     -7   17  10  112  -12  241   +3  241    3  10  0  0 L3B EE
C21 FF 61041 111400  780 332 2781    +8973408    -59         -28     -3   20  11  147   +9  280  +29  280   29  13  0  0 L3B 10
C22 FF 61041 111400  780 199 2221    -4267116    -51         -37    -16   14  11  235  +71  409  +64  409   64   9  0  0 L3B 1C
C27 FF 61041 111400  780 247  492    -5763522    -26         -34    +20   19  11  192  +17  358   +0  358    0  12  0  0 L3B F1
C29 FF 61041 111400  780 132 1616    -5442637    -50         -24     +2   23  11  351 -162  463  -83  463  -83  15  0  0 L3B 35
C30 FF 61041 111400  780 368 1129    -3551790    -92         -18     -9   15  11  135  -14  295  -19  295  -19  10  0  0 L3B 34
C36 FF 61041 111400  780 742  847    -3070388    -24         -20    -37   13  11   84   +3  215  +28  215   28   8  0  0 L3B E5
C40 FF 61041 111400  780 179  372    +1962105     +7         -37    -23   17  11  259  +29  402  +32  402   32  11  0  0 L3B F4
C42 FF 61041 111400  780 156 3283    +9235705    -50         -12     +0   24  11  297  -61  370   -4  370   -4  15  0  0 L3B F5
C45 FF 61041 111400  780 523 2764    +6247298   +167         -28    -14   14  11  102   -9  235   +4  235    4   8  0  0 L3B FA
C21 FF 61041 113000  780 305 2709    +8973359   -102         -23    -46   15  11  158  +15  299  +57  299   57  10  0  0 L3B 50
C22 FF 61041 113000  780 138 2192    -4267145     -7         -33    +28   22  11  333 +142  451  +13  451   13  13  0  0 L3B 10
C27 FF 61041 113000  780 220  437    -5763555    -88         -23    -42   19  11  214  +30  371  +48  371   48  11  0  0 L3B 1A
C29 FF 61041 113000  780 195 1597    -5442690    -25         -27    +27   23  11  242  -78  411  -74  411  -74  16  0  0 L3B 47
C30 FF 61041 113000  780 408 1057    -3551883   -118         -31    -34   12  11  124   -9  303   +2  303    2   7  0  0 L3B DA
C36 FF 61041 113000  780 679  911    -3070369    -17         -14    -30   13  11   87   +4  224  +33  224   33   8  0  0 L3B DD
C40 FF 61041 113000  780 158  373    +1962117    +97         -53    +67   19  11  292  +39  433  -11  433  -11  12  0  0 L3B 22
C42 FF 61041 113000  780 184 3232    +9235653    -71         -16    -21   26  11  254  -32  368   +2  368    2  16  0  0 L3B 01
C45 FF 61041 113000  780 584 2801    +6247466   +184         -34     +3   14  11   95   -7  233  -14  233  -14   8  0  0 L3B 02
C21 FF 61041 114600  780 269 2645    +8973294    -49         -34     +7   20  11  178  +25  334  +37  334   37  12  0  0 L3B 2D
C27 FF 61041 114600  780 184  391    -5763624    -49         -48     -3   20  11  253  +53  392  +30  392   30  12  0  0 L3B 0C
C29 FF 61041 114600  780 259 1577    -5442758     -3         -45    +49   15  11  185  -45  382  -45  382  -45  11  0  0 L3B 48
C30 FF 61041 114600  780 436  974    -3551949    -87         -17     -3   15  11  117   -5  287  +25  287   25  10  0  0 L3B 0C
C36 FF 61041 114600  780 616  964    -3070364    +35         -21    +22   14  11   92   +6  236  -10  236  -10   8  0  0 L3B E3
C40 FF 61041 114600  780 136  377    +1962158    +58         -41    +28   28  11  336  +54  422  -31  422  -31  17  0  0 L3B 26
C42 FF 61041 114600  780 203 3173    +9235610    -53         -11     -3   29  11  232  -15  360   -1  360   -1  18  0  0 L3B E7
C45 FF 61041 114600  780 648 2836    +6247631   +182         -43     +1   13  11   89   -5  233   +8  233    8   7  0  0 L3B DE
C21 FF 61041 120200  780 225 2588    +8973247    -30         -37    +26   22  12  209  +42  362  +26  362   26  14  0  0 L3B 29
C27 FF 61041 120200  780 142  353    -5763673     +4         -42    +52   26  12  324 +101  433   -9  433   -9  16  0  0 L3B F9
C29 FF 61041 120200  780 324 1553    -5442791    -49         -37     +2   13  12  151  -28  356  -92  356  -92   8  0  0 L3B 26
C30 FF 61041 120200  780 451  883    -3552024    -71         -18    +11   15  12  114   -2  266  -23  266  -23   8  0  0 L3B F0
C36 FF 61041 120200  780 554 1012    -3070354    +46         -23    +33   14  12   98   +8  245   -2  245   -2   8  0  0 L3B CE
C40 FF 61041 120200  780 114  384    +1962203    +31         -28     +1   22  12  398  +77  426  +22  426   22  13  0  0 L3B F0
C42 FF 61041 120200  780 211 3111    +9235550     -5         -33    +43   24  12  223   -3  369  -22  369  -22  15  0  0 L3B FB
C45 FF 61041 120200  780 712 2867    +6247817   +179         -38     -3   13  12   85   -3  224   -7  224   -7   7  0  0 L3B EF
C21 FF 61041 121800  780 177 2539    +8973207    -16         -23    +39   30  12  263  +73  400  +31  400   31  18  0  0 L3B 22
C26 FF 61041 121800  780 187 2870    +5751401    +46         -30    -10   27  12  252  -74  380  -29  380  -29  18  0  0 L3B 41
C29 FF 61041 121800  780 389 1522    -5442855    -78         -52    -27   16  12  129  -19  320   -8  320   -8  10  0  0 L3B 26
C30 FF 61041 121800  780 451  790    -3552115    -75         -30     +7   13  12  114   +2  271  -18  271  -18   7  0  0 L3B E3
C36 FF 61041 121800  780 492 1057    -3070347    +26         -28    +13   11  12  107  +10  266   +4  266    4   7  0  0 L3B E9
C42 FF 61041 121800  780 208 3046    +9235514    -26         -21    +23   25  12  225   +8  367   -2  367   -2  16  0  0 L3B FC
C45 FF 61041 121800  780 777 2886    +6247988   +173         -42     -8    9  12   83   -2  223   -2  223   -2   5  0  0 L3B E9
C21 FF 61041 123400  780 126 2495    +8973134    -63         -43     -8   26  12  363 +147  463  +71  463   71  16  0  0 L3B 3C
C26 FF 61041 123400  780 243 2896    +5751447    +52         -38     -4   12  12  196  -45  355  -29  355  -29   9  0  0 L3B 35
C29 FF 61041 123400  780 453 1481    -5442900    -37         -48    +14   18  12  114  -13  289  -52  289  -52  11  0  0 L3B 42
C30 FF 61041 123400  780 435  703    -3552207   -112         -43    -30   13  12  117   +5  268  +16  268   16  10  0  0 L3B 02
C36 FF 61041 123400  780 431 1098    -3070324    +23         -17    +10   13  12  118  +14  270   +7  270    7   7  0  0 L3B DC
C42 FF 61041 123400  780 195 2982    +9235475    -41         -13     +8   32  12  239  +22  370   -1  370   -1  20  0  0 L3B FA
C45 FF 61041 123400  780 843 2856    +6248165   +215         -39    +33   12  12   81   -1  220  -21  220  -21   7  0  0 L3B 06
C26 FF 61041 125000  780 300 2918    +5751510    +97         -29    +40   17  12  161  -30  317  -51  317  -51  11  0  0 L3B 28
C29 FF 61041 125000  780 512 1423    -5442944    -55         -43     -4   14  12  104   -9  266   -1  266   -1   8  0  0 L3B DC
C30 FF 61041 125000  780 406  629    -3552276    -48         -32    +34   21  12  124   +9  270  -28  270  -28  12  0  0 L3B 0D
C36 FF 61041 125000  780 370 1138    -3070313    +15         -18     +2   25  12  134  +19  280  +22  280   22  15  0  0 L3B F9
C42 FF 61041 125000  780 173 2921    +9235405    -24         -37    +25   25  12  269  +41  408   +9  408    9  16  0  0 L3B 0C
C45 FF 61041 125000  780 882 1669    +6248340   +195         -39    +13   14  12   81   +0  219   -5  219   -5   8  0  0 L3B FC
C26 FF 61041 130600  780 360 2935    +5751552    +87         -46    +30   22  13  138  -21  291  -52  291  -52  13  0  0 L3B 39
C29 FF 61041 130600  780 565 1342    -5443001    -57         -49     -6   16  13   97   -6  256   -9  256   -9   9  0  0 L3B EB
C30 FF 61041 130600  780 367  569    -3552364    -95         -41    -12   21  13  135  +14  286  +25  286   25  13  0  0 L3B 1F
C35 FF 61041 130600  780 161 1914    +2161032   +128         -81    -14   27  13  291 -116  454  -83  454  -83  18  0  0 L3B 5D
C36 FF 61041 130600  780 310 1175    -3070294    -24          -6    -37   15  13  156  +28  303  +54  303   54   9  0  0 L3B 00
C42 FF 61041 130600  780 142 2864    +9235393    -86          -9    -38   34  13  324  +77  414  +52  414   52  23  0  0 L3B 29
C45 FF 61041 130600  780 818 1344    +6248494   +191         -69     +8   14  13   82   +1  231   -7  231   -7   8  0  0 L3B EB
C26 FF 61041 132200  780 421 2945    +5751612    +43         -40    -14   12  13  121  -15  263  -16  263  -16   8  0  0 L3B 15
C29 FF 61041 132200  780 605 1231    -5443044    -74         -43    -23   14  13   93   -3  242   -6  242   -6   8  0  0 L3B D6
C30 FF 61041 132200  780 320  525    -3552436    -60         -33    +23   16  13  152  +22  288   -6  288   -6  11  0  0 L3B F4
C33 FF 61041 132200  780 106 3325    +9606377   -102         -24    -35   48  13  427  -10  430  +20  430   20  27  0  0 L3B 27
C35 FF 61041 132200  780 227 1918    +2161158   +169         -91    +27   21  13  210  -60  419  -49  419  -49  13  0  0 L3B 53
C36 FF 61041 132200  780 250 1211    -3070294    +23         -18    +11   23  13  190  +43  335  +33  335   33  14  0  0 L3B 08
C42 FF 61041 132200  780 104 2812    +9235382   -572          25   -524  259  13  433 +160  429 +332  429  332 149  0  0 L3B A7
C45 FF 61041 132200  780 749 1339    +6248678   +116         -61    -66   10  13   84   +3  222  +34  222   34   6  0  0 L3B 0E
C26 FF 61041 133800  780 482 2944    +5751660    +90         -47    +33   16  13  108  -11  245  -41  245  -41  10  0  0 L3B 37
C29 FF 61041 133800  780 626 1091    -5443098    -39         -48    +12   16  13   91   -1  229  -23  229  -23   9  0  0 L3B 16
C30 FF 61041 133800  780 269  494    -3552516    -59         -35    +24   21  13  178  +33  299   +1  299    1  12  0  0 L3B 08
C33 FF 61041 133800  780 103 3267    +9606307   -106         -29    -39   29  13  436  +29  431  +31  431   31  19  0  0 L3B 44
C35 FF 61041 133800  780 294 1924    +2161298   +130         -88    -12   16  13  165  -36  350  -50  350  -50  10  0  0 L3B 47
C36 FF 61041 133800  780 192 1244    -3070278    +25         -14    +13   24  13  244  +73  363  +18  363   18  15  0  0 L3B 29
C45 FF 61041 133800  780 680 1358    +6248843   +169         -71    -13   10  13   87   +4  225   +9  225    9   6  0  0 L3B F9
C26 FF 61041 135400  780 544 2930    +5751707    +61         -54     +4   10  13   99   -8  229  -24  229  -24   6  0  0 L3B FF
C29 FF 61041 135400  780 625  944    -5443149    -43         -50     +8   14  13   91   +1  221  -20  221  -20   8  0  0 L3B D4
C30 FF 61041 135400  780 214  475    -3552604    -87         -44     -4   12  13  219  +55  317   +5  317    5   8  0  0 L3B D5
C35 FF 61041 135400  780 363 1929    +2161440   +134         -83     -8   11  13  137  -24  291  -55  291  -55   7  0  0 L3B 2F
C36 FF 61041 135400  780 134 1274    -3070267    +16         -14     +4   26  13  343 +145  395  +20  395   20  15  0  0 L3B 22
C45 FF 61041 135400  780 610 1382    +6249015   +252         -74    +70   17  13   92   +6  228  -40  228  -40  10  0  0 L3B 1D
C24 FF 61041 141000  780 142 3035     -327860   +346         -31    +59   21  14  328 -130  388 -101  388 -101  13  0  0 L3B 60
C26 FF 61041 141000  780 604 2891    +5751768    +33         -48    -24   11  14   93   -6  207  -12  207  -12   6  0  0 L3B 04
C29 FF 61041 141000  780 601  814    -5443199    -69         -59    -18   11  14   93   +3  213   +3  213    3   7  0  0 L3B C2
C30 FF 61041 141000  780 159  466    -3552681    -73         -36    +10   19  14  292 +101  313  -29  313  -29  14  0  0 L3B 33
C35 FF 61041 141000  780 433 1934    +2161574   +164         -85    +21   14  14  118  -16  253  -49  253  -49  10  0  0 L3B 48
C38 FF 61041 141000  780 121  690    -2664205    -48         -60    -30   27  14  379 -101  352  -11  352  -11  17  0  0 L3B 2B
C45 FF 61041 141000  780 541 1408    +6249184   +187         -75     +5   12  14  100   +9  234   +6  234    6   8  0  0 L3B E0
C24 FF 61041 142600  780 199 3044     -327587   +250         -33    -37   22  14  237  -68  328  -40  328  -40  14  0  0 L3B 46
C26 FF 61041 142600  780 659 2815    +5751812    +59         -59     +2   14  14   89   -4  200  -16  200  -16   8  0  0 L3B FD
C29 FF 61041 142600  780 560  719    -5443236    -36         -47    +14   12  14   97   +6  201  -20  201  -20   7  0  0 L3B E9
C30 FF 61041 142600  780 103  464    -3552766    -79         -41     +3   18  14  441 +233  282  -53  282  -53  13  0  0 L3B 29
C35 FF 61041 142600  780 505 1936    +2161703   +136         -93     -6   19  14  105  -11  228  -31  228  -31  12  0  0 L3B 2E
C38 FF 61041 142600  780 153  676    -2664226    +16         -63    +35   21  14  303  -61  308  -83  308  -83  13  0  0 L3B 2F
C45 FF 61041 142600  780 472 1433    +6249362   +158         -72    -24   15  14  110  +13  234  +29  234   29   9  0  0 L3B 2E
C24 FF 61041 144200  780 257 3047     -327325   +297         -46    +10   19  14  186  -41  291  -52  291  -52  12  0  0 L3B 3E
C26 FF 61041 144200  780 702 2679    +5751876    +28         -50    -29   12  14   86   -2  184   +9  184    9   7  0  0 L3B F3
C29 FF 61041 144200  780 509  655    -5443287    -77         -50    -26   14  14  104   +8  199  +17  199   17   8  0  0 L3B 1A
C35 FF 61041 144200  780 576 1930    +2161839   +131         -94    -12   17  14   96   -8  201   -9  201   -9  10  0  0 L3B 04
C38 FF 61041 144200  780 182  660    -2664222    -35         -41    -16   28  14  256  -40  250  -10  250  -10  18  0  0 L3B 18
C44 FF 61041 144200  780 139 2161    -9113846   +109         -37    +21   21  14  334 -146  429 -101  429 -101  16  0  0 L3B 79
C45 FF 61041 144200  780 404 1457    +6249539   +152         -69    -30   15  14  124  +18  244  +16  244   16   9  0  0 L3B 34
C24 FF 61041 145800  780 315 3041     -327039   +260         -36    -27   23  14  155  -27  251   -7  251   -7  13  0  0 L3B 0F
C26 FF 61041 145800  780 721 2478    +5751930    +44         -51    -13   16  14   85   +0  181  +11  181   11   9  0  0 L3B F4
C29 FF 61041 145800  780 453  617    -5443336    -63         -51    -13   16  14  113  +12  201   +8  201    8   9  0  0 L3B DE
C35 FF 61041 145800  780 647 1911    +2161965   +111        -104    -32   13  14   89   -5  193   +5  193    5   7  0  0 L3B FF
C38 FF 61041 145800  780 210  641    -2664248    -47         -51    -29   28  14  224  -27  234  -11  234  -11  18  0  0 L3B 2C
C44 FF 61041 145800  780 201 2182    -9113765    +56         -42    -33   24  14  235  -72  332  -46  332  -46  18  0  0 L3B 40
C45 FF 61041 145800  780 336 1479    +6249722   +112         -61    -70   17  14  145  +26  253  +65  253   65  10  0  0 L3B 49
C24 FF 61041 151400  780 372 3024     -326768   +270         -36    -16   17  15  134  -18  238   -6  238   -6  10  0  0 L3B 19
C26 FF 61041 151400  780 709 2262    +5751985    +16         -45    -40   14  15   85   +1  181  +27  181   27   8  0  0 L3B 03
C29 FF 61041 151400  780 394  597    -5443382    -57         -39     -6   14  15  127  +17  200   +5  200    5   8  0  0 L3B DE
C35 FF 61041 151400  780 716 1859    +2162103   +107         -93    -35   11  15   85   -3  183  +14  183   14   6  0  0 L3B 06
C38 FF 61041 151400  780 235  620    -2664281     +3         -58    +22   19  15  202  -19  221  -39  221  -39  12  0  0 L3B 0E
C44 FF 61041 151400  780 264 2207    -9113670    +72         -27    -16   23  15  182  -42  282  -43  282  -43  15  0  0 L3B 3A
C45 FF 61041 151400  780 270 1500    +6249898   +136         -31    -43   26  15  177  +41  269  +45  269   45  14  0  0 L3B 52
C24 FF 61041 153000  780 428 2993     -326496   +275         -39    -12   17  15  119  -12  225  -10  225  -10  10  0  0 L3B 34
C26 FF 61041 153000  780 669 2101    +5752037    +71         -48    +14   15  15   88   +3  185   -5  185   -5   9  0  0 L3B EC
C29 FF 61041 153000  780 334  591    -5443444    -88         -52    -37   23  15  146  +24  208  +34  208   34  13  0  0 L3B 21
C35 FF 61041 153000  780 777 1725    +2162254   +124         -78    -18   11  15   83   -2  171   +9  171    9   6  0  0 L3B EC
C38 FF 61041 153000  780 256  597    -2664293    -25         -52     -6   18  15  186  -14  202  -10  202  -10  12  0  0 L3B 10
C44 FF 61041 153000  780 328 2234    -9113591    +73         -32    -15   18  15  149  -27  254   -6  254   -6  11  0  0 L3B 19
C45 FF 61041 153000  780 205 1518    +6250058   +183         -44     +3   21  15  228  +70  296  +21  296   21  12  0  0 L3B 1F
C24 FF 61041 154600  780 478 2943     -326226   +288         -44     +1   15  15  109   -8  216  -14  216  -14   8  0  0 L3B 0F
C26 FF 61041 154600  780 613 2000    +5752092    +34         -47    -22   19  15   92   +6  194  +14  194   14  11  0  0 L3B 02
C29 FF 61041 154600  780 275  594    -5443485    -61         -44    -10   14  15  174  +35  206  +12  206   12   8  0  0 L3B 0E
C35 FF 61041 154600  780 814 1392    +2162363   +137        -105     -5   12  15   82   +0  184   -3  184   -3   7  0  0 L3B EB
C38 FF 61041 154600  780 274  572    -2664310    -16         -51     +3   13  15  175  -10  193   -9  193   -9   8  0  0 L3B EC
C44 FF 61041 154600  780 393 2263    -9113499    +88         -25     +0   19  15  128  -18  236  -10  236  -10  11  0  0 L3B 2F
C45 FF 61041 154600  780 142 1534    +6250239   +167         -34    -12   20  15  324 +140  311  +15  311   15  12  0  0 L3B 30
C24 FF 61041 160200  780 521 2871     -325940   +274         -28    -12   18  16  102   -5  202   +4  202    4  10  0  0 L3B D8
C26 FF 61041 160200  780 549 1941    +5752150    +69         -24    +14   12  16   99   +8  200   -3  200   -3   7  0  0 L3B D8
C29 FF 61041 160200  780 217  605    -5443535    -67         -47    -16   17  16  217  +56  205   +3  205    3  11  0  0 L3B F4
C35 FF 61041 160200  780 797  982    +2162503   +173         -63    +34   13  16   82   +1  176  -27  176  -27   7  0  0 L3B 12
C38 FF 61041 160200  780 289  546    -2664342     +4         -59    +23   14  16  167   -7  193  -28  193  -28   8  0  0 L3B 11
C44 FF 61041 160200  780 458 2295    -9113413    +92         -24     +4   19  16  113  -13  223  -23  223  -23  12  0  0 L3B 16
C24 FF 61041 161800  780 551 2775     -325678   +307         -40    +21   19  16   99   -3  200  -23  200  -23  11  0  0 L3B 0E
C26 FF 61041 161800  780 481 1905    +5752197    +84         -30    +29   17  16  108  +12  211   -8  211   -8  10  0  0 L3B 14
C29 FF 61041 161800  780 160  622    -5443593    -64         -57    -13   20  16  289 +100  199   -3  199   -3  13  0  0 L3B 28
C35 FF 61041 161800  780 745  791    +2162643   +117         -57    -22   12  16   84   +2  166   +3  166    3   7  0  0 L3B DA
C38 FF 61041 161800  780 299  518    -2664344    -17         -42     +3   15  16  162   -4  172   -9  172   -9   9  0  0 L3B E8
C44 FF 61041 161800  780 524 2330    -9113335    +61         -32    -27   19  16  102   -9  209   -7  209   -7  11  0  0 L3B 00
C20 FF 61041 163400  780 123  530    +9413455    +76         -32    -19   44  16  371  -65  175   -2  175   -2  29  0  0 L3B 09
C24 FF 61041 163400  780 564 2659     -325397   +292         -34     +6   22  16   97   +0  184  -13  184  -13  13  0  0 L3B 11
C25 FF 61041 163400  780 147 3191    -9599009   -155         -51    -38   21  16  316 -113  335  -27  335  -27  12  0  0 L3B 6E
C26 FF 61041 163400  780 412 1883    +5752250    +51         -30     -5   21  16  122  +17  216  +12  216   12  12  0  0 L3B FC
C29 FF 61041 163400  780 104  643    -5443638    -54         -53     -3   31  16  434 +219  183   -8  183   -8  21  0  0 L3B 11
C35 FF 61041 163400  780 683  724    +2162779   +151         -53    +12   12  16   87   +4  155  -18  155  -18   7  0  0 L3B 12
C38 FF 61041 163400  780 305  490    -2664362    -18         -42     +1   10  16  159   -2  165   -9  165   -9   6  0  0 L3B D8
C44 FF 61041 163400  780 591 2367    -9113248    +71         -29    -17   16  16   94   -7  186  -11  186  -11   9  0  0 L3B 1F
C20 FF 61041 165000  780 141  471    +9413545   +125         -32    +30   32  16  327  -30  171  -23  171  -23  21  0  0 L3B 19
C24 FF 61041 165000  780 558 2538     -325121   +325         -32    +39   18  16   98   +2  174  -35  174  -35  10  0  0 L3B 1B
C25 FF 61041 165000  780 198 3168    -9599129   -111         -57     +7   29  16  237  -59  292  -47  292  -47  17  0  0 L3B 71
C26 FF 61041 165000  780 343 1868    +5752307    +40         -25    -15   18  16  143  +26  219  +14  219   14  11  0  0 L3B 28
C34 FF 61041 165000  780 122 2454    -8537972    -69         -32    +11   32  16  379 -170  363  -67  363  -67  21  0  0 L3B 66
C35 FF 61041 165000  780 619  706    +2162903   +170         -62    +31   13  16   92   +6  156  -24  156  -24   7  0  0 L3B 01
C38 FF 61041 165000  780 307  463    -2664401     -7         -62    +12   13  16  158   +0  165  -19  165  -19   8  0  0 L3B F6
C44 FF 61041 165000  780 658 2409    -9113161    +90         -27     +2   15  16   89   -5  166  -21  166  -21   9  0  0 L3B FE
C19 FF 61041 170600  780 142  878    +9588959    -13         -52    -47   29  17  327  -98  189   +4  189    4  18  0  0 L3B 3B
C20 FF 61041 170600  780 149  410    +9413647    +63         -30    -33   29  17  310   -6  151   +8  151    8  20  0  0 L3B D7
C24 FF 61041 170600  780 533 2428     -324847   +252         -26    -33   14  17  101   +4  165  +17  165   17   8  0  0 L3B 08
C25 FF 61041 170600  780 246 3136    -9599240   -118         -52     +1   21  17  194  -35  240  -45  240  -45  13  0  0 L3B 3D
C26 FF 61041 170600  780 275 1857    +5752351    +54         -41     -2   28  17  174  +40  229   +8  229    8  17  0  0 L3B 0A
C34 FF 61041 170600  780 177 2488    -8538048    -96         -21    -15   27  17  264  -82  303  -57  303  -57  16  0  0 L3B 5E
C35 FF 61041 170600  780 555  709    +2163041   +135         -65     -5   16  17   98   +8  144   -5  144   -5   9  0  0 L3B DC
C38 FF 61041 170600  780 304  437    -2664431     +1         -67    +20   18  17  159   +2  157  -23  157  -23  11  0  0 L3B 00
C44 FF 61041 170600  780 724 2455    -9113075    +71         -28    -17   12  17   85   -3  150   -4  150   -4   7  0  0 L3B E1
C19 FF 61041 172200  780 182  825    +9589005    +46         -40    +12   25  17  257  -52  166  -20  166  -20  16  0  0 L3B 2E
C20 FF 61041 172200  780 147  350    +9413723    +54         -46    -42   36  17  314  +15  149  +21  149   21  22  0  0 L3B 0E
C24 FF 61041 172200  780 493 2336     -324578   +274         -32    -11   19  17  106   +8  163   +5  163    5  11  0  0 L3B F5
C25 FF 61041 172200  780 289 3092    -9599326   -100         -24    +19   18  17  167  -22  186  -40  186  -40  11  0  0 L3B 5F
C26 FF 61041 172200  780 208 1849    +5752410    +79         -36    +23   24  17  225  +69  234   -5  234   -5  16  0  0 L3B 21
C34 FF 61041 172200  780 233 2525    -8538122   -101         -17    -20   23  17  204  -48  242  -36  242  -36  15  0  0 L3B 3F
C35 FF 61041 172200  780 492  725    +2163172   +145         -68     +5   15  17  106  +10  139  -12  139  -12   8  0  0 L3B 10
C38 FF 61041 172200  780 298  413    -2664447     +9         -64    +29   17  17  162   +4  144  -26  144  -26  10  0  0 L3B 11
C44 FF 61041 172200  780 791 2516    -9112982    +67         -20    -22   11  17   82   -2  132   +3  132    3   7  0  0 L3B CA
C19 FF 61041 173800  780 215  766    +9589041    +10         -37    -24   21  17  219  -30  147   +0  147    0  13  0  0 L3B F6
C20 FF 61041 173800  780 135  293    +9413831    +54         -29    -42   27  17  340  +42  128   +9  128    9  17  0  0 L3B 02
C24 FF 61041 173800  780 442 2265     -324309   +292         -37     +7   25  17  116  +12  164   -2  164   -2  15  0  0 L3B FF
C25 FF 61041 173800  780 324 3037    -9599455   -123         -40     -5   24  17  151  -13  177  -15  177  -15  14  0  0 L3B 4B
C26 FF 61041 173800  780 144 1841    +5752476    +86         -24    +30   18  17  320 +138  238   -7  238   -7  11  0  0 L3B 37
C34 FF 61041 173800  780 290 2562    -8538211    -58         -28    +23   18  17  167  -31  202  -35  202  -35  11  0  0 L3B 3D
C35 FF 61041 173800  780 431  748    +2163308   +142         -66     +3   19  17  118  +14  136   -2  136   -2  11  0  0 L3B FC
C38 FF 61041 173800  780 287  392    -2664455    +38         -54    +57   13  17  167   +6  132  -38  132  -38   8  0  0 L3B 27
C44 FF 61041 173800  780 856 2645    -9112898    +94         -21     +5   10  17   81   -1  124  -11  124  -11   6  0  0 L3B F7
C19 FF 61041 175400  780 241  702    +9589078    +94         -34    +60   25  17  197  -16  129  -55  129  -55  14  0  0 L3B 4B
C20 FF 61041 175400  780 113  239    +9413911   +136         -41    +40   30  17  401  +89  126  -36  126  -36  18  0  0 L3B 31
C22 FF 61041 175400  780 136 1232    -4267951    -94         -40    -59   59  17  341 -140  201  +24  201   24  34  0  0 L3B 3B
C24 FF 61041 175400  780 386 2211     -324028   +281         -30     -4   16  17  129  +17  163   +8  163    8   9  0  0 L3B E6
C25 FF 61041 175400  780 349 2972    -9599562   -147         -34    -29   16  17  141   -7  161   +9  161    9  10  0  0 L3B 2D
C34 FF 61041 175400  780 348 2601    -8538286    -63         -26    +18   22  17  142  -21  174  -37  174  -37  12  0  0 L3B 4B
C35 FF 61041 175400  780 372  775    +2163439   +144         -69     +4   20  17  133  +19  136   -4  136   -4  12  0  0 L3B 08
C38 FF 61041 175400  780 274  374    -2664457     +6         -37    +26   12  17  175   +9  115  -20  115  -20   7  0  0 L3B FB
C44 FF 61041 175400  780 874  474    -9112810    +81         -18     -7   12  17   81   +0  116   +1  116    1   7  0  0 L3B AA
C19 FF 61041 181000  780 256  635    +9589116    +71         -29    +37   20  18  186   -7  113  -24  113  -24  12  0  0 L3B 1D
C22 FF 61041 181000  780 192 1193    -4267992    -52         -51    -17   29  18  245  -70  187  -11  187  -11  17  0  0 L3B 4C
C24 FF 61041 181000  780 326 2168     -323752   +259         -26    -27   19  18  150  +26  169  +26  169   26  11  0  0 L3B 39
C25 FF 61041 181000  780 363 2897    -9599691    -78         -49    +41   14  17  136   -3  159  -41  159  -41   9  0  0 L3B 47
C34 FF 61041 181000  780 406 2640    -8538363    -92         -29    -11   20  18  124  -15  152  -11  152  -11  12  0  0 L3B 28
C35 FF 61041 181000  780 314  806    +2163585   +178         -66    +37   21  18  154  +26  129  -21  129  -21  14  0  0 L3B 3B
C38 FF 61041 181000  780 258  360    -2664502    -49         -57    -29   18  18  184  +12  120  +14  120   14  10  0  0 L3B 12
C44 FF 61041 181000  780 811  701    -9112734    +56         -38    -34   12  18   82   +1  114  +12  114   12   7  0  0 L3B CF
C19 FF 61041 182600  780 260  565    +9589151     +1         -27    -33   23  18  183   +1  106   +9  106    9  14  0  0 L3B DA
C22 FF 61041 182600  780 246 1149    -4268013    -44         -37     -9   27  18  194  -40  162  -21  162  -21  17  0  0 L3B 2D
C23 FF 61041 182600  780 119 3278    +5173471    -58          -8    +19   30  18  387 -132  152  -53  152  -53  20  0  0 L3B 48
C24 FF 61041 182600  780 264 2135     -323474   +292         -23     +6   17  18  181  +40  176   +1  176    1  10  0  0 L3B EC
C25 FF 61041 182600  780 364 2819    -9599805   -120         -50     -2   14  17  136   +2  156   -1  156   -1   9  0  0 L3B 00
C34 FF 61041 182600  780 466 2681    -8538437    -81         -26     +0   17  18  111  -11  136  -12  136  -12  10  0  0 L3B 25
C35 FF 61041 182600  780 257  839    +2163709   +186         -76    +46   24  18  185  +38  140  -20  140  -20  15  0  0 L3B 47
C38 FF 61041 182600  780 240  350    -2664497     +3         -33    +23   17  18  198  +15  100  -14  100  -14  11  0  0 L3B 05
C44 FF 61041 182600  780 747  773    -9112652    +47         -42    -42   13  18   84   +3  111  +21  111   21   7  0  0 L3B DF
C19 FF 61041 184200  780 252  498    +9589184    +46         -27    +11   20  18  188  +10  101  -15  101  -15  12  0  0 L3B 26
C22 FF 61041 184200  780 297 1097    -4268067    -79         -58    -44   18  18  163  -25  156  +15  156   15  10  0  0 L3B 4B
C23 FF 61041 184200  780 157 3237    +5173396    -91         -10    -14   22  18  296  -65  131   +2  131    2  13  0  0 L3B 02
C24 FF 61041 184200  780 203 2106     -323193   +314         -16    +29   29  18  231  +68  180   -6  180   -6  19  0  0 L3B 12
C25 FF 61041 184200  780 351 2740    -9599904   -131         -35    -13   16  18  140   +7  139   +7  139    7   9  0  0 L3B 0C
C34 FF 61041 184200  780 526 2721    -8538520    -62         -31    +19   15  18  102   -9  125  -18  125  -18  10  0  0 L3B 26
C35 FF 61041 184200  780 203  873    +2163838   +149         -82     +8   18  18  231  +60  151   +0  151    0  12  0  0 L3B EB
C38 FF 61041 184200  780 219  343    -2664504    -67         -20    -47   16  18  215  +20   83  +24   83   24   9  0  0 L3B EF
C44 FF 61041 184200  780 683  826    -9112560    +65         -35    -24   14  18   87   +4  102   +9  102    9   8  0  0 L3B CD
C19 FF 61041 185800  780 234  436    +9589219    +55         -25    +20   23  18  202  +20   94  -16   94  -16  14  0  0 L3B 13
C21 FF 61041 185800  780 120 1534    +8971839    +33         -67    +88   43  18  385 -197  198  -78  198  -78  27  0  0 L3B 95
C22 FF 61041 185800  780 342 1035    -4268093    -41         -51     -6   18  18  144  -16  140   -5  140   -5  11  0  0 L3B FB
C23 FF 61041 185800  780 188 3189    +5173321    -92         -11    -15   31  18  249  -36  130   +7  130    7  17  0  0 L3B 12
C24 FF 61041 185800  780 142 2081     -322933   +271         -30    -15   22  18  324 +133  198  +29  198   29  14  0  0 L3B 46
C25 FF 61041 185800  780 327 2667    -9600019   -128         -37     -9   16  18  149  +12  141   +6  141    6   9  0  0 L3B 0C
C34 FF 61041 185800  780 588 2762    -8538601    -87         -35     -6   12  18   95   -6  120   -2  120   -2   7  0  0 L3B E6
C35 FF 61041 185800  780 149  908    +2163967   +110         -88    -30   20  18  309 +108  161  +26  161   26  12  0  0 L3B 48
C38 FF 61041 185800  780 197  341    -2664536     +8         -32    +28   12  18  237  +26   91  -21   91  -21   9  0  0 L3B F4
C44 FF 61041 185800  780 620  874    -9112476    +75         -37    -14   12  18   91   +5  102  +10  102   10   7  0  0 L3B DF
C19 FF 61041 191400  780 205  381    +9589246    +30         -34     -5   23  19  229  +36   92   -5   92   -5  14  0  0 L3B E0
C21 FF 61041 191400  780 183 1512    +8971792    -71         -62    -16   19  19  257  -89  181   +0  181    0  12  0  0 L3B 18
C22 FF 61041 191400  780 379  963    -4268128    -18         -61    +17   21  19  131  -10  132  -18  132  -18  14  0  0 L3B 29
C23 FF 61041 191400  780 210 3133    +5173237   -107         -26    -31   35  19  224  -19  131  +12  131   12  20  0  0 L3B 1C
C25 FF 61041 191400  780 293 2601    -9600128   -161         -33    -43   18  19  164  +20  143  +31  143   31  10  0  0 L3B 2A
C34 FF 61041 191400  780 650 2803    -8538687    -53         -51    +28   11  19   89   -5  118  -17  118  -17   6  0  0 L3B 23
C38 FF 61041 191400  780 174  342    -2664583    -36         -61    -16   24  19  266  +35  102  +11  102   11  16  0  0 L3B 14
C43 FF 61041 191400  780 111 2760    -1287024     -1         -20     +7   38  19  415 -194  193  -42  193  -42  24  0  0 L3B 27
C44 FF 61041 191400  780 558  919    -9112390    +87         -37     -2   12  19   98   +7  103   +1  103    1   7  0  0 L3B B9
C19 FF 61041 193000  780 168  335    +9589262    +13         -51    -22   32  19  276  +65   99  +25   99   25  19  0  0 L3B 1E
C21 FF 61041 193000  780 247 1488    +8971740    -48         -61     +8   21  19  193  -49  172  -17  172  -17  12  0  0 L3B 41
C22 FF 61041 193000  780 405  882    -4268145    -41         -45     -7   17  19  124   -5  113   -1  113   -1  10  0  0 L3B D0
C23 FF 61041 193000  780 223 3073    +5173165    -88         -25    -11   20  19  212   -7  127   +5  127    5  12  0  0 L3B E9
C25 FF 61041 193000  780 252 2542    -9600251    -99         -42    +19   21  19  189  +32  155   +5  155    5  13  0  0 L3B 0E
C34 FF 61041 193000  780 714 2844    -8538756    -79         -43     +1    8  19   85   -3  111   -3  111   -3   5  0  0 L3B CB
C38 FF 61041 193000  780 151  346    -2664599    -36         -58    -16   23  19  305  +48  101   +4  101    4  13  0  0 L3B FA
C43 FF 61041 193000  780 164 2792    -1287032    -50         -20    -41   23  19  285  -93  156   -3  156   -3  15  0  0 L3B 1A
C44 FF 61041 193000  780 497  962    -9112306   +128         -39    +38   13  19  106  +10  106  -21  106  -21   8  0  0 L3B 24
C19 FF 61041 194600  780 124  298    +9589318    +16         -28    -18   21  19  367 +132   90  +15   90   15  13  0  0 L3B 23
C21 FF 61041 194600  780 313 1459    +8971683    -85         -66    -30   18  19  156  -30  161   +2  161    2  11  0  0 L3B 14
C22 FF 61041 194600  780 417  794    -4268179    -22         -47    +13   14  19  121   -1  110  -18  110  -18   8  0  0 L3B 06
C23 FF 61041 194600  780 225 3008    +5173105    -31         -12    +45   26  19  209   +3  118  -26  118  -26  15  0  0 L3B 1D
C25 FF 61041 194600  780 206 2492    -9600352   -131         -30    -13   25  19  228  +52  153  +15  153   15  16  0  0 L3B 37
C34 FF 61041 194600  780 779 2884    -8538837    -72         -47     +8   12  19   83   -2  110   -7  110   -7   7  0  0 L3B F5
C38 FF 61041 194600  780 127  354    -2664614    -67         -54    -47   22  19  360  +67   98  +28   98   28  13  0  0 L3B 26
C43 FF 61041 194600  780 218 2823    -1287041    +26         -21    +35   21  19  217  -54  135  -43  135  -43  14  0  0 L3B 36
C44 FF 61041 194600  780 437 1004    -9112232    +93         -50     +4   14  19  117  +13  118   +6  118    6   8  0  0 L3B DD
C21 FF 61041 200200  780 377 1423    +8971626    -31         -68    +24   24  20  132  -20  150  -33  150  -33  13  0  0 L3B 1F
C22 FF 61041 200200  780 414  705    -4268220    +12         -58    +46   12  20  122   +3  111  -31  111  -31   7  0  0 L3B D1
C23 FF 61041 200200  780 217 2944    +5173030    -38         -16    +38   24  20  217  +13  122  -18  122  -18  15  0  0 L3B 1E
C25 FF 61041 200200  780 156 2447    -9600472    -52         -38    +66   26  20  296  +94  164  -32  164  -32  17  0  0 L3B 44
C34 FF 61041 200200  780 845 2923    -8538913    -45         -46    +36   11  19   81   -1  107  -27  107  -27   6  0  0 L3B 0F
C38 FF 61041 200200  780 102  365    -2664623    -59         -46    -39   26  20  439 +101   91  +33   91   33  16  0  0 L3B 09
C43 FF 61041 200200  780 275 2852    -1287039     -9         -13     +0   22  20  175  -35  107  -11  107  -11  13  0  0 L3B FC
C44 FF 61041 200200  780 377 1044    -9112135    +67         -40    -22   18  20  132  +18  117  +16  117   16  11  0  0 L3B 10
C21 FF 61041 201800  780 440 1375    +8971572    -81         -70    -26   17  20  116  -13  142   +4  142    4  10  0  0 L3B F7
C22 FF 61041 201800  780 397  624    -4268257    -28         -62     +6   27  20  126   +7  109   -8  109   -8  15  0  0 L3B EF
C23 FF 61041 201800  780 199 2881    +5172960    -19         -13    +57   24  20  235  +26  120  -32  120  -32  14  0  0 L3B 2D
C25 FF 61041 201800  780 105 2407    -9600602   -188         -54    -70   65  20  431 +204  186  +42  186   42  39  0  0 L3B 53
C34 FF 61041 201800  780 889 1170    -8538977    -66         -32    +15   11  19   81   +0   97   -7   97   -7   7  0  0 L3B E6
C42 FF 61041 201800  780 110 1791    +9234091     -6         -39    +42   20  20  421 -245  163  -34  163  -34  13  0  0 L3B 27
C43 FF 61041 201800  780 332 2877    -1287063    -24         -30    -15   21  20  147  -24  109   +0  109    0  14  0  0 L3B F3
C44 FF 61041 201800  780 319 1083    -9112061    +53         -51    -37   17  20  152  +26  135  +32  135   32  10  0  0 L3B 12
C21 FF 61041 203400  780 497 1311    +8971526    -37         -62    +18   13  20  106   -9  129  -18  129  -18   7  0  0 L3B 20
C22 FF 61041 203400  780 366  554    -4268279    -17         -52    +17   22  20  135  +12  102  -13  102  -13  13  0  0 L3B 0D
C23 FF 61041 203400  780 173 2822    +5172866   -134         -35    -58   31  20  269  +46  139  +45  139   45  18  0  0 L3B 50
C34 FF 61041 203400  780 821 1201    -8539056   -100         -34    -20   13  19   82   +1   99  +12   99   12   7  0  0 L3B DC
C37 FF 61041 203400  780 104 3305    +9029836   +104         -16    +60   40  20  434  -54  114  -43  114  -43  25  0  0 L3B 35
C42 FF 61041 203400  780 175 1787    +9234044    -95         -39    -46   23  20  268 -102  150  +17  150   17  14  0  0 L3B 41
C43 FF 61041 203400  780 392 2899    -1287075    +31         -33    +40   20  20  128  -17  107  -38  107  -38  12  0  0 L3B 38
C44 FF 61041 203400  780 261 1120    -9111976    +63         -53    -27   17  20  183  +38  147  +31  147   31  11  0  0 L3B 20
C21 FF 61041 205000  780 546 1224    +8971481    -66         -54    -11   22  20   99   -5  118   -5  118   -5  12  0  0 L3B F1
C22 FF 61041 205000  780 326  498    -4268307    -45         -47    -12   25  20  149  +19   97  +11   97   11  14  0  0 L3B FF
C23 FF 61041 205000  780 139 2767    +5172816   -101         -11    -25   24  20  330  +85  132  +21  132   21  14  0  0 L3B 1D
C34 FF 61041 205000  780 754 1238    -8539135   -113         -36    -33   10  20   83   +3  101  +18  101   18   6  0  0 L3B F4
C37 FF 61041 205000  780 113 3250    +9029895    +49           0     +5   28  20  402  -15  101   +9  101    9  17  0  0 L3B C6
C42 FF 61041 205000  780 243 1784    +9234001    -65         -35    -16   20  20  196  -54  136   -7  136   -7  13  0  0 L3B 0E
C43 FF 61041 205000  780 453 2914    -1287076    -23         -26    -15   17  20  114  -13   98   +4   98    4  10  0  0 L3B E2
C44 FF 61041 205000  780 204 1156    -9111877   +109         -39    +19   23  20  230  +63  147   +3  147    3  14  0  0 L3B 0D
C21 FF 61041 210600  780 580 1110    +8971426    -50         -61     +4   16  21   95   -3  115   -8  115   -8   9  0  0 L3B C5
C22 FF 61041 210600  780 278  456    -4268336     +1         -39    +36   21  21  172  +29   92  -25   92  -25  12  0  0 L3B F5
C23 FF 61041 210600  780 100 2717    +5172745    -67         -11     +9   30  21  449 +176  135  -12  135  -12  19  0  0 L3B 2E
C34 FF 61041 210600  780 685 1273    -8539216   -108         -64    -30   15  21   87   +4  107  +23  107   23   8  0  0 L3B 0B
C37 FF 61041 210600  780 112 3193    +9029937    +61          -1    +17   30  21  403  +17   94  -25   94  -25  17  0  0 L3B 01
C42 FF 61041 210600  780 313 1781    +9233954    -62         -31    -13   16  21  156  -33  128   -3  128   -3  10  0  0 L3B 07
C43 FF 61041 210600  780 515 2919    -1287090     -5         -33     +4   15  21  103   -9   94   -7   94   -7   8  0  0 L3B B4
C44 FF 61041 210600  780 147 1190    -9111794    +60         -38    -29   25  21  313 +118  162  +31  162   31  15  0  0 L3B 32
C21 FF 61041 212200  780 595  977    +8971374    -73         -61    -18   15  21   94   +0  112   +6  112    6   9  0  0 L3B CB
C22 FF 61041 212200  780 226  427    -4268357    -60         -27    -25   14  21  209  +48   85  +17   85   17   9  0  0 L3B F2
C34 FF 61041 212200  780 617 1307    -8539303    -71         -75     +8   12  21   92   +6  116   +1  116    1   7  0  0 L3B B5
C37 FF 61041 212200  780 103 3136    +9029976    +14          -4    -30   28  21  438  +57   87   +6   87    6  17  0  0 L3B E3
C42 FF 61041 212200  780 384 1777    +9233893    -53         -46     -4   20  21  130  -21  130   -3  130   -3  12  0  0 L3B EE
C43 FF 61041 212200  780 578 2911    -1287101     -5         -36     +3   16  21   96   -7   94   -4   94   -4   9  0  0 L3B A3
C21 FF 61041 213800  780 588  843    +8971318    -17         -64    +38   14  21   94   +2  110  -24  110  -24   8  0  0 L3B F6
C22 FF 61041 213800  780 171  409    -4268400    -14         -37    +20   18  21  271  +87   95   -3   95   -3  13  0  0 L3B DE
C34 FF 61041 213800  780 549 1339    -8539376    -37         -73    +41   14  21   99   +9  118  -19  118  -19   8  0  0 L3B 2E
C42 FF 61041 213800  780 456 1768    +9233843    -47         -49     +2   21  21  113  -15  126   -6  126   -6  13  0  0 L3B 08
C43 FF 61041 213800  780 640 2878    -1287115     -2         -42     +7   14  21   90   -5   98   -1   98   -1   8  0  0 L3B A6
C21 FF 61041 215400  780 560  729    +8971279   -101         -50    -46   10  21   97   +4  101  +24  101   24   6  0  0 L3B E9
C22 FF 61041 215400  780 115  399    -4268419    -46         -23    -11   29  21  397 +191   99  +24   99   24  18  0  0 L3B 29
C28 FF 61041 215400  780 133 3019    -4663866    -65         -44    -19   24  21  347 -145  108  +11  108   11  15  0  0 L3B 42
C34 FF 61041 215400  780 481 1369    -8539447    -65         -68    +14   21  21  108  +12  125   -1  125   -1  12  0  0 L3B 12
C42 FF 61041 215400  780 529 1751    +9233789    -12         -56    +37   15  21  101  -10  124  -26  124  -26   9  0  0 L3B 26
C43 FF 61041 215400  780 697 2802    -1287121    -24         -40    -16   16  21   86   -3   95   +6   95    6   9  0  0 L3B BF
C21 FF 61041 221000  780 517  644    +8971210    -18         -70    +37   14  22  103   +7  109  -23  109  -23   8  0  0 L3B F3
C28 FF 61041 221000  780 190 3032    -4663914    -37         -72     +7   20  22  247  -74  107   -4  107   -4  13  0  0 L3B FA
C33 FF 61041 221000  780 119 2067    +9604229    -46         -29    +21   15  22  389 -205  155  -15  155  -15  10  0  0 L3B 47
C34 FF 61041 221000  780 414 1397    -8539521    -83         -51     -3   16  22  122  +17  132   +8  132    8   9  0  0 L3B E0
C42 FF 61041 221000  780 600 1718    +9233752    -60         -45    -11   16  22   93   -7  112   +2  112    2   9  0  0 L3B BA
C43 FF 61041 221000  780 744 2646    -1287125     -4         -44     +4   11  22   84   -2   92   -7   92   -7   6  0  0 L3B 99
C21 FF 61041 222600  780 465  588    +8971161    -75         -66    -20   15  22  111  +10  105  +12  105   12   8  0  0 L3B F9
C28 FF 61041 222600  780 248 3039    -4663949    -25         -65    +19   20  22  192  -44  100   -9  100   -9  13  0  0 L3B 1E
C33 FF 61041 222600  780 183 2085    +9604188    -60          -6     +7   28  22  257  -90  132  -16  132  -16  17  0  0 L3B 1D
C34 FF 61041 222600  780 347 1424    -8539599   -102         -51    -21   18  22  141  +24  141  +25  141   25  10  0  0 L3B 31
C39 FF 61041 222600  780 129  668     +175274    +17         -54    +12   25  22  357  -79  101   +1  101    1  16  0  0 L3B DE
C42 FF 61041 222600  780 668 1654    +9233700    -43         -50     +6   14  22   88   -4  109   -6  109   -6   8  0  0 L3B D7
C43 FF 61041 222600  780 763 2388    -1287150    -38         -61    -30   10  22   83   +0  103  +21  103   21   6  0  0 L3B DE
C21 FF 61041 224200  780 408  553    +8971098   -117         -77    -62   13  22  123  +15  111  +30  111   30   8  0  0 L3B 0A
C28 FF 61041 224200  780 307 3039    -4663990    -69         -62    -25   23  22  158  -28   97  +16   97   16  12  0  0 L3B 29
C33 FF 61041 224200  780 248 2106    +9604119   -121         -10    -54   15  22  193  -50  126  +27  126   27   8  0  0 L3B 20
C34 FF 61041 224200  780 282 1448    -8539664   -111         -39    -30   23  22  170  +37  143  +27  143   27  14  0  0 L3B 40
C39 FF 61041 224200  780 156  653     +175289     +1         -44     -4   22  22  296  -50   91   +1   91    1  15  0  0 L3B 9A
C42 FF 61041 224200  780 727 1529    +9233655    -78         -48    -29   13  22   85   -2  104  +10  104   10   7  0  0 L3B F7
C43 FF 61041 224200  780 743 2125    -1287155    +33         -58    +41   12  22   84   +2  102  -20  102  -20   7  0  0 L3B E4
C21 FF 61041 225800  780 349  535    +8971063    -39         -60    +16   21  22  141  +22  100  -14  100  -14  13  0  0 L3B 0D
C28 FF 61041 225800  780 365 3028    -4664040    -23         -70    +21   22  22  136  -19  101  -12  101  -12  13  0  0 L3B 1B
C33 FF 61041 225800  780 314 2131    +9604044    -65         -21     +2   19  22  155  -31  124  -19  124  -19  11  0  0 L3B 14
C34 FF 61041 225800  780 218 1470    -8539760    -98         -58    -18   21  22  216  +61  166  +26  166   26  12  0  0 L3B 45
C39 FF 61041 225800  780 182  636     +175291    -11         -47    -16   24  22  257  -34   88   +5   88    5  14  0  0 L3B D7
C42 FF 61041 225800  780 764 1295    +9233621    -26         -35    +23   13  22   83   -1   93  -16   93  -16   7  0  0 L3B EB
C43 FF 61041 225800  780 695 1959    -1287159    +11         -55    +19   13  22   86   +3  103  -10  103  -10   7  0  0 L3B 05
C21 FF 61041 231400  780 289  529    +8971022    -56         -51     -1   20  23  166  +32   94   +7   94    7  12  0  0 L3B C6
C28 FF 61041 231400  780 423 3004    -4664089    -80         -63    -35   15  23  120  -13  104  +16  104   16   9  0  0 L3B 0C
C33 FF 61041 231400  780 382 2158    +9603971    -81         -33    -14   17  23  131  -21  118   +3  118    3  10  0  0 L3B F9
C34 FF 61041 231400  780 155 1489    -8539833    -66         -52    +15   21  23  299 +118  170  -10  170  -10  14  0  0 L3B 51
C39 FF 61041 231400  780 205  617     +175289     +5         -47     +0   20  23  229  -24   90   -5   90   -5  13  0  0 L3B A5
C42 FF 61041 231400  780 761  998    +9233582    -68         -22    -19    8  23   83   +1   89  +11   89   11   5  0  0 L3B CB
C43 FF 61041 231400  780 633 1873    -1287174    +15         -42    +24   16  23   90   +5  112   -9  112   -9   9  0  0 L3B DD
C21 FF 61041 233000  780 229  533    +8970968    -20         -53    +34   16  23  206  +51   97  -17   97  -17  10  0  0 L3B 0E
C28 FF 61041 233000  780 477 2963    -4664131     -9         -61    +36   20  23  109   -9  102  -24  102  -24  12  0  0 L3B 0D
C33 FF 61041 233000  780 450 2188    +9603902    -64         -37     +3   16  23  114  -14  115   -7  115   -7  10  0  0 L3B F4
C39 FF 61041 233000  780 225  596     +175293     -8         -48    -13   20  23  210  -17   91   +8   91    8  12  0  0 L3B B2
C42 FF 61041 233000  780 721  789    +9233503    -57         -54     -8   14  23   85   +2  108   +6  108    6   8  0  0 L3B B8
C43 FF 61041 233000  780 565 1827    -1287169    -26         -28    -17   13  23   97   +8  111  +20  111   20   7  0  0 L3B F4
C21 FF 61041 234600  780 171  544    +8970912    -92         -57    -38   29  23  272  +91   99  +21   99   21  18  0  0 L3B 19
C27 FF 61041 234600  780 150 3148    -5765755   -112         -36    -63   28  23  310 -115  104  +22  104   22  19  0  0 L3B 49
C28 FF 61041 234600  780 524 2899    -4664153    -35         -39    +11   14  23  102   -6   87   -8   87   -8   9  0  0 L3B F1
C33 FF 61041 234600  780 519 2221    +9603832    -63         -43     +4   13  23  103  -10  114   -6  114   -6   8  0  0 L3B DE
C39 FF 61041 234600  780 242  574     +175298     +8         -47     +3   15  23  196  -12   90   -1   90   -1  10  0  0 L3B AC
C42 FF 61041 234600  780 665  685    +9233470   -101         -39    -52   16  23   88   +4   99  +29   99   29   9  0  0 L3B 00
C43 FF 61041 234600  780 495 1803    -1287179    +11         -30    +20   14  23  106  +12  121   -4  121   -4   9  0  0 L3B EB
