CGGTTS     GENERIC DATA FORMAT VERSION = 2E
REV DATE = 2026-01-01                    
RCVR = POLARX5-TR                    R2CGGTTS v8.8    
CH = 99 
IMS = POLARX5-TR                    
LAB = PTB                           
X = +3844059.67 m 
Y =  +709661.67 m 
Z = +5023129.80 m 
FRAME = ITRF
COMMENTS =           IGS RINEX,AUSPOS XYZ          
INT DLY =   33.0 ns (BDS B1I),   32.5 ns (BDS B2I)
CAB DLY =  205.7 ns 
REF DLY =   56.2 ns
REF = UTC(PTB)                      
CKSUM = AF

SAT CL  MJD  STTIME TRKL ELV AZTH   REFSV      SRSV     REFSYS    SRSYS  DSG IOE MDTR SMDT MDIO SMDI MSIO SMSI ISG FR HC FRC CK
             hhmmss  s  .1dg .1dg    .1ns     .1ps/s     .1ns    .1ps/s .1ns     .1ns.1ps/s.1ns.1ps/s.1ns.1ps/s.1ns
C05 FF 61060 001000  780 184 1236    +6942487   -141         134    +60   15   0  253   +1  -16  -44  -16  -44  11  0  0 L3B 0A
C06 FF 61060 001000  780 321  591     -387472   +262          59    +24   59   0  152   -3   96  -28   96  -28  37  0  0 L3B E4
C09 FF 61060 001000  780 353  763    -2345912   -369          62    -40   49   0  139   -7   67  +20   67   20  31  0  0 L3B DB
C16 FF 61060 001000  780 318  556    +8610187    -42          51    +40   24   0  153   -2  103  -45  103  -45  15  0  0 L3B DA
C05 FF 61060 002600  780 183 1236    +6942274   -152         114    +49   23   0  254   +1   -6  -16   -6  -16  15  0  0 L3B F1
C06 FF 61060 002600  780 325  565     -387245   +147          57    -91   40   0  150   -1   92  +42   92   42  24  0  0 L3B C3
C09 FF 61060 002600  780 370  736    -2346227   -337          63     -7   36   0  134   -5   69  -11   69  -11  22  0  0 L3B D8
C16 FF 61060 002600  780 320  531    +8610054    -99          -4    -18   47   0  152   +0  136   +5  136    5  29  0  0 L3B B4
C05 FF 61060 004200  780 183 1237    +6942118   -144         151    +57   19   0  255   +1  -26  -63  -26  -63  12  0  0 L3B 19
C06 FF 61060 004200  780 325  540     -387028   +204          44    -35   50   0  150   +1   94   +7   94    7  31  0  0 L3B 90
C09 FF 61060 004200  780 384  708    -2346559   -292          47    +37   47   0  130   -4   77  -29   77  -29  28  0  0 L3B 08
C12 FF 61060 004200  780 117 3284    -2026537   -363          92    -61   92   0  394 -161  108  -27  108  -27  57  0  0 L3B 47
C16 FF 61060 004200  780 318  507    +8610011    -57          32    +25   32   0  153   +1  103  -47  103  -47  20  0  0 L3B D1
C05 FF 61060 005800  780 181 1238    +6941915   -260         141    -59   18   0  256   +2  -41  +31  -41   31  12  0  0 L3B 07
C06 FF 61060 005800  780 322  517     -386833   +178          11    -60   40   0  151   +2  105  +27  105   27  25  0  0 L3B D7
C09 FF 61060 005800  780 394  679    -2346878   -281          45    +49   45   0  127   -2   69  -34   69  -34  28  0  0 L3B 16
C12 FF 61060 005800  780 163 3252    -2026850   -347          70    -45   63   0  287  -76   75   -1   75   -1  38  0  0 L3B F1
C16 FF 61060 005800  780 313  485    +8609944    -34          43    +48   25   0  155   +3   88  -25   88  -25  17  0  0 L3B ED
C05 FF 61060 011400  780 180 1238    +6941665   -168          85    +33   15   1  258   +2    5   -8    5   -8  11  0  0 L3B B1
C06 FF 61060 011400  780 315  496     -386575   +203          43    -35   41   1  154   +4   78  +22   78   22  25  0  0 L3B C6
C09 FF 61060 011400  780 400  650    -2347193   -378          42    -49   43   1  126   -1   54  +20   54   20  26  0  0 L3B CB
C12 FF 61060 011400  780 203 3210    -2027138   -273          71    +30   61   1  232  -42   36  -44   36  -44  36  0  0 L3B EA
C16 FF 61060 011400  780 305  466    +8609864    -72          36    +10   39   1  159   +5   88   -5   88   -5  24  0  0 L3B C6
C05 FF 61060 013000  780 179 1239    +6941511    -82         123   +119   21   1  260   +2  -16  -71  -16  -71  14  0  0 L3B 0E
C06 FF 61060 013000  780 305  478     -386332   +252          58    +14   32   1  158   +5   64  -19   64  -19  20  0  0 L3B D0
C09 FF 61060 013000  780 402  622    -2347511   -322          40     +7   57   1  125   +0   42  -20   42  -20  34  0  0 L3B A8
C12 FF 61060 013000  780 237 3160    -2027443   -352          57    -50   97   1  201  -24   36  +21   36   21  61  0  0 L3B E2
C16 FF 61060 013000  780 294  449    +8609800     +9          50    +91   37   1  164   +7   64  -77   64  -77  23  0  0 L3B D6
C05 FF 61060 014600  780 178 1240    +6941316    -57         121   +144   36   1  262   +2  -15 -101  -15 -101  22  0  0 L3B 26
C06 FF 61060 014600  780 293  464     -386078   +251          84    +13   38   1  164   +7   32  -15   32  -15  26  0  0 L3B D5
C09 FF 61060 014600  780 400  595    -2347832   -208          35   +121   42   1  125   +1   38  -85   38  -85  27  0  0 L3B FD
C12 FF 61060 014600  780 261 3101    -2027687   -276         104    +27   54   1  183  -13   -4  -18   -4  -18  34  0  0 L3B 06
C16 FF 61060 014600  780 280  437    +8609752   -153          79    -72   42   1  171   +9   33  +39   33   39  26  0  0 L3B ED
C05 FF 61060 020200  780 176 1241    +6940927   -338         -75   -137   42   2  264   +2   83  +96   83   96  26  0  0 L3B 1F
C06 FF 61060 020200  780 278  452     -385850   +178          78    -61   40   2  172   +9   27  +34   27   34  24  0  0 L3B CF
C09 FF 61060 020200  780 394  571    -2348125   -416          66    -86   31   2  127   +2   23  +50   23   50  21  0  0 L3B CA
C12 FF 61060 020200  780 275 3035    -2027982   -210          98    +93   64   2  175   -5   -8  -61   -8  -61  39  0  0 L3B F8
C16 FF 61060 020200  780 264  427    +8609666    -80          73     +1   32   2  181  +11   35  +10   35   10  20  0  0 L3B AC
C05 FF 61060 021800  780 175 1242    +6940899    +62          90   +263   17   2  266   +2  -15 -152  -15 -152  12  0  0 L3B 34
C06 FF 61060 021800  780 261  445     -385601   +238          98     -1   35   2  183  +12   15   -1   15   -1  21  0  0 L3B 9D
C09 FF 61060 021800  780 386  550    -2348433   -271          74    +59   27   2  129   +3   14  -44   14  -44  17  0  0 L3B EF
C12 FF 61060 021800  780 277 2965    -2028291   -144          79   +158   64   2  173   +2    1 -121    1 -121  42  0  0 L3B 02
C16 FF 61060 021800  780 246  421    +8609565   -223          50   -142   33   2  193  +14   44  +95   44   95  20  0  0 L3B FE
C05 FF 61060 023400  780 173 1243    +6940700   -205          83     -4   43   2  268   +3    4   +4    4    4  32  0  0 L3B 7B
C06 FF 61060 023400  780 243  441     -385376   +236          94     -2   33   2  195  +15   15   -8   15   -8  20  0  0 L3B AC
C09 FF 61060 023400  780 374  533    -2348743   -485          82   -155   37   2  133   +4    8 +100    8  100  23  0  0 L3B E7
C12 FF 61060 023400  780 267 2895    -2028568   -168          93   +134   68   2  179  +10  -12  -89  -12  -89  41  0  0 L3B 54
C16 FF 61060 023400  780 226  419    +8609453   -104          16    -23   36   2  208  +18   60  +10   60   10  22  0  0 L3B D3
C05 FF 61060 025000  780 171 1244    +6940442   -489          18   -288   47   2  271   +3   28 +190   28  190  30  0  0 L3B 29
C06 FF 61060 025000  780 223  440     -385150   +216          91    -23   47   2  211  +18   20  +27   20   27  31  0  0 L3B B5
C09 FF 61060 025000  780 360  519    -2349081   -385          60    -55   29   2  137   +5   21  +33   21   33  17  0  0 L3B D3
C11 FF 61060 025000  780 116 3339    -8334822   -238          76    -88   94   2  392  -87   -3  +33   -3   33  62  0  0 L3B 06
C12 FF 61060 025000  780 247 2828    -2028851   -369         101    -67   58   2  192  +19  -19  +42  -19   42  38  0  0 L3B 39
C16 FF 61060 025000  780 206  420    +8609421    -40          62    +42   56   2  227  +22   42  -15   42  -15  37  0  0 L3B CE
C05 FF 61060 030600  780 169 1246    +6940380   -253         152    -52   36   3  274   +3  -48  +56  -48   56  24  0  0 L3B 23
C06 FF 61060 030600  780 202  443     -384933   +174          79    -64   34   3  231  +23   28  +41   28   41  23  0  0 L3B D1
C09 FF 61060 030600  780 344  510    -2349450   -275           4    +54   34   3  142   +6   41  -26   41  -26  23  0  0 L3B C5
C11 FF 61060 030600  780 138 3287    -8334983    -49          59   +101   63   3  332  -42    2  -82    2  -82  38  0  0 L3B F3
C12 FF 61060 030600  780 217 2766    -2029132   -361         110    -58   58   3  217  +33  -34  +20  -34   20  36  0  0 L3B 15
C16 FF 61060 030600  780 185  425    +8609344    -39          66    +43   35   3  252  +28   39  -29   39  -29  23  0  0 L3B FF
C05 FF 61060 032200  780 167 1247    +6940096   -550          61   -349   32   3  277   +3   19 +204   19  204  21  0  0 L3B 20
C06 FF 61060 032200  780 181  449     -384740   +247          43     +8   58   3  256  +29   47  -10   47  -10  38  0  0 L3B DD
C09 FF 61060 032200  780 327  505    -2349746   -372          24    -42   28   3  149   +8   29  +24   29   24  17  0  0 L3B E7
C11 FF 61060 032200  780 151 3230    -8335111   -143          75     +7   62   3  306  -16   -5   +8   -5    8  41  0  0 L3B A6
C12 FF 61060 032200  780 180 2710    -2029438   -413          95   -110   72   3  259  +57  -32  +33  -32   33  46  0  0 L3B 1C
C16 FF 61060 032200  780 163  433    +8609223    -55          24    +27   45   3  283  +37   58   -4   58   -4  29  0  0 L3B CD
C05 FF 61060 033800  780 165 1248    +6939874    +10          32   +211   26   3  280   +3   36 -144   36 -144  16  0  0 L3B 1B
C06 FF 61060 033800  780 160  458     -384485   +280          68    +41   60   3  288  +38   33  -22   33  -22  37  0  0 L3B F1
C09 FF 61060 033800  780 308  504    -2350026   -288          60    +42   21   3  157   +9    5  -14    5  -14  13  0  0 L3B B5
C11 FF 61060 033800  780 154 3170    -8335242    -94          88    +55   65   3  300   +4  -17  -32  -17  -32  39  0  0 L3B 02
C12 FF 61060 033800  780 137 2659    -2029723   -363         101    -60   93   3  335 +107  -51  +49  -51   49  58  0  0 L3B 47
C16 FF 61060 033800  780 142  443    +8609171    -53          51    +28   41   3  324  +49   47  -21   47  -21  27  0  0 L3B E6
C05 FF 61060 035400  780 163 1249    +6939831   -391         182   -190   30   3  283   +3  -54 +156  -54  156  19  0  0 L3B 5F
C06 FF 61060 035400  780 138  470     -384291   +262          33    +24   43   3  331  +50   49  -20   49  -20  30  0  0 L3B D5
C09 FF 61060 035400  780 288  506    -2350367   -385          35    -55   55   3  167  +11   20  +21   20   21  33  0  0 L3B E4
C11 FF 61060 035400  780 147 3110    -8335376   -222          97    -72   87   3  314  +25  -21  +45  -21   45  55  0  0 L3B 17
C16 FF 61060 035400  780 120  457    +8609062   -101          20    -19   35   3  379  +67   60   -9   60   -9  24  0  0 L3B D8
C05 FF 61060 041000  780 161 1251    +6939507   -492          54   -291   27   4  286   +4   43 +201   43  201  17  0  0 L3B 1A
C06 FF 61060 041000  780 117  485     -384050   +205          50    -33   74   4  387  +69   41  +19   41   19  51  0  0 L3B D6
C09 FF 61060 041000  780 268  512    -2350647   -348          82    -17   27   4  178  +13    5   +9    5    9  18  0  0 L3B B1
C05 FF 61060 042600  780 159 1252    +6939279   -111          19    +90   22   4  290   +4   64  -67   64  -67  14  0  0 L3B 0B
C09 FF 61060 042600  780 248  521    -2350952   -257          95    +73   44   4  191  +15   -2  -36   -2  -36  28  0  0 L3B F8
C11 FF 61060 042600  780 105 2995    -8335644   -100         116    +50   74   4  428 +112  -30  -29  -30  -29  46  0  0 L3B 43
C05 FF 61060 045400  780 156 1254    +6939047   -390         125   -189   47   4  296   +4    0 +110    0  110  26  0  0 L3B 0D
C09 FF 61060 045400  780 212  545    -2351505   -403          97    -72   53   4  221  +21   -4  +46   -4   46  34  0  0 L3B D8
C05 FF 61060 051000  780 154 1255    +6938848    +51         125   +253   34   5  300   +4  -15 -155  -15 -155  26  0  0 L3B 41
C09 FF 61060 051000  780 192  562    -2351867   -388          53    -58   56   5  243  +25   23  +49   23   49  36  0  0 L3B 06
C10 FF 61060 051000  780 106  898     -310487   +270          41    +58  158   5  429 -119   81  -16   81  -16  93  0  0 L3B 18
C05 FF 61060 052600  780 152 1256    +6938622   -322          93   -120   19   5  303   +4   30 +112   30  112  12  0  0 L3B 03
C07 FF 61060 052600  780 139  746    -4703330   -195          64    +48   78   5  332  -58   47   -3   47   -3  48  0  0 L3B F4
C09 FF 61060 052600  780 172  582    -2352174   -257          64    +74   52   5  269  +30   27  -38   27  -38  34  0  0 L3B 0F
C10 FF 61060 052600  780 135  888     -310252   +224          72    +12   57   5  340  -72   70   -1   70   -1  38  0  0 L3B B2
C05 FF 61060 054200  780 150 1258    +6938455    +91         120   +293   23   5  307   +4   40 -174   40 -174  16  0  0 L3B 2A
C07 FF 61060 054200  780 162  731    -4703558   -226          69    +17   67   5  286  -40   54  -17   54  -17  43  0  0 L3B 0E
C09 FF 61060 054200  780 152  604    -2352481   -379          74    -48   60   5  302  +38   32  +38   32   38  42  0  0 L3B F3
C10 FF 61060 054200  780 164  877     -310043   +257          78    +45   47   5  283  -48   79  -23   79  -23  30  0  0 L3B FA
C05 FF 61060 055800  780 148 1259    +6938281   -230         140    -27   35   5  311   +4   42  +21   42   21  21  0  0 L3B EF
C07 FF 61060 055800  780 184  716    -4703800   -215          60    +28   68   5  254  -28   59   +2   59    2  41  0  0 L3B D8
C09 FF 61060 055800  780 133  628    -2352828   -348          45    -17   74   5  343  +48   72  +41   72   41  46  0  0 L3B 05
C10 FF 61060 055800  780 192  865     -309805   +170         113    -42   30   5  244  -34   55  +34   55   34  19  0  0 L3B EC
C05 FF 61060 061400  780 146 1260    +6937966   -225          14    -23   48   6  315   +4  128   +4  128    4  32  0  0 L3B EE
C07 FF 61060 061400  780 203  699    -4704011   -285          88    -41   66   6  231  -20   40  +32   40   32  40  0  0 L3B DF
C09 FF 61060 061400  780 114  653    -2353156   -331          32     +0   78   6  395  +62  104  +32  104   32  55  0  0 L3B F0
C10 FF 61060 061400  780 218  851     -309603   +164          83    -51   48   6  216  -25   64  +42   64   42  30  0  0 L3B D4
C14 FF 61060 061400  780 155 3148    +3191775   +321         141   -101   50   6  302 -113  -50  +65  -50   65  31  0  0 L3B 34
C05 FF 61060 063000  780 144 1261    +6937973   -107         214    +94   25   6  319   +4   -6  -43   -6  -43  18  0  0 L3B 08
C07 FF 61060 063000  780 220  681    -4704262   -238          71     +5   53   6  214  -15   53   -5   53   -5  32  0  0 L3B B8
C10 FF 61060 063000  780 242  835     -309409   +180          70    -35   37   6  196  -18   74  +15   74   15  25  0  0 L3B DE
C14 FF 61060 063000  780 212 3143    +3192161   +512         122    +90   95   6  223  -59  -40  -49  -40  -49  58  0  0 L3B 31
C05 FF 61060 064600  780 142 1262    +6937758   -164         193    +38   17   6  323   +4   55  +12   55   12  12  0  0 L3B 03
C07 FF 61060 064600  780 235  662    -4704508   -198          58    +46   56   6  201  -11   61  -23   61  -23  35  0  0 L3B 02
C10 FF 61060 064600  780 265  818     -309219   +203          54    -12   52   6  181  -14   78   +5   78    5  33  0  0 L3B BB
C14 FF 61060 064600  780 269 3129    +3192586   +520         142    +98   54   6  178  -36  -48  -46  -48  -46  33  0  0 L3B 5E
C05 FF 61060 070200  780 140 1263    +6937458   -315          88   -114   31   7  327   +4  163 +128  163  128  21  0  0 L3B 47
C07 FF 61060 070200  780 247  642    -4704705   -232          87    +11   90   7  193   -8   40  +12   40   12  56  0  0 L3B D3
C10 FF 61060 070200  780 285  800     -308972   +203         113    -10   52   7  169  -11   48   +5   48    5  34  0  0 L3B BB
C14 FF 61060 070200  780 325 3104    +3192973   +377         125    -45   64   7  151  -23  -34  +30  -34   30  40  0  0 L3B 1A
C05 FF 61060 071800  780 139 1264    +6937166   -204          -9     -2   24   7  330   +4  231   +1  231    1  15  0  0 L3B C5
C07 FF 61060 071800  780 255  622    -4704937   -254          87    -11   53   7  187   -5   50  +26   50   26  33  0  0 L3B EA
C10 FF 61060 071800  780 302  780     -308791   +190          90    -22   31   7  160   -8   63  +26   63   26  19  0  0 L3B C7
C14 FF 61060 071800  780 376 3064    +3193390   +480         137    +58   40   7  133  -15  -38  -36  -38  -36  24  0  0 L3B 46
C05 FF 61060 073400  780 137 1265    +6936986   -306           4   -104   19   7  334   +4  226  +67  226   67  13  0  0 L3B 25
C07 FF 61060 073400  780 261  602    -4705157   -182          99    +60   47   7  183   -3   52  -30   52  -30  30  0  0 L3B E6
C10 FF 61060 073400  780 317  759     -308581   +236          96    +24   31   7  153   -6   73   -4   73   -4  18  0  0 L3B BD
C14 FF 61060 073400  780 420 3008    +3193766   +288         108   -134   52   7  121  -10  -15  +90  -15   90  31  0  0 L3B 30
C05 FF 61060 075000  780 136 1265    +6936791   -113           3    +89   15   7  337   +4  241  -46  241  -46  10  0  0 L3B 10
C07 FF 61060 075000  780 263  583    -4705399   -150          90    +92   47   7  181   -1   73  -35   73  -35  28  0  0 L3B 00
C10 FF 61060 075000  780 329  737     -308369   +255         104    +43   43   7  148   -4   76  -10   76  -10  26  0  0 L3B EA
C14 FF 61060 075000  780 455 2934    +3194188   +379         125    -42   45   7  113   -6  -19  +31  -19   31  27  0  0 L3B 25
C05 FF 61060 080600  780 134 1266    +6936777    +56         181   +257   23   8  341   +3  132 -172  132 -172  17  0  0 L3B 5C
C07 FF 61060 080600  780 263  565    -4705615   -201         100    +41   60   8  181   +1   82   +1   82    1  35  0  0 L3B B3
C10 FF 61060 080600  780 338  714     -308162   +156          94    -58   37   8  145   -3   87  +52   87   52  22  0  0 L3B DB
C14 FF 61060 080600  780 476 2844    +3194605   +387         138    -35   47   8  109   -3  -11  +38  -11   38  28  0  0 L3B 2D
C05 FF 61060 082200  780 133 1267    +6936528   -341         125   -139   24   8  344   +3  191 +127  191  127  17  0  0 L3B 61
C07 FF 61060 082200  780 260  549    -4705847   -272          99    -30   42   8  183   +3  109  +42  109   42  25  0  0 L3B 0D
C10 FF 61060 082200  780 344  692     -307946   +217         104     +2   34   8  143   -2   89  +24   89   24  21  0  0 L3B C8
C14 FF 61060 082200  780 482 2744    +3195008   +463         137    +41   49   8  108   +1   -3  -14   -3  -14  27  0  0 L3B FB
C05 FF 61060 083800  780 132 1267    +6936334   -164         126    +37   24   8  347   +3  190  -45  190  -45  17  0  0 L3B 3F
C07 FF 61060 083800  780 254  534    -4706110   -141          69   +100   56   8  187   +5  147  -42  147  -42  33  0  0 L3B 22
C10 FF 61060 083800  780 347  671     -307756   +191          88    -23   32   8  142   +0  113  +23  113   23  21  0  0 L3B DE
C14 FF 61060 083800  780 470 2644    +3195412   +425         136     +4   53   8  110   +4   12   +7   12    7  31  0  0 L3B B6
C05 FF 61060 085400  780 131 1267    +6936168   -268         153    -66   23   8  349   +3  181  +86  181   86  15  0  0 L3B 44
C07 FF 61060 085400  780 246  521    -4706310   -252         100    -11   36   8  193   +7  160  +56  160   56  22  0  0 L3B 03
C10 FF 61060 085400  780 346  651     -307536   +305         102    +91   50   8  142   +1  111  -33  111  -33  30  0  0 L3B E6
C14 FF 61060 085400  780 442 2553    +3195827   +497         147    +76   33   8  116   +7   19  -39   19  -39  21  0  0 L3B 2D
C05 FF 61060 091000  780 130 1268    +6935837   -307          13   -106   20   9  352   +2  314 +112  314  112  13  0  0 L3B 2C
C07 FF 61060 091000  780 235  511    -4706537    -39         103   +202   70   9  201   +9  187 -103  187 -103  44  0  0 L3B 38
C10 FF 61060 091000  780 343  632     -307338   +106         111   -106   58   9  143   +2  118  +71  118   71  36  0  0 L3B FD
C14 FF 61060 091000  780 403 2475    +3196219   +523         134   +102   45   9  125  +12   43  -45   43  -45  29  0  0 L3B 26
C05 FF 61060 092600  780 129 1268    +6935577   -282         -53    -80   36   9  354   +2  361  +39  361   39  24  0  0 L3B 3F
C07 FF 61060 092600  780 223  504    -4706792    -99          80   +142   42   9  211  +12  210  -73  210  -73  26  0  0 L3B 1A
C10 FF 61060 092600  780 337  616     -307141   +301         104    +89   36   9  145   +3  142  -38  142  -38  23  0  0 L3B 02
C14 FF 61060 092600  780 354 2411    +3196637   +385         147    -37   59   9  139  +18   46  +37   46   37  37  0  0 L3B 37
C05 FF 61060 094200  780 128 1268    +6935331   -235        -106    -33   26   9  356   +2  405  +47  405   47  17  0  0 L3B 3A
C07 FF 61060 094200  780 209  500    -4706968   -300         135    -59   39   9  225  +15  216  +91  216   91  23  0  0 L3B 30
C10 FF 61060 094200  780 329  602     -306908   +238         133    +25   36   9  148   +4  137   +1  137    1  23  0  0 L3B D0
C14 FF 61060 094200  780 300 2359    +3197035   +433         140    +12   55   9  161  +28   66  +14   66   14  35  0  0 L3B 0A
C05 FF 61060 095800  780 128 1268    +6935154   -168         -90    +34   19   9  357   +1  425  +23  425   23  13  0  0 L3B 30
C07 FF 61060 095800  780 193  498    -4707250   -154          85    +87   50   9  241  +20  315  +19  315   19  31  0  0 L3B 26
C10 FF 61060 095800  780 318  592     -306777   +153          61    -59   41   9  153   +5  220  +93  220   93  25  0  0 L3B F9
C14 FF 61060 095800  780 242 2316    +3197441   +519         141    +98   62   9  196  +45   98  -21   98  -21  40  0  0 L3B 3A
C05 FF 61060 101400  780 127 1268    +6934963   -179         -92    +22   24  10  358   +1  475  +59  475   59  15  0  0 L3B 4A
C07 FF 61060 101400  780 177  499    -4707486   -551          83   -310   69  10  263  +25  359 +238  359  238  43  0  0 L3B 7E
C10 FF 61060 101400  780 306  584     -306565   +159          76    -53   41  10  158   +6  275 +126  275  126  27  0  0 L3B 26
C14 FF 61060 101400  780 183 2280    +3197872   +497         167    +75   91  10  254  +80  122  +11  122   11  57  0  0 L3B 41
C05 FF 61060 103000  780 127 1268    +6934750   -230        -113    -30   23  10  359   +0  545  +80  545   80  15  0  0 L3B 30
C07 FF 61060 103000  780 159  502    -4707687    -81         114   +161   45  10  289  +32  352 -151  352 -151  31  0  0 L3B 5D
C10 FF 61060 103000  780 292  579     -306349   +204          89     -8   26  10  165   +8  329  +71  329   71  18  0  0 L3B F8
C12 FF 61060 103000  780 154 1644    -2037239   -243          66    +59   53  10  303 -125  228  -74  228  -74  34  0  0 L3B 51
C14 FF 61060 103000  780 125 2248    +3198281   +455         171    +33   53  10  367 +168  163  +17  163   17  34  0  0 L3B 54
C05 FF 61060 104600  780 127 1268    +6934539   -220        -132    -19   21  10  359   +0  618  +92  618   92  14  0  0 L3B 48
C07 FF 61060 104600  780 141  509    -4707937   -195          95    +47   48  10  324  +41  298  -72  298  -72  33  0  0 L3B 52
C10 FF 61060 104600  780 277  578     -306164    +63          71   -148   33  10  173   +9  365  +99  365   99  21  0  0 L3B 17
C12 FF 61060 104600  780 220 1629    -2037525   -368          71    -65   30  10  216  -64  200  +11  200   11  19  0  0 L3B 14
C05 FF 61060 110200  780 127 1268    +6934351   -196        -123     +5   24  11  359   +0  686  +90  686   90  17  0  0 L3B 3B
C07 FF 61060 110200  780 123  517    -4708190   -119          79   +124   70  11  370  +54  348  -46  348  -46  45  0  0 L3B 4A
C10 FF 61060 110200  780 261  580     -305964   +281          73    +70   35  11  183  +11  390  -13  390  -13  21  0  0 L3B 01
C12 FF 61060 110200  780 286 1612    -2037837   -356          50    -53   46  11  169  -38  209  +42  209   42  28  0  0 L3B 38
C05 FF 61060 111800  780 127 1268    +6934210    -62         -71   +139   35  11  358   -1  753  +24  753   24  23  0  0 L3B 2F
C07 FF 61060 111800  780 104  529    -4708415   -244          87     -2   88  11  431  +75  325  -93  325  -93  59  0  0 L3B 37
C10 FF 61060 111800  780 244  584     -305737   +323          97   +112   48  11  194  +13  405  -59  405  -59  33  0  0 L3B 34
C12 FF 61060 111800  780 354 1592    -2038116   -300          61     +3   41  11  139  -24  211  +13  211   13  25  0  0 L3B F7
C05 FF 61060 113400  780 128 1267    +6934161   -142          73    +59   26  11  358   -1  712  -86  712  -86  19  0  0 L3B 41
C10 FF 61060 113400  780 227  592     -305539   +220          93     +9   66  11  208  +16  397   +3  397    3  40  0  0 L3B DB
C12 FF 61060 113400  780 423 1564    -2038386   -224          82    +79   53  11  120  -16  214  -40  214  -40  33  0  0 L3B 2D
C05 FF 61060 115000  780 128 1267    +6933918   -364          23   -162   27  11  356   -1  721 +145  721  145  19  0  0 L3B 5E
C10 FF 61060 115000  780 209  602     -305337   +218          93     +7   59  11  224  +19  380  -26  380  -26  38  0  0 L3B 05
C12 FF 61060 115000  780 489 1524    -2038690   -315          69    -12   46  11  107  -11  231  +17  231   17  28  0  0 L3B 29
C05 FF 61060 120600  780 129 1266    +6933696    -43          -1   +159   30  12  355   -2  743 -117  743 -117  20  0  0 L3B 52
C10 FF 61060 120600  780 191  614     -305133   +137          89    -75   43  12  244  +22  335   -1  335   -1  29  0  0 L3B E8
C11 FF 61060 120600  780 153 1911    -8339830   -111          65    +39   48  12  306 -130  309  -67  309  -67  30  0  0 L3B 55
C12 FF 61060 120600  780 552 1465    -2039029   -318          53    -13   46  12   98   -7  263  +12  263   12  27  0  0 L3B 0E
C05 FF 61060 122200  780 129 1266    +6933559   -220          56    -19   20  12  353   -2  699  +16  699   16  14  0  0 L3B 36
C10 FF 61060 122200  780 173  629     -304908   +210         111     -1   60  12  268  +27  247 -109  247 -109  40  0  0 L3B 2D
C11 FF 61060 122200  780 219 1917    -8339969   -173          70    -23   56  12  216  -65  258  -14  258  -14  36  0  0 L3B 5A
C12 FF 61060 122200  780 607 1376    -2039327   -296          47     +9   34  12   93   -5  267  -11  267  -11  21  0  0 L3B 0F
C05 FF 61060 123800  780 130 1265    +6933439    +77         129   +278   27  12  350   -3  650 -213  650 -213  21  0  0 L3B 65
C10 FF 61060 123800  780 155  646     -304710   +170         106    -41   51  12  297  +34  164  -52  164  -52  35  0  0 L3B 21
C11 FF 61060 123800  780 288 1925    -8340120    -64          63    +86   61  12  168  -38  248  -40  248  -40  36  0  0 L3B 3F
C12 FF 61060 123800  780 648 1247    -2039622   -343          45    -38   52  12   89   -2  251  -11  251  -11  31  0  0 L3B 16
C05 FF 61060 125400  780 131 1265    +6933364   -292         248    -90   23  12  348   -3  541  +34  541   34  17  0  0 L3B 37
C10 FF 61060 125400  780 137  665     -304535   +310          78    +98   56  12  333  +42  112  -90  112  -90  34  0  0 L3B 13
C11 FF 61060 125400  780 358 1934    -8340239    -91          87    +59   55  12  138  -25  264  -20  264  -20  34  0  0 L3B 3E
C12 FF 61060 125400  780 667 1081    -2039905   -269          54    +35   40  12   88   +0  181 -118  181 -118  24  0  0 L3B 45
C05 FF 61060 131000  780 132 1264    +6932988   -424          67   -222   23  13  345   -3  585  +19  585   19  18  0  0 L3B 49
C08 FF 61060 131000  780 116  819    +6369412   -245         103    -57   49  13  393 -130  155   -7  155   -7  31  0  0 L3B 35
C10 FF 61060 131000  780 120  685     -304319    +93          90   -119   60  13  379  +54   92  +78   92   78  40  0  0 L3B F5
C11 FF 61060 131000  780 429 1942    -8340397   -221          73    -71   46  13  119  -17  262   +7  262    7  28  0  0 L3B 17
C12 FF 61060 131000  780 659  910    -2040189   -289          33    +12   37  13   89   +2  102  -65  102  -65  23  0  0 L3B 02
C05 FF 61060 132600  780 134 1263    +6932678   -225         -49    -23   24  13  342   -3  562  -22  562  -22  16  0  0 L3B 3D
C08 FF 61060 132600  780 155  809    +6369195   -167          66    +21   92  13  299  -73  138  -71  138  -71  55  0  0 L3B 59
C10 FF 61060 132600  780 102  707     -304124   +138          82    -74   62  13  439  +71   88  +36   88   36  41  0  0 L3B EF
C11 FF 61060 132600  780 501 1949    -8340552   -173          62    -23   55  13  105  -12  212  -69  212  -69  33  0  0 L3B 3D
C12 FF 61060 132600  780 626  773    -2040464   -293          47     +8   40  13   91   +3   57  -29   57  -29  24  0  0 L3B E2
C13 FF 61060 132600  780 131  911    +2875161   +137          64    -25   69  13  352 -103  209  -66  209  -66  46  0  0 L3B 49
C05 FF 61060 134200  780 135 1262    +6932594   +104          61   +306   27  13  339   -4  430 -300  430 -300  18  0  0 L3B 4F
C08 FF 61060 134200  780 192  796    +6369028   -203          80    -15   50  13  244  -46   92  -11   92  -11  31  0  0 L3B 0C
C11 FF 61060 134200  780 574 1951    -8340702   -251          56   -101   54  13   96   -8  132  -20  132  -20  32  0  0 L3B 1C
C12 FF 61060 134200  780 579  682    -2040759   -173          41   +128   42  13   95   +6   44  -88   44  -88  26  0  0 L3B 14
C13 FF 61060 134200  780 169  902    +2875270   +185          17    +23   41  13  275  -61  174  -65  174  -65  27  0  0 L3B 3C
C05 FF 61060 135800  780 137 1261    +6932508    +42         169   +244   34  13  335   -4  285 -201  285 -201  23  0  0 L3B 63
C08 FF 61060 135800  780 228  781    +6368878   -178         110    +11   53  13  207  -31   52  -29   52  -29  33  0  0 L3B 30
C11 FF 61060 135800  780 647 1943    -8340860   -275          42   -125   48  13   89   -6   86  +37   86   37  29  0  0 L3B 2B
C12 FF 61060 135800  780 523  627    -2041041   -240          48    +61   48  13  102   +8   36  -39   36  -39  30  0  0 L3B F0
C13 FF 61060 135800  780 207  891    +2875452   +215          43    +52   38  13  227  -40  124  -79  124  -79  23  0  0 L3B 3C
C05 FF 61060 141400  780 138 1260    +6932189   -753          37   -551   32  14  331   -4  348 +321  348  321  21  0  0 L3B 59
C08 FF 61060 141400  780 262  763    +6368669   -279          71    -92   62  14  182  -22   61  +55   61   55  41  0  0 L3B 19
C11 FF 61060 141400  780 718 1910    -8341025   -189          21    -40   45  14   85   -4   79  +19   79   19  28  0  0 L3B FF
C12 FF 61060 141400  780 463  599    -2041304   -308          85     -6   41  14  112  +12   36   -3   36   -3  25  0  0 L3B C5
C13 FF 61060 141400  780 244  878    +2875582   +175          22    +14   35  14  195  -28  110  -29  110  -29  22  0  0 L3B 32
C05 FF 61060 143000  780 140 1259    +6931943   +284         -16   +485   42  14  328   -4  339 -386  339 -386  28  0  0 L3B 93
C08 FF 61060 143000  780 293  742    +6368501   -161          83    +26   57  14  164  -16   37  -48   37  -48  34  0  0 L3B 1F
C11 FF 61060 143000  780 785 1805    -8341151   -165          39    -15   35  14   83   -2   64  +11   64   11  21  0  0 L3B E1
C12 FF 61060 143000  780 402  587    -2041581   -245          97    +57   34  14  125  +16   23  -40   23  -40  21  0  0 L3B F7
C13 FF 61060 143000  780 279  862    +2875763   +166          47     +4   42  14  172  -20   75  -41   75  -41  26  0  0 L3B 05
C05 FF 61060 144600  780 142 1258    +6931920   -227         153    -26   38  14  324   -4  184   -2  184   -2  25  0  0 L3B 1F
C08 FF 61060 144600  780 322  717    +6368327   -286          88    -99   55  14  151  -12   13  +50   13   50  34  0  0 L3B 0D
C11 FF 61060 144600  780 831 1461    -8341320   -109          14    +41   37  14   81   +0   73  -37   73  -37  22  0  0 L3B EC
C12 FF 61060 144600  780 341  588    -2041885   -310          83     -8   48  14  144  +23   25   -3   25   -3  29  0  0 L3B D8
C13 FF 61060 144600  780 312  843    +2875898   +130          27    -32   86  14  156  -15   64  +10   64   10  53  0  0 L3B 03
C05 FF 61060 150200  780 144 1257    +6931554    -75         -14   +126   43  15  320   -4  285  -39  285  -39  27  0  0 L3B 48
C08 FF 61060 150200  780 347  689    +6368163   -196          97    -10   55  15  142   -9  -18  -25  -18  -25  33  0  0 L3B 2F
C11 FF 61060 150200  780 817  931    -8341419   -101          20    +46   36  15   82   +1   26  -60   26  -60  21  0  0 L3B D2
C12 FF 61060 150200  780 281  598    -2042182   -274          81    +29   37  15  171  +34   16  -10   16  -10  23  0  0 L3B FB
C13 FF 61060 150200  780 342  821    +2876049   +194          22    +33   40  15  143  -11   26  -65   26  -65  26  0  0 L3B 02
C05 FF 61060 151800  780 146 1256    +6931371   -178          -4    +23   23  15  316   -4  257  -93  257  -93  17  0  0 L3B 3C
C08 FF 61060 151800  780 368  658    +6367993   -201         106    -15   54  15  135   -6  -33   +7  -33    7  33  0  0 L3B 07
C11 FF 61060 151800  780 761  728    -8341524   -114          56    +33   37  15   83   +2  -10  -34  -10  -34  23  0  0 L3B F4
C12 FF 61060 151800  780 222  614    -2042481   -357          72    -54   66  15  212  +53   19  +27   19   27  41  0  0 L3B FC
C13 FF 61060 151800  780 370  795    +2876205   +149          22    -13   39  15  134   -8    4  +13    4   13  24  0  0 L3B C5
C05 FF 61060 153400  780 148 1255    +6931205    -88          23   +114   19  15  312   -4  198 -126  198 -126  13  0  0 L3B 5B
C08 FF 61060 153400  780 385  624    +6367814   -225         106    -39   59  15  130   -4  -43   +7  -43    7  36  0  0 L3B 04
C11 FF 61060 153400  780 696  671    -8341662   -132          60    +15   51  15   86   +4  -14   -6  -14   -6  31  0  0 L3B DA
C12 FF 61060 153400  780 165  636    -2042748   -273          97    +30   73  15  280  +93    4  -39    4  -39  47  0  0 L3B FC
C13 FF 61060 153400  780 394  766    +2876346   +159           8     -3   35  15  127   -6    9   -7    9   -7  22  0  0 L3B AA
C05 FF 61060 155000  780 150 1254    +6931147   -168         159    +34   25  15  308   -4   78  -51   78  -51  17  0  0 L3B 2A
C08 FF 61060 155000  780 397  588    +6367639    -86         109   +101   49  15  126   -3  -45  -68  -45  -68  29  0  0 L3B 55
C11 FF 61060 155000  780 631  661    -8341778    -72          85    +75   40  15   91   +5  -28  -40  -28  -40  24  0  0 L3B F7
C12 FF 61060 155000  780 110  661    -2043051   -267          84    +36   64  15  412 +197   11   -8   11   -8  42  0  0 L3B E8
C13 FF 61060 155000  780 414  733    +2876513   +156          20     -6   27  15  122   -5   -3   +6   -3    6  18  0  0 L3B 9E
C05 FF 61060 160600  780 152 1253    +6930965   -312         167   -111   23  16  304   -4   62  +55   62   55  14  0  0 L3B 1B
C08 FF 61060 160600  780 403  552    +6367443   -270          89    -84   58  16  125   -1  -38  +47  -38   47  35  0  0 L3B 23
C11 FF 61060 160600  780 567  672    -8341927   -142          66     +5   43  16   97   +7  -22   -4  -22   -4  26  0  0 L3B D7
C13 FF 61060 160600  780 430  698    +2876671   +118          31    -43   35  16  118   -3  -12  +23  -12   23  23  0  0 L3B FB
C05 FF 61060 162200  780 154 1252    +6930624   -145          18    +56   44  16  300   -4  131  -29  131  -29  27  0  0 L3B 25
C08 FF 61060 162200  780 405  516    +6367263   -201          87    -15   53  16  124   +0  -34  +17  -34   17  33  0  0 L3B FC
C11 FF 61060 162200  780 504  693    -8342059   -197          75    -51   52  16  105  +10  -27  +40  -27   40  31  0  0 L3B 10
C13 FF 61060 162200  780 441  661    +2876830   +160          35     -1   37  16  116   -2  -12  +11  -12   11  24  0  0 L3B D3
C05 FF 61060 163800  780 156 1251    +6930458   +359          46   +560   25  16  296   -4   87 -384   87 -384  16  0  0 L3B 6F
C08 FF 61060 163800  780 401  482    +6367083   -192          86     -6   38  16  125   +2  -35   +8  -35    8  24  0  0 L3B E1
C11 FF 61060 163800  780 443  720    -8342200   -170          74    -24   50  16  115  +13  -22  +14  -22   14  31  0  0 L3B F4
C13 FF 61060 163800  780 447  623    +2876981   +143          32    -18   32  16  115   -1  -10  +14  -10   14  21  0  0 L3B F3
C05 FF 61060 165400  780 158 1250    +6930475   -491         256   -290   20  16  292   -4  -47 +200  -47  200  14  0  0 L3B 5F
C08 FF 61060 165400  780 393  451    +6366897   -229          77    -44   47  16  127   +3  -34  +29  -34   29  30  0  0 L3B 28
C11 FF 61060 165400  780 383  752    -8342320   -128          94    +18   42  16  130  +17  -32  -15  -32  -15  25  0  0 L3B 1B
C13 FF 61060 165400  780 448  586    +2877131   +168          27     +7   32  16  114   +0   -7   +7   -7    7  22  0  0 L3B B2
C14 FF 61060 165400  780 155 1286    +3207974   +440         157    +18   72  16  300 -111   84  -82   84  -82  45  0  0 L3B 4E
C05 FF 61060 171000  780 160 1248    +6930131     +8         106   +210   25  17  289   -4   33 -149   33 -149  14  0  0 L3B 24
C08 FF 61060 171000  780 381  424    +6366695   -109          57    +78   46  17  131   +4  -14  -50  -14  -50  28  0  0 L3B 1C
C11 FF 61060 171000  780 325  786    -8342487   -156         102     -6   66  17  150  +24  -31   +4  -31    4  39  0  0 L3B F2
C13 FF 61060 171000  780 444  551    +2877291   +234          34    +73   26  17  115   +1   -4  -36   -4  -36  17  0  0 L3B E8
C14 FF 61060 171000  780 213 1249    +3208394   +439         172    +18   45  17  222  -59   26  -45   26  -45  28  0  0 L3B 39
C05 FF 61060 172600  780 162 1247    +6929895   -424          63   -223   34  17  285   -4   61 +134   61  134  23  0  0 L3B 44
C08 FF 61060 172600  780 365  402    +6366561   -151         101    +35   37  17  135   +6  -39  -32  -39  -32  22  0  0 L3B 23
C11 FF 61060 172600  780 269  821    -8342662   -102          71    +48   64  17  178  +35  -10  -27  -10  -27  39  0  0 L3B 2E
C13 FF 61060 172600  780 436  520    +2877436   +127          24    -34   35  17  117   +2    3  +12    3   12  22  0  0 L3B B4
C14 FF 61060 172600  780 269 1206    +3208788   +379         161    -42   89  17  178  -35    0   -7    0   -7  55  0  0 L3B 03
C05 FF 61060 174200  780 164 1246    +6929692   -160          53    +41   22  17  282   -3   76  +28   76   28  15  0  0 L3B 10
C08 FF 61060 174200  780 346  384    +6366367   -136          86    +50   52  17  142   +7  -31  -25  -31  -25  34  0  0 L3B 1C
C11 FF 61060 174200  780 214  858    -8342784   -114          93    +36   48  17  220  +54  -24  -30  -24  -30  30  0  0 L3B 21
C13 FF 61060 174200  780 424  493    +2877593   +148          26    -12   28  17  120   +3   -8  +12   -8   12  19  0  0 L3B E4
C14 FF 61060 174200  780 323 1154    +3209200   +356         170    -65   54  17  151  -22  -32  +26  -32   26  35  0  0 L3B 26
C05 FF 61060 175800  780 166 1245    +6929613    -12         167   +189   37  17  279   -3   33 -156   33 -156  21  0  0 L3B 5E
C08 FF 61060 175800  780 325  372    +6366165   -394          63   -208   42  17  150   +9   -8 +141   -8  141  25  0  0 L3B 28
C11 FF 61060 175800  780 160  896    -8342911   -171         111    -21   66  17  288  +94  -36   +3  -36    3  43  0  0 L3B 15
C13 FF 61060 175800  780 409  471    +2877761   +197          41    +36   27  17  123   +4   -9  -15   -9  -15  17  0  0 L3B 04
C14 FF 61060 175800  780 371 1093    +3209610   +402         175    -19   52  17  134  -14  -40   -6  -40   -6  32  0  0 L3B 19
C05 FF 61060 181400  780 168 1244    +6929267    -95          11   +106   42  18  276   -3   72 -101   72 -101  23  0  0 L3B 2F
C08 FF 61060 181400  780 302  365    +6366012   -115          90    +72   39  18  160  +12  -19  -30  -19  -30  23  0  0 L3B 16
C11 FF 61060 181400  780 108  934    -8342999   -159         164     -9  180  18  420 +196  -51  +44  -51   44 109  0  0 L3B 69
C13 FF 61060 181400  780 391  455    +2877912    +79          26    -83   36  18  128   +5   -1  +53   -1   53  22  0  0 L3B DB
C14 FF 61060 181400  780 410 1019    +3210031   +411          80    -10   61  18  123   -9  -54   +6  -54    6  39  0  0 L3B D6
C05 FF 61060 183000  780 170 1243    +6929171   -175         109    +26   25  18  273   -3   -2  -19   -2  -19  15  0  0 L3B 12
C08 FF 61060 183000  780 277  363    +6365840    -83          97   +103   54  18  173  +15   -8  -41   -8  -41  32  0  0 L3B 0F
C13 FF 61060 183000  780 371  444    +2878086   +288          43   +126   38  18  134   +7   -8  -67   -8  -67  25  0  0 L3B 20
C14 FF 61060 183000  780 438  933    +3210421   +423          66     +2   47  18  117   -5  -44   +1  -44    1  29  0  0 L3B C1
C05 FF 61060 184600  780 172 1242    +6929062   -140         193    +61   24  18  270   -3  -46  -37  -46  -37  16  0  0 L3B 40
C08 FF 61060 184600  780 252  365    +6365590    -96          26    +90   61  18  188  +18   35  -74   35  -74  37  0  0 L3B 22
C13 FF 61060 184600  780 349  438    +2878213   +115          15    -47   31  18  141   +8   15  +22   15   22  19  0  0 L3B EB
C14 FF 61060 184600  780 452  839    +3210851   +421          91     +1   44  18  114   -1  -50   +7  -50    7  27  0  0 L3B C5
C05 FF 61060 190200  780 174 1241    +6928603   -503         -78   -303   34  19  267   -3  128 +185  128  185  24  0  0 L3B 75
C08 FF 61060 190200  780 227  372    +6365451   -131          77    +56   62  19  208  +23    6  -33    6  -33  38  0  0 L3B EF
C13 FF 61060 190200  780 327  437    +2878379   +156          47     -3   29  19  149  +10    7  +23    7   23  17  0  0 L3B D9
C14 FF 61060 190200  780 449  744    +3211224   +338          60    -83   58  19  114   +2  -26  +68  -26   68  36  0  0 L3B 12
C05 FF 61060 191800  780 175 1240    +6928679   +155         190   +356   32  19  265   -2  -59 -233  -59 -233  21  0  0 L3B 89
C08 FF 61060 191800  780 201  382    +6365247   -264          54    -76   65  19  232  +29   26  +59   26   59  41  0  0 L3B 1D
C13 FF 61060 191800  780 304  441    +2878530   +193          45    +34   21  19  159  +11   12  -19   12  -19  13  0  0 L3B 03
C14 FF 61060 191800  780 431  657    +3211629   +427          61     +6   48  19  118   +6  -22  +16  -22   16  30  0  0 L3B F0
C05 FF 61060 193400  780 177 1239    +6928572   -167         276    +33   21  19  263   -2 -101  -14 -101  -14  12  0  0 L3B 59
C08 FF 61060 193400  780 176  395    +6365081   -207          68    -19   50  19  264  +37   26  -14   26  -14  32  0  0 L3B 20
C13 FF 61060 193400  780 280  448    +2878692   +107          54    -53   32  19  171  +14   14  +44   14   44  19  0  0 L3B 08
C14 FF 61060 193400  780 400  583    +3212032   +425          59     +4   51  19  125  +10  -12   -2  -12   -2  33  0  0 L3B C9
C05 FF 61060 195000  780 178 1239    +6928319   -248         215    -48   30  19  261   -2  -86  -13  -86  -13  20  0  0 L3B 4B
C08 FF 61060 195000  780 151  412    +6364892    -67          59   +121   60  19  305  +49   37  -58   37  -58  38  0  0 L3B 2C
C13 FF 61060 195000  780 257  460    +2878856   +213          65    +54   28  19  185  +16   16  -23   16  -23  16  0  0 L3B 1B
C14 FF 61060 195000  780 358  526    +3212440   +407          63    -14   50  19  138  +16   -6  +22   -6   22  32  0  0 L3B E4
C05 FF 61060 200600  780 180 1238    +6927981    -78          70   +123   20  20  259   -2   -7  -81   -7  -81  13  0  0 L3B 04
C08 FF 61060 200600  780 127  432    +6364705    -96          60    +93   85  20  360  +67   58  -65   58  -65  51  0  0 L3B 12
C13 FF 61060 200600  780 234  475    +2879005   +209          56    +49   39  20  202  +19   21  -20   21  -20  27  0  0 L3B F8
C14 FF 61060 200600  780 309  483    +3212876   +542          93   +121   46  20  157  +24  -18  -69  -18  -69  30  0  0 L3B 3E
C05 FF 61060 202200  780 181 1237    +6927917   -146         199    +55   19  20  257   -2  -81  -10  -81  -10  13  0  0 L3B 37
C08 FF 61060 202200  780 103  454    +6364566   -227         103    -39  106  20  437  +96   48  +17   48   17  68  0  0 L3B 31
C13 FF 61060 202200  780 211  492    +2879149   +156          47     -4   53  20  222  +23   32   +9   32    9  34  0  0 L3B BD
C14 FF 61060 202200  780 256  455    +3213254   +423          66     +2   56  20  186  +38    9  +33    9   33  36  0  0 L3B C2
C05 FF 61060 203800  780 182 1237    +6927682   -192         156     +8   17  20  255   -1  -44  -20  -44  -20  11  0  0 L3B 1F
C13 FF 61060 203800  780 189  513    +2879321   +134          65    -26   44  20  247  +28   41  +29   41   29  28  0  0 L3B 07
C14 FF 61060 203800  780 200  438    +3213691   +299          99   -122   59  20  234  +65   14  +96   14   96  38  0  0 L3B 23
C05 FF 61060 205400  780 183 1236    +6927501   -139         167    +62   22  20  254   -1  -68  -42  -68  -42  14  0  0 L3B 38
C13 FF 61060 205400  780 167  536    +2879428   +181          18    +21   62  20  277  +35   74   -3   74   -3  42  0  0 L3B EF
C14 FF 61060 205400  780 143  430    +3214110   +518         113    +96   64  20  322 +126   46  -26   46  -26  43  0  0 L3B 16
C05 FF 61060 211000  780 184 1236    +6927315   -379         170   -179   21  21  253   -1  -69 +122  -69  122  14  0  0 L3B 60
C13 FF 61060 211000  780 146  562    +2879595   +112          12    -51   35  21  314  +43   77  +33   77   33  28  0  0 L3B FB
C05 FF 61060 212600  780 185 1235    +6927050   -171          97    +29   19  21  252   -1  -18  -14  -18  -14  12  0  0 L3B 20
C06 FF 61060 212600  780 103  788     -368964   +148          90    -95   79  21  442 -137   -6  +48   -6   48  50  0  0 L3B 18
C13 FF 61060 212600  780 126  589    +2879773   +170          33     +8   60  21  361  +55   62   +6   62    6  39  0  0 L3B D7
C16 FF 61060 212600  780 113  758    +8604116   -203         138   -123  154  21  405 -114  -40  +74  -40   74 103  0  0 L3B 5D
C05 FF 61060 214200  780 185 1235    +6926895   -226         134    -26   18  21  251   -1  -40  +10  -40   10  12  0  0 L3B 13
C06 FF 61060 214200  780 134  777     -368696   +412         124   +169  119  21  342  -79  -37  -98  -37  -98  76  0  0 L3B 7A
C13 FF 61060 214200  780 107  618    +2879927   +112          31    -50   84  21  422  +73   76  +24   76   24  55  0  0 L3B 03
C16 FF 61060 214200  780 144  746    +8603956   -118          55    -38   59  21  320  -68    2  +30    2   30  40  0  0 L3B D9
C05 FF 61060 215800  780 186 1235    +6926687   -221         118    -21   21  21  251   -1  -34  +14  -34   14  14  0  0 L3B 1C
C06 FF 61060 215800  780 165  763     -368511   +150          76    -94   80  21  281  -50   -8  +75   -8   75  49  0  0 L3B FD
C09 FF 61060 215800  780 124  895    -2371775   -370          70    -40   57  21  369 -101   -8  +35   -8   35  38  0  0 L3B 1E
C16 FF 61060 215800  780 174  731    +8603877    -82          53     -1   45  21  268  -44   19  +15   19   15  30  0  0 L3B E8
C05 FF 61060 221400  780 186 1235    +6926466   -226          91    -26   13  22  250   +0  -18  +18  -18   18   9  0  0 L3B 08
C06 FF 61060 221400  780 194  748     -368290   +237          53     -8   45  22  242  -34   16   +7   16    7  28  0  0 L3B C3
C09 FF 61060 221400  780 158  885    -2372073   -355          80    -25   41  22  293  -62  -11  +14  -11   14  26  0  0 L3B 13
C16 FF 61060 221400  780 202  715    +8603794    -49          52    +32   36  22  232  -30   38  -13   38  -13  24  0  0 L3B F0
C05 FF 61060 223000  780 186 1234    +6926251   -217          68    -16   15  22  250   +0   -3   +3   -3    3  11  0  0 L3B B3
C06 FF 61060 223000  780 221  731     -368059   +263          50    +18   45  22  214  -24   25  -21   25  -21  30  0  0 L3B DC
C09 FF 61060 223000  780 192  874    -2372408   -338          61     -8   40  22  244  -41   -2   +5   -2    5  25  0  0 L3B B7
C16 FF 61060 223000  780 228  697    +8603692   -110          27    -29   48  22  208  -22   54  +17   54   17  31  0  0 L3B 05
C05 FF 61060 224600  780 186 1235    +6926057   -184          67    +16   15  22  250   +0   -5  -12   -5  -12  10  0  0 L3B F1
C06 FF 61060 224600  780 245  711     -367804   +236          70     -8   47  22  194  -18    3   -8    3   -8  30  0  0 L3B A5
C09 FF 61060 224600  780 224  861    -2372696   -316          90    +13   47  22  211  -29   -6  +17   -6   17  31  0  0 L3B F9
C16 FF 61060 224600  780 251  677    +8603607   -112          21    -31   57  22  190  -16   47   +7   47    7  34  0  0 L3B DF
C05 FF 61060 230200  780 186 1235    +6925889   -179          96    +22   18  23  250   +0  -25  -13  -25  -13  11  0  0 L3B 24
C06 FF 61060 230200  780 267  690     -367596   +300          61    +58   33  23  179  -13    8  -40    8  -40  19  0  0 L3B DE
C09 FF 61060 230200  780 254  846    -2373015   -431          79   -103   36  23  188  -21    2  +64    2   64  21  0  0 L3B E6
C16 FF 61060 230200  780 271  655    +8603523   -107          20    -26   38  23  177  -12   40  +24   40   24  22  0  0 L3B E8
C05 FF 61060 231800  780 186 1235    +6925755   -159         154    +41   17  23  250   +0  -62  -21  -62  -21  12  0  0 L3B 2D
C06 FF 61060 231800  780 286  667     -367360   +243          64     +0   51  23  168  -10   10   +5   10    5  32  0  0 L3B A6
C09 FF 61060 231800  780 283  829    -2373355   -339          55    -10   56  23  170  -16   12   +8   12    8  34  0  0 L3B E4
C16 FF 61060 231800  780 288  631    +8603479    -52          54    +30   59  23  167   -8   22  -11   22  -11  37  0  0 L3B EE
C05 FF 61060 233400  780 186 1235    +6925583   -237         174    -37   22  23  251   +1  -72  +28  -72   28  15  0  0 L3B 32
C06 FF 61060 233400  780 301  643     -367119   +216          73    -27   72  23  160   -7   15  +35   15   35  43  0  0 L3B D2
C09 FF 61060 233400  780 309  809    -2373656   -330          69     -1   51  23  157  -12    4  +16    4   16  31  0  0 L3B C8
C16 FF 61060 233400  780 302  607    +8603407    -58          60    +23   44  23  160   -6   26   +8   26    8  28  0  0 L3B B4
C05 FF 61060 235000  780 185 1235    +6925325   -204         109     -4   16  23  252   +1  -27   +0  -27    0  10  0  0 L3B D6
C06 FF 61060 235000  780 313  617     -366891   +202          67    -41   41  23  155   -5   23  +45   23   45  25  0  0 L3B D2
C09 FF 61060 235000  780 332  787    -2373963   -377          77    -48   42  23  147   -9    2  +44    2   44  26  0  0 L3B E4
C16 FF 61060 235000  780 312  581    +8603325    -82          57     +0   35  23  156   -4   29  +13   29   13  21  0  0 L3B BB
