CGGTTS     GENERIC DATA FORMAT VERSION = 2E
REV DATE = 2026-01-01                    
RCVR = POLARX5-TR                    R2CGGTTS v8.8    
CH = 99 
IMS = POLARX5-TR                    
LAB = PTB                           
X = +3844059.67 m 
Y =  +709661.67 m 
Z = +5023129.80 m 
FRAME = ITRF
COMMENTS =           IGS RINEX,AUSPOS XYZ          
INT DLY =   33.0 ns (BDS B1I),   32.5 ns (BDS B2I)
CAB DLY =  205.7 ns 
REF DLY =   56.2 ns
REF = UTC(PTB)                      
CKSUM = AF

SAT CL  MJD  STTIME TRKL ELV AZTH   REFSV      SRSV     REFSYS    SRSYS  DSG IOE MDTR SMDT MDIO SMDI MSIO SMSI ISG FR HC FRC CK
             hhmmss  s  .1dg .1dg    .1ns     .1ps/s     .1ns    .1ps/s .1ns     .1ns.1ps/s.1ns.1ps/s.1ns.1ps/s.1ns
C05 FF 61064 001000  780 184 1237    +6873128   -138         214    +62   39   0  253   +1  -47  -39  -47  -39  26  0  0 L3B 2D
C06 FF 61064 001000  780 326  567     -303665   +151          85    -94   36   0  150   -1  -38  +50  -38   50  23  0  0 L3B D8
C09 FF 61064 001000  780 370  737    -2459702   -299         105    +31   29   0  134   -5  -39  -26  -39  -26  18  0  0 L3B 1F
C11 FF 61064 001000  780 280 1930    -8384835   -225         160    -75   48   0  171  +40   -9  +51   -9   51  31  0  0 L3B FF
C16 FF 61064 001000  780 319  528    +8582511   -143          58    -63   42   0  152   +0   -4  +28   -4   28  25  0  0 L3B C6
C05 FF 61064 002600  780 183 1237    +6872973   -329         251   -129   29   0  254   +1  -77  +72  -77   72  19  0  0 L3B 46
C06 FF 61064 002600  780 326  542     -303446   +223          68    -22   35   0  149   +1  -30   +6  -30    6  22  0  0 L3B A3
C09 FF 61064 002600  780 384  709    -2460039   -249          84    +80   40   0  130   -4  -25  -48  -25  -48  24  0  0 L3B 09
C11 FF 61064 002600  780 212 1918    -8384984     +4         155   +154   45   0  222  +68   -1  -87   -1  -87  29  0  0 L3B 11
C16 FF 61064 002600  780 317  504    +8582461    -58          85    +22   38   0  153   +2  -19  -16  -19  -16  24  0  0 L3B F3
C05 FF 61064 004200  780 182 1238    +6872678   -205         148     -5   28   0  256   +2  -10  +12  -10   12  18  0  0 L3B F8
C06 FF 61064 004200  780 323  519     -303254   +209          24    -36   34   0  151   +2    9  +29    9   29  20  0  0 L3B 93
C09 FF 61064 004200  780 394  680    -2460347   -285          93    +45   34   0  127   -2  -29  -19  -29  -19  22  0  0 L3B 12
C11 FF 61064 004200  780 147 1907    -8385099   -120         183    +29   47   0  315 +136   -5   -1   -5   -1  30  0  0 L3B FA
C16 FF 61064 004200  780 312  482    +8582402     +5         102    +84   35   0  156   +3  -23  -44  -23  -44  23  0  0 L3B D8
C05 FF 61064 005800  780 181 1239    +6872458   -230         120    -29   28   0  257   +2   22  +23   22   23  19  0  0 L3B F7
C06 FF 61064 005800  780 316  498     -303002   +244          41     -1   44   0  153   +4   -5   +8   -5    8  27  0  0 L3B 77
C09 FF 61064 005800  780 400  651    -2460654   -336         101     -7   51   0  125   -1  -34   +0  -34    0  32  0  0 L3B B1
C16 FF 61064 005800  780 303  463    +8582305    -50          81    +30   35   0  159   +5   -4  -24   -4  -24  22  0  0 L3B BD
C05 FF 61064 011400  780 179 1240    +6872272     -9         122   +191   30   1  259   +2   18 -107   18 -107  20  0  0 L3B 10
C06 FF 61064 011400  780 307  480     -302727   +313         105    +70   38   1  158   +5  -25  -36  -25  -36  24  0  0 L3B F2
C09 FF 61064 011400  780 402  622    -2460979   -374          86    -45   61   1  125   +0  -31  +25  -31   25  38  0  0 L3B F1
C16 FF 61064 011400  780 292  447    +8582245    -33          98    +47   31   1  165   +7  -19  -27  -19  -27  19  0  0 L3B 07
C05 FF 61064 013000  780 178 1241    +6872177   -229         219    -30   50   1  261   +2  -50  -10  -50  -10  30  0  0 L3B 07
C06 FF 61064 013000  780 294  465     -302479   +279         121    +37   24   1  164   +7  -33  -17  -33  -17  16  0  0 L3B FF
C09 FF 61064 013000  780 400  596    -2461291   -192          89   +137   39   1  125   +1  -27  -83  -27  -83  25  0  0 L3B 1F
C16 FF 61064 013000  780 277  434    +8582183   -197         112   -117   31   1  173   +9  -25  +76  -25   76  19  0  0 L3B 27
C05 FF 61064 014600  780 176 1242    +6871690   -203         -76     -4   45   1  263   +2  120  -10  120  -10  31  0  0 L3B FC
C06 FF 61064 014600  780 279  453     -302238   +192         129    -50   43   1  171   +9  -39  +37  -39   37  27  0  0 L3B 02
C09 FF 61064 014600  780 395  571    -2461596   -375         100    -46   35   1  127   +2  -35  +32  -35   32  22  0  0 L3B 07
C16 FF 61064 014600  780 261  425    +8582116    -85         122     -5   26   1  182  +11  -30   +6  -30    6  18  0  0 L3B C2
C05 FF 61064 020200  780 175 1243    +6871676   -102         104    +98   37   2  265   +2    6  -16    6  -16  24  0  0 L3B E5
C06 FF 61064 020200  780 263  446     -301978   +229         162    -13   45   2  181  +12  -53  +19  -53   19  26  0  0 L3B 02
C09 FF 61064 020200  780 386  550    -2461924   -240          97    +90   29   2  129   +3  -28  -60  -28  -60  17  0  0 L3B 0B
C16 FF 61064 020200  780 243  420    +8582017   -222          98   -143   29   2  195  +14  -13  +91  -13   91  20  0  0 L3B 0C
C05 FF 61064 021800  780 173 1244    +6871542   +185         163   +385   36   2  268   +3  -10 -286  -10 -286  23  0  0 L3B 64
C06 FF 61064 021800  780 244  441     -301800    +91         108   -150   37   2  194  +15  -19  +90  -19   90  23  0  0 L3B F9
C09 FF 61064 021800  780 374  533    -2462224   -399         114    -70   35   2  133   +4  -37  +45  -37   45  22  0  0 L3B 0B
C16 FF 61064 021800  780 224  417    +8581922   -121          80    -41   30   2  210  +18    0  +24    0   24  20  0  0 L3B A4
C05 FF 61064 023400  780 171 1245    +6871291   -277         104    -77   48   2  270   +3    0  +37    0   37  32  0  0 L3B D6
C06 FF 61064 023400  780 225  441     -301573   +356         103   +114   33   2  210  +18  -12  -74  -12  -74  20  0  0 L3B 00
C09 FF 61064 023400  780 360  519    -2462575   -320          80     +9   28   2  137   +5  -16   -3  -16   -3  17  0  0 L3B CB
C16 FF 61064 023400  780 204  419    +8581861    -15          95    +64   30   2  230  +23   -6  -38   -6  -38  21  0  0 L3B DD
C05 FF 61064 025000  780 170 1246    +6871177   -380         182   -179   39   2  273   +3  -30 +156  -30  156  25  0  0 L3B 54
C06 FF 61064 025000  780 204  444     -301345   +195          98    -47   50   2  229  +23   -6  +40   -6   40  32  0  0 L3B C1
C09 FF 61064 025000  780 345  510    -2462917   -327          55     +2   36   2  142   +6    0   +2    0    2  23  0  0 L3B 65
C16 FF 61064 025000  780 182  423    +8581787   -176          98    -96   41   2  255  +29   -7  +52   -7   52  28  0  0 L3B 05
C05 FF 61064 030600  780 168 1247    +6870833   -662          37   -461   39   3  276   +3   65 +236   65  236  27  0  0 L3B 42
C06 FF 61064 030600  780 183  450     -301144   +213          56    -30   51   3  254  +29   17  +25   17   25  32  0  0 L3B C2
C09 FF 61064 030600  780 327  505    -2463231   -422          58    -92   34   3  149   +8    0  +55    0   55  21  0  0 L3B B1
C14 FF 61064 030600  780 467 1079    +3333087   +392          85    -25   39   3  111  +12  -53  +25  -53   25  25  0  0 L3B 1A
C16 FF 61064 030600  780 161  431    +8581667    +57          59   +137   63   3  287  +38   28  -82   28  -82  39  0  0 L3B 20
C05 FF 61064 032200  780 166 1248    +6870689   +163          86   +364   34   3  279   +3   20 -232   20 -232  21  0  0 L3B 33
C06 FF 61064 032200  780 162  459     -300899   +296          67    +53   43   3  285  +37   13  -37   13  -37  25  0  0 L3B F9
C09 FF 61064 032200  780 308  504    -2463497   -275         108    +55   32   3  157   +9  -31  -27  -31  -27  21  0  0 L3B 17
C14 FF 61064 032200  780 406 1126    +3333512   +389         109    -29   56   3  124  +16  -59  +26  -59   26  33  0  0 L3B 2E
C16 FF 61064 032200  780 139  442    +8581582    -46          51    +34   58   3  329  +51   37  -20   37  -20  36  0  0 L3B EE
C05 FF 61064 033800  780 164 1250    +6870650   -290         240    -89   26   3  282   +3  -72  +71  -72   71  17  0  0 L3B 21
C06 FF 61064 033800  780 140  471     -300655   +130          78   -113   53   3  326  +49    6  +72    6   72  35  0  0 L3B C4
C09 FF 61064 033800  780 289  506    -2463833   -248          88    +82   63   3  166  +11  -16  -46  -16  -46  39  0  0 L3B 37
C14 FF 61064 033800  780 345 1169    +3333901   +514          98    +97   52   3  142  +22  -45  -50  -45  -50  31  0  0 L3B 26
C16 FF 61064 033800  780 117  456    +8581504    -68          50    +12   35   3  387  +70   36   +5   36    5  25  0  0 L3B C2
C05 FF 61064 035400  780 162 1251    +6870392   -558         174   -357   34   3  286   +4  -23 +229  -23  229  21  0  0 L3B 5D
C06 FF 61064 035400  780 119  485     -300406   +332          94    +89   64   3  382  +67   -1  -65   -1  -65  42  0  0 L3B E8
C09 FF 61064 035400  780 269  512    -2464127   -364         111    -35   40   3  178  +13  -27  +19  -27   19  25  0  0 L3B 1F
C14 FF 61064 035400  780 285 1210    +3334302   +399          98    -19   53   3  168  +33  -35  +22  -35   22  32  0  0 L3B 16
C05 FF 61064 041000  780 160 1252    +6870147   -251         124    -50   41   4  289   +4    7  +16    7   16  28  0  0 L3B D1
C09 FF 61064 041000  780 248  521    -2464433   -310         126    +21   41   4  191  +15  -35   -3  -35   -3  27  0  0 L3B EB
C14 FF 61064 041000  780 226 1247    +3334713   +439         102    +21   56   4  209  +53  -24   +0  -24    0  37  0  0 L3B E9
C05 FF 61064 043800  780 156 1254    +6869765   -552          79   -351   37   4  295   +4   36 +194   36  194  23  0  0 L3B 50
C09 FF 61064 043800  780 213  545    -2464987   -382         127    -52   55   4  221  +21  -34  +30  -34   30  34  0  0 L3B 1A
C14 FF 61064 043800  780 123 1306    +3335411   +443          96    +25   98   4  373 +173    3   +7    3    7  63  0  0 L3B CA
C05 FF 61064 045400  780 154 1255    +6869675    -40         182   +161   39   4  299   +4  -40  -89  -40  -89  30  0  0 L3B 46
C09 FF 61064 045400  780 192  562    -2465337   -387          94    -57   51   4  242  +25   -8  +47   -8   47  34  0  0 L3B 05
C05 FF 61064 051000  780 152 1257    +6869487   -498         187   -297   33   5  303   +4  -23 +225  -23  225  21  0  0 L3B 62
C07 FF 61064 051000  780 138  746    -4787017   -139          87   +104   64   5  332  -58  -11  -56  -11  -56  42  0  0 L3B 37
C09 FF 61064 051000  780 172  582    -2465616   -305         122    +24   60   5  269  +30  -26  -18  -26  -18  38  0  0 L3B 29
C10 FF 61064 051000  780 135  887     -237331   +147         100    -64   32   5  340  -72   -3  +43   -3   43  21  0  0 L3B C9
C05 FF 61064 052600  780 150 1258    +6869255   -104         148    +97   43   5  307   +4    9  -21    9  -21  28  0  0 L3B F7
C07 FF 61064 052600  780 162  732    -4787241   -183          96    +59   69   5  286  -40  -12  -37  -12  -37  42  0  0 L3B 31
C09 FF 61064 052600  780 153  603    -2465940   -369         114    -40   59   5  301  +38  -15  +38  -15   38  41  0  0 L3B 22
C10 FF 61064 052600  780 164  876     -237150   +361          78   +149   40   5  283  -48   14  -92   14  -92  28  0  0 L3B 0D
C05 FF 61064 054200  780 148 1259    +6869085   -270         172    -69   40   5  311   +4   25  +64   25   64  25  0  0 L3B 10
C07 FF 61064 054200  780 184  716    -4787480   -190          89    +53   60   5  254  -28   -3  -16   -3  -16  38  0  0 L3B 0B
C09 FF 61064 054200  780 134  627    -2466281   -322          90     +7   68   5  342  +47   13  +10   13   10  41  0  0 L3B D0
C10 FF 61064 054200  780 192  863     -236894   +228         130    +17   44   5  244  -34  -23   -8  -23   -8  30  0  0 L3B F0
C05 FF 61064 055800  780 146 1260    +6868824   -149         103    +52   56   5  314   +4   83  -33   83  -33  35  0  0 L3B 1C
C07 FF 61064 055800  780 203  699    -4787686   -259         116    -16   56   5  231  -20  -12  +32  -12   32  36  0  0 L3B 2D
C09 FF 61064 055800  780 115  653    -2466590   -362          96    -33   64   5  394  +62   27  +52   27   52  43  0  0 L3B 0B
C10 FF 61064 055800  780 218  849     -236717   +124         104    -87   56   5  217  -25    4  +74    4   74  34  0  0 L3B DB
C05 FF 61064 061400  780 144 1261    +6868806    -74         276   +127   38   6  318   +4  -30  -57  -30  -57  25  0  0 L3B 39
C07 FF 61064 061400  780 220  681    -4787933   -171         102    +72   60   6  214  -15    5  -42    5  -42  37  0  0 L3B E8
C10 FF 61064 061400  780 242  834     -236517   +171          84    -42   30   6  196  -18   17  +32   17   32  18  0  0 L3B D8
C05 FF 61064 063000  780 142 1262    +6868594   -335         257   -134   28   6  322   +4   44 +128   44  128  20  0  0 L3B 3D
C07 FF 61064 063000  780 235  662    -4788189   -214          79    +29   52   6  202  -11   26   -7   26   -7  32  0  0 L3B E9
C10 FF 61064 063000  780 264  817     -236302   +224          94    +10   44   6  181  -14   16   -1   16   -1  28  0  0 L3B AD
C05 FF 61064 064600  780 141 1263    +6868244   -249         100    -49   25   6  326   +4  203  +68  203   68  17  0  0 L3B 2F
C07 FF 61064 064600  780 246  642    -4788378   -217         123    +26   99   6  193   -8   11   +2   11    2  60  0  0 L3B DC
C10 FF 61064 064600  780 284  798     -236081   +251         110    +37   56   6  169  -11   13  -26   13  -26  37  0  0 L3B FE
C05 FF 61064 070200  780 139 1264    +6868000   -138          51    +63   37   7  330   +4  257  -15  257  -15  24  0  0 L3B 20
C07 FF 61064 070200  780 255  622    -4788609   -304         118    -62   43   7  187   -5   22  +56   22   56  25  0  0 L3B 00
C10 FF 61064 070200  780 302  778     -235883   +107         112   -106   48   7  160   -8   27  +88   27   88  30  0  0 L3B F9
C12 FF 61064 070200  780 112  509     -286961   -372         104    -68   88   7  406  -73   77  +51   77   51  57  0  0 L3B 0B
C05 FF 61064 071800  780 137 1265    +6867846    -89          90   +112   35   7  333   +4  261  -44  261  -44  24  0  0 L3B 35
C07 FF 61064 071800  780 261  603    -4788843   -199         116    +42   55   7  183   -3   36  -11   36  -11  34  0  0 L3B 0D
C10 FF 61064 071800  780 317  757     -235685   +207         106     -6   36   7  153   -6   45  +13   45   13  23  0  0 L3B CD
C12 FF 61064 071800  780 128  451     -287235   -321         122    -16   93   7  357  -32   68  +24   68   24  58  0  0 L3B 00
C05 FF 61064 073400  780 136 1266    +6867710   -126         147    +76   30   7  337   +4  237  -34  237  -34  20  0  0 L3B 3C
C07 FF 61064 073400  780 263  584    -4789092   -220         100    +21   48   7  181   -1   58   -4   58   -4  29  0  0 L3B E7
C10 FF 61064 073400  780 329  735     -235472   +184         115    -29   45   7  148   -4   49  +31   49   31  28  0  0 L3B EC
C11 FF 61064 073400  780 120  894    -8388788    -86         129    +59   86   7  382 -136  170  -69  170  -69  54  0  0 L3B 71
C12 FF 61064 073400  780 135  392     -287554   -277          96    +28   84   7  340   -5   91   -9   91   -9  50  0  0 L3B D6
C05 FF 61064 075000  780 134 1266    +6867528   -344         158   -143   31   7  340   +3  263 +118  263  118  23  0  0 L3B 62
C07 FF 61064 075000  780 263  565    -4789284   -253         140    -11   37   7  181   +1   42  +28   42   28  22  0  0 L3B F6
C10 FF 61064 075000  780 338  713     -235264   +185         120    -28   43   7  145   -3   53  +28   53   28  26  0  0 L3B DB
C11 FF 61064 075000  780 161  844    -8388960   -234          96    -89   66   7  288  -69  168  +25  168   25  40  0  0 L3B 4C
C12 FF 61064 075000  780 132  334     -287817   -334         124    -29   56   7  347  +20   77  +21   77   21  38  0  0 L3B F8
C05 FF 61064 080600  780 133 1267    +6867339   +184         161   +385   30   8  343   +3  287 -233  287 -233  20  0  0 L3B 7B
C07 FF 61064 080600  780 260  549    -4789525   -316         135    -73   42   8  183   +3   65  +66   65   66  27  0  0 L3B 15
C10 FF 61064 080600  780 343  691     -235045   +211         116     -4   41   8  143   -2   51  +11   51   11  25  0  0 L3B A7
C11 FF 61064 080600  780 197  788    -8389093   -154          96     -9   64   8  238  -39  147  -25  147  -25  44  0  0 L3B 49
C12 FF 61064 080600  780 119  278     -288105   -383         148    -76   78   8  381  +54   87  +80   87   80  46  0  0 L3B 1E
C05 FF 61064 082200  780 132 1267    +6867273   -207         288     -6   32   8  346   +3  216  +32  216   32  22  0  0 L3B 17
C07 FF 61064 082200  780 254  534    -4789791   -152         102    +90   47   8  187   +5  109  -40  109  -40  27  0  0 L3B 32
C10 FF 61064 082200  780 346  670     -234885   +171          70    -43   36   8  142   +0   90  +37   90   37  22  0  0 L3B C9
C11 FF 61064 082200  780 225  726    -8389231   -206          97    -61   55   8  210  -22  129  +24  129   24  38  0  0 L3B 1E
C05 FF 61064 083800  780 131 1268    +6867006   -408         214   -207   30   8  349   +3  289 +150  289  150  20  0  0 L3B 68
C07 FF 61064 083800  780 246  522    -4789961   -243         165     -1   37   8  193   +7   85  +16   85   16  23  0  0 L3B 01
C10 FF 61064 083800  780 346  650     -234650   +282          99    +68   33   8  142   +1   80  -29   80  -29  20  0  0 L3B E2
C11 FF 61064 083800  780 244  661    -8389370   -282          97   -137   70   8  195  -11  129  +72  129   72  42  0  0 L3B 48
C05 FF 61064 085400  780 130 1268    +6866705   -279         106    -78   33   8  351   +2  371  +65  371   65  21  0  0 L3B 3C
C07 FF 61064 085400  780 235  512    -4790223   -161         135    +82   41   8  201   +9  121  -36  121  -36  24  0  0 L3B 13
C10 FF 61064 085400  780 342  631     -234468   +132          75    -83   59   8  143   +2  105  +62  105   62  35  0  0 L3B EC
C11 FF 61064 085400  780 252  593    -8389499   -144         108     +1   55   8  189   -2  123   +7  123    7  34  0  0 L3B F6
C05 FF 61064 091000  780 129 1268    +6866488   -159          78    +42   26   9  353   +2  396  -31  396  -31  17  0  0 L3B 48
C07 FF 61064 091000  780 223  504    -4790477   -226         109    +16   51   9  211  +12  150  +17  150   17  32  0  0 L3B 14
C10 FF 61064 091000  780 336  615     -234265   +354          89   +141   36   9  145   +3  119  -80  119  -80  22  0  0 L3B 0D
C11 FF 61064 091000  780 249  526    -8389672   -146         112     +4   87   9  191   +6  147   +5  147    5  54  0  0 L3B F5
C05 FF 61064 092600  780 128 1269    +6866316   -176         100    +25   36   9  355   +2  393  +19  393   19  25  0  0 L3B 40
C07 FF 61064 092600  780 209  500    -4790685   -295         133    -54   33   9  225  +15  159  +55  159   55  20  0  0 L3B 3E
C10 FF 61064 092600  780 328  601     -234035   +248         115    +35   30   9  149   +4  112  -12  112  -12  18  0  0 L3B F1
C11 FF 61064 092600  780 235  463    -8389800    -69         127    +81   64   9  201  +16  146  -25  146  -25  39  0  0 L3B 37
C05 FF 61064 094200  780 128 1269    +6866165   -202         140     -1   26   9  357   +1  389  +12  389   12  20  0  0 L3B 1D
C07 FF 61064 094200  780 193  498    -4790897   -312         154    -71   26   9  241  +20  170  +66  170   66  18  0  0 L3B 44
C10 FF 61064 094200  780 317  591     -233888   +282          57    +69   52   9  153   +5  157  -20  157  -20  32  0  0 L3B 0A
C11 FF 61064 094200  780 211  406    -8389932   -135         139    +14   77   9  223  +30  156  +28  156   28  48  0  0 L3B 38
C05 FF 61064 095800  780 127 1269    +6865967   -204         135     -3   34   9  358   +1  380  -46  380  -46  23  0  0 L3B 42
C07 FF 61064 095800  780 177  499    -4791203   -309          80    -67   60   9  262  +25  238  +74  238   74  36  0  0 L3B 43
C10 FF 61064 095800  780 305  583     -233687   +229          54    +16   26   9  159   +6  177  +19  177   19  16  0  0 L3B 11
C11 FF 61064 095800  780 178  357    -8390082    -71         133    +79   84   9  262  +53  184  -10  184  -10  54  0  0 L3B 3A
C05 FF 61064 101400  780 127 1269    +6865772   -202         136     -1   45  10  358   +1  376  +29  376   29  31  0  0 L3B 2F
C07 FF 61064 101400  780 159  503    -4791348    -83         154   +158   39  10  289  +32  213  -62  213  -62  24  0  0 L3B 4C
C10 FF 61064 101400  780 291  579     -233450   +268         107    +58   35  10  165   +8  169  -25  169  -25  22  0  0 L3B 25
C11 FF 61064 101400  780 138  316    -8390223   -211         143    -61   63  10  334 +102  216  +61  216   61  39  0  0 L3B 2C
C05 FF 61064 103000  780 127 1269    +6865576   -164         134    +37   30  10  359   +0  385  -60  385  -60  19  0  0 L3B 50
C07 FF 61064 103000  780 142  509    -4791604   -235         128     +5   68  10  324  +41  257  +32  257   32  43  0  0 L3B 1E
C10 FF 61064 103000  780 276  578     -233277   +164          77    -47   29  10  174   +9  205  +52  205   52  19  0  0 L3B 06
C05 FF 61064 104600  780 127 1268    +6865367   -301         118   -100   35  10  358   +0  381  +96  381   96  22  0  0 L3B 51
C07 FF 61064 104600  780 123  518    -4791842   -118         121   +123   48  10  369  +54  278  -60  278  -60  31  0  0 L3B 61
C10 FF 61064 104600  780 260  579     -233079   +224          74    +14   40  10  183  +11  226   +5  226    5  25  0  0 L3B DA
C05 FF 61064 110200  780 127 1268    +6865088   -235          28    -34   21  11  358   -1  476  +57  476   57  15  0  0 L3B 3B
C07 FF 61064 110200  780 104  529    -4792072   -247         128     -6   79  11  431  +75  282  +17  282   17  55  0  0 L3B 32
C10 FF 61064 110200  780 243  584     -232887   +230          63    +19   31  11  195  +13  244   -9  244   -9  19  0  0 L3B F6
C05 FF 61064 111800  780 128 1268    +6864875   -117           8    +84   25  11  357   -1  526  -48  526  -48  18  0  0 L3B 43
C10 FF 61064 111800  780 225  591     -232649   +183          98    -28   44  11  209  +16  233  +39  233   39  28  0  0 L3B 1E
C05 FF 61064 113400  780 128 1267    +6864820   -109         145    +91   32  11  356   -1  418 -104  418 -104  23  0  0 L3B 62
C10 FF 61064 113400  780 208  601     -232451   +154          94    -57   44  11  226  +19  236  +33  236   33  27  0  0 L3B 03
C05 FF 61064 115000  780 129 1267    +6864543   -422          61   -221   35  11  354   -2  445 +140  445  140  24  0  0 L3B 4F
C10 FF 61064 115000  780 190  614     -232250   +256          92    +45   49  11  246  +23  238  -27  238  -27  31  0  0 L3B 14
C05 FF 61064 120600  780 130 1266    +6864385   -126          91    +74   23  12  352   -2  429  -50  429  -50  15  0  0 L3B 33
C10 FF 61064 120600  780 172  629     -232021   +207         113     -5   54  12  270  +28  226  +10  226   10  36  0  0 L3B EB
C05 FF 61064 122200  780 130 1266    +6864217    -45         115   +155   26  12  350   -3  403  -84  403  -84  17  0  0 L3B 3A
C10 FF 61064 122200  780 154  646     -231840   +217          90     +6   53  12  299  +34  251   +7  251    7  34  0  0 L3B D1
C05 FF 61064 123800  780 131 1265    +6864115   -175         206    +25   30  12  348   -3  348  -62  348  -62  21  0  0 L3B 44
C10 FF 61064 123800  780 136  665     -231658   +241          69    +29   70  12  336  +43  262  -17  262  -17  45  0  0 L3B 26
C05 FF 61064 125400  780 133 1264    +6863812   -240          95    -40   21  12  345   -3  379  -12  379  -12  16  0  0 L3B 33
C08 FF 61064 125400  780 116  822    +6305488   -172         115    +11   43  12  396 -132  237  -38  237  -38  30  0  0 L3B 5A
C10 FF 61064 125400  780 118  685     -231429   +202          95    -10   49  12  383  +55  244   +9  244    9  34  0  0 L3B F2
C05 FF 61064 131000  780 134 1263    +6863606   -163          83    +38   44  13  342   -3  348  -73  348  -73  31  0  0 L3B 39
C08 FF 61064 131000  780 154  811    +6305312   -194         118    -10   46  13  301  -74  199  -47  199  -47  31  0  0 L3B 47
C10 FF 61064 131000  780 101  707     -231229   +185         100    -26   49  13  444  +73  242   +4  242    4  34  0  0 L3B E1
C13 FF 61064 131000  780 131  910    +2931463    +66          60    -99   43  13  351 -103  250  +15  250   15  32  0  0 L3B 0A
C05 FF 61064 132600  780 135 1262    +6863338   -108           8    +93   34  13  338   -4  362  -80  362  -80  24  0  0 L3B 2A
C08 FF 61064 132600  780 192  799    +6305104   -114          85    +70   48  13  245  -46  184 -112  184 -112  33  0  0 L3B 5D
C13 FF 61064 132600  780 170  901    +2931616   +198          55    +33   46  13  274  -61  220  -68  220  -68  31  0  0 L3B 32
C05 FF 61064 134200  780 137 1262    +6863256   -377         118   -177   31  13  335   -4  263  +93  263   93  21  0  0 L3B 58
C08 FF 61064 134200  780 227  784    +6304956   -123         115    +61   51  13  208  -31  131  -75  131  -75  31  0  0 L3B 3D
C13 FF 61064 134200  780 207  890    +2931757   +160          37     -5   42  13  227  -40  189  -29  189  -29  27  0  0 L3B 36
C05 FF 61064 135800  780 138 1261    +6863040   -232          95    -32   39  13  331   -4  269  +33  269   33  27  0  0 L3B 30
C08 FF 61064 135800  780 261  766    +6304768   -233         103    -49   48  13  183  -22  122  +28  122   28  31  0  0 L3B 3F
C13 FF 61064 135800  780 244  876    +2931911   +150          32    -15   36  13  195  -28  165   -2  165   -2  24  0  0 L3B 11
C05 FF 61064 141400  780 140 1260    +6862712     +3         -42   +204   51  14  327   -4  358 -142  358 -142  36  0  0 L3B 43
C08 FF 61064 141400  780 293  745    +6304599   -157         110    +27   53  14  165  -16   97  -41   97  -41  33  0  0 L3B 36
C13 FF 61064 141400  780 279  860    +2932074   +193          41    +28   56  14  172  -20  143  -58  143  -58  34  0  0 L3B 3A
C05 FF 61064 143000  780 142 1259    +6862767   -262         206    -61   36  14  323   -4  152  +21  152   21  25  0  0 L3B 2C
C08 FF 61064 143000  780 322  720    +6304414   -266         101    -82   49  14  151  -12   78  +38   78   38  31  0  0 L3B 11
C13 FF 61064 143000  780 312  841    +2932228   +174          36     +9   65  14  156  -15  127  -15  127  -15  40  0  0 L3B 17
C05 FF 61064 144600  780 144 1258    +6862419   -338          49   -138   32  14  320   -4  257 +117  257  117  19  0  0 L3B 70
C08 FF 61064 144600  780 347  692    +6304232   -172          96    +12   47  14  142   -9   71   -7   71   -7  29  0  0 L3B E9
C13 FF 61064 144600  780 342  819    +2932377   +286          28   +121   36  14  143  -11  109  -92  109  -92  22  0  0 L3B 4B
C05 FF 61064 150200  780 146 1257    +6862213   -164          37    +36   34  15  316   -4  251  -88  251  -88  23  0  0 L3B 3B
C08 FF 61064 150200  780 368  661    +6304082   -202         112    -19   43  15  134   -6   39   -1   39   -1  27  0  0 L3B E1
C13 FF 61064 150200  780 370  793    +2932565   +163          72     +0   38  15  134   -8   75  -28   75  -28  24  0  0 L3B F7
C05 FF 61064 151800  780 148 1255    +6862089   -181         105    +19   26  15  312   -4  173  -69  173  -69  19  0  0 L3B 5F
C08 FF 61064 151800  780 385  627    +6303917   -235         122    -52   60  15  129   -4   18  +26   18   26  36  0  0 L3B 0D
C13 FF 61064 151800  780 394  764    +2932721   +198          73    +35   34  15  127   -6   55  -29   55  -29  22  0  0 L3B 15
C05 FF 61064 153400  780 150 1254    +6861979   -113         187    +87   26  15  308   -4   88  -60   88  -60  19  0  0 L3B 43
C08 FF 61064 153400  780 397  592    +6303742   -150         122    +33   51  15  126   -3    8  -28    8  -28  31  0  0 L3B EC
C13 FF 61064 153400  780 414  731    +2932872    +83          67    -80   31  15  122   -5   52  +48   52   48  19  0  0 L3B E5
C05 FF 61064 155000  780 152 1253    +6861787   -112         188    +89   29  15  304   -4   67  -95   67  -95  18  0  0 L3B 49
C08 FF 61064 155000  780 404  555    +6303531   -246          86    -63   54  15  124   -1   20  +33   20   33  33  0  0 L3B DC
C13 FF 61064 155000  780 430  696    +2933012   +156          51     -7   26  15  118   -3   48  -10   48  -10  17  0  0 L3B DF
C05 FF 61064 160600  780 154 1252    +6861552   -439         149   -238   39  16  300   -4   62 +144   62  144  25  0  0 L3B 52
C08 FF 61064 160600  780 406  519    +6303340   -137          82    +47   54  16  124   +0   24  -39   24  -39  35  0  0 L3B FC
C13 FF 61064 160600  780 441  658    +2933185   +208          50    +43   28  16  116   -2   32  -31   32  -31  18  0  0 L3B F0
C05 FF 61064 162200  780 156 1251    +6861238   -186          29    +15   53  16  296   -4  127  -42  127  -42  34  0  0 L3B 3C
C08 FF 61064 162200  780 403  484    +6303201   -135         121    +49   41  16  125   +2   -3  -22   -3  -22  25  0  0 L3B E0
C13 FF 61064 162200  780 446  621    +2933344   +104          51    -61   27  16  115   -1   27  +36   27   36  18  0  0 L3B E4
C05 FF 61064 163800  780 158 1250    +6861256    -82         239   +119   34  16  292   -4  -15  -64  -15  -64  22  0  0 L3B 49
C08 FF 61064 163800  780 395  453    +6303040   -300         136   -116   42  16  127   +3  -16  +68  -16   68  27  0  0 L3B 2E
C13 FF 61064 163800  780 447  584    +2933509   +189          57    +25   33  16  115   +0   17  -15   17  -15  22  0  0 L3B 04
C05 FF 61064 165400  780 160 1249    +6860996   -102         173    +99   45  16  289   -4   28  -92   28  -92  29  0  0 L3B 4E
C08 FF 61064 165400  780 382  426    +6302834   -233         106    -49   33  16  130   +4   -5  +20   -5   20  21  0  0 L3B E2
C13 FF 61064 165400  780 443  549    +2933658   +237          48    +72   32  16  115   +1   15  -52   15  -52  19  0  0 L3B 04
C05 FF 61064 171000  780 162 1248    +6860782   -361         151   -160   30  17  285   -4   31 +107   31  107  21  0  0 L3B 39
C08 FF 61064 171000  780 367  403    +6302693   -185         141     -2   38  17  135   +6  -34   +0  -34    0  24  0  0 L3B D6
C13 FF 61064 171000  780 435  518    +2933790   +194          29    +29   30  17  117   +2   26  -27   26  -27  18  0  0 L3B 03
C05 FF 61064 172600  780 164 1247    +6860525   -259          86    -59   33  17  282   -3   82  +59   82   59  22  0  0 L3B 28
C08 FF 61064 172600  780 348  386    +6302524   -129         149    +55   41  17  141   +7  -44  -43  -44  -43  27  0  0 L3B 35
C13 FF 61064 172600  780 423  491    +2933968   +148          49    -16   24  17  120   +3    3   +9    3    9  15  0  0 L3B AF
C05 FF 61064 174200  780 166 1245    +6860456    +59         210   +260   24  17  278   -3   18 -199   18 -199  13  0  0 L3B 5E
C08 FF 61064 174200  780 327  374    +6302322   -313         123   -129   49  17  149   +9  -33  +73  -33   73  31  0  0 L3B 30
C13 FF 61064 174200  780 408  470    +2934134   +152          57    -12   24  17  123   +4   -3   +8   -3    8  14  0  0 L3B B0
C05 FF 61064 175800  780 168 1244    +6860098   -416          45   -215   40  17  275   -3   72  +76   72   76  26  0  0 L3B 33
C08 FF 61064 175800  780 304  366    +6302122   -157          99    +27   39  17  159  +11  -25  -21  -25  -21  24  0  0 L3B 2C
C13 FF 61064 175800  780 390  454    +2934286   +143          51    -21   35  17  128   +5   -6   +5   -6    5  23  0  0 L3B C3
C05 FF 61064 181400  780 170 1243    +6859983   -227         118    -27   40  18  272   -3   12  +38   12   38  26  0  0 L3B 1F
C08 FF 61064 181400  780 280  364    +6301979    -99         124    +84   43  18  171  +14  -45  -62  -45  -62  26  0  0 L3B 3F
C13 FF 61064 181400  780 369  443    +2934483   +254          94    +90   29  18  134   +7  -39  -59  -39  -59  19  0  0 L3B 42
C05 FF 61064 183000  780 172 1242    +6859858    -78         186   +123   28  18  270   -3  -23  -74  -23  -74  19  0  0 L3B 56
C08 FF 61064 183000  780 255  366    +6301771   -282          92    -99   43  18  187  +18  -34  +63  -34   63  29  0  0 L3B 3A
C13 FF 61064 183000  780 348  437    +2934623    +51          78   -112   23  18  141   +8  -30  +60  -30   60  15  0  0 L3B FA
C05 FF 61064 184600  780 174 1242    +6859513   -714          33   -514   26  18  267   -3   78 +360   78  360  17  0  0 L3B 56
C08 FF 61064 184600  780 229  372    +6301587   -211          83    -28   56  18  206  +22  -33  +11  -33   11  33  0  0 L3B 16
C13 FF 61064 184600  780 325  437    +2934778   +170          75     +7   35  18  150  +10  -31   +0  -31    0  23  0  0 L3B D8
C05 FF 61064 190200  780 175 1241    +6859375   +379          83   +579   32  19  265   -2   47 -383   47 -383  21  0  0 L3B 6F
C08 FF 61064 190200  780 204  382    +6301450   -205         121    -22   37  19  230  +28  -63   +8  -63    8  25  0  0 L3B FA
C13 FF 61064 190200  780 302  440    +2934924   +169          71     +7   30  19  160  +12  -28   -5  -28   -5  21  0  0 L3B E5
C05 FF 61064 191800  780 177 1240    +6859370   -171         270    +29   34  19  262   -2  -68  -12  -68  -12  21  0  0 L3B 47
C08 FF 61064 191800  780 178  396    +6301254   -201         101    -18   49  19  260  +36  -46  +12  -46   12  30  0  0 L3B 2A
C13 FF 61064 191800  780 279  448    +2935102   +137          93    -26   34  19  172  +14  -42  +20  -42   20  23  0  0 L3B 16
C05 FF 61064 193400  780 179 1239    +6859073   -204         165     -4   28  19  260   -2  -11   -6  -11   -6  18  0  0 L3B 0F
C08 FF 61064 193400  780 153  412    +6301070   -161          92    +22   71  19  300  +48  -34   -5  -34   -5  43  0  0 L3B F3
C13 FF 61064 193400  780 255  459    +2935265   +187          98    +24   39  19  186  +16  -43   -5  -43   -5  25  0  0 L3B 25
C05 FF 61064 195000  780 180 1238    +6858818   -360         101   -161   22  19  258   -2   22  +93   22   93  14  0  0 L3B 2B
C08 FF 61064 195000  780 129  432    +6300903   -145         101    +38   69  19  354  +65  -34  -39  -34  -39  42  0  0 L3B 46
C13 FF 61064 195000  780 232  474    +2935393   +230          71    +67   30  19  203  +19  -24  -38  -24  -38  20  0  0 L3B 25
C05 FF 61064 200600  780 181 1238    +6858669    -95         144   +105   19  20  257   -2  -11  -68  -11  -68  13  0  0 L3B 46
C08 FF 61064 200600  780 105  454    +6300754   -179         150     +7   92  20  428  +92  -53   +3  -53    3  55  0  0 L3B F3
C13 FF 61064 200600  780 209  492    +2935554   +235          75    +72   34  20  224  +23  -28  -48  -28  -48  23  0  0 L3B 2D
C05 FF 61064 202200  780 182 1237    +6858517   -215         185    -15   21  20  255   -1  -31  +24  -31   24  14  0  0 L3B 19
C13 FF 61064 202200  780 187  513    +2935722   +164          86     +1   32  20  249  +29  -31   +7  -31    7  21  0  0 L3B D6
C05 FF 61064 203800  780 183 1236    +6858323   -208         182     -8   17  20  254   -1  -29   -1  -29   -1  12  0  0 L3B 01
C13 FF 61064 203800  780 166  536    +2935866   +178          74    +15   50  20  279  +35  -29   -1  -29   -1  36  0  0 L3B 16
C05 FF 61064 205400  780 184 1236    +6858206   -212         257    -12   25  20  253   -1  -74  +24  -74   24  16  0  0 L3B 26
C13 FF 61064 205400  780 145  561    +2936018   +189          69    +26   50  20  317  +44  -20  -11  -20  -11  34  0  0 L3B 14
C05 FF 61064 211000  780 185 1236    +6857954   -257         194    -57   22  21  252   -1  -23  +42  -23   42  14  0  0 L3B 2A
C06 FF 61064 211000  780 102  790     -285410    +28          85   -215   85  21  445 -139  -15 +146  -15  146  53  0  0 L3B 3B
C13 FF 61064 211000  780 125  589    +2936211   +184         108    +21   57  21  365  +57  -45   -7  -45   -7  38  0  0 L3B 1B
C05 FF 61064 212600  780 186 1235    +6857763   -194         195     +6   28  21  251   -1  -22   -5  -22   -5  19  0  0 L3B 0D
C06 FF 61064 212600  780 134  779     -285200   +410          62   +167   73  21  343  -80   -3 -134   -3 -134  49  0  0 L3B 22
C13 FF 61064 212600  780 105  618    +2936374   +141         115    -21   67  21  428  +75  -50   +5  -50    5  45  0  0 L3B 00
C16 FF 61064 212600  780 144  743    +8576456   -187          78   -107   46  21  320  -67  -23  +66  -23   66  31  0  0 L3B 45
C05 FF 61064 214200  780 186 1235    +6857587   -203         210     -4   26  21  250   -1  -35   +1  -35    1  16  0  0 L3B E5
C06 FF 61064 214200  780 165  765     -284958   +144          70    -99   81  21  282  -51  -20  +62  -20   62  53  0  0 L3B 14
C09 FF 61064 214200  780 124  896    -2485239   -404          93    -73   55  21  370 -102    7  +40    7   40  34  0  0 L3B F5
C11 FF 61064 214200  780 118 3129    -8396392   -171          75    -23   47  21  391 -187  -12   +4  -12    4  30  0  0 L3B 1B
C16 FF 61064 214200  780 174  728    +8576395    -73          92     +7   58  21  268  -44  -36   -9  -36   -9  38  0  0 L3B 0F
C05 FF 61064 215800  780 186 1235    +6857385   -230         200    -31   20  21  250   +0  -29  +16  -29   16  13  0  0 L3B 1D
C06 FF 61064 215800  780 194  750     -284715   +262          80    +19   36  21  242  -35  -35  -26  -35  -26  25  0  0 L3B 1E
C09 FF 61064 215800  780 158  886    -2485534   -298         116    +34   46  21  293  -62   -7  -22   -7  -22  30  0  0 L3B 30
C11 FF 61064 215800  780 175 3131    -8396526   -178          84    -30   45  21  267  -87  -31   +5  -31    5  29  0  0 L3B 1D
C16 FF 61064 215800  780 202  712    +8576333    -63         107    +17   42  21  232  -30  -47  -14  -47  -14  27  0  0 L3B 21
C05 FF 61064 221400  780 187 1235    +6857177   -203         181     -3   24  22  250   +0  -19   +6  -19    6  16  0  0 L3B F1
C06 FF 61064 221400  780 221  733     -284487   +190         100    -51   57  22  214  -25  -37  +27  -37   27  35  0  0 L3B 16
C09 FF 61064 221400  780 191  875    -2485850   -379          92    -50   45  22  245  -41  -12  +20  -12   20  29  0  0 L3B 1F
C11 FF 61064 221400  780 233 3125    -8396681    -42          71   +106   52  22  204  -49  -37  -85  -37  -85  31  0  0 L3B 42
C16 FF 61064 221400  780 228  694    +8576188   -165          43    -85   59  22  208  -22   -8  +49   -8   49  37  0  0 L3B 25
C05 FF 61064 223000  780 187 1235    +6857003   -150         198    +50   22  22  250   +0  -28  -34  -28  -34  13  0  0 L3B 28
C06 FF 61064 223000  780 245  714     -284263   +244          94     +4   48  22  194  -18  -36   +0  -36    0  31  0  0 L3B CA
C09 FF 61064 223000  780 223  862    -2486143   -331         114     -3   48  22  212  -29  -25   -2  -25   -2  31  0  0 L3B F1
C11 FF 61064 223000  780 289 3110    -8396822   -132          72    +16   43  22  167  -30  -38   -5  -38   -5  27  0  0 L3B 18
C16 FF 61064 223000  780 251  674    +8576132    -47          64    +33   49  22  190  -16  -20  -16  -20  -16  29  0  0 L3B 15
C05 FF 61064 224600  780 187 1235    +6856827   -237         214    -38   17  22  250   +0  -37  +25  -37   25  11  0  0 L3B 32
C06 FF 61064 224600  780 267  692     -284026   +230         100    -10   42  22  179  -13  -45   +2  -45    2  28  0  0 L3B E7
C09 FF 61064 224600  780 254  847    -2486455   -416         118    -88   44  22  188  -21  -34  +43  -34   43  27  0  0 L3B 4A
C11 FF 61064 224600  780 344 3082    -8396953   -176          83    -28   49  22  143  -20  -51   +4  -51    4  31  0  0 L3B 12
C16 FF 61064 224600  780 271  652    +8576045   -146          54    -66   52  22  177  -12  -12  +46  -12   46  30  0  0 L3B 20
C05 FF 61064 230200  780 186 1235    +6856633   -205         212     -5   21  23  250   +0  -31  +13  -31   13  15  0  0 L3B F6
C06 FF 61064 230200  780 286  669     -283797   +222         102    -18   42  23  168  -10  -45   +7  -45    7  26  0  0 L3B 02
C09 FF 61064 230200  780 282  829    -2486802   -322          84     +7   53  23  170  -16  -22   -8  -22   -8  33  0  0 L3B F7
C11 FF 61064 230200  780 394 3040    -8397098   -170          80    -22   49  23  127  -13  -56   +6  -56    6  32  0  0 L3B 10
C16 FF 61064 230200  780 288  628    +8575981    -45          65    +35   69  23  167   -8  -26  -21  -26  -21  41  0  0 L3B 20
C05 FF 61064 231800  780 186 1235    +6856403   -220         173    -20   27  23  251   +1   -2   +9   -2    9  16  0  0 L3B D7
C06 FF 61064 231800  780 301  645     -283581   +242          87     +3   68  23  160   -7  -34   -7  -34   -7  41  0  0 L3B D2
C09 FF 61064 231800  780 309  810    -2487114   -336          87     -8   63  23  157  -12  -24   +7  -24    7  38  0  0 L3B F6
C11 FF 61064 231800  780 437 2981    -8397276    -96          43    +52   35  23  117   -9  -37  -30  -37  -30  21  0  0 L3B 2B
C16 FF 61064 231800  780 301  603    +8575920    -55          80    +25   34  23  161   -6  -32  -14  -32  -14  22  0  0 L3B F5
C05 FF 61064 233400  780 185 1236    +6856223   -219         184    -20   25  23  251   +1  -13   +0  -13    0  15  0  0 L3B EE
C06 FF 61064 233400  780 313  619     -283363   +254          75    +14   47  23  155   -5  -25   +0  -25    0  28  0  0 L3B CB
C09 FF 61064 233400  780 332  788    -2487409   -400         107    -71   38  23  147   -9  -42  +53  -42   53  24  0  0 L3B 2A
C11 FF 61064 233400  780 470 2904    -8397406   -153          55     -5   35  23  110   -5  -42  +10  -42   10  23  0  0 L3B F5
C16 FF 61064 233400  780 311  578    +8575844    -50          81    +29   39  23  156   -4  -35  -14  -35  -14  25  0  0 L3B 14
C05 FF 61064 235000  780 185 1236    +6856063   -220         216    -21   30  23  252   +1  -39   +8  -39    8  19  0  0 L3B 04
C06 FF 61064 235000  780 322  593     -283106   +243         102     +3   45  23  151   -3  -45  -10  -45  -10  28  0  0 L3B E5
C09 FF 61064 235000  780 353  763    -2487754   -365          78    -37   34  23  140   -7  -25  +26  -25   26  22  0  0 L3B 1D
C11 FF 61064 235000  780 489 2810    -8397548   -186          55    -38   41  23  107   -2  -39  +36  -39   36  25  0  0 L3B 3A
C16 FF 61064 235000  780 316  552    +8575764   -141          78    -61   38  23  154   -2  -31  +29  -31   29  24  0  0 L3B 14
