CGGTTS     GENERIC DATA FORMAT VERSION = 2E
REV DATE = 2026-01-01                    
RCVR = POLARX5-TR                    R2CGGTTS v8.8    
CH = 99 
IMS = POLARX5-TR                    
LAB = PTB                           
X = +3844059.67 m 
Y =  +709661.67 m 
Z = +5023129.80 m 
FRAME = ITRF
COMMENTS =           IGS RINEX,AUSPOS XYZ          
INT DLY =   33.0 ns (BDS B1I),   32.5 ns (BDS B2I)
CAB DLY =  205.7 ns 
REF DLY =   56.2 ns
REF = UTC(PTB)                      
CKSUM = AF

SAT CL  MJD  STTIME TRKL ELV AZTH   REFSV      SRSV     REFSYS    SRSYS  DSG IOE MDTR SMDT MDIO SMDI MSIO SMSI ISG FR HC FRC CK
             hhmmss  s  .1dg .1dg    .1ns     .1ps/s     .1ns    .1ps/s .1ns     .1ns.1ps/s.1ns.1ps/s.1ns.1ps/s.1ns
C05 FF 61044 001000  780 186 1235    +1727894   -214         165     -9   25   0  250   +0  -23   +4  -23    4  18  0  0 L3B CE
C06 FF 61044 001000  780 267  685     -602779   +213          62    -49   41   0  179  -13  -29  +39  -29   39  27  0  0 L3B 09
C09 FF 61044 001000  780 255  847    -1889256   -332          51     -1   42   0  187  -21   -3   -7   -3   -7  28  0  0 L3B BC
C11 FF 61044 001000  780 344 3082    -8125832   -111         124    +39   48   0  143  -20  -64  -26  -64  -26  28  0  0 L3B 26
C12 FF 61044 001000  780 636 2279    -1614708   -300          93     -6   40   0   90   +3  -27  +13  -27   13  24  0  0 L3B CC
C16 FF 61044 001000  780 273  664    +8723282    -14          41    +70   55   0  176  -12  -12  -36  -12  -36  34  0  0 L3B F1
C05 FF 61044 002600  780 186 1235    +1727693   -196         161     +9   33   0  251   +0  -21   -3  -21   -3  22  0  0 L3B D9
C06 FF 61044 002600  780 285  662     -602544   +231          44    -32   53   0  169   -9  -16  +16  -16   16  31  0  0 L3B D9
C09 FF 61044 002600  780 283  830    -1889549   -344          76    -13   46   0  170  -16  -20   +3  -20    3  29  0  0 L3B E6
C11 FF 61044 002600  780 394 3041    -8126002   -194         100    -43   47   0  127  -13  -48  +27  -48   27  30  0  0 L3B 18
C12 FF 61044 002600  780 587 2169    -1614976   -339         109    -44   55   0   94   +6  -29  +38  -29   38  33  0  0 L3B 28
C16 FF 61044 002600  780 290  640    +8723197    -27          37    +58   38   0  166   -9  -11  -30  -11  -30  23  0  0 L3B EB
C05 FF 61044 004200  780 185 1236    +1727472   -242         136    -37   27   0  251   +1   -3  +26   -3   26  19  0  0 L3B E4
C06 FF 61044 004200  780 300  637     -602265   +293          71    +30   51   0  161   -7  -35  -20  -35  -20  30  0  0 L3B CB
C09 FF 61044 004200  780 309  810    -1889879   -324          64     +7   47   0  157  -12  -19  -14  -19  -14  29  0  0 L3B 18
C11 FF 61044 004200  780 438 2982    -8126176   -181          70    -30   51   0  117   -9  -32  +15  -32   15  32  0  0 L3B F9
C12 FF 61044 004200  780 528 2096    -1615272   -261          95    +34   54   0  101   +9  -11  -12  -11  -12  34  0  0 L3B F6
C16 FF 61044 004200  780 304  615    +8723126    -81          47     +3   35   0  159   -6  -17   -6  -17   -6  22  0  0 L3B B3
C05 FF 61044 005800  780 185 1236    +1727247   -282         108    -77   30   0  252   +1    9  +38    9   38  20  0  0 L3B DD
C06 FF 61044 005800  780 311  612     -602036   +237          48    -26   45   0  156   -4  -22  +16  -22   16  28  0  0 L3B D0
C09 FF 61044 005800  780 333  788    -1890190   -367          70    -36   44   0  147   -9  -27  +17  -27   17  28  0  0 L3B 12
C11 FF 61044 005800  780 471 2905    -8126322   -119          68    +32   38   0  110   -5  -27  -20  -27  -20  23  0  0 L3B 02
C12 FF 61044 005800  780 463 2047    -1615540   -351         109    -57   49   0  112  +13   -9  +47   -9   47  31  0  0 L3B 05
C16 FF 61044 005800  780 314  590    +8723027    -94          29    -10   42   0  154   -4   -7   +5   -7    5  25  0  0 L3B 98
C05 FF 61044 011400  780 184 1237    +1726960   -239          20    -33   29   1  253   +1   61  +12   61   12  19  0  0 L3B D8
C06 FF 61044 011400  780 319  586     -601791   +349          44    +87   35   1  152   -3  -21  -55  -21  -55  22  0  0 L3B EF
C09 FF 61044 011400  780 354  764    -1890523   -305          67    +27   53   1  139   -7  -22  -26  -22  -26  32  0  0 L3B 04
C11 FF 61044 011400  780 490 2812    -8126474   -152          62     -1   37   1  107   -2  -25   -1  -25   -1  24  0  0 L3B C4
C12 FF 61044 011400  780 395 2014    -1615822   -289         110     +5   30   1  127  +19    2   +4    2    4  19  0  0 L3B 9B
C16 FF 61044 011400  780 321  564    +8722933    -94          17     -9   42   1  152   -2   -3   +1   -3    1  27  0  0 L3B 79
C05 FF 61044 013000  780 183 1237    +1726793    -45          49   +160   37   1  254   +1   27 -114   27 -114  23  0  0 L3B 12
C06 FF 61044 013000  780 323  560     -601530   +261          53     -1   46   1  151   -1  -29   +2  -29    2  29  0  0 L3B 8B
C09 FF 61044 013000  780 371  738    -1890843   -293          66    +39   34   1  134   -5  -23  -24  -23  -24  21  0  0 L3B 03
C11 FF 61044 013000  780 493 2709    -8126611    -75          69    +76   48   1  106   +1  -27  -45  -27  -45  29  0  0 L3B 0F
C12 FF 61044 013000  780 326 1990    -1616075   -333         139    -39   41   1  149  +29   -5  +41   -5   41  26  0  0 L3B 01
C16 FF 61044 013000  780 323  538    +8722860    -33          26    +51   30   1  150   +0   -9  -37   -9  -37  19  0  0 L3B C2
C05 FF 61044 014600  780 182 1238    +1726613   -241          66    -35   34   1  255   +1   22  +41   22   41  23  0  0 L3B D3
C06 FF 61044 014600  780 323  536     -601296   +320          35    +58   40   1  151   +1  -19  -16  -19  -16  26  0  0 L3B E0
C09 FF 61044 014600  780 385  710    -1891165   -296          63    +36   39   1  130   -3  -20  -27  -20  -27  24  0  0 L3B 02
C11 FF 61044 014600  780 479 2608    -8126752   -179          73    -29   39   1  109   +4  -25  +26  -25   26  26  0  0 L3B 1C
C12 FF 61044 014600  780 259 1972    -1616376   -421         121   -127   58   1  184  +46   21  +92   21   92  36  0  0 L3B 29
C16 FF 61044 014600  780 322  514    +8722770    -54          17    +30   33   1  151   +1   -4  -15   -4  -15  20  0  0 L3B AD
C05 FF 61044 020200  780 181 1238    +1726427   -318          78   -113   25   2  257   +2   23  +69   23   69  16  0  0 L3B FF
C06 FF 61044 020200  780 319  513     -601028   +312          38    +49   35   2  152   +2  -22  -28  -22  -28  21  0  0 L3B D2
C09 FF 61044 020200  780 394  681    -1891491   -316          52    +16   34   2  127   -2  -18  -13  -18  -13  20  0  0 L3B FA
C11 FF 61044 020200  780 449 2518    -8126898   -175          72    -24   46   2  114   +7  -19  +15  -19   15  29  0  0 L3B 16
C12 FF 61044 020200  780 192 1957    -1616620   -197         160    +97   53   2  243  +81    7  -38    7  -38  34  0  0 L3B 06
C14 FF 61044 020200  780 147 2619    +7207784   +416          91     -7   54   2  316 -114   12   -7   12   -7  34  0  0 L3B E4
C16 FF 61044 020200  780 317  492    +8722703    -61          23    +22   32   2  153   +3  -10  -11  -10  -11  19  0  0 L3B C5
C05 FF 61044 021800  780 180 1239    +1726177   -204          25     +2   31   2  258   +2   51  -27   51  -27  20  0  0 L3B D3
C06 FF 61044 021800  780 312  492     -600773   +241          40    -23   37   2  155   +4  -22  +14  -22   14  23  0  0 L3B C2
C09 FF 61044 021800  780 400  651    -1891792   -413          69    -81   31   2  125   -1  -32  +44  -32   44  18  0  0 L3B F2
C11 FF 61044 021800  780 407 2441    -8127036    -69          78    +82   34   2  124  +12  -16  -44  -16  -44  20  0  0 L3B 0B
C12 FF 61044 021800  780 128 1943    -1616963   -391          99    -97   51   2  358 +173   48  +66   48   66  33  0  0 L3B 3D
C14 FF 61044 021800  780 201 2658    +7208178   +399          80    -23   68   2  234  -63    0   +6    0    6  42  0  0 L3B B8
C16 FF 61044 021800  780 309  472    +8722627   -135          28    -51   31   2  156   +5   -9  +35   -9   35  20  0  0 L3B D4
C05 FF 61044 023400  780 179 1240    +1726037    -88          82   +117   42   2  260   +2    1  -73    1  -73  27  0  0 L3B CA
C06 FF 61044 023400  780 302  475     -600510   +311          49    +47   36   2  160   +6  -29  -40  -29  -40  22  0  0 L3B D7
C09 FF 61044 023400  780 402  623    -1892114   -316          65    +16   34   2  125   +0  -26  -11  -26  -11  21  0  0 L3B E3
C11 FF 61044 023400  780 357 2379    -8127174   -145          85     +6   37   2  138  +18  -15   +3  -15    3  23  0  0 L3B E5
C14 FF 61044 023400  780 256 2698    +7208608   +462         104    +40   56   2  187  -39  -19  -32  -19  -32  35  0  0 L3B 47
C16 FF 61044 023400  780 298  455    +8722554    -65          35    +18   26   2  162   +6  -14  -15  -14  -15  17  0  0 L3B F5
C05 FF 61044 025000  780 177 1241    +1725845   -340          88   -135   44   2  262   +2   -8  +73   -8   73  29  0  0 L3B FB
C06 FF 61044 025000  780 289  461     -600233   +299          73    +35   26   2  166   +8  -44  -24  -44  -24  17  0  0 L3B F2
C09 FF 61044 025000  780 400  596    -1892444   -306          53    +25   28   2  125   +1  -13  -25  -13  -25  19  0  0 L3B F7
C11 FF 61044 025000  780 302 2328    -8127310    -79          94    +72   62   2  160  +28  -12  -31  -12  -31  40  0  0 L3B F8
C14 FF 61044 025000  780 312 2739    +7208996   +421          86     -1   52   2  156  -26  -14   -7  -14   -7  31  0  0 L3B F1
C16 FF 61044 025000  780 285  442    +8722519   -111          80    -28   35   2  169   +8  -43  +14  -43   14  22  0  0 L3B EF
C05 FF 61044 030600  780 176 1242    +1725501    +23         -57   +229   48   3  264   +2   82 -145   82 -145  27  0  0 L3B 27
C06 FF 61044 030600  780 274  450     -600028   +294          24    +31   50   3  175  +10  -16  -11  -16  -11  32  0  0 L3B DB
C09 FF 61044 030600  780 395  572    -1892762   -336          55     -5   29   3  127   +2  -19   +5  -19    5  18  0  0 L3B D5
C11 FF 61044 030600  780 244 2287    -8127481    -25          67   +125   47   3  194  +45   15  -74   15  -74  31  0  0 L3B 16
C14 FF 61044 030600  780 369 2778    +7209404   +401          88    -22   68   3  135  -19  -22   +6  -22    6  41  0  0 L3B FB
C16 FF 61044 030600  780 269  432    +8722398    +28          43   +112   37   3  178  +11  -18  -62  -18  -62  22  0  0 L3B 19
C05 FF 61044 032200  780 174 1243    +1725467   -249         106    -43   32   3  266   +2   -9  +41   -9   41  20  0  0 L3B E8
C06 FF 61044 032200  780 257  443     -599755   +396          44   +132   34   3  185  +12  -27  -72  -27  -72  21  0  0 L3B 20
C09 FF 61044 032200  780 386  551    -1893067   -312          68    +19   36   3  129   +3  -24  -12  -24  -12  22  0  0 L3B FF
C11 FF 61044 032200  780 185 2251    -8127639   -142          54     +9   51   3  252  +79   27  -11   27  -11  34  0  0 L3B F5
C14 FF 61044 032200  780 428 2818    +7209811   +462          89    +40   59   3  119  -14  -26  -20  -26  -20  36  0  0 L3B 28
C16 FF 61044 032200  780 251  426    +8722362    -46          89    +38   31   3  189  +13  -42   -6  -42   -6  19  0  0 L3B E5
C05 FF 61044 033800  780 173 1244    +1725248   -400          85   -194   31   3  269   +3   10 +111   10  111  19  0  0 L3B 0B
C06 FF 61044 033800  780 238  439     -599525   +176          22    -87   50   3  198  +15  -11  +52  -11   52  32  0  0 L3B FF
C09 FF 61044 033800  780 375  534    -1893386   -397          67    -65   42   3  132   +4  -27  +40  -27   40  26  0  0 L3B 0D
C11 FF 61044 033800  780 126 2220    -8127761   -153          76     -2   60   3  364 +166   16   +6   16    6  38  0  0 L3B DA
C14 FF 61044 033800  780 488 2856    +7210225   +414          98     -9   40   3  107  -10  -35   +5  -35    5  24  0  0 L3B E5
C16 FF 61044 033800  780 232  423    +8722286   -155          94    -71   44   3  203  +17  -41  +47  -41   47  28  0  0 L3B 0D
C05 FF 61044 035400  780 171 1245    +1725136   +196         170   +401   37   3  271   +3  -49 -260  -49 -260  25  0  0 L3B 55
C06 FF 61044 035400  780 219  439     -599234   +235          59    -29   47   3  215  +19  -30  +24  -30   24  31  0  0 L3B FA
C09 FF 61044 035400  780 361  520    -1893706   -305          66    +26   25   3  137   +5  -21  -17  -21  -17  16  0  0 L3B FD
C14 FF 61044 035400  780 550 2892    +7210600   +323          67   -100   51   3   99   -8  -16  +52  -16   52  31  0  0 L3B FC
C16 FF 61044 035400  780 212  424    +8722190   -148          78    -64   29   3  221  +21  -31  +47  -31   47  19  0  0 L3B 06
C05 FF 61044 041000  780 169 1246    +1724903   -490         135   -284   30   4  274   +3  -11 +192  -11  192  19  0  0 L3B 45
C06 FF 61044 041000  780 198  442     -599022   +179          26    -84   44   4  236  +24   -8  +63   -8   63  30  0  0 L3B DC
C09 FF 61044 041000  780 345  511    -1894040   -449          44   -118   39   4  142   +6  -13  +67  -13   67  25  0  0 L3B 09
C14 FF 61044 041000  780 613 2924    +7210961   +313          23   -110   47   4   92   -6    8  +69    8   69  28  0  0 L3B CE
C16 FF 61044 041000  780 191  428    +8722078   -149          46    -65   43   4  244  +27  -14  +36  -14   36  28  0  0 L3B 11
C05 FF 61044 042600  780 167 1247    +1724394   -652        -176   -446   30   4  277   +3  179 +267  179  267  19  0  0 L3B 8E
C06 FF 61044 042600  780 177  448     -598777   +215          19    -47   46   4  262  +31   -9  +33   -9   33  30  0  0 L3B E9
C09 FF 61044 042600  780 327  506    -1894320   -312          82    +19   29   4  149   +8  -37   -2  -37   -2  19  0  0 L3B EA
C14 FF 61044 042600  780 678 2951    +7211408   +422          64     -1   36   4   87   -4  -22   -1  -22   -1  22  0  0 L3B C1
C16 FF 61044 042600  780 169  436    +8721956    -39           5    +46   68   4  273  +34    8  -22    8  -22  43  0  0 L3B CB
C05 FF 61044 044200  780 165 1248    +1724468   +415          95   +620   33   4  280   +3   -1 -414   -1 -414  22  0  0 L3B 17
C06 FF 61044 044200  780 156  458     -598539   +287           5    +24   55   4  296  +40    3  -21    3  -21  35  0  0 L3B BD
C09 FF 61044 044200  780 309  505    -1894642   -308          77    +23   32   4  157   +9  -33  -16  -33  -16  20  0  0 L3B 06
C14 FF 61044 044200  780 745 2964    +7211808   +412          58    -11   24   4   84   -3  -21   +3  -21    3  15  0  0 L3B C3
C16 FF 61044 044200  780 148  446    +8721904   -146          34    -62   56   4  311  +45   -8  +27   -8   27  35  0  0 L3B EF
C05 FF 61044 045800  780 163 1250    +1724244   -361          69   -155   32   4  283   +3   19 +104   19  104  22  0  0 L3B 18
C06 FF 61044 045800  780 134  470     -598271   +219          21    -44   54   4  341  +54  -13  +12  -13   12  36  0  0 L3B E9
C09 FF 61044 045800  780 289  507    -1894982   -336          55     -5   35   4  166  +11  -21   +6  -21    6  22  0  0 L3B E3
C14 FF 61044 045800  780 812 2936    +7212196   +389          40    -33   26   4   82   -2  -15  +16  -15   16  15  0  0 L3B FA
C16 FF 61044 045800  780 126  459    +8721810    -28          20    +56   54   4  362  +61    3  -39    3  -39  34  0  0 L3B CF
C05 FF 61044 051400  780 161 1251    +1724056    -48          84   +158   36   5  286   +4   15  -94   15  -94  23  0  0 L3B 02
C06 FF 61044 051400  780 113  485     -598002   +227          48    -35   50   5  402  +74  -18  +18  -18   18  36  0  0 L3B F8
C09 FF 61044 051400  780 269  513    -1895271   -309          90    +23   28   5  178  +13  -39   -7  -39   -7  18  0  0 L3B 0C
C14 FF 61044 051400  780 873 2555    +7212609   +437          46    +14   28   5   81   +0  -25  -21  -25  -21  17  0  0 L3B FC
C16 FF 61044 051400  780 104  475    +8721759    -92          52     -8   89   5  431  +86  -20  +24  -20   24  58  0  0 L3B F3
C05 FF 61044 053000  780 159 1252    +1723855   -363          80   -157   24   5  290   +4   18 +117   18  117  18  0  0 L3B 26
C09 FF 61044 053000  780 249  523    -1895636   -431          43    -99   44   5  191  +15   -6  +61   -6   61  26  0  0 L3B F6
C14 FF 61044 053000  780 839 1580    +7212994   +349          26    -74   38   5   81   +1  -16  +44  -16   44  23  0  0 L3B 02
C05 FF 61044 055800  780 156 1254    +1723514   -342          85   -136   51   5  296   +4   28  +77   28   77  33  0  0 L3B 15
C09 FF 61044 055800  780 213  546    -1896173   -322          63    +10   57   5  220  +21  -10   +7  -10    7  35  0  0 L3B D7
C14 FF 61044 055800  780 716 1488    +7213674   +353          -4    -69   44   5   85   +4    5  +39    5   39  26  0  0 L3B D2
C05 FF 61044 061400  780 154 1255    +1723370   -283         134    -77   40   6  300   +4   23 +100   23  100  29  0  0 L3B 02
C07 FF 61044 061400  780 114  760    -4365641   -437         157   -190  188   6  399  -89   14 +112   14  112 121  0  0 L3B 67
C09 FF 61044 061400  780 193  563    -1896473   -352          85    -20   65   6  242  +25  -10  +33  -10   33  42  0  0 L3B 07
C10 FF 61044 061400  780 106  904    +3846273   +307         115    +97   93   6  428 -119   48  -56   48  -56  62  0  0 L3B 39
C14 FF 61044 061400  780 644 1498    +7214110   +351          41    -67   50   6   90   +6   -8  +53   -8   53  30  0  0 L3B CD
C05 FF 61044 063000  780 152 1257    +1723067   -315          29   -110   41   6  304   +4  138  +95  138   95  26  0  0 L3B 20
C07 FF 61044 063000  780 140  747    -4365935   -192         100    +55   81   6  330  -57   41  -10   41  -10  52  0  0 L3B FF
C09 FF 61044 063000  780 173  583    -1896791   -347          85    -16   66   6  268  +30   16  +34   16   34  42  0  0 L3B 0A
C10 FF 61044 063000  780 136  894    +3846459   +236          99    +25   42   6  339  -72   66  -26   66  -26  26  0  0 L3B 1E
C14 FF 61044 063000  780 571 1516    +7214532   +442          62    +24   40   6   96   +8  -10   -2  -10   -2  25  0  0 L3B C4
C05 FF 61044 064600  780 150 1258    +1723001   -212         160     -6   62   6  307   +4   75  +27   75   27  40  0  0 L3B DE
C07 FF 61044 064600  780 163  732    -4366182   -288          91    -41   56   6  284  -39   66  +58   66   58  34  0  0 L3B 1D
C09 FF 61044 064600  780 153  605    -1897101   -347          94    -15   63   6  301  +37   50  +46   50   46  43  0  0 L3B F6
C10 FF 61044 064600  780 165  883    +3846628   +324          65   +114   51   6  282  -48   93  -80   93  -80  32  0  0 L3B 26
C14 FF 61044 064600  780 499 1535    +7214950   +469          78    +51   40   6  105  +11   -4   -6   -4   -6  25  0  0 L3B E8
C05 FF 61044 070200  780 148 1259    +1722761    -16         150   +194   42   7  311   +4  109  -84  109  -84  28  0  0 L3B 33
C07 FF 61044 070200  780 185  716    -4366416   -247          93     +0   50   7  252  -28   88  +45   88   45  28  0  0 L3B F9
C09 FF 61044 070200  780 134  629    -1897429   -343          84    -11   87   7  341  +47  103  +80  103   80  53  0  0 L3B 1F
C10 FF 61044 070200  780 192  871    +3846857   +175          90    -36   59   7  243  -34   87  +19   87   19  37  0  0 L3B 18
C14 FF 61044 070200  780 428 1555    +7215347   +391          40    -32   54   7  119  +16   25  +51   25   51  32  0  0 L3B F7
C05 FF 61044 071800  780 146 1260    +1722622    -19         213   +190   34   7  315   +4  119  -68  119  -68  23  0  0 L3B 31
C07 FF 61044 071800  780 204  699    -4366634   -224         111    +23   52   7  230  -20   81  -35   81  -35  35  0  0 L3B 0E
C09 FF 61044 071800  780 115  654    -1897789   -316          43    +16   50   7  393  +61  200  +67  200   67  34  0  0 L3B 28
C10 FF 61044 071800  780 219  857    +3847047   +124          76    -87   47   7  215  -25  113  +54  113   54  30  0  0 L3B 1E
C14 FF 61044 071800  780 358 1573    +7215757   +436          43    +13   41   7  138  +24   52  +23   52   23  26  0  0 L3B 02
C05 FF 61044 073400  780 144 1261    +1722398   -257         190    -47   26   7  319   +4  179  +71  179   71  18  0  0 L3B 3D
C07 FF 61044 073400  780 222  681    -4366892   -198          89    +49   47   7  213  -15  106  -15  106  -15  26  0  0 L3B 3A
C10 FF 61044 073400  780 243  841    +3847258   +113          85    -99   45   7  195  -18   95  +60   95   60  28  0  0 L3B 11
C14 FF 61044 073400  780 289 1591    +7216182   +407          62    -16   56   7  167  +37   77  +55   77   55  36  0  0 L3B 25
C05 FF 61044 075000  780 142 1262    +1722207   -332         201   -123   28   7  323   +4  189 +109  189  109  19  0  0 L3B 51
C07 FF 61044 075000  780 236  662    -4367094   -232         125    +15   58   7  201  -11   92  +13   92   13  38  0  0 L3B FF
C10 FF 61044 075000  780 266  824    +3847427   +188          52    -23   36   7  180  -14  125  +44  125   44  24  0  0 L3B 16
C14 FF 61044 075000  780 221 1606    +7216545   +517          19    +94   59   7  213  +62  158  +17  158   17  36  0  0 L3B 32
C05 FF 61044 080600  780 140 1263    +1721917   -421         112   -211   35   8  326   +4  316 +175  316  175  25  0  0 L3B 4C
C07 FF 61044 080600  780 248  642    -4367322   -248         120     -3   60   8  192   -8   82   +3   82    3  36  0  0 L3B C0
C10 FF 61044 080600  780 287  806    +3847651   +195          77    -16   51   8  168  -11  104   -3  104   -3  32  0  0 L3B 00
C14 FF 61044 080600  780 155 1619    +7216961   +492          15    +67   60   8  298 +123  222  +63  222   63  38  0  0 L3B 46
C05 FF 61044 082200  780 139 1264    +1721713    -66         110   +144   29   8  330   +4  294 -121  294 -121  18  0  0 L3B 4A
C07 FF 61044 082200  780 256  622    -4367584   -214          93    +31   58   8  186   -5  116  -34  116  -34  37  0  0 L3B 21
C10 FF 61044 082200  780 305  786    +3847868   +195          93    -16   33   8  159   -8  113   -3  113   -3  22  0  0 L3B F9
C05 FF 61044 083800  780 137 1264    +1721591   -307         190    -97   35   8  334   +4  237  +76  237   76  22  0  0 L3B 3B
C07 FF 61044 083800  780 262  603    -4367839   -215          73    +31   49   8  182   -3  109  -45  109  -45  31  0  0 L3B 22
C10 FF 61044 083800  780 320  765    +3848051   +196          73    -15   36   8  152   -6  105   -6  105   -6  22  0  0 L3B EB
C05 FF 61044 085400  780 136 1265    +1721330   -137         130    +73   29   8  337   +3  287  -41  287  -41  20  0  0 L3B 2F
C07 FF 61044 085400  780 264  583    -4368035   -190         113    +55   44   8  180   -1   89  -16   89  -16  28  0  0 L3B 18
C10 FF 61044 085400  780 332  743    +3848253   +240          73    +29   27   8  147   -4   95  -32   95  -32  15  0  0 L3B F7
C05 FF 61044 091000  780 134 1266    +1721309     +0         268   +205   26   9  340   +3  185 -141  185 -141  17  0  0 L3B 33
C07 FF 61044 091000  780 264  565    -4368245   -224         141    +22   52   9  181   +1   95   +4   95    4  33  0  0 L3B CD
C10 FF 61044 091000  780 342  720    +3848455   +263          82    +53   34   9  143   -3  101  -21  101  -21  21  0  0 L3B ED
C12 FF 61044 091000  780 152  914    -1624170   -327          30    -37   78   9  305  -86  259   +9  259    9  45  0  0 L3B 07
C05 FF 61044 092600  780 133 1266    +1720976   -475         133   -270   36   9  343   +3  290 +216  290  216  24  0  0 L3B 62
C07 FF 61044 092600  780 261  549    -4368529   -241          92     +5   45   9  183   +3  148  +12  148   12  28  0  0 L3B 03
C10 FF 61044 092600  780 348  698    +3848676   +125         103    -84   33   9  141   -2  103  +64  103   64  20  0  0 L3B 18
C12 FF 61044 092600  780 192  861    -1624449   -202          30    +88   50   9  244  -47  191 -113  191 -113  33  0  0 L3B 47
C05 FF 61044 094200  780 132 1267    +1720774   -146         127    +59   52   9  346   +3  293  -74  293  -74  33  0  0 L3B 47
C07 FF 61044 094200  780 255  534    -4368754   -154         103    +92   56   9  187   +5  147  -62  147  -62  35  0  0 L3B 3D
C10 FF 61044 094200  780 351  676    +3848856   +164          81    -45   44   9  140   -1  125  +38  125   38  28  0  0 L3B 13
C12 FF 61044 094200  780 227  803    -1624712   -218          44    +72   52   9  209  -27  182  -26  182  -26  31  0  0 L3B 23
C05 FF 61044 095800  780 131 1267    +1720651   -293         201    -88   56   9  349   +3  223  +58  223   58  38  0  0 L3B 3A
C07 FF 61044 095800  780 247  522    -4368978   -264         114    -19   57   9  192   +7  143   +9  143    9  35  0  0 L3B 19
C10 FF 61044 095800  780 351  656    +3849068   +316          92   +106   45   9  140   +1  119  -78  119  -78  30  0  0 L3B 36
C11 FF 61044 095800  780 140 1263    -8131206   -161          68    -11   84   9  331 -132  280 -100  280 -100  52  0  0 L3B 51
C12 FF 61044 095800  780 253  738    -1624985   -233          50    +57   64   9  189  -15  185  -62  185  -62  40  0  0 L3B 46
C05 FF 61044 101400  780 130 1268    +1720349   -313         107   -107   48  10  351   +2  299  +77  299   77  31  0  0 L3B 4A
C07 FF 61044 101400  780 236  512    -4369201   -199         121    +45   46  10  200   +9  137   -7  137   -7  27  0  0 L3B 04
C10 FF 61044 101400  780 348  637    +3849266   +153          88    -57   27  10  141   +2  123  +43  123   43  18  0  0 L3B 0D
C11 FF 61044 101400  780 196 1225    -8131353    -64          66    +87   75  10  240  -67  228  -90  228  -90  47  0  0 L3B 3E
C12 FF 61044 101400  780 269  670    -1625276   -347          68    -54   69  10  178   -7  152  +31  152   31  42  0  0 L3B 1B
C05 FF 61044 103000  780 129 1268    +1720054   -170           9    +36   48  10  353   +2  370  -13  370  -13  31  0  0 L3B 03
C07 FF 61044 103000  780 224  504    -4369457   -155          99    +90   42  10  211  +12  184  -12  184  -12  26  0  0 L3B 26
C11 FF 61044 103000  780 251 1182    -8131483    -23          81   +127   55  10  190  -39  209 -102  209 -102  35  0  0 L3B 4D
C12 FF 61044 103000  780 273  600    -1625523   -304         103    -11   72  10  175   +1  144  +38  144   38  44  0  0 L3B 01
C05 FF 61044 104600  780 129 1268    +1719837   -169         -10    +37   45  10  355   +2  391   -1  391   -1  29  0  0 L3B 1F
C07 FF 61044 104600  780 209  500    -4369656   -360         135   -115   49  10  224  +15  176  +67  176   67  31  0  0 L3B 53
C10 FF 61044 104600  780 334  606    +3849684   +302         104    +93   45  10  146   +4  149  -49  149  -49  30  0  0 L3B 38
C11 FF 61044 104600  780 303 1131    -8131638   -104          71    +47   53  10  160  -25  168  -61  168  -61  35  0  0 L3B 34
C12 FF 61044 104600  780 266  532    -1625836   -389          71    -96   59  10  179   +8  179  +56  179   56  36  0  0 L3B 44
C05 FF 61044 110200  780 128 1268    +1719595   -197         -57     +9   46  11  356   +1  448  +25  448   25  30  0  0 L3B 30
C07 FF 61044 110200  780 194  498    -4369908    -52         131   +194   30  11  241  +19  186 -109  186 -109  20  0  0 L3B 71
C10 FF 61044 110200  780 323  595    +3849862   +165          81    -45   32  11  150   +5  162  +20  162   20  20  0  0 L3B F7
C11 FF 61044 110200  780 349 1071    -8131780    -96          94    +52   43  11  141  -16  183  -45  183  -45  26  0  0 L3B 30
C12 FF 61044 110200  780 248  469    -1626097   -258         103    +37   56  11  191  +17  160  -27  160  -27  35  0  0 L3B 44
C05 FF 61044 111800  780 128 1268    +1719433   -121         -22    +85   45  11  357   +1  433  -38  433  -38  30  0  0 L3B 38
C07 FF 61044 111800  780 178  499    -4370134   -527         141   -281   55  11  262  +25  188 +174  188  174  34  0  0 L3B 86
C10 FF 61044 111800  780 311  587    +3850046   +271          64    +62   57  11  156   +6  171  -44  171  -44  35  0  0 L3B 19
C11 FF 61044 111800  780 388 1000    -8131889   -127         127    +21   49  11  129  -10  133  -63  133  -63  30  0  0 L3B 47
C12 FF 61044 111800  780 220  414    -1626379   -320         104    -25   67  11  214  +31  167   -7  167   -7  42  0  0 L3B 12
C05 FF 61044 113400  780 127 1268    +1719278   -148          20    +58   36  11  358   +0  422  -12  422  -12  24  0  0 L3B 25
C07 FF 61044 113400  780 160  502    -4370432   -269          80    -23   55  11  288  +31  243  +25  243   25  34  0  0 L3B 17
C10 FF 61044 113400  780 297  582    +3850258   +193          75    -16   34  11  162   +7  166   +4  166    4  22  0  0 L3B F0
C11 FF 61044 113400  780 416  918    -8132084   -145          74     +3   59  11  122   -5  138  -16  138  -16  38  0  0 L3B 0F
C12 FF 61044 113400  780 184  367    -1626670   -228          96    +67   83  11  254  +54  183  -13  183  -13  50  0  0 L3B 3B
C05 FF 61044 115000  780 127 1268    +1719111   -222          51    -16   60  11  358   +0  428  +38  428   38  38  0  0 L3B 1D
C07 FF 61044 115000  780 142  509    -4370596   -287         152    -41  101  11  323  +41  183  +28  183   28  68  0  0 L3B 49
C10 FF 61044 115000  780 282  581    +3850483   +249          99    +40   49  11  170   +9  146  -22  146  -22  32  0  0 L3B 1D
C11 FF 61044 115000  780 430  830    -8132219    -88          81    +60   43  11  118   -2  118  -54  118  -54  27  0  0 L3B 02
C12 FF 61044 115000  780 141  329    -1626936   -398         112   -103   58  11  327 +104  191  +65  191   65  35  0  0 L3B 5A
C05 FF 61044 120600  780 127 1268    +1718896   -207          28     -2   49  12  358   +0  430  -27  430  -27  33  0  0 L3B 24
C07 FF 61044 120600  780 124  518    -4370861    -88         117   +158   66  12  368  +54  210  -84  210  -84  43  0  0 L3B 4F
C10 FF 61044 120600  780 266  582    +3850703   +201         115     -9   31  12  179  +11  137   +7  137    7  19  0  0 L3B F3
C11 FF 61044 120600  780 429  740    -8132376   -142          31     +1   48  12  119   +2  125  -18  125  -18  31  0  0 L3B F9
C05 FF 61044 122200  780 128 1268    +1718674   -128           4    +77   58  12  357   -1  399 -102  399 -102  35  0  0 L3B 57
C07 FF 61044 122200  780 105  529    -4371106   -135         107   +111   76  12  429  +74  212  -76  212  -76  46  0  0 L3B 4E
C10 FF 61044 122200  780 249  586    +3850882   +235          93    +25   50  12  190  +13  151   -4  151   -4  32  0  0 L3B FE
C11 FF 61044 122200  780 413  656    -8132511   -202          33    -59   63  12  122   +6  106  +25  106   25  38  0  0 L3B F8
C05 FF 61044 123800  780 128 1267    +1718499   -109          26    +96   56  12  356   -1  343  -83  343  -83  35  0  0 L3B 4D
C10 FF 61044 123800  780 232  594    +3851068   +214          77     +4   53  12  203  +15  155  -15  155  -15  34  0  0 L3B 13
C11 FF 61044 123800  780 384  584    -8132635   -187          46    -44   46  12  130  +10   97  +24   97   24  30  0  0 L3B 0A
C05 FF 61044 125400  780 128 1267    +1718274   -244          -3    -39   62  12  355   -2  344   +2  344    2  39  0  0 L3B FB
C10 FF 61044 125400  780 214  603    +3851292   +204         100     -5   46  12  219  +18  144   -8  144   -8  31  0  0 L3B F5
C05 FF 61044 131000  780 129 1266    +1718049    -37         -48   +166   40  13  353   -2  348 -117  348 -117  26  0  0 L3B 68
C10 FF 61044 131000  780 196  616    +3851479   +208          76     -3   51  13  238  +21  137   -8  137   -8  30  0  0 L3B FB
C11 FF 61044 131000  780 299  482    -8132920   -128          60    +17   39  13  161  +25   98   +4   98    4  25  0  0 L3B E4
C05 FF 61044 132600  780 130 1266    +1717998   -178          95    +25   56  13  351   -2  250  -48  250  -48  37  0  0 L3B 45
C10 FF 61044 132600  780 178  630    +3851704   +160          98    -51   40  13  260  +26  121  +30  121   30  26  0  0 L3B 05
C11 FF 61044 132600  780 247  452    -8133055   -141          65     +5   56  13  192  +40   93  -10   93  -10  34  0  0 L3B ED
C05 FF 61044 134200  780 131 1265    +1717773   -180          65    +23   48  13  349   -3  219  -32  219  -32  32  0  0 L3B 2E
C10 FF 61044 134200  780 161  647    +3851916   +160         108    -51   53  13  288  +31  113  +33  113   33  33  0  0 L3B 20
C11 FF 61044 134200  780 193  432    -8133201   -235          59    -89   69  13  242  +68   91  +38   91   38  43  0  0 L3B 12
C05 FF 61044 135800  780 132 1264    +1717589   -162          76    +41   49  13  347   -3  192  -64  192  -64  35  0  0 L3B 48
C10 FF 61044 135800  780 143  666    +3852060   +106          49   -105   78  13  321  +39  153  +71  153   71  48  0  0 L3B 38
C11 FF 61044 135800  780 137  422    -8133413   -154         -13     -9   91  13  335 +135  138   +3  138    3  57  0  0 L3B 08
C05 FF 61044 141400  780 133 1264    +1717468   -226         146    -24   32  14  344   -3  115   -7  115   -7  22  0  0 L3B 12
C08 FF 61044 141400  780 120  812    +6634931   -224          37    -25   66  14  382 -122  164   +7  164    7  40  0  0 L3B 0F
C10 FF 61044 141400  780 125  686    +3852276   +251          66    +40   45  14  364  +50  137  -23  137  -23  29  0  0 L3B 2F
C05 FF 61044 143000  780 134 1263    +1717190   -240          63    -37   41  14  341   -3  157  +49  157   49  28  0  0 L3B 22
C08 FF 61044 143000  780 158  801    +6634766   -221          63    -22   69  14  293  -69  127   +0  127    0  44  0  0 L3B 07
C10 FF 61044 143000  780 108  709    +3852469   +243          57    +32   73  14  418  +65  131  -38  131  -38  45  0  0 L3B 35
C13 FF 61044 143000  780 130  918    +2653384    +73          28    -87   58  14  355 -106  155   +7  155    7  40  0  0 L3B 0B
C05 FF 61044 144600  780 136 1262    +1716992   +105          59   +308   42  14  337   -4  167 -214  167 -214  30  0  0 L3B 6A
C08 FF 61044 144600  780 195  788    +6634575   -160          62    +38   65  14  240  -44  111  -46  111  -46  41  0  0 L3B 40
C13 FF 61044 144600  780 168  909    +2653493    +57         -16   -102   48  14  277  -62  155  +56  155   56  31  0  0 L3B 49
C05 FF 61044 150200  780 137 1261    +1716908   -279         171    -76   42  15  334   -4   85  +26   85   26  28  0  0 L3B 23
C08 FF 61044 150200  780 231  772    +6634385   -175          53    +22   54  15  205  -30   86  -34   86  -34  33  0  0 L3B 13
C13 FF 61044 150200  780 206  898    +2653669   +187           3    +27   39  15  228  -41  129  -57  129  -57  25  0  0 L3B 3E
C05 FF 61044 151800  780 139 1260    +1716647   -495         104   -293   55  15  330   -4  112 +182  112  182  35  0  0 L3B 6A
C08 FF 61044 151800  780 264  754    +6634189   -110          46    +87   52  15  181  -21   62  -62   62  -62  33  0  0 L3B 1B
C13 FF 61044 151800  780 243  885    +2653809   +172         -10    +12   39  15  196  -28  107  -41  107  -41  26  0  0 L3B 41
C05 FF 61044 153400  780 140 1259    +1716297   +141         -52   +344   52  15  326   -4  225 -207  225 -207  38  0  0 L3B 6F
C08 FF 61044 153400  780 295  732    +6634017   -287          64    -89   61  15  164  -15   37  +33   37   33  38  0  0 L3B 1C
C13 FF 61044 153400  780 278  870    +2653987   +127          15    -32   42  15  173  -20   67   +6   67    6  27  0  0 L3B EF
C05 FF 61044 155000  780 142 1258    +1716319   -133         165    +70   51  15  323   -4   55  -78   55  -78  32  0  0 L3B 24
C08 FF 61044 155000  780 323  707    +6633825   -115          61    +82   52  15  151  -11   22  -69   22  -69  33  0  0 L3B 0C
C13 FF 61044 155000  780 311  851    +2654156   +163          30     +3   58  15  156  -15   38  -16   38  -16  38  0  0 L3B F9
C05 FF 61044 160600  780 144 1257    +1716051   -443         101   -239   47  16  319   -4   53 +134   53  134  29  0  0 L3B 43
C08 FF 61044 160600  780 347  679    +6633655   -159          83    +39   57  16  142   -8   -9  -43   -9  -43  34  0  0 L3B 1C
C13 FF 61044 160600  780 342  829    +2654294   +197          15    +37   42  16  143  -11   30  -45   30  -45  26  0  0 L3B 0B
C14 FF 61044 160600  780 103  509    +7229229   +329          88    -94  114  16  439  -97  -19  +40  -19   40  71  0  0 L3B 44
C05 FF 61044 162200  780 146 1256    +1715800   -107          45    +96   42  16  315   -4   99  -82   99  -82  26  0  0 L3B 21
C08 FF 61044 162200  780 367  647    +6633481   -146          99    +52   41  16  135   -6  -35  -41  -35  -41  25  0  0 L3B 25
C13 FF 61044 162200  780 370  804    +2654444   +112          11    -47   27  16  134   -9   21  +23   21   23  17  0  0 L3B D5
C14 FF 61044 162200  780 122  451    +7229585   +268          37   -155   84  16  374  -45    3  +93    3   93  51  0  0 L3B 01
C05 FF 61044 163800  780 148 1255    +1715639   -350          80   -146   37  16  311   -4   47  +86   47   86  24  0  0 L3B 29
C08 FF 61044 163800  780 383  613    +6633265   -271          72    -74   46  16  130   -4  -20  +43  -20   43  28  0  0 L3B 09
C13 FF 61044 163800  780 395  775    +2654593   +233           6    +73   36  16  127   -6   20  -50   20  -50  23  0  0 L3B ED
C14 FF 61044 163800  780 132  392    +7229966   +388          12    -36  117  16  347  -14   12  +11   12   11  73  0  0 L3B 13
C05 FF 61044 165400  780 150 1254    +1715447    -60          84   +144   39  16  307   -4   20 -120   20 -120  26  0  0 L3B 1A
C08 FF 61044 165400  780 394  577    +6633043   -243          40    -45   53  16  127   -2  -11  +18  -11   18  33  0  0 L3B 06
C13 FF 61044 165400  780 416  742    +2654754   +184          15    +24   28  16  122   -5    9  -17    9  -17  17  0  0 L3B E1
C14 FF 61044 165400  780 132  333    +7230430   +432          70     +8   44  16  346  +12  -28   +0  -28    0  27  0  0 L3B CA
C05 FF 61044 171000  780 152 1253    +1715254   -316          92   -112   38  17  303   -4   33  +73   33   73  25  0  0 L3B 02
C08 FF 61044 171000  780 400  541    +6632865   -199          49     -2   55  17  125   -1  -16   +3  -16    3  33  0  0 L3B CF
C13 FF 61044 171000  780 432  707    +2654914   +216          28    +56   30  17  118   -3   -5  -41   -5  -41  19  0  0 L3B E7
C14 FF 61044 171000  780 122  275    +7230830   +505          76    +83   73  17  372  +43  -24  -37  -24  -37  45  0  0 L3B 26
C05 FF 61044 172600  780 154 1252    +1714952   -117         -14    +88   50  17  299   -4   80  -51   80  -51  30  0  0 L3B 1D
C08 FF 61044 172600  780 400  506    +6632705   -133          78    +64   49  17  125   +0  -34  -41  -34  -41  28  0  0 L3B 13
C13 FF 61044 172600  780 444  669    +2655080   +155          41     -4   27  17  115   -2  -15   -1  -15   -1  16  0  0 L3B D4
C14 FF 61044 172600  780 103  222    +7231239   +319          81   -103   56  17  437  +96  -34  +59  -34   59  36  0  0 L3B 38
C05 FF 61044 174200  780 156 1251    +1714762   -147          -8    +57   45  17  295   -4   77  -42   77  -42  28  0  0 L3B 20
C08 FF 61044 174200  780 396  472    +6632518   -314          81   -116   41  17  126   +2  -38  +70  -38   70  26  0  0 L3B 24
C13 FF 61044 174200  780 451  631    +2655236   +120          45    -39   31  17  114   -1  -21  +17  -21   17  20  0  0 L3B E9
C05 FF 61044 175800  780 158 1250    +1714835   -217         261    -12   40  17  292   -4  -93  -12  -93  -12  29  0  0 L3B 3D
C08 FF 61044 175800  780 387  442    +6632296   -230          48    -32   57  17  129   +3  -21  +21  -21   21  34  0  0 L3B 0A
C13 FF 61044 175800  780 452  593    +2655373   +139          28    -20   33  17  114   +0  -14  +10  -14   10  21  0  0 L3B F1
C05 FF 61044 181400  780 160 1249    +1714541   -423         165   -218   52  18  288   -4  -37 +107  -37  107  35  0  0 L3B 68
C08 FF 61044 181400  780 374  416    +6632110   -209          67     -9   57  18  133   +5  -24   -1  -24   -1  35  0  0 L3B DC
C13 FF 61044 181400  780 449  558    +2655537   +158          29     -2   29  18  114   +1  -23   +6  -23    6  19  0  0 L3B DD
C05 FF 61044 183000  780 162 1248    +1714284   -129         105    +76   38  18  285   -4   -1  -38   -1  -38  25  0  0 L3B 1B
C08 FF 61044 183000  780 358  395    +6631955   -276         103    -77   37  18  138   +6  -48  +44  -48   44  23  0  0 L3B 3E
C13 FF 61044 183000  780 441  526    +2655662   +187           0    +27   29  18  116   +2   -6  -24   -6  -24  18  0  0 L3B DC
C05 FF 61044 184600  780 164 1246    +1713956   -493         -26   -288   36  18  281   -3   75 +168   75  168  24  0  0 L3B 6E
C08 FF 61044 184600  780 338  379    +6631781   -365         121   -166   58  18  145   +8  -61 +102  -61  102  35  0  0 L3B 62
C13 FF 61044 184600  780 429  499    +2655805   +157         -10     -3   44  18  118   +3    0   +5    0    5  27  0  0 L3B A1
C05 FF 61044 190200  780 166 1245    +1713871    +58          84   +262   34  19  278   -3   22 -171   22 -171  23  0  0 L3B 33
C08 FF 61044 190200  780 317  368    +6631543   -188          53     +9   47  19  153  +10  -30   -7  -30   -7  29  0  0 L3B FC
C05 FF 61044 191800  780 168 1244    +1713746   -436         155   -231   32  19  275   -3  -30 +145  -30  145  22  0  0 L3B 60
C08 FF 61044 191800  780 294  361    +6631381   -144          80    +53   38  19  164  +12  -51  -40  -51  -40  25  0  0 L3B 27
C13 FF 61044 191800  780 397  459    +2656148   +105          45    -53   35  19  126   +5  -23  +39  -23   39  23  0  0 L3B 1B
C05 FF 61044 193400  780 170 1243    +1713341   -106         -53    +99   43  19  272   -3   83  -63   83  -63  26  0  0 L3B 21
C08 FF 61044 193400  780 269  360    +6631199   -361          87   -164   71  19  177  +16  -56  +89  -56   89  42  0  0 L3B 63
C13 FF 61044 193400  780 377  448    +2656277   +238          22    +80   39  19  132   +6   -6  -52   -6  -52  24  0  0 L3B 02
C05 FF 61044 195000  780 172 1242    +1713375    +18         177   +223   38  19  270   -3  -56 -139  -56 -139  25  0  0 L3B 69
C08 FF 61044 195000  780 244  363    +6630943   -182          20    +15   50  19  194  +19  -18   -7  -18   -7  33  0  0 L3B 0C
C13 FF 61044 195000  780 355  441    +2656469   +172          63    +13   26  19  139   +8  -32   -1  -32   -1  18  0  0 L3B F0
C05 FF 61044 200600  780 174 1242    +1713097   -722          94   -518   27  20  267   -3  -14 +364  -14  364  20  0  0 L3B 4C
C08 FF 61044 200600  780 219  370    +6630763   -145          45    +53   63  20  215  +24  -25  -31  -25  -31  39  0  0 L3B 1B
C13 FF 61044 200600  780 333  440    +2656576   +182          16    +24   35  20  147   +9   -4  -29   -4  -29  21  0  0 L3B E8
C05 FF 61044 202200  780 175 1241    +1712670    +73        -137   +277   33  20  265   -2  144 -182  144 -182  20  0  0 L3B 61
C08 FF 61044 202200  780 193  380    +6630603   -226          75    -27   40  20  242  +31  -38  +25  -38   25  25  0  0 L3B 0D
C13 FF 61044 202200  780 310  443    +2656775   +184          63    +25   34  20  156  +11  -30  -15  -30  -15  22  0  0 L3B 07
C05 FF 61044 203800  780 177 1240    +1712610   -236          -2    -32   38  20  262   -2   59  +27   59   27  25  0  0 L3B F2
C08 FF 61044 203800  780 168  395    +6630428   -164          91    +35   66  20  276  +41  -48  -31  -48  -31  41  0  0 L3B 36
C13 FF 61044 203800  780 286  450    +2656938   +174          74    +15   30  20  168  +13  -34  -17  -34  -17  20  0  0 L3B 24
C05 FF 61044 205400  780 178 1239    +1712585     -2         170   +202   38  20  260   -2  -46 -133  -46 -133  25  0  0 L3B 3C
C08 FF 61044 205400  780 143  412    +6630211   -170          65    +28   66  20  322  +55  -33  -29  -33  -29  43  0  0 L3B 1A
C13 FF 61044 205400  780 263  461    +2657092   +133          76    -26   38  20  181  +15  -34  +15  -34   15  23  0  0 L3B 0D
C05 FF 61044 211000  780 180 1238    +1712422   -406         202   -202   33  21  259   -2  -85 +115  -85  115  21  0  0 L3B 40
C08 FF 61044 211000  780 118  432    +6630005   -254          51    -55   99  21  384  +76  -23  +46  -23   46  60  0  0 L3B 16
C13 FF 61044 211000  780 240  476    +2657231    +92          44    -69   43  21  197  +18  -26  +42  -26   42  27  0  0 L3B 05
C05 FF 61044 212600  780 181 1238    +1712108   -243          84    -39   18  21  257   -2  -20  +14  -20   14  11  0  0 L3B FE
C13 FF 61044 212600  780 217  494    +2657379   +133          38    -27   37  21  216  +22  -23  +20  -23   20  23  0  0 L3B 0A
C05 FF 61044 214200  780 182 1237    +1711888   -288          60    -84   45  21  255   -1   -6  +66   -6   66  30  0  0 L3B 01
C13 FF 61044 214200  780 195  514    +2657554   +239          59    +79   38  21  239  +26  -34  -54  -34  -54  26  0  0 L3B 3E
C05 FF 61044 215800  780 183 1237    +1711657   -168          25    +36   24  21  254   -1   30  -22   30  -22  16  0  0 L3B FB
C13 FF 61044 215800  780 173  537    +2657659    +39          10   -121   70  21  267  +32   -4  +75   -4   75  47  0  0 L3B 01
C05 FF 61044 221400  780 184 1236    +1711556    -19         119   +185   37  22  253   -1  -32 -108  -32 -108  25  0  0 L3B 52
C13 FF 61044 221400  780 152  562    +2657836    +94          40    -65   47  22  302  +40  -18  +47  -18   47  31  0  0 L3B 08
C05 FF 61044 223000  780 185 1236    +1711420   -258         180    -54   28  22  252   -1  -56  +52  -56   52  19  0  0 L3B 22
C06 FF 61044 223000  780 104  784     -581611   +222         101    -39   97  22  436 -132  -26  +30  -26   30  59  0  0 L3B 1F
C13 FF 61044 223000  780 132  590    +2657990   +162          41     +2   53  22  345  +50  -10   +7  -10    7  35  0  0 L3B C9
C16 FF 61044 223000  780 112  767    +8716632    -56          94    +27  109  22  407 -116  -31  -38  -31  -38  68  0  0 L3B 47
C05 FF 61044 224600  780 185 1235    +1711235   -157         190    +47   38  22  251   -1  -50  -23  -50  -23  24  0  0 L3B 26
C13 FF 61044 224600  780 113  619    +2658144   +227          41    +67   91  22  400  +65   -7  -29   -7  -29  60  0  0 L3B 07
C16 FF 61044 224600  780 144  754    +8716594   -459         136   -375  173  22  321  -69  -67 +323  -67  323 140  0  0 L3B A9
C05 FF 61044 230200  780 186 1235    +1711091    -96         241   +108   43  23  251   +0  -83  -78  -83  -78  27  0  0 L3B 3A
C06 FF 61044 230200  780 166  759     -581140   +407          53   +143   85  23  280  -49   -7  -94   -7  -94  53  0  0 L3B 18
C09 FF 61044 230200  780 125  896    -1916514   -362          75    -31   45  23  367 -100   18  +24   18   24  29  0  0 L3B 1A
C16 FF 61044 230200  780 174  740    +8716418   -144          39    -61   69  23  268  -45   -1  +22   -1   22  44  0  0 L3B F8
C05 FF 61044 231800  780 186 1235    +1710904   -229         250    -25   43  23  250   +0  -92  +13  -92   13  29  0  0 L3B 1D
C06 FF 61044 231800  780 195  743     -580879   +231          61    -33   53  23  240  -34  -22  +16  -22   16  34  0  0 L3B 05
C09 FF 61044 231800  780 159  887    -1916830   -292          77    +39   49  23  292  -61   15  -45   15  -45  32  0  0 L3B 33
C16 FF 61044 231800  780 202  725    +8716345    -96          46    -13   45  23  232  -31   -7   +6   -7    6  29  0  0 L3B C9
C05 FF 61044 233400  780 186 1235    +1710681   -204         222     +0   40  23  250   +0  -77   -2  -77   -2  28  0  0 L3B E9
C06 FF 61044 233400  780 221  726     -580639   +278          47    +15   65  23  213  -24  -16  -14  -16  -14  41  0  0 L3B 12
C09 FF 61044 233400  780 192  875    -1917134   -350          92    -19   43  23  244  -41   -5  +15   -5   15  26  0  0 L3B FC
C16 FF 61044 233400  780 228  707    +8716250   -115          31    -32   48  23  207  -22   -2  +13   -2   13  30  0  0 L3B DC
C05 FF 61044 235000  780 186 1235    +1710491   -173         228    +30   28  23  250   +0  -77  -17  -77  -17  19  0  0 L3B 36
C06 FF 61044 235000  780 246  706     -580370   +272          64     +8   43  23  193  -17  -34  -15  -34  -15  25  0  0 L3B 01
C09 FF 61044 235000  780 224  862    -1917470   -359          73    -27   39  23  211  -29    6   +9    6    9  23  0  0 L3B CC
C16 FF 61044 235000  780 252  687    +8716174    -36          35    +47   58  23  189  -16   -5  -26   -5  -26  36  0  0 L3B 0D
