CGGTTS     GENERIC DATA FORMAT VERSION = 2E
REV DATE = 2026-01-01                    
RCVR = POLARX5-TR                    R2CGGTTS v8.8    
CH = 99 
IMS = POLARX5-TR                    
LAB = PTB                           
X = +3844059.67 m 
Y =  +709661.67 m 
Z = +5023129.80 m 
FRAME = ITRF
COMMENTS =           IGS RINEX,AUSPOS XYZ          
INT DLY =   33.0 ns (BDS B1I),   32.5 ns (BDS B2I)
CAB DLY =  205.7 ns 
REF DLY =   56.2 ns
REF = UTC(PTB)                      
CKSUM = AF

SAT CL  MJD  STTIME TRKL ELV AZTH   REFSV      SRSV     REFSYS    SRSYS  DSG IOE MDTR SMDT MDIO SMDI MSIO SMSI ISG FR HC FRC CK
             hhmmss  s  .1dg .1dg    .1ns     .1ps/s     .1ns    .1ps/s .1ns     .1ns.1ps/s.1ns.1ps/s.1ns.1ps/s.1ns
C05 FF 61070 000200  780 183 1237    +6769607   -421         195   -222   27   0  254   +1  -16 +127  -16  127  17  0  0 L3B 46
C06 FF 61070 000200  780 327  545     -178505   +263          86    +20   38   0  149   +0  -27   -7  -27   -7  25  0  0 L3B C6
C09 FF 61070 000200  780 384  709    -2629936   -284          84    +44   41   0  130   -4  -18  -34  -18  -34  24  0  0 L3B 07
C14 FF 61070 000200  780 452  727    +3547253   +436          94    +15   42   0  114  +12  -40   -9  -40   -9  25  0  0 L3B DC
C16 FF 61070 000200  780 314  500    +8541711    -60          75    +17   35   0  154   +2  -20  -15  -20  -15  22  0  0 L3B C2
C05 FF 61070 001800  780 182 1238    +6769357    -79         136   +120   25   0  256   +2   21  -63   21  -63  17  0  0 L3B 0A
C06 FF 61070 001800  780 324  521     -178288   +240          70     -3   46   0  150   +2  -18   +6  -18    6  29  0  0 L3B 9F
C09 FF 61070 001800  780 394  680    -2630238   -269          97    +59   37   0  127   -2  -29  -37  -29  -37  23  0  0 L3B 1F
C14 FF 61070 001800  780 392  762    +3547686   +488         122    +66   48   0  127  +17  -51  -31  -51  -31  29  0  0 L3B 31
C16 FF 61070 001800  780 309  478    +8541653    -85          91     -7   37   0  157   +3  -29   +9  -29    9  24  0  0 L3B C7
C05 FF 61070 003400  780 181 1239    +6769221   -194         191     +4   23   0  257   +2    4   +6    4    6  14  0  0 L3B 97
C06 FF 61070 003400  780 318  500     -178060   +206          66    -37   38   0  153   +4  -16  +14  -16   14  25  0  0 L3B CB
C09 FF 61070 003400  780 400  651    -2630547   -404         103    -76   29   0  125   -1  -34  +43  -34   43  19  0  0 L3B F4
C14 FF 61070 003400  780 334  798    +3548085   +511         116    +90   67   0  146  +23  -47  -46  -47  -46  39  0  0 L3B 37
C16 FF 61070 003400  780 300  459    +8541560    -39          73    +38   27   0  161   +5  -16  -24  -16  -24  18  0  0 L3B E9
C05 FF 61070 005000  780 180 1240    +6768977   -207         137     -8   25   0  259   +2   33   +5   33    5  16  0  0 L3B C6
C06 FF 61070 005000  780 308  482     -177807   +320          85    +77   30   0  157   +5  -27  -44  -27  -44  20  0  0 L3B EA
C09 FF 61070 005000  780 402  623    -2630878   -324          87     +4   42   0  125   +0  -25   -2  -25   -2  27  0  0 L3B B7
C14 FF 61070 005000  780 278  836    +3548494   +545         120   +123   33   0  172  +33  -39  -68  -39  -68  21  0  0 L3B 42
C16 FF 61070 005000  780 288  444    +8541503    -18          90    +60   34   0  167   +7  -25  -36  -25  -36  21  0  0 L3B EA
C05 FF 61070 010600  780 178 1241    +6768782   -280         136    -82   54   1  261   +2   32  +42   32   42  34  0  0 L3B F8
C06 FF 61070 010600  780 296  467     -177560   +375         101   +133   27   1  163   +7  -34  -83  -34  -83  18  0  0 L3B 18
C09 FF 61070 010600  780 400  596    -2631200   -322          78     +6   31   1  125   +1  -15  -13  -15  -13  20  0  0 L3B C7
C14 FF 61070 010600  780 223  875    +3548913   +384         135    -38   59   1  211  +50  -35  +40  -35   40  35  0  0 L3B 13
C16 FF 61070 010600  780 274  431    +8541423    -92          91    -14   29   1  175   +9  -17   +8  -17    8  19  0  0 L3B C6
C05 FF 61070 012200  780 177 1242    +6768379    -14         -77   +185   55   1  263   +2  156 -136  156 -136  36  0  0 L3B 60
C06 FF 61070 012200  780 281  455     -177346   +180          83    -62   40   1  170   +9  -22  +47  -22   47  26  0  0 L3B DA
C09 FF 61070 012200  780 395  572    -2631519   -294          74    +34   33   1  127   +2  -20  -20  -20  -20  21  0  0 L3B E8
C14 FF 61070 012200  780 169  914    +3549308   +453         125    +31   57   1  274  +85  -13   -3  -13   -3  37  0  0 L3B FC
C16 FF 61070 012200  780 257  422    +8541342   -108          86    -30   34   1  185  +12  -14  +29  -14   29  23  0  0 L3B F7
C05 FF 61070 013800  780 175 1243    +6768360    -15          95   +184   38   1  265   +2   46  -84   46  -84  23  0  0 L3B 0E
C06 FF 61070 013800  780 265  447     -177070   +320         126    +77   28   1  180  +11  -50  -41  -50  -41  18  0  0 L3B 02
C09 FF 61070 013800  780 386  551    -2631818   -272          89    +56   32   1  129   +3  -25  -34  -25  -34  19  0  0 L3B 11
C16 FF 61070 013800  780 239  417    +8541267   -172          85    -94   33   1  198  +15  -13  +56  -13   56  21  0  0 L3B 14
C05 FF 61070 015400  780 173 1244    +6768268     +6         194   +205   45   1  268   +3    2 -146    2 -146  28  0  0 L3B FF
C06 FF 61070 015400  780 246  443     -176895   +114          68   -128   38   1  192  +14  -13  +72  -13   72  24  0  0 L3B 09
C09 FF 61070 015400  780 374  533    -2632127   -393          95    -65   42   1  132   +4  -31  +43  -31   43  26  0  0 L3B EE
C16 FF 61070 015400  780 220  415    +8541184   -120          78    -41   38   1  214  +19   -5  +26   -5   26  24  0  0 L3B D4
C05 FF 61070 021000  780 172 1245    +6767969    +71          85   +269   53   2  270   +3   46 -202   46 -202  35  0  0 L3B 23
C06 FF 61070 021000  780 227  442     -176639   +343         106   +102   37   2  208  +18  -24  -67  -24  -67  24  0  0 L3B 1C
C09 FF 61070 021000  780 361  520    -2632446   -284          96    +45   36   2  137   +5  -29  -29  -29  -29  22  0  0 L3B 0A
C16 FF 61070 021000  780 199  417    +8541109   -100          78    -22   47   2  234  +24    0  +37    0   37  31  0  0 L3B B5
C05 FF 61070 022600  780 170 1246    +6767944   -332         250   -133   28   2  273   +3  -49 +114  -49  114  18  0  0 L3B 51
C06 FF 61070 022600  780 207  445     -176387   +133         126   -108   36   2  227  +22  -36  +84  -36   84  23  0  0 L3B 1A
C09 FF 61070 022600  780 345  510    -2632783   -397          75    -68   32   2  142   +6  -17  +50  -17   50  21  0  0 L3B F6
C16 FF 61070 022600  780 178  422    +8541017    -44          61    +34   57   2  260  +31   15  -23   15  -23  37  0  0 L3B D8
C05 FF 61070 024200  780 168 1247    +6767511   -553           8   -354   33   2  276   +3  100 +185  100  185  20  0  0 L3B 2E
C06 FF 61070 024200  780 186  450     -176164   +325         117    +84   76   2  251  +28  -23  -54  -23  -54  47  0  0 L3B 15
C09 FF 61070 024200  780 327  505    -2633059   -377         114    -48   41   2  149   +8  -40  +34  -40   34  24  0  0 L3B 03
C16 FF 61070 024200  780 157  430    +8540934   -171          53    -93   58   2  294  +40   30  +73   30   73  35  0  0 L3B ED
C05 FF 61070 025800  780 166 1248    +6767407   +339          95   +537   48   2  279   +3   31 -347   31 -347  31  0  0 L3B 4F
C06 FF 61070 025800  780 164  459     -175984   +189          67    -52   45   2  281  +36   17  +40   17   40  28  0  0 L3B F3
C09 FF 61070 025800  780 309  504    -2633389   -277         100    +51   37   2  157   +9  -33  -34  -33  -34  22  0  0 L3B 17
C16 FF 61070 025800  780 135  441    +8540859   -194          53   -116   67   2  339  +54   35  +84   35   84  43  0  0 L3B 1B
C05 FF 61070 031400  780 164 1250    +6767338   -365         224   -166   23   3  282   +3  -37 +118  -37  118  16  0  0 L3B 53
C06 FF 61070 031400  780 143  471     -175730   +150          98    -90   53   3  321  +47    5  +61    5   61  34  0  0 L3B AC
C09 FF 61070 031400  780 289  506    -2633726   -348          81    -19   44   3  166  +11  -13  +13  -13   13  28  0  0 L3B 06
C16 FF 61070 031400  780 113  454    +8540784    -89          56    -10   63   3  400  +75   32  +11   32   11  39  0  0 L3B D0
C05 FF 61070 033000  780 162 1251    +6767044   -341         122   -141   34   3  285   +4   27  +87   27   87  22  0  0 L3B 0B
C06 FF 61070 033000  780 121  486     -175505   +231          92    -10   65   3  374  +64    7  +15    7   15  42  0  0 L3B A9
C09 FF 61070 033000  780 269  512    -2634002   -301         122    +28   31   3  178  +13  -39  -17  -39  -17  20  0  0 L3B 12
C05 FF 61070 034600  780 160 1252    +6766811   -416          81   -216   37   3  289   +4   52 +126   52  126  24  0  0 L3B 25
C06 FF 61070 034600  780 100  503     -175291   +339          75    +99   61   3  448  +91   18  -59   18  -59  39  0  0 L3B 05
C09 FF 61070 034600  780 249  521    -2634336   -378         104    -49   31   3  191  +15  -25  +40  -25   40  19  0  0 L3B 18
C05 FF 61070 041400  780 156 1254    +6766537   -384         146   -184   41   4  295   +4  -10  +62  -10   62  23  0  0 L3B 2B
C09 FF 61070 041400  780 213  545    -2634904   -423          90    -94   54   4  220  +21  -11  +61  -11   61  37  0  0 L3B F5
C05 FF 61070 043000  780 154 1256    +6766432   -308         234   -107   34   4  299   +4  -61 +119  -61  119  23  0  0 L3B 50
C09 FF 61070 043000  780 193  562    -2635215   -292          96    +37   39   4  242  +25   -6  -15   -6  -15  26  0  0 L3B F8
C05 FF 61070 044600  780 152 1257    +6766146   -353         140   -153   33   4  303   +4   27 +113   27  113  22  0  0 L3B 23
C07 FF 61070 044600  780 138  747    -4912331   -231          97    +12   90   4  333  -58  -18   -8  -18   -8  61  0  0 L3B 02
C09 FF 61070 044600  780 173  581    -2635536   -272          91    +57   61   4  268  +30    1  -31    1  -31  39  0  0 L3B DA
C10 FF 61070 044600  780 135  886     -127643   +214         117     +1   49   4  340  -72  -11   -5  -11   -5  32  0  0 L3B CB
C05 FF 61070 050200  780 150 1258    +6766040   -120         225    +80   23   5  307   +4  -31  -14  -31  -14  16  0  0 L3B 03
C07 FF 61070 050200  780 162  733    -4912553   -197         110    +46   67   5  286  -40  -22  -27  -22  -27  42  0  0 L3B 27
C09 FF 61070 050200  780 153  603    -2635843   -427          99    -98   38   5  301  +37   -3  +67   -3   67  29  0  0 L3B FE
C10 FF 61070 050200  780 164  875     -127490   +222          66     +9   50   5  283  -48   17  -16   17  -16  31  0  0 L3B D5
C05 FF 61070 051800  780 148 1259    +6765826   -266         203    -66   27   5  310   +4  -11  +53  -11   53  15  0  0 L3B 1A
C07 FF 61070 051800  780 184  717    -4912785   -193         111    +50   54   5  254  -28  -20  -30  -20  -30  37  0  0 L3B 24
C09 FF 61070 051800  780 134  627    -2636168   -335          91     -5   65   5  341  +47   13  +15   13   15  40  0  0 L3B DD
C10 FF 61070 051800  780 191  862     -127211   +127         141    -85   38   5  245  -34  -40  +49  -40   49  25  0  0 L3B 04
C05 FF 61070 053400  780 146 1260    +6765585    -77         154   +123   45   5  314   +4   24  -78   24  -78  28  0  0 L3B 20
C07 FF 61070 053400  780 203  700    -4913012   -284         118    -40   42   5  231  -21  -19  +30  -19   30  26  0  0 L3B FB
C09 FF 61070 053400  780 115  653    -2636503   -422          72    -93   68   5  393  +61   37  +90   37   90  50  0  0 L3B FE
C10 FF 61070 053400  780 217  848     -127057   +148          91    -65   42   5  217  -25   -4  +53   -4   53  28  0  0 L3B D5
C05 FF 61070 055000  780 144 1261    +6765504    -66         265   +134   31   5  318   +4  -29  -54  -29  -54  21  0  0 L3B 27
C07 FF 61070 055000  780 220  682    -4913257   -259         107    -16   55   5  214  -15   -2  +21   -2   21  33  0  0 L3B E5
C10 FF 61070 055000  780 242  833     -126830   +192         114    -21   45   5  196  -18  -13  +15  -13   15  28  0  0 L3B F3
C05 FF 61070 060600  780 142 1262    +6765270   -384         218   -185   28   6  322   +4   36 +165   36  165  23  0  0 L3B 3E
C07 FF 61070 060600  780 235  663    -4913452   -156         143    +87   59   6  202  -11  -19  -31  -19  -31  37  0  0 L3B 2E
C10 FF 61070 060600  780 264  816     -126641   +227         102    +15   57   6  181  -14    2   -8    2   -8  35  0  0 L3B A4
C05 FF 61070 062200  780 141 1263    +6764970   -211         111    -12   28   6  326   +4  158  +26  158   26  17  0  0 L3B 1D
C07 FF 61070 062200  780 247  643    -4913700   -421         128   -178   60   6  193   -8    3 +125    3  125  37  0  0 L3B 02
C10 FF 61070 062200  780 284  797     -126403   +289         136    +77   37   6  169  -11  -13  -54  -13  -54  24  0  0 L3B 1E
C05 FF 61070 063800  780 139 1264    +6764779   -293         111    -94   33   6  330   +4  184 +101  184  101  20  0  0 L3B 4A
C07 FF 61070 063800  780 255  624    -4913930   -195         132    +48   40   6  186   -5   13  -13   13  -13  26  0  0 L3B FD
C10 FF 61070 063800  780 301  777     -126258   +133          77    -80   41   6  160   -8   34  +63   34   63  25  0  0 L3B CB
C11 FF 61070 063800  780 109  440    -8465178   -175         123    -29   94   6  417  -57   56  +10   56   10  62  0  0 L3B 11
C05 FF 61070 065400  780 137 1265    +6764560   -273          83    -73   37   6  333   +4  230  +76  230   76  25  0  0 L3B 20
C07 FF 61070 065400  780 261  604    -4914165   -343         131   -100   48   6  183   -3   27  +87   27   87  31  0  0 L3B 08
C10 FF 61070 065400  780 316  756     -126034   +164          98    -49   53   6  154   -6   34  +43   34   43  33  0  0 L3B CF
C11 FF 61070 065400  780 120  383    -8465370   -170          71    -25   98   6  381  -19   91  +25   91   25  62  0  0 L3B FD
C05 FF 61070 071000  780 136 1266    +6764390    -96         131   +106   26   7  337   +4  251  -45  251  -45  17  0  0 L3B 33
C07 FF 61070 071000  780 264  585    -4914395   -297         127    -55   33   7  181   -1   40  +35   40   35  21  0  0 L3B F5
C10 FF 61070 071000  780 328  734     -125821   +184         110    -28   56   7  149   -4   43  +31   43   31  36  0  0 L3B CD
C11 FF 61070 071000  780 121  324    -8465481   -329         116   -181   95   7  377  +11   78 +124   78  124  61  0  0 L3B 40
C05 FF 61070 072600  780 134 1266    +6764166   -287         102    -84   32   7  340   +3  308 +120  308  120  21  0  0 L3B 3C
C07 FF 61070 072600  780 263  567    -4914604   -225         150    +17   50   7  181   +1   37  +15   37   15  29  0  0 L3B F0
C10 FF 61070 072600  780 337  712     -125621   +245         107    +33   37   7  145   -3   53   -8   53   -8  23  0  0 L3B BB
C11 FF 61070 072600  780 112  268    -8465625    -31         113   +117   87   7  403  +46   87  -68   87  -68  59  0  0 L3B 31
C05 FF 61070 074200  780 133 1267    +6764139    -85         269   +118   42   7  343   +3  254  -65  254  -65  26  0  0 L3B 48
C07 FF 61070 074200  780 260  550    -4914870   -241         117     +1   37   7  183   +3   76  +18   76   18  24  0  0 L3B E2
C10 FF 61070 074200  780 343  690     -125389   +159         136    -53   31   7  143   -2   49  +45   49   45  18  0  0 L3B E8
C05 FF 61070 075800  780 132 1268    +6763965   -292         289    -90   36   7  346   +3  262 +107  262  107  25  0  0 L3B 66
C07 FF 61070 075800  780 255  535    -4915100   -229         119    +13   54   7  187   +5   84   +3   84    3  32  0  0 L3B D4
C10 FF 61070 075800  780 345  669     -125214   +233         106    +21   37   7  142   +0   74   -4   74   -4  23  0  0 L3B B7
C05 FF 61070 081400  780 131 1268    +6763610   -407         122   -205   35   8  349   +3  403 +140  403  140  21  0  0 L3B 42
C07 FF 61070 081400  780 246  523    -4915303   -248         137     -7   40   8  193   +7   78  +14   78   14  25  0  0 L3B EC
C10 FF 61070 081400  780 345  648     -125016   +232          83    +18   45   8  142   +1   83   -6   83   -6  28  0  0 L3B B0
C05 FF 61070 083000  780 130 1268    +6763341   -206          46     -5   24   8  352   +2  481  +50  481   50  16  0  0 L3B F7
C07 FF 61070 083000  780 236  513    -4915546   -184         126    +57   51   8  200   +9   99  -17   99  -17  31  0  0 L3B 12
C10 FF 61070 083000  780 341  630     -124772   +238         121    +24   28   8  144   +2   71   -5   71   -5  18  0  0 L3B B0
C05 FF 61070 084600  780 129 1269    +6763197    -90          96   +111   31   8  354   +2  446  -80  446  -80  20  0  0 L3B 34
C07 FF 61070 084600  780 224  505    -4915750   -289         153    -48   35   8  211  +12   99  +50   99   50  22  0  0 L3B 15
C10 FF 61070 084600  780 335  614     -124573   +266         115    +52   37   8  146   +3   85  -24   85  -24  24  0  0 L3B EC
C05 FF 61070 090200  780 128 1269    +6763102   -138         179    +62   29   9  355   +2  402  -17  402  -17  19  0  0 L3B 39
C07 FF 61070 090200  780 210  500    -4916001    -39         134   +202   40   9  224  +15  131 -111  131 -111  27  0  0 L3B 22
C10 FF 61070 090200  780 327  601     -124388   +208          95     -6   27   9  149   +4  112  +17  112   17  18  0  0 L3B D4
C05 FF 61070 091800  780 128 1269    +6762917   -247         186    -47   30   9  357   +1  402  +31  402   31  21  0  0 L3B 2C
C07 FF 61070 091800  780 194  499    -4916167   -303         198    -62   31   9  240  +19  113  +56  113   56  20  0  0 L3B 38
C10 FF 61070 091800  780 316  590     -124219   +293          60    +79   42   9  153   +5  147  -20  147  -20  25  0  0 L3B F7
C05 FF 61070 093400  780 127 1269    +6762709   -265         169    -65   32   9  358   +1  418  +53  418   53  19  0  0 L3B 49
C07 FF 61070 093400  780 178  499    -4916504   -188          94    +52   46   9  261  +24  193  -18  193  -18  27  0  0 L3B 4D
C10 FF 61070 093400  780 304  583     -124018   +273          55    +59   45   9  159   +6  162  -16  162  -16  29  0  0 L3B 03
C05 FF 61070 095000  780 127 1269    +6762494   -283         145    -84   28   9  359   +1  438  +41  438   41  18  0  0 L3B 46
C07 FF 61070 095000  780 160  503    -4916741   -201          88    +40   32   9  288  +31  206  -30  206  -30  21  0  0 L3B 0F
C10 FF 61070 095000  780 290  578     -123758   +216         110     +2   30   9  166   +8  138   -6  138   -6  20  0  0 L3B D1
C05 FF 61070 100600  780 127 1269    +6762223   -219          69    -19   27  10  359   +0  465  +14  465   14  19  0  0 L3B 2E
C07 FF 61070 100600  780 142  509    -4916926   -196         169    +47   67  10  322  +40  193  +12  193   12  45  0  0 L3B 3D
C10 FF 61070 100600  780 275  577     -123540   +154         136    -58   24  10  174   +9  131  +46  131   46  17  0  0 L3B 03
C05 FF 61070 102200  780 127 1269    +6761976   -230          14    -30   30  10  359   +0  527  +54  527   54  21  0  0 L3B 1B
C07 FF 61070 102200  780 124  518    -4917147   -151         181    +92   65  10  367  +53  206  -28  206  -28  43  0  0 L3B 44
C10 FF 61070 102200  780 259  579     -123338   +211         135     -2   38  10  184  +11  145   +6  145    6  24  0  0 L3B D7
C05 FF 61070 103800  780 127 1268    +6761766   -252          -4    -52   35  10  358   -1  513  -53  513  -53  23  0  0 L3B 2E
C07 FF 61070 103800  780 105  529    -4917374   -249         188     -6   72  10  427  +73  229  +30  229   30  47  0  0 L3B 38
C10 FF 61070 103800  780 242  583     -123155   +168         114    -44   48  10  196  +13  166  +24  166   24  31  0  0 L3B 16
C05 FF 61070 105400  780 128 1268    +6761584   -138           6    +62   39  10  358   -1  444  -58  444  -58  27  0  0 L3B 3A
C10 FF 61070 105400  780 224  591     -122944   +277         120    +65   52  10  210  +16  165  -29  165  -29  36  0  0 L3B 24
C05 FF 61070 111000  780 128 1268    +6761552    -66         172   +135   37  11  356   -1  334  -73  334  -73  23  0  0 L3B 42
C10 FF 61070 111000  780 206  601     -122744   +147         108    -67   40  11  227  +19  187  +71  187   71  27  0  0 L3B 15
C05 FF 61070 112600  780 129 1267    +6761373   -408         187   -207   41  11  355   -2  310  +89  310   89  27  0  0 L3B 54
C10 FF 61070 112600  780 189  614     -122570   +215          77     +1   55  11  247  +23  230  +17  230   17  36  0  0 L3B E7
C05 FF 61070 114200  780 129 1266    +6761033   -160          39    +41   44  11  353   -2  378  -35  378  -35  27  0  0 L3B 35
C10 FF 61070 114200  780 171  628     -122309   +322         133   +108   59  11  271  +28  210  -49  210  -49  38  0  0 L3B 2E
C05 FF 61070 115800  780 130 1266    +6760915   -165         114    +36   29  11  350   -3  320   -6  320   -6  20  0  0 L3B 0B
C10 FF 61070 115800  780 153  645     -122134   +221         103     +7   61  11  301  +35  249  +24  249   24  39  0  0 L3B F6
C05 FF 61070 121400  780 131 1265    +6760811   -161         188    +39   38  12  348   -3  282  -19  282  -19  24  0  0 L3B 4B
C10 FF 61070 121400  780 135  664     -121957   +169          74    -45   67  12  339  +44  285  +33  285   33  41  0  0 L3B 1D
C05 FF 61070 123000  780 132 1264    +6760614   -347         183   -148   27  12  345   -3  300 +104  300  104  20  0  0 L3B 4A
C08 FF 61070 123000  780 114  825    +6211160   -170          94     +7   56  12  402 -136  272  -28  272  -28  36  0  0 L3B 28
C10 FF 61070 123000  780 117  685     -121711   +217         114     +3   48  12  386  +56  263   -3  263   -3  32  0  0 L3B E4
C05 FF 61070 124600  780 134 1264    +6760370   -163         130    +37   30  12  342   -3  353  -39  353  -39  21  0  0 L3B 36
C08 FF 61070 124600  780 152  815    +6211010   -269         115    -91   60  12  304  -76  215  -13  215  -13  38  0  0 L3B 31
C10 FF 61070 124600  780 100  707     -121503   +155         118    -58   47  12  449  +74  241   +9  241    9  31  0  0 L3B F1
C13 FF 61070 124600  780 131  908    +3016689   +252          47    +85   40  12  350 -102  297  -82  297  -82  28  0  0 L3B 52
C05 FF 61070 130200  780 135 1263    +6760105   -316          52   -117   31  13  339   -4  380  +76  380   76  21  0  0 L3B 2B
C13 FF 61070 130200  780 170  899    +3016849   +196          63    +31   34  13  274  -61  247  -73  247  -73  23  0  0 L3B 3F
C05 FF 61070 131800  780 137 1262    +6760072   -279         210    -80   47  13  335   -4  259  +24  259   24  32  0  0 L3B 3A
C08 FF 61070 131800  780 226  788    +6210641   -171         111    +11   53  13  209  -32  153  -25  153  -25  33  0  0 L3B 31
C13 FF 61070 131800  780 207  888    +3017003   +150          58    -15   47  13  227  -40  204  -41  204  -41  32  0  0 L3B 19
C05 FF 61070 133400  780 138 1261    +6759852   -144         181    +54   37  13  331   -4  256  -27  256  -27  24  0  0 L3B 4E
C08 FF 61070 133400  780 260  770    +6210474   -232         119    -50   52  13  183  -22  123   +0  123    0  33  0  0 L3B EF
C13 FF 61070 133400  780 244  874    +3017168   +163          64     -2   28  13  195  -28  171  -20  171  -20  18  0  0 L3B 19
C05 FF 61070 135000  780 140 1260    +6759485   -318           5   -119   60  13  328   -4  356  +56  356   56  40  0  0 L3B 2F
C08 FF 61070 135000  780 292  750    +6210308    -64         127   +118   56  13  165  -16   95  -93   95  -93  36  0  0 L3B 32
C13 FF 61070 135000  780 279  858    +3017330   +113          69    -52   44  13  172  -20  146   -1  146   -1  27  0  0 L3B 00
C05 FF 61070 140600  780 142 1259    +6759542    -15         244   +183   50  14  324   -4  156 -165  156 -165  35  0  0 L3B 70
C08 FF 61070 140600  780 321  725    +6210124   -147         119    +35   49  14  152  -12   82  -38   82  -38  30  0  0 L3B 17
C13 FF 61070 140600  780 312  839    +3017475   +182          47    +16   42  14  156  -15  131  -38  131  -38  27  0  0 L3B 2C
C05 FF 61070 142200  780 144 1258    +6759257   -484         149   -286   33  14  320   -4  200 +166  200  166  18  0  0 L3B 73
C08 FF 61070 142200  780 347  698    +6209955   -238         125    -55   49  14  142   -9   64  +24   64   24  29  0  0 L3B 20
C13 FF 61070 142200  780 342  817    +3017645   +279          56   +113   38  14  143  -11  104  -90  104  -90  24  0  0 L3B 33
C05 FF 61070 143800  780 146 1257    +6758970   -200          52     -2   29  14  316   -4  254  -51  254  -51  20  0  0 L3B 1F
C08 FF 61070 143800  780 369  667    +6209805   -223         150    -41   39  14  134   -6   36  +21   36   21  23  0  0 L3B 03
C13 FF 61070 143800  780 370  791    +3017821   +145          73    -21   30  14  134   -8   82   -1   82   -1  19  0  0 L3B CB
C05 FF 61070 145400  780 148 1256    +6758842   -136         114    +62   26  14  312   -4  204  -34  204  -34  14  0  0 L3B 3B
C08 FF 61070 145400  780 386  633    +6209605   -220         125    -38   50  14  129   -4   44  +10   44   10  31  0  0 L3B F0
C13 FF 61070 145400  780 394  762    +3017962   +174          55     +7   34  14  127   -6   81  -11   81  -11  22  0  0 L3B E5
C05 FF 61070 151000  780 150 1254    +6758686     -7         145   +190   22  15  308   -4  148 -148  148 -148  16  0  0 L3B 62
C08 FF 61070 151000  780 399  597    +6209433   -294         117   -113   48  15  126   -3   40  +65   40   65  30  0  0 L3B 1A
C13 FF 61070 151000  780 414  729    +3018111   +179          45    +13   32  15  122   -4   82  -20   82  -20  20  0  0 L3B D6
C05 FF 61070 152600  780 152 1253    +6758544   -146         193    +52   19  15  304   -4  108  -68  108  -68  14  0  0 L3B 51
C08 FF 61070 152600  780 406  560    +6209250   -225         107    -44   64  15  124   -1   41  +24   41   24  38  0  0 L3B EF
C13 FF 61070 152600  780 429  693    +3018279   +131          54    -35   26  15  119   -3   61  +10   61   10  16  0  0 L3B E2
C05 FF 61070 154200  780 154 1252    +6758268   -409         106   -211   29  15  300   -4  133 +137  133  137  16  0  0 L3B 64
C08 FF 61070 154200  780 408  524    +6209066   -166          97    +15   50  15  123   +0   41  -14   41  -14  31  0  0 L3B E9
C13 FF 61070 154200  780 440  656    +3018459   +227          75    +61   20  15  116   -2   39  -47   39  -47  13  0  0 L3B FE
C05 FF 61070 155800  780 156 1251    +6757925    -66         -47   +132   43  15  296   -4  222 -123  222 -123  27  0  0 L3B 6A
C08 FF 61070 155800  780 405  489    +6208902   -121         107    +60   38  15  124   +1   26  -43   26  -43  23  0  0 L3B 07
C13 FF 61070 155800  780 445  618    +3018613   +115          69    -51   25  15  115   -1   36  +25   36   25  16  0  0 L3B E9
C05 FF 61070 161400  780 158 1250    +6758014   -110         239    +88   48  16  292   -4   36  -63   36  -63  31  0  0 L3B 29
C08 FF 61070 161400  780 398  457    +6208751   -148         133    +33   43  16  126   +3   -2  -31   -2  -31  28  0  0 L3B FE
C13 FF 61070 161400  780 446  582    +3018761   +237          65    +72   23  16  115   +0   33  -52   33  -52  13  0  0 L3B EB
C05 FF 61070 163000  780 160 1249    +6757736   -255         151    -57   39  16  288   -4   84   +7   84    7  26  0  0 L3B 0F
C08 FF 61070 163000  780 386  430    +6208535    -58          91   +124   40  16  129   +4   16  -89   16  -89  24  0  0 L3B 0B
C12 FF 61070 163000  780 146 2641     -456625   -253          84    +56   84  16  317 -114  166 -106  166 -106  51  0  0 L3B 6D
C13 FF 61070 163000  780 442  547    +3018909   +228          54    +63   29  16  116   +1   29  -46   29  -46  18  0  0 L3B 05
C05 FF 61070 164600  780 162 1248    +6757519   -270         124    -71   31  16  285   -4   76  +38   76   38  20  0  0 L3B 28
C08 FF 61070 164600  780 370  407    +6208424   -185         155     -4   47  16  134   +5  -32   +3  -32    3  30  0  0 L3B D9
C12 FF 61070 164600  780 200 2679     -456886   -430         119   -121   63  16  235  -63   90  +29   90   29  40  0  0 L3B 34
C13 FF 61070 164600  780 434  516    +3019036   +137          23    -28   31  16  117   +2   37  +10   37   10  18  0  0 L3B D7
C05 FF 61070 170200  780 164 1247    +6757244   -368          53   -168   40  17  282   -3  130 +106  130  106  25  0  0 L3B 55
C08 FF 61070 170200  780 352  389    +6208240   -175         134     +5   38  17  140   +7  -28   -2  -28   -2  24  0  0 L3B EC
C12 FF 61070 170200  780 255 2718     -457190   -131         112   +178   55  17  188  -39   51 -151   51 -151  34  0  0 L3B 57
C13 FF 61070 170200  780 422  490    +3019222   +191          56    +26   34  17  120   +3   10  -17   10  -17  21  0  0 L3B D1
C05 FF 61070 171800  780 166 1246    +6757118    +92         119   +292   34  17  278   -3   96 -207   96 -207  23  0  0 L3B 63
C08 FF 61070 171800  780 331  376    +6208080   -165         147    +15   47  17  148   +9  -43  -12  -43  -12  28  0  0 L3B 2C
C12 FF 61070 171800  780 311 2756     -457474   -307         125     +2   53  17  157  -27   23  -25   23  -25  32  0  0 L3B 0C
C13 FF 61070 171800  780 406  469    +3019415   +147          92    -18   34  17  124   +4  -12   +2  -12    2  21  0  0 L3B D0
C05 FF 61070 173400  780 168 1244    +6756929   -616         122   -416   33  17  275   -3   42 +224   42  224  20  0  0 L3B 4E
C08 FF 61070 173400  780 308  368    +6207896    -98         136    +82   29  17  157  +11  -44  -55  -44  -55  19  0  0 L3B 4D
C12 FF 61070 173400  780 368 2793     -457789   -270         106    +39   57  17  135  -19   14  -47   14  -47  35  0  0 L3B 44
C13 FF 61070 173400  780 388  453    +3019545   +105          64    -59   25  17  129   +6   -1  +27   -1   27  16  0  0 L3B E7
C05 FF 61070 175000  780 170 1243    +6756679   -262          64    -63   32  17  272   -3   65  +53   65   53  20  0  0 L3B 0C
C08 FF 61070 175000  780 284  366    +6207702   -218         114    -39   49  17  169  +14  -29  +22  -29   22  29  0  0 L3B 3C
C12 FF 61070 175000  780 426 2829     -458103   -344          90    -35   45  17  119  -14    8   +8    8    8  27  0  0 L3B C8
C13 FF 61070 175000  780 368  442    +3019731   +263          92    +99   19  17  134   +7  -24  -68  -24  -68  13  0  0 L3B 26
C05 FF 61070 180600  780 172 1242    +6756660    -55         227   +144   22  18  269   -3  -40 -108  -40 -108  15  0  0 L3B 5B
C08 FF 61070 180600  780 259  367    +6207528   -146         117    +35   76  18  184  +17  -34  -15  -34  -15  47  0  0 L3B 50
C12 FF 61070 180600  780 487 2863     -458396   -278          93    +31   48  18  108  -11  -13  -32  -13  -32  28  0  0 L3B 3B
C13 FF 61070 180600  780 346  437    +3019863    +10          65   -155   18  18  142   +8   -6  +93   -6   93  11  0  0 L3B EA
C05 FF 61070 182200  780 174 1242    +6756306   -766          64   -567   27  18  267   -3   67 +399   67  399  17  0  0 L3B 71
C08 FF 61070 182200  780 233  373    +6207343   -151         106    +30   37  18  202  +21  -36  -23  -36  -23  23  0  0 L3B 1E
C12 FF 61070 182200  780 549 2894     -458707   -353          79    -44   53  18   99   -8  -14  +15  -14   15  32  0  0 L3B 17
C13 FF 61070 182200  780 324  436    +3020014   +255          58    +90   28  18  150  +10   -5  -47   -5  -47  18  0  0 L3B F3
C05 FF 61070 183800  780 176 1241    +6756104   +323          53   +522   35  18  264   -2   81 -337   81 -337  22  0  0 L3B 49
C08 FF 61070 183800  780 208  383    +6207177   -170         113    +10   78  18  225  +27  -43   -5  -43   -5  48  0  0 L3B 1D
C12 FF 61070 183800  780 612 2918     -459014   -380          69    -71   45  18   92   -6  -20  +37  -20   37  27  0  0 L3B 07
C13 FF 61070 183800  780 301  440    +3020189   +158          76     -6   19  18  161  +12  -19   +4  -19    4  13  0  0 L3B DA
C05 FF 61070 185400  780 177 1240    +6756065   -211         205    -12   38  18  262   -2   -8   +9   -8    9  24  0  0 L3B EA
C08 FF 61070 185400  780 183  396    +6207027   -153         136    +27   45  18  255  +34  -53  -14  -53  -14  29  0  0 L3B 45
C11 FF 61070 185400  780 150 2918    -8471725   -260         107   -112   63  18  311 -113   36  +45   36   45  39  0  0 L3B 4C
C12 FF 61070 185400  780 677 2933     -459333   -285          47    +24   31  18   87   -4  -16  -25  -16  -25  19  0  0 L3B 1E
C13 FF 61070 185400  780 277  447    +3020362   +123          90    -41   28  18  173  +14  -29  +17  -29   17  18  0  0 L3B 1B
C05 FF 61070 191000  780 179 1239    +6755879    -77         207   +121   29  19  260   -2  -34  -90  -34  -90  19  0  0 L3B 54
C08 FF 61070 191000  780 158  413    +6206841   -297         122   -117   77  19  293  +45  -49  +80  -49   80  45  0  0 L3B 58
C11 FF 61070 191000  780 205 2944    -8471850   -140         124     +8   61  19  230  -62   -9  -30   -9  -30  38  0  0 L3B 10
C12 FF 61070 191000  780 743 2924     -459641   -323          35    -14   34  19   84   -3  -17   -1  -17   -1  21  0  0 L3B D9
C13 FF 61070 191000  780 254  459    +3020518   +138          91    -26   27  19  187  +17  -29  +30  -29   30  17  0  0 L3B 1C
C05 FF 61070 192600  780 180 1238    +6755647   -373         167   -174   27  19  258   -2  -17  +96  -17   96  18  0  0 L3B 6C
C08 FF 61070 192600  780 133  432    +6206657   -112         111    +69   68  19  343  +61  -44  -51  -44  -51  42  0  0 L3B 3A
C11 FF 61070 192600  780 263 2967    -8471967   -226         149    -79   70  19  182  -39  -41  +39  -41   39  44  0  0 L3B 71
C12 FF 61070 192600  780 808 2846     -459959   -279          14    +30   36  19   82   -2   -8  -18   -8  -18  21  0  0 L3B 03
C13 FF 61070 192600  780 230  474    +3020645   +225          60    +60   40  19  205  +20  -10  -38  -10  -38  28  0  0 L3B 09
C05 FF 61070 194200  780 181 1238    +6755443   -139         153    +59   33  19  256   -2  -15  -28  -15  -28  22  0  0 L3B 47
C08 FF 61070 194200  780 109  454    +6206484   -252         112    -72   90  19  413  +86  -47  +46  -47   46  56  0  0 L3B 43
C11 FF 61070 194200  780 322 2984    -8472121   -144         136     +4   48  19  152  -26  -42   -7  -42   -7  32  0  0 L3B 18
C12 FF 61070 194200  780 857 2400     -460235   -274          35    +36   33  19   81   +0  -24  -27  -24  -27  20  0  0 L3B F9
C13 FF 61070 194200  780 208  492    +3020827   +161          85     -3   38  19  226  +24  -25   +1  -25    1  26  0  0 L3B D8
C05 FF 61070 195800  780 183 1237    +6755230   -243         131    -44   26  19  255   -1   23  +48   23   48  18  0  0 L3B 1B
C11 FF 61070 195800  780 382 2995    -8472277   -142         122     +5   52  19  131  -18  -40   -9  -40   -9  31  0  0 L3B 25
C12 FF 61070 195800  780 826 1727     -460539   -351          28    -41   34  19   81   +1  -20  +32  -20   32  21  0  0 L3B EE
C13 FF 61070 195800  780 185  512    +3020989    +49          88   -115   29  19  251  +29  -27  +78  -27   78  18  0  0 L3B 45
C05 FF 61070 201400  780 184 1236    +6755054    -84         148   +115   21  20  254   -1    4  -85    4  -85  14  0  0 L3B F4
C11 FF 61070 201400  780 444 2996    -8472448   -166          93    -18   50  20  116  -13  -32   +7  -32    7  29  0  0 L3B 12
C12 FF 61070 201400  780 760 1588     -460825   -339          43    -33   37  20   83   +3  -26  +23  -26   23  23  0  0 L3B EF
C13 FF 61070 201400  780 164  536    +3021126   +214          60    +48   47  20  282  +36  -11  -30  -11  -30  32  0  0 L3B FA
C05 FF 61070 203000  780 184 1236    +6754958   -251         243    -52   32  20  252   -1  -50  +52  -50   52  21  0  0 L3B 17
C11 FF 61070 203000  780 506 2984    -8472578    -82         105    +65   45  20  105  -10  -44  -39  -44  -39  28  0  0 L3B 44
C12 FF 61070 203000  780 689 1560     -461108   -334          54    -28   32  20   87   +4  -31  +20  -31   20  19  0  0 L3B E0
C13 FF 61070 203000  780 143  561    +3021306   +123          81    -42   38  20  321  +45  -23  +24  -23   24  25  0  0 L3B EA
C05 FF 61070 204600  780 185 1236    +6754721   -125         197    +74   38  20  251   -1  -10  -38  -10  -38  26  0  0 L3B 36
C06 FF 61070 204600  780 101  793     -160651   +283         155    +46   58  20  448 -141  -62   +1  -62    1  38  0  0 L3B 00
C11 FF 61070 204600  780 566 2952    -8472739   -118          85    +29   48  20   97   -7  -35  -23  -35  -23  29  0  0 L3B 38
C12 FF 61070 204600  780 617 1559     -461402   -279          54    +27   33  20   92   +6  -27  -13  -27  -13  21  0  0 L3B FD
C13 FF 61070 204600  780 123  589    +3021479   +141          96    -24   71  20  370  +58  -35  +19  -35   19  46  0  0 L3B 20
C16 FF 61070 204600  780 113  750    +8535976    +37         163   +114  107  20  402 -111  -71 -108  -71 -108  71  0  0 L3B 75
C05 FF 61070 210200  780 186 1235    +6754516   -146         180    +53   44  21  251   -1   -7  -34   -7  -34  28  0  0 L3B 0D
C06 FF 61070 210200  780 133  781     -160452   +386         131   +148   94  21  345  -81  -41 -110  -41 -110  59  0  0 L3B 49
C11 FF 61070 210200  780 623 2888    -8472888   -131          79    +17   44  21   91   -5  -32  -12  -32  -12  27  0  0 L3B 1C
C12 FF 61070 210200  780 545 1568     -461697   -297          38     +8   45  21   99   +9  -21   +0  -21    0  27  0  0 L3B C8
C13 FF 61070 210200  780 104  618    +3021590   +142          43    -24  111  21  434  +77   -3  +10   -3   10  71  0  0 L3B D4
C16 FF 61070 210200  780 145  738    +8535853    -73         114     +5   61  21  319  -67  -45  -20  -45  -20  38  0  0 L3B 18
C05 FF 61070 211800  780 186 1235    +6754291   -286         145    -87   33  21  250   -1   11  +55   11   55  22  0  0 L3B 0D
C06 FF 61070 211800  780 164  768     -160230   +282         125    +45   68  21  283  -51  -49  -12  -49  -12  42  0  0 L3B 26
C09 FF 61070 211800  780 123  895    -2655036   -309         101    +20   49  21  371 -103   -9   +1   -9    1  31  0  0 L3B E7
C11 FF 61070 211800  780 669 2777    -8473053   -182          55    -35   39  21   88   -3  -20  +14  -20   14  23  0  0 L3B 10
C12 FF 61070 211800  780 473 1582     -461972   -295          55     +9   50  21  110  +13  -26   +0  -26    0  32  0  0 L3B D2
C16 FF 61070 211800  780 174  724    +8535755   -126          91    -48   50  21  267  -44  -29  +35  -29   35  32  0  0 L3B 2F
C05 FF 61070 213400  780 187 1235    +6754065   -200         110     -2   24  21  250   +0   35   -2   35   -2  16  0  0 L3B C3
C06 FF 61070 213400  780 193  752     -160008   +240         120     +3   49  21  242  -35  -40   -3  -40   -3  29  0  0 L3B D0
C09 FF 61070 213400  780 158  886    -2655336   -360         117    -32   47  21  294  -62  -10  +13  -10   13  30  0  0 L3B 24
C11 FF 61070 213400  780 696 2608    -8473198   -126          52    +21   39  21   86   -1  -24   -9  -24   -9  25  0  0 L3B 02
C12 FF 61070 213400  780 401 1596     -462256   -361          63    -57   39  21  125  +19  -32  +39  -32   39  24  0  0 L3B 1C
C14 FF 61070 213400  780 133 2254    +3579951   +425          83     +4   73  21  349 -156   26  -13   26  -13  45  0  0 L3B 23
C16 FF 61070 213400  780 202  707    +8535690    -33         101    +45   46  21  232  -30  -37  -33  -37  -33  30  0  0 L3B 13
C05 FF 61070 215000  780 187 1235    +6753879   -207         115     -8   36  21  249   +0   35   +2   35    2  23  0  0 L3B D9
C06 FF 61070 215000  780 220  735     -159791   +228         109     -9   57  21  214  -25  -35   +8  -35    8  36  0  0 L3B EA
C09 FF 61070 215000  780 191  875    -2655644   -361         125    -32   34  21  245  -41  -23  +19  -23   19  20  0  0 L3B 27
C11 FF 61070 215000  780 695 2408    -8473337   -127          55    +20   50  21   86   +1  -26  -13  -26  -13  31  0  0 L3B 09
C12 FF 61070 215000  780 331 1610     -462585   -320          27    -15   48  21  147  +28   -5   +0   -5    0  31  0  0 L3B B3
C14 FF 61070 215000  780 193 2284    +3580352   +474          79    +52   87  21  244  -76   12  -49   12  -49  55  0  0 L3B 32
C16 FF 61070 215000  780 227  689    +8535602   -107          87    -29   62  21  208  -22  -29  +20  -29   20  38  0  0 L3B 22
C05 FF 61070 220600  780 187 1235    +6753686   -217         114    -19   27  22  249   +0   38  +12   38   12  16  0  0 L3B 14
C06 FF 61070 220600  780 245  716     -159554   +188         116    -49   36  22  194  -18  -44  +29  -44   29  23  0  0 L3B 2F
C09 FF 61070 220600  780 223  862    -2655957   -378         112    -51   37  22  212  -29  -23  +24  -23   24  24  0  0 L3B 2D
C11 FF 61070 220600  780 665 2235    -8473471   -172          63    -24   29  22   88   +3  -27  +20  -27   20  18  0  0 L3B 09
C12 FF 61070 220600  780 263 1623     -462861   -383          63    -76   37  22  182  +45  -11  +66  -11   66  24  0  0 L3B 1B
C14 FF 61070 220600  780 254 2318    +3580764   +413          87     -9   71  22  188  -44    0   -2    0   -2  43  0  0 L3B C0
C16 FF 61070 220600  780 250  669    +8535533     +5          99    +83   34  22  190  -16  -35  -63  -35  -63  22  0  0 L3B 10
C05 FF 61070 222200  780 187 1235    +6753535   -163         154    +36   34  22  249   +0   13  -20   13  -20  21  0  0 L3B 05
C06 FF 61070 222200  780 267  695     -159336   +243         106     +5   57  22  179  -13  -41   -4  -41   -4  35  0  0 L3B F1
C09 FF 61070 222200  780 253  847    -2656253   -376         130    -49   42  22  188  -21  -41  +17  -41   17  26  0  0 L3B 32
C11 FF 61070 222200  780 615 2117    -8473605   -152          70     -5   30  22   92   +5  -25  +11  -25   11  19  0  0 L3B DD
C12 FF 61070 222200  780 196 1635     -463123   -324          96    -17   42  22  239  +79  -22  +13  -22   13  26  0  0 L3B 11
C14 FF 61070 222200  780 316 2355    +3581168   +439          86    +18   70  22  154  -28  -13  -27  -13  -27  41  0  0 L3B 3A
C16 FF 61070 222200  780 270  647    +8535441    -44          82    +35   38  22  177  -11  -24  -28  -24  -28  22  0  0 L3B 16
C05 FF 61070 223800  780 186 1235    +6753389    -90         198   +108   45  22  250   +0   -8  -61   -8  -61  29  0  0 L3B 27
C06 FF 61070 223800  780 286  672     -159111   +276         104    +39   54  22  168  -10  -39  -19  -39  -19  35  0  0 L3B 38
C09 FF 61070 223800  780 282  829    -2656585   -322         111     +4   39  22  170  -16  -35   -2  -35   -2  25  0  0 L3B 07
C11 FF 61070 223800  780 553 2043    -8473750   -159          67    -12   36  22   98   +8  -16  +14  -16   14  22  0  0 L3B 0E
C12 FF 61070 223800  780 131 1644     -463436   -389          77    -82   67  22  352 +170   -1  +78   -1   78  42  0  0 L3B 19
C14 FF 61070 223800  780 378 2395    +3581541   +439          54    +17   48  22  132  -19   -1  -14   -1  -14  29  0  0 L3B 1B
C16 FF 61070 223800  780 286  623    +8535375    -51          91    +27   28  22  168   -8  -31  -13  -31  -13  18  0  0 L3B 0D
C05 FF 61070 225400  780 186 1235    +6753225   -175         226    +24   31  22  250   +1  -16  -13  -16  -13  19  0  0 L3B 26
C06 FF 61070 225400  780 302  648     -158902   +247          85    +10   63  22  160   -7  -31  -14  -31  -14  40  0  0 L3B F0
C09 FF 61070 225400  780 308  810    -2656890   -298         120    +29   58  22  157  -12  -43  -22  -43  -22  37  0  0 L3B 43
C11 FF 61070 225400  780 487 1996    -8473879   -106          80    +42   43  22  107  +12  -16  -16  -16  -16  30  0  0 L3B 44
C14 FF 61070 225400  780 440 2439    +3581981   +480          89    +58   51  22  116  -14  -30  -47  -30  -47  30  0  0 L3B 3E
C16 FF 61070 225400  780 299  598    +8535291    -62          83    +17   32  22  161   -6  -28  -22  -28  -22  20  0  0 L3B 10
C05 FF 61070 231000  780 186 1236    +6753047   -243         238    -45   31  23  251   +1  -23  +19  -23   19  18  0  0 L3B 20
C06 FF 61070 231000  780 314  622     -158659   +272         110    +36   47  23  155   -5  -41  -27  -41  -27  29  0  0 L3B 0E
C09 FF 61070 231000  780 332  788    -2657221   -428         110   -101   33  23  147   -9  -41  +69  -41   69  21  0  0 L3B 2A
C11 FF 61070 231000  780 417 1966    -8474013    -89          88    +59   61  23  121  +17  -17  -16  -17  -16  37  0  0 L3B 35
C14 FF 61070 231000  780 503 2487    +3582381   +454          83    +33   47  23  105  -10  -40  -30  -40  -30  28  0  0 L3B 22
C16 FF 61070 231000  780 309  573    +8535211   -116          77    -38   44  23  157   -4  -23  +22  -23   22  26  0  0 L3B FE
C05 FF 61070 232600  780 185 1236    +6752825   -182         205    +16   33  23  252   +1  -11  -22  -11  -22  22  0  0 L3B 1C
C06 FF 61070 232600  780 322  596     -158445   +214          97    -22   33  23  151   -3  -35  +15  -35   15  20  0  0 L3B EB
C09 FF 61070 232600  780 353  763    -2657550   -327          95     +1   40  23  140   -7  -32   -2  -32   -2  25  0  0 L3B D7
C11 FF 61070 232600  780 348 1946    -8474137   -127         106    +21   54  23  141  +25  -17   -7  -17   -7  35  0  0 L3B 2A
C14 FF 61070 232600  780 566 2540    +3582776   +370          74    -52   46  23   97   -7  -43  +27  -43   27  28  0  0 L3B 22
C16 FF 61070 232600  780 314  547    +8535106   -105          47    -27   42  23  154   -2   -4   +9   -4    9  26  0  0 L3B BF
C05 FF 61070 234200  780 184 1237    +6752573   -237         145    -39   38  23  253   +1   26  +30   26   30  26  0  0 L3B 10
C06 FF 61070 234200  780 327  570     -158223   +224          93    -12   28  23  149   -1  -34  +13  -34   13  19  0  0 L3B E7
C09 FF 61070 234200  780 370  737    -2657865   -333          94     -5   29  23  134   -5  -31   -2  -31   -2  16  0  0 L3B E6
C11 FF 61070 234200  780 279 1931    -8474294   -204          90    -57   44  23  172  +40    0  +40    0   40  26  0  0 L3B E3
C14 FF 61070 234200  780 629 2602    +3583162   +329          55    -92   44  23   91   -5  -33  +55  -33   55  27  0  0 L3B 11
C16 FF 61070 234200  780 316  522    +8535042     +5          58    +83   44  23  154   +0  -12  -49  -12  -49  28  0  0 L3B EB
C05 FF 61070 235800  780 183 1237    +6752407   -269         169    -71   40  23  254   +1    3  +36    3   36  26  0  0 L3B F5
C06 FF 61070 235800  780 328  545     -157987   +233         102     -3   35  23  149   +0  -40  +14  -40   14  23  0  0 L3B EA
C09 FF 61070 235800  780 384  709    -2658186   -266          88    +61   43  23  130   -4  -26  -43  -26  -43  26  0  0 L3B 30
C11 FF 61070 235800  780 211 1918    -8474431   -128          94    +20   58  23  222  +68    3   -5    3   -5  37  0  0 L3B DB
C14 FF 61070 235800  780 691 2677    +3583561   +368          49    -53   42  23   87   -4  -30  +33  -30   33  25  0  0 L3B 1B
C16 FF 61070 235800  780 314  499    +8534997    -61          88    +17   41  23  155   +2  -34   -9  -34   -9  27  0  0 L3B 02
