CGGTTS     GENERIC DATA FORMAT VERSION = 2E
REV DATE = 2026-01-01                    
RCVR = POLARX5-TR                    R2CGGTTS v8.8    
CH = 99 
IMS = POLARX5-TR                    
LAB = PTB                           
X = +3844059.67 m 
Y =  +709661.67 m 
Z = +5023129.80 m 
FRAME = ITRF
COMMENTS =           IGS RINEX,AUSPOS XYZ          
INT DLY =   33.0 ns (BDS B1I),   32.5 ns (BDS B2I)
CAB DLY =  205.7 ns 
REF DLY =   56.2 ns
REF = UTC(PTB)                      
CKSUM = AF

SAT CL  MJD  STTIME TRKL ELV AZTH   REFSV      SRSV     REFSYS    SRSYS  DSG IOE MDTR SMDT MDIO SMDI MSIO SMSI ISG FR HC FRC CK
             hhmmss  s  .1dg .1dg    .1ns     .1ps/s     .1ns    .1ps/s .1ns     .1ns.1ps/s.1ns.1ps/s.1ns.1ps/s.1ns
C05 FF 61071 001400  780 182 1238    +6752168    -64         121   +135   47   0  255   +2   38  -77   38  -77  29  0  0 L3B 19
C06 FF 61071 001400  780 325  522     -157792   +233          67     -3   53   0  150   +2  -19   +2  -19    2  32  0  0 L3B 95
C09 FF 61071 001400  780 394  680    -2658490   -245          99    +83   41   0  127   -2  -34  -53  -34  -53  26  0  0 L3B 11
C11 FF 61071 001400  780 146 1907    -8474575   -110          92    +38   41   0  316 +137   18   -8   18   -8  29  0  0 L3B 02
C14 FF 61071 001400  780 752 2783    +3583964   +380          47    -42   41   0   84   -2  -32  +20  -32   20  25  0  0 L3B E9
C16 FF 61071 001400  780 308  477    +8534927    -20          91    +58   33   0  157   +3  -34  -36  -34  -36  21  0  0 L3B F1
C05 FF 61071 003000  780 181 1239    +6752082   -133         225    +65   41   0  257   +2  -15  -35  -15  -35  25  0  0 L3B 12
C06 FF 61071 003000  780 318  500     -157565   +238          68     +1   55   0  153   +4  -21   -7  -21   -7  36  0  0 L3B A7
C09 FF 61071 003000  780 400  651    -2658792   -431         111   -103   29   0  125   -1  -42  +56  -42   56  19  0  0 L3B 09
C14 FF 61071 003000  780 809 2972    +3584342   +405          20    -17   47   0   82   -1  -19   +4  -19    4  28  0  0 L3B CC
C16 FF 61071 003000  780 299  459    +8534838   -103          76    -25   29   0  161   +5  -26  +13  -26   13  19  0  0 L3B FC
C05 FF 61071 004600  780 180 1240    +6751807   -354         140   -155   48   0  259   +2   36  +95   36   95  32  0  0 L3B 17
C06 FF 61071 004600  780 309  482     -157310   +347          95   +110   38   0  157   +5  -38  -70  -38  -70  25  0  0 L3B 01
C09 FF 61071 004600  780 402  623    -2659124   -328          94     +0   44   0  125   +0  -32   +0  -32    0  27  0  0 L3B A1
C14 FF 61071 004600  780 846 3450    +3584758   +465          32    +43   39   0   81   +0  -27  -28  -27  -28  24  0  0 L3B 0F
C16 FF 61071 004600  780 288  443    +8534788   -103         102    -25   28   0  167   +7  -43  +12  -43   12  18  0  0 L3B 06
C05 FF 61071 010200  780 178 1241    +6751609   -197         134     +2   54   1  261   +2   44  -18   44  -18  35  0  0 L3B F2
C06 FF 61071 010200  780 296  467     -157070   +326         110    +89   31   1  163   +7  -43  -58  -43  -58  19  0  0 L3B 05
C09 FF 61071 010200  780 400  596    -2659445   -341          88    -13   32   1  125   +1  -22   +2  -22    2  20  0  0 L3B B5
C14 FF 61071 010200  780 824  451    +3585162   +431          31    +10   37   1   82   +1  -26   -2  -26   -2  23  0  0 L3B A8
C16 FF 61071 010200  780 273  431    +8534704    -39          92    +39   44   1  175   +9  -33  -28  -33  -28  28  0  0 L3B F9
C05 FF 61071 011800  780 177 1242    +6751215     -2         -69   +197   48   1  263   +2  161 -138  161 -138  31  0  0 L3B 3D
C06 FF 61071 011800  780 282  455     -156847   +170         106    -66   47   1  170   +9  -45  +44  -45   44  30  0  0 L3B F9
C09 FF 61071 011800  780 395  572    -2659761   -322          87     +6   34   1  127   +2  -27   -1  -27   -1  21  0  0 L3B CF
C14 FF 61071 011800  780 771  698    +3585562   +443          26    +22   43   1   83   +2  -18  -10  -18  -10  26  0  0 L3B ED
C16 FF 61071 011800  780 257  422    +8534618    -80          81     -2   32   1  185  +12  -27   +5  -27    5  22  0  0 L3B B7
C05 FF 61071 013400  780 175 1243    +6751203   -111         110    +88   39   1  265   +2   52  -27   52  -27  22  0  0 L3B F7
C06 FF 61071 013400  780 265  447     -156583   +267         143    +31   29   1  180  +11  -68  -12  -68  -12  17  0  0 L3B 12
C09 FF 61071 013400  780 386  551    -2660051   -275         112    +53   35   1  129   +3  -38  -34  -38  -34  21  0  0 L3B 0C
C14 FF 61071 013400  780 712  821    +3585976   +371          36    -51   45   1   85   +3  -24  +34  -24   34  27  0  0 L3B E5
C16 FF 61071 013400  780 239  416    +8534556   -126          94    -48   35   1  198  +15  -36  +24  -36   24  24  0  0 L3B 16
C05 FF 61071 015000  780 173 1244    +6751074    -43         172   +156   33   1  268   +3   33 -100   33 -100  21  0  0 L3B 0D
C06 FF 61071 015000  780 247  443     -156395   +104         105   -133   39   1  192  +14  -44  +74  -44   74  25  0  0 L3B 11
C09 FF 61071 015000  780 375  533    -2660362   -401         115    -74   42   1  132   +4  -42  +40  -42   40  26  0  0 L3B EB
C14 FF 61071 015000  780 651  905    +3586407   +453          61    +31   33   1   89   +5  -37  -16  -37  -16  20  0  0 L3B EC
C16 FF 61071 015000  780 219  415    +8534474   -167          86    -89   37   1  214  +19  -29  +55  -29   55  23  0  0 L3B 21
C05 FF 61071 020600  780 172 1245    +6750819   -102         110    +97   59   2  270   +3   63  -87   63  -87  37  0  0 L3B 18
C06 FF 61071 020600  780 227  442     -156166   +305         116    +70   42   2  207  +18  -45  -52  -45  -52  27  0  0 L3B 06
C09 FF 61071 020600  780 361  520    -2660686   -278         105    +50   29   2  137   +5  -40  -36  -40  -36  17  0  0 L3B 11
C14 FF 61071 020600  780 590  971    +3586825   +369          57    -56   41   2   94   +6  -44  +42  -44   42  25  0  0 L3B F8
C16 FF 61071 020600  780 199  416    +8534395    -83          81     -6   39   2  235  +24  -24  +28  -24   28  26  0  0 L3B F5
C05 FF 61071 022200  780 170 1246    +6750778   -363         260   -164   49   2  273   +3  -29 +130  -29  130  32  0  0 L3B 4B
C06 FF 61071 022200  780 207  445     -155906   +174         149    -62   51   2  226  +22  -69  +44  -69   44  32  0  0 L3B 0A
C09 FF 61071 022200  780 345  510    -2661026   -346          79    -18   37   2  142   +6  -23  +13  -23   13  25  0  0 L3B E5
C14 FF 61071 022200  780 528 1029    +3587241   +367          64    -58   32   2  101   +9  -45  +44  -45   44  20  0  0 L3B 02
C16 FF 61071 022200  780 178  421    +8534333    -26          93    +52   45   2  261  +31  -34  -46  -34  -46  31  0  0 L3B FA
C05 FF 61071 023800  780 168 1247    +6750330   -408           3   -209   38   2  276   +3  137 +102  137  102  24  0  0 L3B 2B
C06 FF 61071 023800  780 186  450     -155700   +329         130    +94   53   2  250  +28  -53  -57  -53  -57  36  0  0 L3B 18
C09 FF 61071 023800  780 327  505    -2661308   -422         112    -94   40   2  149   +8  -42  +70  -42   70  25  0  0 L3B 01
C14 FF 61071 023800  780 467 1080    +3587660   +436          75    +10   42   2  111  +12  -50   +1  -50    1  26  0  0 L3B DA
C16 FF 61071 023800  780 156  429    +8534224   -279          59   -201   42   2  295  +41   -6 +130   -6  130  29  0  0 L3B 1D
C05 FF 61071 025400  780 166 1248    +6750266   +315         130   +514   45   2  279   +3   40 -330   40 -330  27  0  0 L3B 34
C06 FF 61071 025400  780 165  459     -155533   +110          71   -125   44   2  281  +36  -11  +87  -11   87  26  0  0 L3B 02
C09 FF 61071 025400  780 309  503    -2661622   -296         113    +32   31   2  157   +9  -43  -17  -43  -17  18  0  0 L3B 11
C14 FF 61071 025400  780 406 1127    +3588090   +458          97    +33   46   2  124  +16  -56  -14  -56  -14  28  0  0 L3B 2F
C16 FF 61071 025400  780 134  440    +8534142    +13          52    +91   56   2  341  +54   -1  -50   -1  -50  36  0  0 L3B C3
C05 FF 61071 031000  780 164 1250    +6750179   -399         243   -199   41   3  282   +3  -21 +128  -21  128  29  0  0 L3B 51
C06 FF 61071 031000  780 143  471     -155265   +178         115    -57   59   3  320  +47  -39  +24  -39   24  39  0  0 L3B 0D
C09 FF 61071 031000  780 289  506    -2661967   -351          89    -23   42   3  166  +11  -20  +17  -20   17  27  0  0 L3B 09
C14 FF 61071 031000  780 345 1171    +3588449   +328         101    -90   54   3  142  +22  -36  +74  -36   74  34  0  0 L3B 27
C16 FF 61071 031000  780 112  454    +8534098   -130          90    -51   58   3  403  +76  -23  +42  -23   42  37  0  0 L3B FB
C05 FF 61071 032600  780 162 1251    +6749915   -533         170   -333   46   3  285   +4   22 +207   22  207  29  0  0 L3B 35
C06 FF 61071 032600  780 122  486     -155031   +228         123     -7   47   3  373  +64  -44  +21  -44   21  31  0  0 L3B E2
C09 FF 61071 032600  780 269  512    -2662247   -271         125    +57   40   3  177  +13  -44  -30  -44  -30  27  0  0 L3B 23
C14 FF 61071 032600  780 285 1211    +3588873   +432         124    +13   52   3  168  +33  -32  +10  -32   10  33  0  0 L3B 12
C05 FF 61071 034200  780 160 1252    +6749675   -476         122   -276   48   3  289   +4   54 +165   54  165  32  0  0 L3B 4E
C06 FF 61071 034200  780 101  503     -154845   +246          83    +11   73   3  446  +90  -13   -8  -13   -8  47  0  0 L3B D4
C09 FF 61071 034200  780 249  521    -2662575   -351         112    -23   46   3  191  +15  -35  +21  -35   21  29  0  0 L3B 10
C14 FF 61071 034200  780 225 1248    +3589275   +404         124    -14   93   3  209  +53  -16  +29  -16   29  58  0  0 L3B 35
C05 FF 61071 041000  780 156 1254    +6749418   -352         197   -152   48   4  295   +4  -22  +40  -22   40  28  0  0 L3B 2D
C09 FF 61071 041000  780 213  545    -2663141   -411          98    -83   53   4  220  +21  -30  +60  -30   60  35  0  0 L3B ED
C14 FF 61071 041000  780 122 1307    +3590002   +558         123   +137   96   4  373 +174   23  -59   23  -59  60  0  0 L3B 3C
C05 FF 61071 042600  780 154 1256    +6749241   -298         211    -98   37   4  299   +4  -36 +111  -36  111  25  0  0 L3B 4A
C09 FF 61071 042600  780 193  562    -2663456   -252          99    +77   44   4  242  +25  -22  -43  -22  -43  28  0  0 L3B 25
C05 FF 61071 044200  780 152 1257    +6748995   -212         157    -13   39   4  303   +4   32  +25   32   25  27  0  0 L3B 00
C07 FF 61071 044200  780 138  747    -4933204   -249         120     -6   60   4  333  -59  -30   -3  -30   -3  39  0  0 L3B EF
C09 FF 61071 044200  780 173  581    -2663759   -254         111    +75   60   4  268  +30  -27  -49  -27  -49  39  0  0 L3B 43
C10 FF 61071 044200  780 135  886     -109367   +169         130    -43   42   4  340  -72  -20  +21  -20   21  27  0  0 L3B F1
C05 FF 61071 045800  780 150 1258    +6748882   -111         235    +88   28   4  307   +4  -22  -25  -22  -25  20  0  0 L3B 28
C07 FF 61071 045800  780 162  733    -4933443   -200         114    +43   78   4  287  -40  -26  -24  -26  -24  47  0  0 L3B 2E
C09 FF 61071 045800  780 153  603    -2664062   -424         124    -96   56   4  301  +37  -32  +72  -32   72  40  0  0 L3B 18
C10 FF 61071 045800  780 164  874     -109200   +199          94    -13   47   4  283  -48   -1   +5   -1    5  30  0  0 L3B AC
C05 FF 61071 051400  780 148 1259    +6748626   -341         176   -141   40   5  310   +4   24 +101   24  101  26  0  0 L3B 22
C07 FF 61071 051400  780 184  717    -4933688   -212         109    +32   47   5  254  -28  -20  -24  -20  -24  31  0  0 L3B 27
C09 FF 61071 051400  780 134  627    -2664409   -290          92    +38   56   5  341  +47    0   -9    0   -9  34  0  0 L3B BE
C10 FF 61071 051400  780 191  862     -108933   +140         149    -72   53   5  245  -34  -43  +45  -43   45  35  0  0 L3B 06
C05 FF 61071 053000  780 146 1260    +6748463    -44         204   +156   48   5  314   +4   16 -102   16 -102  31  0  0 L3B 1C
C07 FF 61071 053000  780 203  700    -4933910   -291         121    -47   50   5  231  -21  -24  +36  -24   36  33  0  0 L3B 01
C09 FF 61071 053000  780 115  652    -2664730   -338          87     -9   64   5  393  +61   24  +49   24   49  44  0  0 L3B F5
C10 FF 61071 053000  780 217  848     -108772   +130         105    -83   45   5  217  -25   -9  +63   -9   63  29  0  0 L3B E8
C05 FF 61071 054600  780 144 1261    +6748346   -100         279   +100   43   5  318   +4  -23  -38  -23  -38  29  0  0 L3B 38
C07 FF 61071 054600  780 220  682    -4934155   -185         109    +59   56   5  214  -15   -7  -20   -7  -20  35  0  0 L3B 0A
C10 FF 61071 054600  780 241  832     -108554   +231         119    +18   46   5  196  -18  -12  -10  -12  -10  29  0  0 L3B 02
C05 FF 61071 060200  780 142 1262    +6748131   -385         257   -185   35   6  322   +4   30 +161   30  161  25  0  0 L3B 28
C07 FF 61071 060200  780 235  663    -4934360   -188         130    +54   60   6  202  -11  -17   -8  -17   -8  38  0  0 L3B 04
C10 FF 61071 060200  780 264  815     -108361   +264         109    +51   52   6  181  -14    1  -27    1  -27  33  0  0 L3B C0
C05 FF 61071 061800  780 141 1263    +6747832   -250         150    -50   39   6  326   +4  148  +57  148   57  26  0  0 L3B 31
C07 FF 61071 061800  780 246  644    -4934603   -381         121   -138   54   6  193   -8    5 +108    5  108  32  0  0 L3B 0B
C10 FF 61071 061800  780 284  797     -108123   +290         143    +77   43   6  169  -11  -11  -45  -11  -45  29  0  0 L3B 17
C05 FF 61071 063400  780 139 1264    +6747669   -135         179    +65   32   6  330   +4  167  +13  167   13  20  0  0 L3B 30
C07 FF 61071 063400  780 255  624    -4934834   -231         122    +12   50   6  186   -5   21  +18   21   18  32  0  0 L3B E4
C10 FF 61071 063400  780 301  777     -107996   +164          65    -49   49   6  160   -8   53  +46   53   46  30  0  0 L3B DE
C12 FF 61071 063400  780 113  509     -472269   -459          95   -152  110   6  404  -72   76  +89   76   89  68  0  0 L3B 29
C05 FF 61071 065000  780 137 1265    +6747432   -350         134   -149   37   6  333   +4  225 +107  225  107  23  0  0 L3B 55
C07 FF 61071 065000  780 261  604    -4935073   -325         117    -82   61   6  183   -3   43  +79   43   79  38  0  0 L3B 03
C10 FF 61071 065000  780 316  756     -107760   +190          98    -22   56   6  154   -6   56  +29   56   29  32  0  0 L3B D9
C12 FF 61071 065000  780 128  451     -472574   -345          84    -38   83   6  356  -32   86  +33   86   33  52  0  0 L3B F3
C05 FF 61071 070600  780 136 1266    +6747238    -54         136   +147   41   7  337   +4  242  -47  242  -47  28  0  0 L3B 42
C07 FF 61071 070600  780 264  585    -4935297   -287         131    -43   45   7  181   -1   64  +41   64   41  28  0  0 L3B 06
C10 FF 61071 070600  780 328  734     -107522   +200         149    -11   48   7  149   -4   53  +28   53   28  31  0  0 L3B D4
C11 FF 61071 070600  780 121  895    -8478151   -178         128    -36   79   7  380 -134  208   +5  208    5  51  0  0 L3B 2A
C12 FF 61071 070600  780 135  392     -472866   -183         115   +127  113   7  339   -5   97  -61   97  -61  69  0  0 L3B 2C
C05 FF 61071 072200  780 134 1266    +6747005   -318          95   -118   30   7  340   +3  316 +150  316  150  18  0  0 L3B 3E
C07 FF 61071 072200  780 264  567    -4935515   -237         147     +6   59   7  181   +1   71  +29   71   29  36  0  0 L3B F6
C10 FF 61071 072200  780 337  712     -107334   +252         135    +42   33   7  145   -3   81  -11   81  -11  21  0  0 L3B C8
C11 FF 61071 072200  780 162  844    -8478342   -198          72    -57   67   7  287  -68  214   +4  214    4  42  0  0 L3B 0D
C12 FF 61071 072200  780 132  334     -473129   -361         150    -51   65   7  346  +20   92  +43   92   43  41  0  0 L3B E3
C05 FF 61071 073800  780 133 1267    +6746924    -38         206   +162   44   7  344   +3  294  -98  294  -98  28  0  0 L3B 5D
C07 FF 61071 073800  780 260  550    -4935775   -259         121    -15   44   7  183   +3  109  +29  109   29  27  0  0 L3B 29
C10 FF 61071 073800  780 342  690     -107109   +205         158     -6   35   7  143   -2   81  +20   81   20  21  0  0 L3B B5
C11 FF 61071 073800  780 198  788    -8478463   -128          87    +14   35   7  237  -38  177  -43  177  -43  23  0  0 L3B 55
C12 FF 61071 073800  780 119  278     -473442   -451         134   -141   83   7  381  +54  118 +109  118  109  51  0  0 L3B 51
C05 FF 61071 075400  780 132 1268    +6746750   -329         225   -128   36   7  346   +3  284  +95  284   95  24  0  0 L3B 58
C07 FF 61071 075400  780 255  535    -4936006   -256         123    -13   51   7  187   +5  123  +26  123   26  31  0  0 L3B 10
C10 FF 61071 075400  780 345  668     -106938   +163         126    -48   43   7  142   +0  107  +40  107   40  26  0  0 L3B F9
C11 FF 61071 075400  780 226  726    -8478614   -168          72    -27   77   7  209  -22  164  +14  164   14  48  0  0 L3B 2F
C05 FF 61071 081000  780 131 1268    +6746420   -402          82   -202   49   8  349   +3  400 +149  400  149  31  0  0 L3B 3E
C07 FF 61071 081000  780 246  523    -4936220   -188         136    +55   37   8  192   +7  131   -9  131   -9  23  0  0 L3B 03
C10 FF 61071 081000  780 345  648     -106721   +221         132    +10   53   8  142   +1  112   +3  112    3  33  0  0 L3B A8
C11 FF 61071 081000  780 245  661    -8478758   -144         102     +2   81   8  194  -11  161   -5  161   -5  49  0  0 L3B 02
C05 FF 61071 082600  780 130 1268    +6746187   -190          40     +9   31   8  352   +2  431  +13  431   13  20  0  0 L3B F1
C07 FF 61071 082600  780 236  513    -4936459   -104         129   +139   45   8  200   +9  143  -73  143  -73  27  0  0 L3B 42
C10 FF 61071 082600  780 341  630     -106496   +250         153    +38   39   8  144   +2  107  -18  107  -18  24  0  0 L3B 04
C11 FF 61071 082600  780 253  593    -8478879   -174         121    -28   52   8  188   -2  150  +17  150   17  33  0  0 L3B 2B
C05 FF 61071 084200  780 129 1269    +6746060   -127         106    +73   32   8  354   +2  408  -16  408  -16  21  0  0 L3B 33
C07 FF 61071 084200  780 224  505    -4936669   -260         153    -17   42   8  211  +12  147  +28  147   28  28  0  0 L3B 31
C10 FF 61071 084200  780 335  614     -106292   +257         154    +45   40   8  146   +3  118  -12  118  -12  26  0  0 L3B FC
C11 FF 61071 084200  780 250  526    -8479034   -207         107    -61   64   8  190   +6  158  +39  158   39  40  0  0 L3B 24
C05 FF 61071 085800  780 128 1269    +6745951   -129         188    +70   38   8  356   +2  375  -61  375  -61  24  0  0 L3B 5B
C07 FF 61071 085800  780 210  501    -4936940   -102         114   +140   47   8  224  +15  180  -81  180  -81  28  0  0 L3B 3D
C10 FF 61071 085800  780 327  601     -106084   +211         158     -1   27   8  149   +4  125   +4  125    4  17  0  0 L3B BB
C11 FF 61071 085800  780 235  463    -8479187    -73          93    +73   64   8  201  +16  173  -36  173  -36  40  0  0 L3B 2A
C05 FF 61071 091400  780 128 1269    +6745767   -250         193    -50   31   9  357   +1  366  +34  366   34  20  0  0 L3B 37
C07 FF 61071 091400  780 194  499    -4937094   -232         197    +11   34   9  240  +19  134   +0  134    0  21  0  0 L3B 03
C10 FF 61071 091400  780 316  590     -105910   +281          91    +65   40   9  154   +5  146  -27  146  -27  24  0  0 L3B F7
C11 FF 61071 091400  780 211  406    -8479304   -154         138     -6   60   9  223  +30  158   +2  158    2  37  0  0 L3B EB
C05 FF 61071 093000  780 127 1269    +6745532   -130         150    +69   43   9  358   +1  418   +0  418    0  28  0  0 L3B 02
C07 FF 61071 093000  780 178  500    -4937445   -330          79    -88   52   9  261  +24  217  +60  217   60  31  0  0 L3B 20
C10 FF 61071 093000  780 304  583     -105730   +257          64    +41   43   9  159   +6  158  -19  158  -19  27  0  0 L3B 05
C11 FF 61071 093000  780 178  357    -8479458    +60         126   +208   84   9  262  +53  175  -99  175  -99  55  0  0 L3B 68
C05 FF 61071 094600  780 127 1269    +6745324   -229         134    -29   42   9  359   +1  466  +19  466   19  26  0  0 L3B 49
C07 FF 61071 094600  780 161  503    -4937664   -206          93    +37   54   9  287  +31  220  -16  220  -16  33  0  0 L3B 2A
C10 FF 61071 094600  780 290  578     -105484   +182         103    -34   27   9  166   +8  137  +16  137   16  17  0  0 L3B 0B
C11 FF 61071 094600  780 137  316    -8479572   -188         154    -39   66   9  334 +103  194  +61  194   61  42  0  0 L3B 59
C05 FF 61071 100200  780 127 1269    +6745088   -209          86    -10   50  10  359   +0  442  -72  442  -72  32  0  0 L3B 2E
C07 FF 61071 100200  780 143  509    -4937861   -229         121    +13   64  10  321  +40  222  +43  222   43  41  0  0 L3B 18
C10 FF 61071 100200  780 274  577     -105256   +183         136    -31   32  10  174   +9  136  +37  136   37  20  0  0 L3B FF
C05 FF 61071 101800  780 127 1269    +6744906   -139          95    +60   39  10  359   +0  394  -69  394  -69  24  0  0 L3B 58
C07 FF 61071 101800  780 124  518    -4938077   -201         137    +41   56  10  366  +53  230   +0  230    0  36  0  0 L3B FE
C10 FF 61071 101800  780 258  579     -105057   +310         130    +96   33  10  184  +11  155  -58  155  -58  20  0  0 L3B 26
C05 FF 61071 103400  780 127 1268    +6744688   -299          69   -100   36  10  359   -1  371  +13  371   13  24  0  0 L3B 42
C07 FF 61071 103400  780 106  529    -4938296   -201         150    +41   51  10  426  +73  240   -7  240   -7  34  0  0 L3B 13
C10 FF 61071 103400  780 241  583     -104849   +166         133    -48   53  10  196  +13  161  +30  161   30  33  0  0 L3B 0C
C05 FF 61071 105000  780 127 1268    +6744430   -111           2    +88   52  10  358   -1  384  -45  384  -45  35  0  0 L3B 20
C10 FF 61071 105000  780 224  591     -104661   +230         115    +15   54  10  210  +16  197  +29  197   29  36  0  0 L3B 0E
C05 FF 61071 110600  780 128 1268    +6744341     +5         148   +209   50  11  356   -1  340 -116  340 -116  32  0  0 L3B 42
C10 FF 61071 110600  780 206  601     -104449   +151         119    -64   45  11  227  +19  223  +55  223   55  30  0  0 L3B 08
C05 FF 61071 112200  780 129 1267    +6744199   -370         202   -166   47  11  355   -2  287  +79  287   79  32  0  0 L3B 68
C10 FF 61071 112200  780 188  614     -104272   +211          90     -4   55  11  247  +23  251  +14  251   14  36  0  0 L3B DE
C05 FF 61071 113800  780 129 1266    +6743858    -41          57   +164   54  11  353   -2  388  -72  388  -72  36  0  0 L3B 53
C10 FF 61071 113800  780 170  628     -104028   +229         128    +15   51  11  272  +28  240  +11  240   11  34  0  0 L3B FE
C05 FF 61071 115400  780 130 1266    +6743793    -99         188   +105   34  11  351   -3  322  -42  322  -42  25  0  0 L3B 41
C10 FF 61071 115400  780 153  645     -103848   +124         102    -90   48  11  302  +35  287  +71  287   71  30  0  0 L3B 18
C05 FF 61071 121000  780 131 1265    +6743655   -102         203    +97   43  12  348   -3  298  -57  298  -57  28  0  0 L3B 54
C10 FF 61071 121000  780 135  664     -103663   +147          87    -67   70  12  339  +44  294  +33  294   33  44  0  0 L3B 15
C05 FF 61071 122600  780 132 1264    +6743463   -302         202   -103   32  12  345   -3  319  +88  319   88  23  0  0 L3B 42
C08 FF 61071 122600  780 114  826    +6195681   -146         107    +31   52  12  403 -137  286  -53  286  -53  33  0  0 L3B 5E
C10 FF 61071 122600  780 117  685     -103439   +191         106    -23   63  12  387  +56  277   +0  277    0  41  0  0 L3B FA
C05 FF 61071 124200  780 134 1264    +6743198   -169         129    +30   37  12  342   -3  361  -76  361  -76  28  0  0 L3B 51
C08 FF 61071 124200  780 152  816    +6195506   -298         103   -120   56  12  304  -76  225   +1  225    1  35  0  0 L3B 1B
C10 FF 61071 124200  780 100  707     -103232   +188         108    -26   64  12  449  +75  249  -15  249  -15  39  0  0 L3B 2E
C13 FF 61071 124200  780 131  908    +3031009   +293          44   +124   58  12  350 -102  305 -147  305 -147  38  0  0 L3B 64
C05 FF 61071 125800  780 135 1263    +6742923   -336          44   -137   53  12  339   -4  384  +79  384   79  37  0  0 L3B 5B
C08 FF 61071 125800  780 190  804    +6195336   -201         103    -24   53  12  247  -47  173  -31  173  -31  35  0  0 L3B 3F
C13 FF 61071 125800  780 170  899    +3031175   +195          47    +25   45  12  274  -61  242 -103  242 -103  32  0  0 L3B 4E
C05 FF 61071 131400  780 137 1262    +6742880   -155         179    +43   39  13  335   -4  269  -37  269  -37  25  0  0 L3B 5E
C08 FF 61071 131400  780 226  789    +6195154   -156         118    +25   59  13  209  -32  151  -27  151  -27  39  0  0 L3B 55
C13 FF 61071 131400  780 208  888    +3031337   +112          72    -55   53  13  227  -40  191  +13  191   13  35  0  0 L3B 14
C05 FF 61071 133000  780 138 1261    +6742706   -291         193    -94   50  13  332   -4  240  +55  240   55  33  0  0 L3B 2E
C08 FF 61071 133000  780 260  771    +6194997   -228         133    -47   57  13  184  -22  115   -1  115   -1  38  0  0 L3B 27
C13 FF 61071 133000  780 244  874    +3031503   +158          78     -9   36  13  195  -28  156  -31  156  -31  23  0  0 L3B 20
C05 FF 61071 134600  780 140 1260    +6742286   -252         -37    -54   84  13  328   -4  359  +22  359   22  52  0  0 L3B 3A
C08 FF 61071 134600  780 292  750    +6194831    -70         141   +111   44  13  165  -16   85  -88   85  -88  28  0  0 L3B 3A
C13 FF 61071 134600  780 279  858    +3031654   +102          69    -65   35  13  172  -20  140   +2  140    2  21  0  0 L3B EE
C05 FF 61071 140200  780 142 1259    +6742337    -10         201   +187   53  14  324   -4  197 -155  197 -155  34  0  0 L3B 69
C08 FF 61071 140200  780 321  726    +6194637   -151         119    +29   54  14  152  -12   87  -39   87  -39  34  0  0 L3B 33
C13 FF 61071 140200  780 312  839    +3031817   +147          65    -20   33  14  156  -15  118   -3  118   -3  21  0  0 L3B F7
C05 FF 61071 141800  780 144 1258    +6742072   -482         126   -285   46  14  320   -4  214 +156  214  156  30  0  0 L3B 6A
C08 FF 61071 141800  780 347  699    +6194467   -143         122    +37   41  14  142   -9   69  -35   69  -35  26  0  0 L3B 30
C13 FF 61071 141800  780 342  817    +3031983   +200          70    +32   31  14  143  -11   95  -47   95  -47  18  0  0 L3B 08
C05 FF 61071 143400  780 146 1257    +6741799   -207          42    -10   35  14  316   -4  260   -9  260   -9  23  0  0 L3B 12
C08 FF 61071 143400  780 369  668    +6194319   -259         147    -79   50  14  134   -6   40  +44   40   44  30  0  0 L3B 15
C13 FF 61071 143400  780 369  791    +3032147   +128          73    -40   31  14  134   -8   80   +7   80    7  21  0  0 L3B C3
C05 FF 61071 145000  780 147 1256    +6741716    -67         148   +131   36  14  312   -4  182 -106  182 -106  23  0  0 L3B 61
C08 FF 61071 145000  780 386  634    +6194123   -281         125   -101   47  14  129   -4   44  +42   44   42  29  0  0 L3B 11
C13 FF 61071 145000  780 393  761    +3032297   +184          62    +16   48  14  127   -6   75  -21   75  -21  30  0  0 L3B F9
C05 FF 61071 150600  780 150 1254    +6741531    -62         154   +135   32  15  308   -4  127 -123  127 -123  22  0  0 L3B 4F
C08 FF 61071 150600  780 399  598    +6193944   -279         104   -101   43  15  126   -3   43  +61   43   61  27  0  0 L3B 25
C13 FF 61071 150600  780 413  729    +3032446   +174          54     +7   40  15  122   -4   74  -14   74  -14  25  0  0 L3B DC
C05 FF 61071 152200  780 152 1253    +6741380    -90         192   +107   30  15  304   -4  101  -74  101  -74  20  0  0 L3B 24
C08 FF 61071 152200  780 406  561    +6193778   -220         111    -42   45  15  124   -1   35  +28   35   28  27  0  0 L3B FD
C13 FF 61071 152200  780 429  693    +3032613   +161          60     -7   34  15  119   -3   55   -6   55   -6  20  0  0 L3B BB
C05 FF 61071 153800  780 154 1252    +6741099   -454         100   -257   40  15  300   -4  152 +175  152  175  28  0  0 L3B 6A
C08 FF 61071 153800  780 408  525    +6193595   -175          99     +4   61  15  123   +0   38   -1   38   -1  38  0  0 L3B D6
C13 FF 61071 153800  780 440  656    +3032796   +217          83    +49   33  15  116   -2   35  -40   35  -40  21  0  0 L3B F5
C05 FF 61071 155400  780 156 1251    +6740802    -19          -8   +178   43  15  296   -4  205 -156  205 -156  28  0  0 L3B 5D
C08 FF 61071 155400  780 406  490    +6193430    -77         106   +101   43  15  124   +1   29  -62   29  -62  26  0  0 L3B 08
C13 FF 61071 155400  780 445  618    +3032944   +125          69    -42   26  15  115   -1   41  +20   41   20  17  0  0 L3B DA
C05 FF 61071 161000  780 158 1250    +6740909   -129         304    +70   49  16  292   -4    1  -64    1  -64  32  0  0 L3B F8
C08 FF 61071 161000  780 398  458    +6193295   -215         155    -34   35  16  126   +3   -2  +19   -2   19  22  0  0 L3B FC
C13 FF 61071 161000  780 446  581    +3033098   +168          74     +2   34  16  115   +0   39   +1   39    1  21  0  0 L3B A5
C05 FF 61071 162600  780 160 1249    +6740592   -184         177    +15   53  16  289   -4   75  -32   75  -32  35  0  0 L3B 36
C08 FF 61071 162600  780 386  430    +6193063    -70          97   +111   33  16  129   +4   26  -79   26  -79  21  0  0 L3B 0B
C13 FF 61071 162600  780 442  547    +3033254   +198          71    +32   29  16  116   +1   33  -25   33  -25  18  0  0 L3B F2
C05 FF 61071 164200  780 162 1248    +6740354   -393         130   -194   43  16  285   -4   97 +126   97  126  27  0  0 L3B 5F
C08 FF 61071 164200  780 371  407    +6192946   -154         153    +27   44  16  134   +5  -15  -16  -15  -16  27  0  0 L3B 2B
C13 FF 61071 164200  780 434  516    +3033377   +168          35     +2   29  16  117   +2   46  -11   46  -11  17  0  0 L3B DC
C05 FF 61071 165800  780 164 1247    +6740070   -286          37    -87   29  16  282   -3  159  +56  159   56  20  0  0 L3B 45
C08 FF 61071 165800  780 352  389    +6192778   -160         158    +21   37  16  140   +7  -23  -17  -23  -17  22  0  0 L3B 35
C13 FF 61071 165800  780 421  490    +3033553   +217          51    +51   34  16  120   +3   26  -30   26  -30  22  0  0 L3B DA
C05 FF 61071 171400  780 166 1246    +6739994   +114         151   +313   33  17  278   -3   93 -219   93 -219  24  0  0 L3B 6D
C08 FF 61071 171400  780 331  377    +6192605   -214         149    -34   52  17  147   +9  -34  +11  -34   11  32  0  0 L3B 14
C13 FF 61071 171400  780 406  468    +3033751   +185          98    +20   32  17  124   +4   -1  -17   -1  -17  21  0  0 L3B DF
C05 FF 61071 173000  780 168 1244    +6739785   -653         133   -454   47  17  275   -3   52 +238   52  238  31  0  0 L3B 64
C08 FF 61071 173000  780 308  369    +6192418   -167         134    +13   31  17  157  +11  -33  -17  -33  -17  21  0  0 L3B 33
C13 FF 61071 173000  780 388  453    +3033889   +108          78    -57   24  17  129   +6    6  +29    6   29  16  0  0 L3B E4
C05 FF 61071 174600  780 170 1243    +6739540   -320          78   -121   32  17  272   -3   77  +87   77   87  21  0  0 L3B 26
C08 FF 61071 174600  780 284  366    +6192249   -267         138    -88   42  17  169  +14  -33  +58  -33   58  25  0  0 L3B 56
C13 FF 61071 174600  780 368  442    +3034076   +234         107    +69   24  17  135   +7  -19  -54  -19  -54  17  0  0 L3B 32
C05 FF 61071 180200  780 172 1242    +6739493     +2         220   +200   17  18  270   -3  -12 -147  -12 -147  12  0  0 L3B 32
C08 FF 61071 180200  780 259  368    +6192058   -237         125    -57   64  18  183  +17  -27  +37  -27   37  39  0  0 L3B 4F
C13 FF 61071 180200  780 346  436    +3034202    +43          68   -123   26  18  142   +8    6  +80    6   80  16  0  0 L3B BC
C05 FF 61071 181800  780 174 1241    +6739153   -760          71   -561   26  18  267   -3   84 +388   84  388  17  0  0 L3B 62
C08 FF 61071 181800  780 234  373    +6191872   -174         113     +7   60  18  202  +21  -25  -11  -25  -11  37  0  0 L3B 1C
C13 FF 61071 181800  780 323  436    +3034369   +249          76    +83   33  18  150  +10   -4  -38   -4  -38  19  0  0 L3B 0A
C05 FF 61071 183400  780 176 1241    +6738979   +310          87   +509   46  18  264   -2   72 -326   72 -326  29  0  0 L3B 67
C08 FF 61071 183400  780 209  383    +6191714   -259         129    -78   49  18  225  +27  -35  +42  -35   42  30  0  0 L3B 43
C13 FF 61071 183400  780 300  440    +3034545   +218          93    +52   28  18  161  +12  -18  -40  -18  -40  18  0  0 L3B 14
C05 FF 61071 185000  780 177 1240    +6738906   -194         205     +4   44  18  262   -2    6   -5    6   -5  29  0  0 L3B CF
C08 FF 61071 185000  780 183  396    +6191560   -146         147    +34   50  18  254  +34  -49  -25  -49  -25  33  0  0 L3B 4C
C13 FF 61071 185000  780 277  447    +3034707   +180          96    +14   22  18  173  +14  -23  -12  -23  -12  15  0  0 L3B 17
C05 FF 61071 190600  780 179 1239    +6738729    -76         221   +123   35  19  260   -2  -18  -89  -18  -89  21  0  0 L3B 5C
C08 FF 61071 190600  780 158  413    +6191370   -325         133   -145   83  19  291  +45  -42 +107  -42  107  52  0  0 L3B 64
C12 FF 61071 190600  780 138 2949     -486217   -308         150     +2   79  19  337 -135   26  -36   26  -36  51  0  0 L3B 38
C13 FF 61071 190600  780 253  459    +3034869   +162          96     -4   32  19  188  +17  -26  +10  -26   10  22  0  0 L3B 0C
C05 FF 61071 192200  780 180 1238    +6738506   -384         189   -186   31  19  258   -2   -9 +112   -9  112  21  0  0 L3B 4E
C08 FF 61071 192200  780 134  432    +6191177   -194         113    -14   72  19  342  +60  -31   -3  -31   -3  45  0  0 L3B 0A
C12 FF 61071 192200  780 194 2973     -486522   -182         142   +128   61  19  243  -71   -4 -108   -4 -108  38  0  0 L3B 57
C13 FF 61071 192200  780 230  474    +3034997   +189          65    +23   51  19  205  +20   -8  -20   -8  -20  33  0  0 L3B FC
C05 FF 61071 193800  780 181 1238    +6738308   -129         182    +69   24  19  256   -2  -10  -36  -10  -36  16  0  0 L3B 47
C08 FF 61071 193800  780 110  454    +6191004   -337         113   -157   95  19  410  +85  -30 +100  -30  100  57  0  0 L3B 51
C12 FF 61071 193800  780 251 2992     -486825   -219         137    +91   62  19  190  -43  -20  -84  -20  -84  38  0  0 L3B 56
C13 FF 61071 193800  780 207  492    +3035181   +154          90    -12   40  19  226  +24  -23   +9  -23    9  27  0  0 L3B F0
C05 FF 61071 195400  780 183 1237    +6738075   -154         139    +45   29  19  255   -2   34  -17   34  -17  18  0  0 L3B 37
C12 FF 61071 195400  780 311 3006     -487145   -296         115    +14   58  19  157  -28  -20  -17  -20  -17  35  0  0 L3B 3C
C13 FF 61071 195400  780 185  512    +3035354    +82         104    -83   42  19  251  +29  -32  +61  -32   61  27  0  0 L3B 13
C05 FF 61071 201000  780 184 1236    +6737912    -63         164   +135   31  20  254   -1   10  -95   10  -95  20  0  0 L3B 0B
C12 FF 61071 201000  780 371 3012     -487452   -416         107   -106   36  20  134  -20  -24  +49  -24   49  22  0  0 L3B 25
C13 FF 61071 201000  780 164  536    +3035477   +219          61    +52   50  20  282  +36   -5  -28   -5  -28  34  0  0 L3B F6
C05 FF 61071 202600  780 184 1236    +6737791   -285         233    -86   44  20  252   -1  -26  +70  -26   70  28  0  0 L3B 36
C12 FF 61071 202600  780 433 3008     -487745   -390         112    -80   42  20  118  -14  -36  +41  -36   41  26  0  0 L3B 1F
C13 FF 61071 202600  780 143  561    +3035662   +130          86    -36   52  20  321  +45  -19  +18  -19   18  34  0  0 L3B 0C
C05 FF 61071 204200  780 185 1235    +6737535   -201         168     -3   37  20  251   -1   22   +0   22    0  24  0  0 L3B BD
C06 FF 61071 204200  780 101  793     -140312   +257         181    +21   74  20  448 -141  -60  +23  -60   23  50  0  0 L3B 0A
C12 FF 61071 204200  780 493 2989     -488055   -284         100    +26   44  20  107  -10  -37  -21  -37  -21  26  0  0 L3B 35
C13 FF 61071 204200  780 123  589    +3035838   +105         103    -62   71  20  370  +58  -29  +46  -29   46  46  0  0 L3B 2E
C16 FF 61071 204200  780 113  750    +8529246    -59         147    +19   97  20  402 -111  -28  -41  -28  -41  65  0  0 L3B 3E
C05 FF 61071 205800  780 186 1235    +6737323   -197         146     +2   38  20  251   -1   31   -9   31   -9  24  0  0 L3B E9
C06 FF 61071 205800  780 133  781     -140150   +384         117   +148   85  20  345  -81  -19 -100  -19 -100  53  0  0 L3B 50
C12 FF 61071 205800  780 552 2950     -488365   -257          88    +53   40  20   98   -7  -32  -39  -32  -39  25  0  0 L3B 21
C13 FF 61071 205800  780 103  618    +3035960   +185          64    +19  119  20  435  +77   -7  -16   -7  -16  77  0  0 L3B 21
C16 FF 61071 205800  780 145  737    +8529127   -134         102    -56   67  20  319  -67  -23  +31  -23   31  44  0  0 L3B 31
C05 FF 61071 211400  780 186 1235    +6737114   -269         125    -71   37  21  250   -1   38  +51   38   51  24  0  0 L3B 0D
C06 FF 61071 211400  780 164  768     -139906   +322         129    +85   71  21  283  -51  -42  -47  -42  -47  47  0  0 L3B 37
C09 FF 61071 211400  780 123  896    -2683253   -325         129     +4   47  21  371 -103    5   -9    5   -9  30  0  0 L3B DB
C11 FF 61071 211400  780 118 3130    -8485680   -193          78    -47   53  21  391 -187   -8  +21   -8   21  32  0  0 L3B 23
C12 FF 61071 211400  780 605 2879     -488670   -351          80    -41   35  21   93   -5  -34  +23  -34   23  21  0  0 L3B F5
C16 FF 61071 211400  780 174  723    +8529041    -87          90     -9   61  21  267  -44  -14   +5  -14    5  42  0  0 L3B D5
C05 FF 61071 213000  780 187 1235    +6736905   -189         106     +9   38  21  250   +0   53   +3   53    3  25  0  0 L3B D5
C06 FF 61071 213000  780 193  753     -139697   +288         111    +52   49  21  243  -35  -31  -38  -31  -38  33  0  0 L3B 2E
C09 FF 61071 213000  780 158  886    -2683578   -335         120     -6   42  21  294  -62   13  -15   13  -15  27  0  0 L3B 17
C11 FF 61071 213000  780 175 3131    -8485788    -59         111    +87   47  21  267  -87  -36  -67  -36  -67  31  0  0 L3B 5D
C12 FF 61071 213000  780 646 2766     -488978   -288          69    +22   42  21   89   -3  -30  -18  -30  -18  25  0  0 L3B 1F
C16 FF 61071 213000  780 202  707    +8528994    -16         118    +61   43  21  232  -30  -35  -44  -35  -44  28  0  0 L3B 24
C05 FF 61071 214600  780 187 1235    +6736701   -234          93    -36   29  21  249   +0   66  +23   66   23  19  0  0 L3B 0B
C06 FF 61071 214600  780 220  736     -139494   +229          87     -8   51  21  214  -25  -19   +5  -19    5  32  0  0 L3B D8
C09 FF 61071 214600  780 191  875    -2683887   -371         127    -42   37  21  245  -41   -4  +15   -4   15  23  0  0 L3B 17
C11 FF 61071 214600  780 233 3125    -8485967    -78          72    +68   55  21  204  -49  -20  -57  -20  -57  32  0  0 L3B 3C
C12 FF 61071 214600  780 668 2608     -489280   -361          66    -51   50  21   88   -1  -29  +34  -29   34  31  0  0 L3B 07
C16 FF 61071 214600  780 227  688    +8528891   -121          89    -43   35  21  208  -22  -18  +29  -18   29  21  0  0 L3B 33
C05 FF 61071 220200  780 187 1235    +6736511   -149          94    +49   32  22  249   +0   70  -31   70  -31  22  0  0 L3B 03
C06 FF 61071 220200  780 245  717     -139237   +240         129     +5   44  22  194  -18  -33   -6  -33   -6  28  0  0 L3B ED
C09 FF 61071 220200  780 223  862    -2684191   -373         122    -46   48  22  212  -29  -13  +19  -13   19  31  0  0 L3B 28
C11 FF 61071 220200  780 289 3110    -8486085   -157          95    -11   40  22  167  -30  -34   +4  -34    4  23  0  0 L3B FF
C12 FF 61071 220200  780 664 2433     -489572   -346          71    -35   42  22   88   +1  -31  +20  -31   20  26  0  0 L3B E9
C16 FF 61071 220200  780 250  668    +8528826    -75         102     +3   37  22  190  -16  -25  -12  -25  -12  24  0  0 L3B 0C
C05 FF 61071 221800  780 187 1235    +6736408   -138         181    +60   29  22  249   +0   15  -35   15  -35  20  0  0 L3B 1D
C06 FF 61071 221800  780 267  696     -139009   +235         131     +0   43  22  179  -13  -37   +2  -37    2  26  0  0 L3B DF
C09 FF 61071 221800  780 253  847    -2684495   -371         132    -44   39  22  188  -21  -29  +13  -29   13  24  0  0 L3B 41
C11 FF 61071 221800  780 344 3082    -8486212   -214         108    -68   35  22  143  -20  -54  +36  -54   36  22  0  0 L3B 39
C12 FF 61071 221800  780 633 2281     -489861   -342          80    -31   42  22   90   +3  -35  +22  -35   22  25  0  0 L3B EC
C16 FF 61071 221800  780 270  646    +8528732    -35          82    +43   44  22  177  -11  -14  -23  -14  -23  27  0  0 L3B 15
C05 FF 61071 223400  780 186 1235    +6736262   -129         225    +70   29  22  250   +0   -9  -39   -9  -39  18  0  0 L3B 1F
C06 FF 61071 223400  780 286  673     -138783   +299         132    +64   45  22  168  -10  -33  -35  -33  -35  28  0  0 L3B 38
C09 FF 61071 223400  780 282  829    -2684831   -334         109     -7   55  22  170  -16  -19   -2  -19   -2  35  0  0 L3B 11
C11 FF 61071 223400  780 394 3040    -8486379   -121          80    +25   51  22  127  -13  -42  -17  -42  -17  31  0  0 L3B 30
C12 FF 61071 223400  780 584 2172     -490153   -378          86    -67   47  22   95   +6  -32  +43  -32   43  30  0  0 L3B 01
C16 FF 61071 223400  780 286  622    +8528668    -75          93     +3   40  22  168   -8  -22   +6  -22    6  24  0  0 L3B CE
C05 FF 61071 225000  780 186 1235    +6736064   -260         218    -61   26  22  250   +1    2  +47    2   47  16  0  0 L3B E0
C06 FF 61071 225000  780 302  648     -138579   +240         110     +5   51  22  160   -7  -23   -3  -23   -3  34  0  0 L3B C5
C09 FF 61071 225000  780 308  810    -2685125   -312         130    +15   53  22  157  -12  -35   -7  -35   -7  33  0  0 L3B 07
C11 FF 61071 225000  780 437 2981    -8486523   -130          77    +16   46  22  117   -9  -44   -7  -44   -7  29  0  0 L3B 17
C12 FF 61071 225000  780 525 2100     -490451   -412          85   -102   46  22  102   +9  -22  +75  -22   75  28  0  0 L3B 02
C16 FF 61071 225000  780 299  597    +8528595    -55          95    +23   32  22  161   -6  -25  -26  -25  -26  19  0  0 L3B 21
C05 FF 61071 230600  780 186 1236    +6735873   -161         217    +37   28  23  251   +1    9  -25    9  -25  18  0  0 L3B 05
C06 FF 61071 230600  780 314  623     -138319   +254         141    +18   35  23  154   -5  -40  -12  -40  -12  21  0  0 L3B F6
C09 FF 61071 230600  780 332  788    -2685446   -388         133    -60   35  23  147   -9  -38  +37  -38   37  23  0  0 L3B 3E
C11 FF 61071 230600  780 469 2903    -8486673   -103          66    +43   41  23  111   -5  -35  -34  -35  -34  25  0  0 L3B 2A
C12 FF 61071 230600  780 459 2051     -490737   -332          97    -22   50  23  112  +13  -17  +26  -17   26  33  0  0 L3B 0F
C16 FF 61071 230600  780 309  572    +8528518    -87          92     -9   51  23  157   -4  -23   +4  -23    4  31  0  0 L3B CB
C05 FF 61071 232200  780 185 1236    +6735706   -209         240    -11   26  23  252   +1  -14   +2  -14    2  17  0  0 L3B ED
C06 FF 61071 232200  780 323  596     -138104   +143         129    -93   48  23  151   -3  -33  +58  -33   58  31  0  0 L3B 06
C09 FF 61071 232200  780 353  764    -2685788   -365         106    -37   44  23  140   -7  -21  +21  -21   21  27  0  0 L3B 1E
C11 FF 61071 232200  780 488 2810    -8486822   -178          57    -32   38  23  107   -2  -35  +30  -35   30  23  0  0 L3B 1D
C12 FF 61071 232200  780 392 2018     -491005   -354         128    -43   53  23  128  +19  -24  +43  -24   43  33  0  0 L3B 1D
C16 FF 61071 232200  780 314  546    +8528408    -66          56    +12   35  23  155   -2   -2  -15   -2  -15  23  0  0 L3B D5
C05 FF 61071 233800  780 184 1237    +6735473   -213         197    -15   29  23  253   +1   16   +5   16    5  20  0  0 L3B ED
C06 FF 61071 233800  780 327  571     -137864   +268         142    +32   43  23  149   -1  -38  -15  -38  -15  27  0  0 L3B 20
C09 FF 61071 233800  780 370  737    -2686097   -302         112    +26   36  23  134   -5  -24  -25  -24  -25  22  0  0 L3B 28
C11 FF 61071 233800  780 490 2708    -8486984   -141          35     +5   42  23  107   +1  -24   -3  -24   -3  24  0  0 L3B F0
C12 FF 61071 233800  780 324 1994     -491281   -412         150   -101   48  23  150  +29  -22  +81  -22   81  31  0  0 L3B 30
C16 FF 61071 233800  780 316  522    +8528333    -47          56    +31   45  23  154   +0   -3  -18   -3  -18  28  0  0 L3B DE
C05 FF 61071 235400  780 183 1237    +6735328   -242         242    -44   24  23  254   +1  -23   +8  -23    8  16  0  0 L3B 01
C06 FF 61071 235400  780 328  545     -137646   +234         135     -2   28  23  149   +0  -31  +10  -31   10  19  0  0 L3B E2
C09 FF 61071 235400  780 384  709    -2686427   -273          97    +55   38  23  130   -4  -13  -38  -13  -38  22  0  0 L3B 2D
C11 FF 61071 235400  780 476 2608    -8487120   -219          40    -73   45  23  109   +4  -24  +55  -24   55  27  0  0 L3B 23
C12 FF 61071 235400  780 256 1976     -491608   -346         121    -35   50  23  186  +46   15  +32   15   32  30  0  0 L3B 11
C16 FF 61071 235400  780 313  498    +8528293    -60          91    +18   33  23  155   +2  -25   -8  -25   -8  22  0  0 L3B E9
