CGGTTS     GENERIC DATA FORMAT VERSION = 2E
REV DATE = 2026-01-01                    
RCVR = POLARX5-TR                    R2CGGTTS v8.8    
CH = 99 
IMS = POLARX5-TR                    
LAB = PTB                           
X = +3844059.67 m 
Y =  +709661.67 m 
Z = +5023129.80 m 
FRAME = ITRF
COMMENTS =           IGS RINEX,AUSPOS XYZ          
INT DLY =   33.2 ns (GAL E1),   33.0 ns (GAL E5a)
CAB DLY =  205.7 ns 
REF DLY =   56.2 ns
REF = UTC(PTB)                      
CKSUM = 7B

SAT CL  MJD  STTIME TRKL ELV AZTH   REFSV      SRSV     REFSYS    SRSYS  DSG IOE MDTR SMDT MDIO SMDI MSIO SMSI ISG FR HC FRC CK
             hhmmss  s  .1dg .1dg    .1ns     .1ps/s     .1ns    .1ps/s .1ns     .1ns.1ps/s.1ns.1ps/s.1ns.1ps/s.1ns
E04 FF 61052 001000  780 684 1504     +394356   +126         -17    +17   13  18   87   -3   49  -18   49  -18   7  0  0 L3E F1
E06 FF 61052 001000  780 488 1909    +2182636    +50         -13     +1   13  18  107  -11   57   -2   57   -2   8  0  0 L3E C6
E09 FF 61052 001000  780 262 2044    +1694916   +159         -28     +6   21  18  183  -40   81  -18   81  -18  12  0  0 L3E 1B
E10 FF 61052 001000  780 568 1421    +7639728    +32         -25     +6   14  18   96   +7   42   +0   42    0   8  0  0 L3E 97
E11 FF 61052 001000  780 824 2063   -35501869  -1679           2    +44    8  18   82   +1   20  -20   20  -20   4  0  0 L3E D6
E12 FF 61052 001000  780 323 1358     +180970     +8          -9    -21   21  14  150  +24   48  +20   48   20  13  0  0 L3E B6
E19 FF 61052 001000  780 362  534   -26270329   -379          -7    -35   16  18  136  +17   30  +25   30   25   9  0  0 L3E FE
E36 FF 61052 001000  780 382 3042    +5077344    +38          -2    -16   15  14  131  -16   26   +4   26    4  10  0  0 L3E BC
E04 FF 61052 002600  780 724 1358     +394465   +128         -12    +20   11  19   85   -2   44  -13   44  -13   7  0  0 L3E DA
E06 FF 61052 002600  780 553 1912    +2182692    +63          -4    +14   16  18   98   -8   47   -9   47   -9   9  0  0 L3E C9
E09 FF 61052 002600  780 322 2065    +1695066   +153         -23     +1   22  19  152  -26   68   -6   68   -6  14  0  0 L3E F7
E10 FF 61052 002600  780 505 1456    +7639745    +32         -32     +6   15  18  105  +10   51   +0   51    0   9  0  0 L3E AD
E11 FF 61052 002600  780 775 1824   -35503529  -1727          -3     -4   14  19   83   +2   24   +2   24    2   8  0  0 L3E C4
E12 FF 61052 002600  780 267 1391     +181002    +43          -6    +14   15  14  179  +36   55   -2   55   -2   9  0  0 L3E B1
E19 FF 61052 002600  780 312  517   -26270653   -364           1    -20   21  19  155  +24   25  +16   25   16  13  0  0 L3E F1
E36 FF 61052 002600  780 437 3038    +5077396    +52          -1     -2   11  14  117  -12   26   -1   26   -1   7  0  0 L3E B1
E04 FF 61052 004200  780 742 1151     +394577    +94          -5    -14   11  20   84   +0   41  +10   41   10   6  0  0 L3E 93
E06 FF 61052 004200  780 618 1908    +2182738    +36          -4    -12   12  21   92   -6   44   +2   44    2   7  0  0 L3E 98
E09 FF 61052 004200  780 383 2089    +1695221   +136         -14    -16   18  20  130  -18   57   +3   57    3  11  0  0 L3E F2
E10 FF 61052 004200  780 442 1487    +7639787    +21         -15     -5   18  18  116  +13   45  +10   45   10  11  0  0 L3E EE
E11 FF 61052 004200  780 714 1744   -35505190  -1742         -10    -19   12  20   85   +3   28  +14   28   14   7  0  0 L3E FF
E12 FF 61052 004200  780 210 1422     +181028    +45         -15    +16   23  21  224  +58   64   -6   64   -6  14  0  0 L3E C6
E19 FF 61052 004200  780 260  511   -26270981   -310           3    +33   18  21  183  +35   27  -15   27  -15  11  0  0 L3E FB
E36 FF 61052 004200  780 490 3021    +5077445    +57          -3     +3   13  21  107   -9   27   +2   27    2   8  0  0 L3E 92
E04 FF 61052 005800  780 730  940     +394673    +84         -12    -24   12  20   84   +1   45  +15   45   15   7  0  0 L3E AC
E06 FF 61052 005800  780 682 1889    +2182780    +52          -9     +3   11  22   87   -4   44   -5   44   -5   6  0  0 L3E AC
E09 FF 61052 005800  780 445 2114    +1695373   +158          -9     +6   12  20  115  -13   48   -9   48   -9   7  0  0 L3E E2
E10 FF 61052 005800  780 380 1515    +7639806    +22         -20     -3   11  18  131  +19   54  +12   54   12   6  0  0 L3E D5
E11 FF 61052 005800  780 649 1717   -35506845  -1743         -11    -20   10  20   89   +5   32  +12   32   12   6  0  0 L3E 04
E12 FF 61052 005800  780 154 1449     +181067    +38          -4     +9   27  22  300 +107   65   +8   65    8  17  0  0 L3E C7
E19 FF 61052 005800  780 209  513   -26271313   -395          -3    -52   15  22  225  +54   27  +37   27   37  10  0  0 L3E 0E
E36 FF 61052 005800  780 542 2986    +5077490    +31         -10    -22   10  22  100   -7   31  +13   31   13   6  0  0 L3E D0
E04 FF 61052 011400  780 696  791     +394768   +141         -21    +33   15  20   86   +2   50  -16   50  -16   8  0  0 L3E D1
E06 FF 61052 011400  780 742 1836    +2182830    +53          -7     +4   11  24   84   -3   42   -5   42   -5   6  0  0 L3E 90
E09 FF 61052 011400  780 507 2142    +1695518   +159         -10     +6   16  20  104  -10   46   -6   46   -6   9  0  0 L3E DC
E10 FF 61052 011400  780 318 1541    +7639838     -6         -19    -32   15  24  153  +27   57  +27   57   27   9  0  0 L3E FA
E11 FF 61052 011400  780 583 1711   -35508505  -1693         -17    +30    9  20   95   +7   39  -13   39  -13   5  0  0 L3E 0D
E19 FF 61052 011400  780 157  521   -26271647   -311         -10    +33   28  24  294  +93   31   -5   31   -5  17  0  0 L3E 02
E34 FF 61052 011400  780 110 3166    +2291425     +5          -2    -18   18  15  419 -194   40  +11   40   11   9  0  0 L3E D2
E36 FF 61052 011400  780 589 2927    +5077539    +58         -12     +5   13  24   94   -4   31   -5   31   -5   8  0  0 L3E BE
E04 FF 61052 013000  780 649  705     +394887    +73         -10    -35    9  26   89   +4   41  +21   41   21   5  0  0 L3E A4
E06 FF 61052 013000  780 796 1694    +2182868    +52         -15     +3   10  24   82   -1   46   -2   46   -2   6  0  0 L3E AE
E09 FF 61052 013000  780 570 2173    +1695662   +176         -16    +24   16  26   96   -7   45  -18   45  -18   9  0  0 L3E 0D
E10 FF 61052 013000  780 257 1564    +7639866    +43         -20    +17   14  26  185  +42   65   -3   65   -3   9  0  0 L3E EC
E11 FF 61052 013000  780 517 1713   -35510159  -1755         -17    -32   12  20  103  +10   44  +25   44   25   7  0  0 L3E 16
E19 FF 61052 013000  780 107  535   -26271976   -390          -7    -46   27  25  424 +192   36  +43   36   43  18  0  0 L3E 33
E34 FF 61052 013000  780 161 3169    +2291449    +20           0     -3   24  15  289  -92   33   -7   33   -7  14  0  0 L3E BF
E36 FF 61052 013000  780 627 2835    +5077594    +53         -11     -1   10  26   91   -3   30   +4   30    4   5  0  0 L3E 91
E04 FF 61052 014600  780 596  662     +394996   +108          -5     +0   10  27   94   +5   39   -2   39   -2   6  0  0 L3E 9A
E05 FF 61052 014600  780 117 2317      -44770    +11          -2    +40   32  26  394 -170   65  -48   65  -48  18  0  0 L3E F9
E06 FF 61052 014600  780 826 1342    +2182930    +75          -1    +26   10  24   81   +0   36  -16   36  -16   5  0  0 L3E C3
E09 FF 61052 014600  780 632 2205    +1695816   +159          -9     +6   12  27   91   -5   37   -3   37   -3   7  0  0 L3E BD
E10 FF 61052 014600  780 197 1584    +7639893    +46         -19    +20   18  27  238  +70   71   -5   71   -5  11  0  0 L3E 09
E11 FF 61052 014600  780 450 1720   -35511808  -1740         -16    -17   22  27  114  +14   46  +20   46   20  14  0  0 L3E 2B
E34 FF 61052 014600  780 212 3165    +2291470    +30          -8     +7   22  27  222  -53   25  -17   25  -17  14  0  0 L3E E6
E36 FF 61052 014600  780 650 2708    +5077642    +81         -14    +27   11  27   89   -1   32  -18   32  -18   6  0  0 L3E EC
E04 FF 61052 020200  780 542  644     +395097   +127          -9    +18    8  29  100   +7   40   -9   40   -9   5  0  0 L3E 9D
E05 FF 61052 020200  780 168 2349      -44808    -42         -11    -13   39  26  278  -84   63   -2   63   -2  23  0  0 L3E D7
E06 FF 61052 020200  780 808  940    +2182972    +25          -5    -24    9  24   82   +1   39  +11   39   11   6  0  0 L3E 9C
E09 FF 61052 020200  780 694 2239    +1695957   +148         -14     -5   10  29   86   -4   38   -3   38   -3   6  0  0 L3E DA
E10 FF 61052 020200  780 138 1601    +7639921     -4         -17    -30   19  29  333 +138   74  +34   74   34  11  0  0 L3E 07
E11 FF 61052 020200  780 384 1729   -35513476  -1743         -30    -21   14  29  130  +19   59  +21   59   21   8  0  0 L3E 33
E34 FF 61052 020200  780 263 3153    +2291491     -1          -8    -24   21  29  182  -33   23  +14   23   14  13  0  0 L3E D0
E36 FF 61052 020200  780 653 2561    +5077702    +35          -5    -18   16  29   89   +1   27  +10   27   10   9  0  0 L3E C4
E04 FF 61052 021800  780 487  643     +395201   +114          -8     +5   13  30  107   +9   38   +1   38    1   7  0  0 L3E 83
E05 FF 61052 021800  780 219 2384      -44830    -32          -5     -3   27  26  216  -50   51   -5   51   -5  17  0  0 L3E A7
E06 FF 61052 021800  780 761  764    +2183010   +105         -15    +56    9  24   83   +2   44  -36   44  -36   5  0  0 L3E CE
E09 FF 61052 021800  780 756 2277    +1696105   +185         -13    +32   12  30   83   -2   35  -19   35  -19   7  0  0 L3E 00
E11 FF 61052 021800  780 320 1738   -35515118  -1692         -18    +30   15  30  152  +28   58  -15   58  -15  10  0  0 L3E 4B
E21 FF 61052 021800  780 104  334    +7143364     +6         -20    -19   34  25  436  -22   43  +15   43   15  20  0  0 L3E D0
E34 FF 61052 021800  780 312 3131    +2291497    +55         -24    +32   19  30  156  -22   31  -20   31  -20  12  0  0 L3E FA
E36 FF 61052 021800  780 635 2421    +5077749    +55         -11     +1   12  30   90   +2   30   +2   30    2   7  0  0 L3E 87
E04 FF 61052 023400  780 432  652     +395302   +109         -10     +0   12  32  118  +12   42   +4   42    4   7  0  0 L3E 8A
E05 FF 61052 023400  780 271 2420      -44854    -31          -4     -2   21  32  177  -32   44   -8   44   -8  13  0  0 L3E A0
E06 FF 61052 023400  780 706  703    +2183066    +10         -13    -39    8  32   86   +3   40  +25   40   25   5  0  0 L3E A2
E09 FF 61052 023400  780 817 2319    +1696256   +150          -9     -3    8  31   82   -1   30   +1   30    1   5  0  0 L3E 84
E11 FF 61052 023400  780 256 1747   -35516771  -1709         -17    +14   21  31  186  +44   61   +0   61    0  13  0  0 L3E 16
E21 FF 61052 023400  780 105  284    +7143385    +31         -17     +6   26  32  430  +11   43   -6   43   -6  17  0  0 L3E BE
E23 FF 61052 023400  780 123  780     +217042   -115         -23   -127  134  32  374 -109   44  +65   44   65  77  0  0 L3E 2E
E34 FF 61052 023400  780 357 3098    +2291534    +40         -10    +17   13  31  138  -15   23   -9   23   -9   8  0  0 L3E DF
E36 FF 61052 023400  780 598 2308    +5077808    +41          -6    -13   15  32   93   +4   28   +7   28    7   9  0  0 L3E B5
E04 FF 61052 025000  780 379  669     +395410    +88          -7    -20   16  34  131  +16   40  +11   40   11   9  0  0 L3E B9
E05 FF 61052 025000  780 322 2459      -44887    -12          -9    +17   21  34  151  -23   36  -17   36  -17  14  0  0 L3E E2
E06 FF 61052 025000  780 650  688    +2183118    +21          -9    -29    8  34   89   +4   37  +17   37   17   5  0  0 L3E B2
E09 FF 61052 025000  780 877 2395    +1696399   +140         -12    -13   11  31   81   +0   32   +8   32    8   7  0  0 L3E C8
E11 FF 61052 025000  780 194 1754   -35518437  -1696         -31    +26   14  34  241  +75   80  -10   80  -10   8  0  0 L3E 40
E23 FF 61052 025000  780 156  733     +217073     +1          -4    -11   30  33  297  -58   29  +16   29   16  19  0  0 L3E C0
E34 FF 61052 025000  780 396 3051    +2291556    +58         -10    +35   17  31  127  -10   22  -25   22  -25  10  0  0 L3E 02
E36 FF 61052 025000  780 549 2227    +5077854    +37         -12    -17   17  33   99   +7   34  +15   34   15   9  0  0 L3E EA
E04 FF 61052 030600  780 327  691     +395509   +150         -13    +41   16  35  149  +21   44  -26   44  -26  10  0  0 L3E FD
E05 FF 61052 030600  780 374 2500      -44918     +4         -12    +33   15  35  133  -16   31  -23   31  -23   9  0  0 L3E BA
E06 FF 61052 030600  780 594  695    +2183166    +49          -8     +0   10  35   94   +6   37   +0   37    0   6  0  0 L3E 81
E09 FF 61052 030600  780 864  545    +1696547   +153         -11     +0   11  31   81   +1   32   +2   32    2   6  0  0 L3E 8D
E11 FF 61052 030600  780 133 1759   -35520071  -1743         -11    -21   23  34  344 +151   73  +23   73   23  15  0  0 L3E 41
E23 FF 61052 030600  780 184  683     +217078    +11         -11     -2   31  33  254  -34   32   +4   32    4  19  0  0 L3E 9D
E34 FF 61052 030600  780 428 2991    +2291580    +15          -8     -8   17  31  119   -6   22   -1   22   -1  12  0  0 L3E B7
E36 FF 61052 030600  780 493 2170    +5077906    +66         -12    +12    9  33  106  +10   36   -4   36   -4   5  0  0 L3E CB
E04 FF 61052 032200  780 277  717     +395618   +106          -8     -2   16  37  173  +30   41   +0   41    0  10  0  0 L3E 9D
E05 FF 61052 032200  780 426 2543      -44937    -45          -3    -16   19  37  119  -12   23   +9   23    9  11  0  0 L3E B2
E06 FF 61052 032200  780 539  712    +2183202    +52         -19     +2    9  37  100   +7   42   -2   42   -2   6  0  0 L3E 83
E09 FF 61052 032200  780 806  607    +1696703   +130          -2    -23    9  31   82   +1   29  +17   29   17   5  0  0 L3E B1
E23 FF 61052 032200  780 205  629     +217089     +0         -11    -12   19  33  229  -19   35   +6   35    6  11  0  0 L3E A3
E31 FF 61052 032200  780 137 1131    +1117087    +32         -13     +7   33  37  339 -120   64  -15   64  -15  22  0  0 L3E 02
E34 FF 61052 032200  780 449 2918    +2291598    +32         -12     +9   15  31  114   -3   22   -6   22   -6   9  0  0 L3E BF
E36 FF 61052 032200  780 433 2130    +5077961    +25          -9    -29   14  33  117  +14   38  +18   38   18   9  0  0 L3E F0
E04 FF 61052 033800  780 227  747     +395714    +61         -17    -47   21  38  207  +43   49  +33   49   33  13  0  0 L3E F6
E05 FF 61052 033800  780 479 2588      -44976    -32         -15     -3   14  38  109   -9   27   +4   27    4   8  0  0 L3E AD
E06 FF 61052 033800  780 485  737    +2183253    +55         -16     +6   12  38  108   +9   41   -3   41   -3   7  0  0 L3E B1
E09 FF 61052 033800  780 749  653    +1696841   +187         -11    +34   13  31   84   +2   33  -24   33  -24   7  0  0 L3E EF
E15 FF 61052 033800  780 130 3296    +2277984    +64         -19    +36   21  38  354 -120   45  -34   45  -34  12  0  0 L3E 37
E23 FF 61052 033800  780 217  572     +217101     +9         -11     -3   12  33  217   -8   33   +0   33    0   8  0  0 L3E 5E
E31 FF 61052 033800  780 185 1094    +1117120    +28          -5     +3   24  38  254  -64   46  -16   46  -16  16  0  0 L3E F3
E34 FF 61052 033800  780 458 2836    +2291618    +48         -14    +25   21  31  113   +0   26  -10   26  -10  12  0  0 L3E F4
E36 FF 61052 033800  780 371 2102    +5078014    +83          -7    +29   14  33  133  +20   42   -9   42   -9   8  0  0 L3E CC
E04 FF 61052 035400  780 179  778     +395821    +83         -15    -26   23  40  259  +67   48  +25   48   25  15  0  0 L3E 06
E05 FF 61052 035400  780 531 2635      -45007    -13         -16    +16   16  40  101   -7   26  -10   26  -10   9  0  0 L3E B6
E06 FF 61052 035400  780 432  766    +2183303     +9         -13    -41   11  40  118  +12   40  +23   40   23   7  0  0 L3E B8
E09 FF 61052 035400  780 693  697    +1696985   +145         -14     -8   10  31   86   +3   35   +5   35    5   6  0  0 L3E BE
E15 FF 61052 035400  780 173 3269    +2278028    +60          -1    +33   20  40  270  -63   25  -26   25  -26  12  0  0 L3E FB
E23 FF 61052 035400  780 221  516     +217107    -11         -17    -23   26  33  213   +1   34  +15   34   15  17  0  0 L3E B4
E31 FF 61052 035400  780 231 1053    +1117128     +2         -21    -23   19  40  206  -39   51   +6   51    6  12  0  0 L3E B5
E34 FF 61052 035400  780 453 2750    +2291644    -37         -10    -60   16  31  113   +2   23  +33   23   33   9  0  0 L3E D5
E36 FF 61052 035400  780 309 2081    +5078069    +59          -5     +5   15  33  157  +29   46   -1   46   -1   9  0  0 L3E CF
E04 FF 61052 041000  780 133  812     +395934   +100          -6     -8   25  42  345 +117   48   +9   48    9  17  0  0 L3E C7
E05 FF 61052 041000  780 584 2685      -45039     -9         -21    +20   11  42   95   -6   27  -12   27  -12   7  0  0 L3E A9
E06 FF 61052 041000  780 381  798    +2183359    +39          -6    -10   14  42  131  +15   35  +12   35   12   8  0  0 L3E CD
E09 FF 61052 041000  780 638  741    +1697130   +124         -20    -29   10  42   90   +4   38  +20   38   20   6  0  0 L3E C6
E15 FF 61052 041000  780 211 3234    +2278033     -2         -23    -30   24  42  223  -37   37  +16   37   16  15  0  0 L3E DF
E23 FF 61052 041000  780 215  460     +217129    +22          -3    +10   22  42  219  +10   27   -8   27   -8  14  0  0 L3E 9D
E31 FF 61052 041000  780 273 1006    +1117151    +64         -23    +39   18  41  176  -25   45  -25   45  -25  11  0  0 L3E 04
E34 FF 61052 041000  780 435 2668    +2291677    +47           1    +24   16  31  117   +5   18  -10   18  -10   9  0  0 L3E D0
E36 FF 61052 041000  780 247 2064    +5078116    +29          -9    -25   17  33  192  +46   55  +20   55   20  11  0  0 L3E F4
E03 FF 61052 042600  780 124 2672      -68594    +62         -17    +40   32  43  371 -135   42  -28   42  -28  20  0  0 L3E 06
E05 FF 61052 042600  780 637 2739      -45068    -29         -23     +0   13  43   90   -4   29   +4   29    4   7  0  0 L3E 86
E06 FF 61052 042600  780 331  833    +2183394    +59         -19    +10   16  43  147  +20   46   -8   46   -8  11  0  0 L3E E5
E09 FF 61052 042600  780 585  784    +1697283   +138         -15    -15   10  43   95   +6   33  +12   33   12   6  0  0 L3E E2
E15 FF 61052 042600  780 243 3191    +2278088    +46           5    +18   21  42  195  -22   17  -21   17  -21  13  0  0 L3E F4
E23 FF 61052 042600  780 200  408     +217129    -44         -15    -56   19  43  233  +21   35  +37   35   37  12  0  0 L3E DB
E31 FF 61052 042600  780 311  952    +1117190     +2          -9    -23   19  41  156  -16   31  +15   31   15  13  0  0 L3E BD
E34 FF 61052 042600  780 405 2595    +2291704    +20           6     -3   16  31  124   +9   17   +3   17    3   9  0  0 L3E 8A
E36 FF 61052 042600  780 186 2049    +5078171    +60          -6     +6   17  33  251  +80   58   +2   58    2  11  0  0 L3E C6
E03 FF 61052 044200  780 170 2709      -68554    +42           1    +19   23  45  274  -74   30  -14   30  -14  15  0  0 L3E CC
E05 FF 61052 044200  780 691 2798      -45083     -6         -12    +23   10  45   87   -3   22  -15   22  -15   6  0  0 L3E AC
E06 FF 61052 044200  780 282  868    +2183457    +68          -5    +18   15  45  170  +28   39   -6   39   -6  10  0  0 L3E E7
E09 FF 61052 044200  780 532  828    +1697441   +167          -4    +14   12  45  101   +7   28   -7   28   -7   7  0  0 L3E C9
E15 FF 61052 044200  780 268 3139    +2278100    +13          -8    -15   20  42  179  -13   24   +6   24    6  12  0  0 L3E C8
E23 FF 61052 044200  780 178  361     +217148    +14          -8     +2   34  45  261  +38   35  +15   35   15  21  0  0 L3E B8
E31 FF 61052 044200  780 341  892    +1117216    +61          -7    +35   18  41  144  -10   28  -26   28  -26  11  0  0 L3E E7
E34 FF 61052 044200  780 366 2532    +2291717    +23          -3     +1   15  31  135  +14   26   +3   26    3   9  0  0 L3E 9F
E36 FF 61052 044200  780 126 2036    +5078225    +83          -4    +29   29  33  363 +165   60  -22   60  -22  19  0  0 L3E 1A
E03 FF 61052 045800  780 217 2745      -68534    +31           0     +9   27  46  217  -47   24  -11   24  -11  16  0  0 L3E C2
E05 FF 61052 045800  780 744 2870      -45113    -26         -14     +2   10  46   84   -2   23   -3   23   -3   6  0  0 L3E 7D
E06 FF 61052 045800  780 233  905    +2183491     -2         -19    -52   18  46  202  +40   51  +43   51   43  11  0  0 L3E DD
E09 FF 61052 045800  780 480  871    +1697579   +163         -13     +9   14  46  109   +9   33   -3   33   -3   8  0  0 L3E DA
E15 FF 61052 045800  780 283 3082    +2278134    +30          -1     +3   18  42  170   -6   18   -4   18   -4  11  0  0 L3E B3
E23 FF 61052 045800  780 148  321     +217137     +9         -32     -3   29  46  311  +68   55   +7   55    7  17  0  0 L3E A9
E31 FF 61052 045800  780 363  825    +1117237    +50         -11    +24   11  41  136   -6   30  -19   30  -19   7  0  0 L3E D2
E34 FF 61052 045800  780 321 2479    +2291751    +33           9    +11   22  31  152  +21   20   -5   20   -5  13  0  0 L3E BD
E03 FF 61052 052600  780 302 2806      -68512    +14         -15     -8   15  49  160  -25   27   +7   27    7   9  0  0 L3E A4
E05 FF 61052 052600  780 836 3110      -45156    -34          -9     -5    6  49   81   -1   19   +2   19    2   4  0  0 L3E 59
E06 FF 61052 052600  780 151  969    +2183585    +19          -9    -31   24  49  305  +92   55  +45   55   45  15  0  0 L3E 03
E09 FF 61052 052600  780 391  946    +1697828   +172         -21    +19   13  49  128  +14   39   -9   39   -9   7  0  0 L3E 0D
E15 FF 61052 052600  780 285 2972    +2278185    +69           6    +41   26  49  169   +4   13  -27   13  -27  17  0  0 L3E 04
E31 FF 61052 052600  780 375  701    +1117274    +55         -17    +29   17  41  132   +1   29  -23   29  -23  10  0  0 L3E E6
E34 FF 61052 052600  780 231 2406    +2291779    +55          -9    +32   18  49  204  +45   41  -13   41  -13  10  0  0 L3E 00
E03 FF 61052 054200  780 352 2838      -68486    +18          -8     -4   15  51  140  -18   22   +0   22    0   9  0  0 L3E 89
E05 FF 61052 054200  780 870  157      -45181    -32          -6     -3    8  50   81   +0   15   +1   15    1   5  0  0 L3E 32
E06 FF 61052 054200  780 105 1005    +2183632     +9         -12    -40   37  51  431 +182   80  +59   80   59  25  0  0 L3E 04
E09 FF 61052 054200  780 341  988    +1697981   +124         -15    -29   16  50  144  +19   40  +25   40   25  10  0  0 L3E 14
E15 FF 61052 054200  780 272 2909    +2278199    +39          -7    +11   19  51  176  +11   20   -6   20   -6  12  0  0 L3E E3
E31 FF 61052 054200  780 366  633    +1117298    +62         -21    +36   20  51  135   +5   30  -21   30  -21  11  0  0 L3E D4
E34 FF 61052 054200  780 178 2372    +2291803    +27          -7     +3   37  49  262  +78   45   +7   45    7  22  0  0 L3E D6
E03 FF 61052 055800  780 403 2868      -68464    +20          -7     -2   15  52  125  -14   23   +6   23    6   9  0  0 L3E 90
E05 FF 61052 055800  780 837  839      -45198    +10           4    +39    9  50   81   +1   12  -21   12  -21   5  0  0 L3E 7C
E09 FF 61052 055800  780 291 1029    +1698129   +169         -14    +16   16  50  165  +26   50   -2   50   -2   9  0  0 L3E FF
E13 FF 61052 055800  780 124 3370     +463088    +10         -24     +4   30  52  369  -68   52   +4   52    4  17  0  0 L3E C2
E15 FF 61052 055800  780 250 2850    +2278236    -20           4    -47   22  52  190  +19   11  +34   11   34  14  0  0 L3E E0
E25 FF 61052 055800  780 140 1754     -218269     -7         -13     -7   24  52  331 -137   67   +0   67    0  16  0  0 L3E CB
E31 FF 61052 055800  780 347  571    +1117331     +7         -13    -19   22  52  142   +9   27  +14   27   14  12  0  0 L3E C9
E34 FF 61052 055800  780 123 2343    +2291839     +5           6    -18   43  49  370 +158   46  +17   46   17  27  0  0 L3E 05
E03 FF 61052 061400  780 456 2894      -68443    +57          -9    +35   14  54  113  -11   23  -24   23  -24   9  0  0 L3E D7
E05 FF 61052 061400  780 784 1013      -45244     +6         -14    +35   15  50   82   +2   26  -14   26  -14   9  0  0 L3E 9F
E09 FF 61052 061400  780 242 1069    +1698276   +172         -15    +19   21  50  196  +38   66   +7   66    7  12  0  0 L3E 0F
E13 FF 61052 061400  780 143 3323     +463123     +1           6     -5   29  54  322  -34   29   -1   29   -1  17  0  0 L3E 8F
E15 FF 61052 061400  780 219 2795    +2278257    +42          -3    +15   22  54  215  +32   20   -9   20   -9  15  0  0 L3E DF
E25 FF 61052 061400  780 200 1751     -218275    -33         -17    -32   19  54  236  -70   68  +20   68   20  11  0  0 L3E F3
E31 FF 61052 061400  780 319  518    +1117379    +54          11    +28   14  54  152  +14   19  -10   19  -10   9  0  0 L3E DE
E03 FF 61052 063000  780 510 2916      -68421    -18         -11    -41   15  56  104   -8   25  +26   25   26   9  0  0 L3E BC
E05 FF 61052 063000  780 728 1102      -45271    -57         -13    -29   13  56   85   +3   28  +16   28   16   8  0  0 L3E B6
E09 FF 61052 063000  780 193 1108    +1698431   +179          -6    +26   16  50  242  +60   86  +12   86   12  10  0  0 L3E 0B
E13 FF 61052 063000  780 154 3272     +463126     +6           5     +0   23  55  300  -13   33   +7   33    7  14  0  0 L3E 76
E15 FF 61052 063000  780 183 2745    +2278276    -10          -9    -37   25  56  255  +54   24  +26   24   26  16  0  0 L3E 07
E25 FF 61052 063000  780 261 1748     -218274     -7         -15     -6   16  56  184  -42   60   +1   60    1  11  0  0 L3E AB
E31 FF 61052 063000  780 283  475    +1117382    +66         -10    +40   18  56  170  +22   38  -15   38  -15  10  0  0 L3E FA
E03 FF 61052 064600  780 565 2929      -68400    +18         -13     -4   13  57   97   -6   30   +4   30    4   8  0  0 L3E 84
E05 FF 61052 064600  780 671 1165      -45298    -48         -14    -19    9  57   88   +4   32  +22   32   22   6  0  0 L3E B4
E09 FF 61052 064600  780 144 1145    +1698573   +178         -12    +25   21  50  319 +105  132  +26  132   26  13  0  0 L3E 4F
E13 FF 61052 064600  780 156 3219     +463134    -46           7    -52   21  55  297   +5   27  +40   27   40  13  0  0 L3E CB
E15 FF 61052 064600  780 141 2701    +2278298    +45         -14    +18   31  57  325  +98   31   -3   31   -3  18  0  0 L3E FA
E25 FF 61052 064600  780 323 1745     -218266    +26          -6    +27   16  57  151  -27   52  -21   52  -21  10  0  0 L3E F1
E31 FF 61052 064600  780 242  443    +1117403     +5         -13    -20   19  57  196  +34   52  +30   52   30  12  0  0 L3E CF
E03 FF 61052 070200  780 621 2931      -68378    +11         -14    -12   14  59   91   -5   33  +13   33   13   8  0  0 L3E A8
E05 FF 61052 070200  780 613 1217      -45321    -47          -9    -18   11  59   92   +5   39  +19   39   19   7  0  0 L3E AE
E08 FF 61052 070200  780 108 2969     +719699    +85           3    +17   20  59  422 -185   26  -15   26  -15  13  0  0 L3E 15
E13 FF 61052 070200  780 149 3165     +463136     -2           4     -8   26  59  310  +23   32   +5   32    5  16  0  0 L3E 86
E25 FF 61052 070200  780 387 1741     -218273     -4         -12     -3   16  57  129  -19   56   -1   56   -1  10  0  0 L3E BF
E31 FF 61052 070200  780 197  419    +1117439    -11          -2    -36   33  59  237  +55   59  +49   59   49  20  0  0 L3E FF
E03 FF 61052 071800  780 677 2911      -68344    +47          -2    +24    9  60   87   -4   29   -9   29   -9   6  0  0 L3E 99
E05 FF 61052 071800  780 554 1262      -45339    -67          -1    -38    9  60   98   +7   41  +34   41   34   5  0  0 L3E 9F
E08 FF 61052 071800  780 157 2992     +719767     -4           7    -73   22  60  296  -93   24  +43   24   43  15  0  0 L3E EB
E13 FF 61052 071800  780 133 3113     +463146     +5           9     -1   24  60  343  +49   27   +4   27    4  14  0  0 L3E 87
E25 FF 61052 071800  780 451 1733     -218277     +0         -16     +1   17  57  114  -13   60   -4   60   -4  12  0  0 L3E B0
E31 FF 61052 071800  780 150  405    +1117473    +10           7    -16   21  60  308  +98   69  +35   69   35  15  0  0 L3E DE
E03 FF 61052 073400  780 731 2852      -68320     +2           0    -21   10  62   84   -2   34  +17   34   17   6  0  0 L3E 6F
E05 FF 61052 073400  780 496 1303      -45371    -13          -5    +16   14  62  106  +10   54   +1   54    1   8  0  0 L3E 8C
E08 FF 61052 073400  780 208 3011     +719823    +35          -3    -34   22  62  227  -55   36  +27   36   27  14  0  0 L3E E9
E13 FF 61052 073400  780 110 3063     +463152    -23           8    -29   27  62  411  +96   32  +22   32   22  18  0  0 L3E CB
E25 FF 61052 073400  780 516 1718     -218273    +18         -11    +19   12  57  103  -10   56  -13   56  -13   7  0  0 L3E F0
E31 FF 61052 073400  780 101  397    +1117515    +68          26    +42   26  62  448 +211   68  -20   68  -20  19  0  0 L3E 0E
E02 FF 61052 075000  780 121 2048      -97584    -33         -11     -4   31  64  381 -175  162  -30  162  -30  20  0  0 L3E 0B
E03 FF 61052 075000  780 777 2708      -68315     +7         -17    -16    8  64   83   -1   46  +14   46   14   5  0  0 L3E 9F
E05 FF 61052 075000  780 438 1341      -45402    -45         -11    -16   18  64  117  +13   73  +27   73   27  11  0  0 L3E DE
E08 FF 61052 075000  780 259 3026     +719887    +65          -4     -4   22  64  184  -36   40   +1   40    1  14  0  0 L3E B7
E25 FF 61052 075000  780 579 1692     -218269     +1          -5     +2   11  57   95   -7   51   -1   51   -1   6  0  0 L3E 7E
E02 FF 61052 080600  780 178 2065      -97604    -15          -4    +13   28  64  263  -84  131  -32  131  -32  17  0  0 L3E 07
E03 FF 61052 080600  780 801 2420      -68291    +10         -16    -13   11  65   82   +0   48  +11   48   11   6  0  0 L3E 9B
E05 FF 61052 080600  780 379 1375      -45422    -57          -4    -28   22  65  131  +18   86  +36   86   36  13  0  0 L3E EC
E08 FF 61052 080600  780 312 3034     +719954    +39          -3    -30   18  65  156  -25   43  +23   43   23  11  0  0 L3E E6
E25 FF 61052 080600  780 639 1646     -218279    -12         -15    -11   12  57   90   -5   56   +5   56    5   7  0  0 L3E B2
E02 FF 61052 082200  780 236 2085      -97630     +3          -2    +31   24  67  202  -49  109  -42  109  -42  15  0  0 L3E ED
E03 FF 61052 082200  780 785 2097      -68263     -5          -8    -28   10  67   82   +1   49  +19   49   19   5  0  0 L3E AD
E05 FF 61052 082200  780 321 1406      -45451    -39          -6    -11   16  67  151  +25  107  +18  107   18   8  0  0 L3E E1
E08 FF 61052 082200  780 365 3035     +720022    +46           3    -23   14  67  136  -18   43  +12   43   12   8  0  0 L3E BA
E25 FF 61052 082200  780 694 1563     -218266    +23          -1    +24   10  57   86   -3   46  -15   46  -15   6  0  0 L3E C7
E02 FF 61052 083800  780 295 2107      -97660    -40          -5    -12   22  68  164  -31   98  -11   98  -11  14  0  0 L3E F0
E03 FF 61052 083800  780 740 1913      -68240    +59          -7    +36    9  68   84   +2   55  -11   55  -11   5  0  0 L3E AA
E05 FF 61052 083800  780 263 1435      -45487    -32         -15     -3   19  67  181  +38  135  +35  135   35  12  0  0 L3E 07
E08 FF 61052 083800  780 417 3026     +720089    +45           6    -23   15  68  121  -13   43  +19   43   19   9  0  0 L3E D4
E25 FF 61052 083800  780 737 1416     -218268    -20          -2    -19    9  57   84   -2   49  +20   49   20   5  0  0 L3E B4
E02 FF 61052 085400  780 354 2132      -97700    -23         -20     +5   19  70  139  -21   96   -6   96   -6  11  0  0 L3E C2
E03 FF 61052 085400  780 682 1829      -68223     +7         -14    -16   10  70   87   +4   65  +23   65   23   6  0  0 L3E AB
E05 FF 61052 085400  780 206 1460      -45507    -31          -7     -3   22  67  227  +61  163  +34  163   34  13  0  0 L3E E1
E08 FF 61052 085400  780 469 3004     +720139    +29          -9    -39   13  70  111   -9   54  +26   54   26   8  0  0 L3E D4
E25 FF 61052 085400  780 757 1195     -218263     +5           0     +5   11  70   83   +0   50   +2   50    2   6  0  0 L3E 4E
E02 FF 61052 091000  780 415 2160      -97720    -12         -13    +16   18  71  122  -15   89  -16   89  -16  11  0  0 L3E EF
E03 FF 61052 091000  780 620 1791      -68197    +35         -12    +12    8  72   91   +6   74   +4   74    4   5  0  0 L3E 80
E05 FF 61052 091000  780 150 1483      -45545    -35         -18     -7   25  67  307 +112  202  +47  202   47  17  0  0 L3E 08
E08 FF 61052 091000  780 517 2965     +720199    +54         -14    -15   17  72  103   -7   60  +13   60   13  10  0  0 L3E E0
E25 FF 61052 091000  780 746  963     -218252    -14          12    -13   10  72   84   +1   45  +14   45   14   6  0  0 L3E 9C
E02 FF 61052 092600  780 475 2190      -97745    -43         -11    -14   13  71  110  -11   84  +11   84   11   8  0  0 L3E CF
E03 FF 61052 092600  780 555 1774      -68170    +20          -8     -4   13  73   98   +8   82  +15   82   15   7  0  0 L3E A2
E08 FF 61052 092600  780 560 2903     +720274    +86          -4    +17   11  73   97   -5   58   -9   58   -9   6  0  0 L3E BC
E25 FF 61052 092600  780 711  803     -218286    -30         -21    -29   11  73   85   +2   68  +23   68   23   7  0  0 L3E BC
E02 FF 61052 094200  780 536 2222      -97773    -46         -12    -18   19  71  100   -8   83   +6   83    6  11  0  0 L3E BB
E03 FF 61052 094200  780 490 1769      -68152    +50         -13    +27   12  75  107  +11   97   -8   97   -8   7  0  0 L3E D5
E07 FF 61052 094200  780 145 3171     +383747    +20           1     -3   18  69  319 -109   93  +17   93   17  11  0  0 L3E E8
E08 FF 61052 094200  780 593 2815     +720328    +54         -17    -14   14  75   94   -3   69  +12   69   12   8  0  0 L3E DB
E25 FF 61052 094200  780 663  716     -218262     -8           4     -8   12  75   88   +4   61  +11   61   11   7  0  0 L3E 77
E02 FF 61052 095800  780 596 2257      -97798    -12          -9    +16   20  71   94   -6   79  -18   79  -18  12  0  0 L3E F4
E03 FF 61052 095800  780 425 1769      -68124    +20          -8     -3   16  76  119  +15  105  +15  105   15  10  0  0 L3E E5
E07 FF 61052 095800  780 195 3163     +383775    +25           8     +3   19  69  241  -60   90   -3   90   -3  11  0  0 L3E C6
E08 FF 61052 095800  780 612 2702     +720405    +76          -7     +8   10  76   92   -1   66   +3   66    3   5  0  0 L3E 85
E12 FF 61052 095800  780 108  469     +181976    +67         -31    +39   50  74  421  -84  169  -21  169  -21  31  0  0 L3E 36
E25 FF 61052 095800  780 610  674     -218269    +50          -2    +51    8  76   92   +5   73  -20   73  -20   5  0  0 L3E A7
E02 FF 61052 101400  780 657 2296      -97828     -7         -13    +21   12  71   89   -4   82  -18   82  -18   7  0  0 L3E C5
E03 FF 61052 101400  780 361 1771      -68103    +15         -10     -8   15  78  137  +22  126  +21  126   21   9  0  0 L3E D3
E07 FF 61052 101400  780 243 3148     +383793     +8           3    -14   23  78  196  -37   92  +15   92   15  14  0  0 L3E D9
E08 FF 61052 101400  780 613 2576     +720461    +71         -17     +3   20  78   92   +1   79   +3   79    3  11  0  0 L3E 9E
E10 FF 61052 101400  780 118  649    +7640690    +57         -18    +31   22  78  387 -105  183  -47  183  -47  17  0  0 L3E 55
E12 FF 61052 101400  780 126  418     +182025     +3          -8    -26   35  78  363  -41  152  +14  152   14  22  0  0 L3E D4
E25 FF 61052 101400  780 555  658     -218271    +48          -3    +49   11  77   98   +7   79  -22   79  -22   6  0  0 L3E CD
E30 FF 61052 101400  780 133 2378    +6184492   +468          -7    +61   38  77  348 -130  198  -93  198  -93  24  0  0 L3E 7B
E02 FF 61052 103000  780 717 2339      -97864    -19         -16     +9    9  80   85   -3   82   -4   82   -4   5  0  0 L3E 8F
E03 FF 61052 103000  780 297 1775      -68078    +13          -6    -10   16  80  162  +32  142  +30  142   30  10  0  0 L3E E1
E07 FF 61052 103000  780 289 3123     +383795    +30         -15     +7   18  80  167  -24  103   -2  103   -2  10  0  0 L3E E3
E08 FF 61052 103000  780 595 2456     +720538    +76          -6     +8   19  79   94   +3   78   +3   78    3  11  0  0 L3E AA
E10 FF 61052 103000  780 148  600    +7640720    +44         -10    +18   32  80  313  -55  166  -16  166  -16  20  0  0 L3E 13
E12 FF 61052 103000  780 136  366     +182039    +54         -21    +26   29  80  337  -15  150  -32  150  -32  18  0  0 L3E 07
E25 FF 61052 103000  780 500  659     -218271     +7          -2     +8   14  77  105   +9   85   -2   85   -2   8  0  0 L3E 79
E30 FF 61052 103000  780 183 2412    +6184884   +406          -6     +0   32  77  256  -70  167  -16  167  -16  19  0  0 L3E 35
E02 FF 61052 104600  780 777 2391      -97885    -46          -9    -18   12  81   83   -2   77   +6   77    6   7  0  0 L3E A8
E03 FF 61052 104600  780 235 1778      -68053    +24          -3     +0   14  81  201  +51  166  +28  166   28   9  0  0 L3E D4
E07 FF 61052 104600  780 330 3088     +383826    +21          -8     -2   20  81  148  -16   96   -4   96   -4  13  0  0 L3E C8
E08 FF 61052 104600  780 562 2355     +720598    +64         -13     -5   16  81   97   +5   84   +6   84    6   9  0  0 L3E AB
E10 FF 61052 104600  780 170  548    +7640761    +41           5    +15   23  80  273  -30  146  -19  146  -19  14  0  0 L3E 09
E11 FF 61052 104600  780 148  824   -35567597  -1700         -17    +21   23  81  313  -83  199  -37  199  -37  14  0  0 L3E 84
E12 FF 61052 104600  780 138  313     +182054    +49         -33    +21   44  81  333   +6  151  -18  151  -18  27  0  0 L3E F9
E25 FF 61052 104600  780 446  670     -218275    +15          -5    +16   13  77  115  +11   94   -3   94   -3   8  0  0 L3E B2
E30 FF 61052 104600  780 233 2447    +6185272   +445          -8    +38   31  77  204  -43  150  -35  150  -35  18  0  0 L3E 41
E02 FF 61052 110200  780 835 2471      -97916    -55         -13    -26   11  82   81   -1   74  +12   74   12   6  0  0 L3E B0
E03 FF 61052 110200  780 174 1781      -68041    -59         -15    -82   17  83  267  +90  204  +79  204   79  12  0  0 L3E 1B
E07 FF 61052 110200  780 366 3041     +383849    +49         -10    +26   21  83  135  -11   94  -13   94  -13  12  0  0 L3E 00
E08 FF 61052 110200  780 517 2278     +720666   +106         -13    +37   16  83  103   +7   90  -17   90  -17   9  0  0 L3E F9
E10 FF 61052 110200  780 184  493    +7640776    -12          -5    -38   28  80  253  -14  142   +5  142    5  17  0  0 L3E E7
E11 FF 61052 110200  780 185  777   -35569248  -1652         -16    +69   27  83  253  -46  179  -57  179  -57  17  0  0 L3E 9C
E12 FF 61052 110200  780 131  262     +182090    +54         -20    +26   27  83  350  +30  144  -25  144  -25  16  0  0 L3E F8
E25 FF 61052 110200  780 393  689     -218277     +2          -7     +3   15  77  127  +15  102   +3  102    3   9  0  0 L3E 99
E30 FF 61052 110200  780 284 2485    +6185648   +417         -22    +11   26  77  170  -29  136  -32  136  -32  16  0  0 L3E 55
E02 FF 61052 111800  780 889 3036      -97945    -30         -14     -1   15  82   81   +0   76   +1   76    1   8  0  0 L3E 86
E03 FF 61052 111800  780 115 1782      -68019    +40         -16    +17   24  84  395 +193  240  +50  240   50  14  0  0 L3E 15
E07 FF 61052 111800  780 394 2982     +383876    +23          -5     +0   15  84  127   -7   94   +2   94    2   9  0  0 L3E A6
E08 FF 61052 111800  780 464 2221     +720730    +55         -16    -14   18  84  111  +10   95  +15   95   15  11  0  0 L3E EC
E10 FF 61052 111800  780 190  437    +7640783     -2         -23    -28   33  80  246   -1  148  +24  148   24  21  0  0 L3E F8
E11 FF 61052 111800  780 216  725   -35570902  -1737         -17    -16   23  84  218  -27  163  -16  163  -16  15  0  0 L3E 6E
E12 FF 61052 111800  780 115  214     +182124    +36         -10     +8   27  84  395  +65  139   +3  139    3  19  0  0 L3E D1
E25 FF 61052 111800  780 341  712     -218282    -43         -11    -42   17  77  144  +20  114  +43  114   43  11  0  0 L3E F3
E30 FF 61052 111800  780 335 2524    +6186054   +440          -7    +33   21  77  146  -20  112  -30  112  -30  13  0  0 L3E 20
E02 FF 61052 113400  780 847  554      -97966     +0          -8    +28    9  86   81   +1   75  -15   75  -15   5  0  0 L3E 94
E07 FF 61052 113400  780 412 2914     +383886    -32         -18    -55   15  86  123   -3  105  +33  105   33   8  0  0 L3E FC
E08 FF 61052 113400  780 408 2178     +720801    +80         -12    +11   14  86  123  +15  104   +8  104    8   8  0  0 L3E D5
E10 FF 61052 113400  780 186  382    +7640819    +69         -14    +43   29  86  250  +11  141  -26  141  -26  17  0  0 L3E 2F
E11 FF 61052 113400  780 240  668   -35572554  -1693         -16    +28   22  85  198  -16  147  -17  147  -17  13  0  0 L3E 7E
E25 FF 61052 113400  780 290  740     -218286    -13         -15    -12   14  77  166  +27  128  +13  128   13   9  0  0 L3E FA
E30 FF 61052 113400  780 386 2565    +6186433   +430         -14    +23   22  86  130  -15  111  -16  111  -16  12  0  0 L3E 39
E36 FF 61052 113400  780 154 1171    +5079561    +59         -15     +4   16  86  302 -102  232  -21  232  -21  11  0  0 L3E 29
E02 FF 61052 115000  780 791  651      -97993    -69          -6    -41   12  88   82   +2   80  +29   80   29   7  0  0 L3E AD
E07 FF 61052 115000  780 418 2839     +383930    +52           1    +29   21  88  121   +0   98   -7   98   -7  12  0  0 L3E C0
E08 FF 61052 115000  780 349 2146     +720862    +53         -17    -16   16  86  141  +22  123  +31  123   31  10  0  0 L3E 08
E10 FF 61052 115000  780 173  330    +7640857     -4           0    -30   22  88  268  +26  136  +23  136   23  14  0  0 L3E E1
E11 FF 61052 115000  780 255  608   -35574207  -1735         -17    -14   17  85  187   -7  141   +7  141    7  10  0  0 L3E 26
E25 FF 61052 115000  780 241  770     -218281    +21          -9    +21   19  77  196  +38  141   +9  141    9  11  0  0 L3E D3
E29 FF 61052 115000  780 102 3302    +1684752    +62          -4    +27   25  85  448 -180  144  -13  144  -13  14  0  0 L3E 36
E30 FF 61052 115000  780 437 2607    +6186819   +411         -17     +4   22  88  117  -11  110   -9  110   -9  13  0  0 L3E 10
E36 FF 61052 115000  780 206 1137    +5079615    +52         -13     -2   22  88  229  -56  201  -51  201  -51  13  0  0 L3E 1D
E02 FF 61052 120600  780 735  710      -98023    +12          -9    +40   13  89   84   +2   83  -20   83  -20   8  0  0 L3E 94
E07 FF 61052 120600  780 412 2762     +383931    +52         -22    +29   13  89  123   +3  113  -20  113  -20   7  0  0 L3E F1
E08 FF 61052 120600  780 289 2122     +720932    +24         -15    -45   17  89  167  +32  143  +53  143   53  11  0  0 L3E 1D
E10 FF 61052 120600  780 152  283    +7640860    -23         -21    -49   26  89  303  +49  146  +31  146   31  16  0  0 L3E 1E
E11 FF 61052 120600  780 260  547   -35575880  -1714         -37     +7   28  85  183   +0  152   -6  152   -6  17  0  0 L3E 2A
E25 FF 61052 120600  780 193  802     -218287    -55         -14    -54   18  77  242  +58  164  +52  164   52  11  0  0 L3E 19
E29 FF 61052 120600  780 141 3274    +1684801    +55          12    +21   22  85  327  -86  139   +6  139    6  14  0  0 L3E 07
E30 FF 61052 120600  780 489 2651    +6187212   +402         -15     -4   13  89  107   -9  104   +3  104    3   8  0  0 L3E E2
E36 FF 61052 120600  780 256 1096    +5079670    +38         -10    -17   15  89  186  -34  164  -12  164  -12   8  0  0 L3E 3F
E02 FF 61052 122200  780 680  761      -98053    +32         -12    +61   12  91   87   +3   88  -30   88  -30   7  0  0 L3E B0
E07 FF 61052 122200  780 394 2688     +383968    +30          -9     +6   17  91  127   +7  110   +0  110    0   9  0  0 L3E B3
E08 FF 61052 122200  780 229 2101     +721006    +60          -8     -9   18  91  206  +52  167  +46  167   46  11  0  0 L3E F3
E10 FF 61052 122200  780 123  241    +7640880    +60         -26    +34   30  91  370  +93  149  -15  149  -15  19  0  0 L3E 25
E11 FF 61052 122200  780 255  488   -35577516  -1745         -16    -24   25  91  186   +7  136  +13  136   13  15  0  0 L3E 53
E25 FF 61052 122200  780 146  836     -218289     -8         -18     -8   25  91  315  +98  184  +30  184   30  16  0  0 L3E FF
E29 FF 61052 122200  780 176 3239    +1684816    +40          -6     +5   18  85  264  -48  147   -6  147   -6  12  0  0 L3E 0E
E30 FF 61052 122200  780 542 2696    +6187604   +430         -13    +24   20  89  100   -7   98  -17   98  -17  11  0  0 L3E 23
E36 FF 61052 122200  780 303 1050    +5079720   +103         -13    +49   16  89  160  -22  146  -57  146  -57  11  0  0 L3E 49
E02 FF 61052 123800  780 626  809      -98080     -8         -11    +21   10  92   91   +5   88  -14   88  -14   6  0  0 L3E A9
E07 FF 61052 123800  780 365 2620     +383998    +44          -2    +20   19  92  135  +11  110   -5  110   -5  12  0  0 L3E E7
E08 FF 61052 123800  780 170 2083     +721065    +52         -14    -17   21  92  272  +91  206  +57  206   57  12  0  0 L3E 1A
E11 FF 61052 123800  780 241  432   -35579159  -1690          -6    +31   25  92  197  +15  129  -18  129  -18  16  0  0 L3E 69
E25 FF 61052 123800  780 100  871     -218285    -33         -14    -32   37  91  449 +195  209  +71  209   71  24  0  0 L3E 2C
E27 FF 61052 123800  780 100 2694    +8778678    +28         -12    -76   34  92  457 -203  198  +24  198   24  21  0  0 L3E 6E
E29 FF 61052 123800  780 205 3197    +1684854    +75          -1    +41   38  85  229  -28  145  -22  145  -22  21  0  0 L3E 3F
E30 FF 61052 123800  780 595 2742    +6187996   +399         -11     -7   16  89   94   -5   97   +0   97    0   9  0  0 L3E EC
E34 FF 61052 123800  780 133 1502    +2292400    +21           2     -3   26  92  349 -151  248  -56  248  -56  18  0  0 L3E 20
E36 FF 61052 123800  780 345  995    +5079766    +80         -19    +26   16  89  142  -15  132  -35  132  -35  11  0  0 L3E 46
E02 FF 61052 125400  780 573  855      -98112    -44         -14    -16   13  94   96   +6   92  +11   92   11   8  0  0 L3E AC
E07 FF 61052 125400  780 329 2561     +384016    +14          -7    -10   17  94  148  +17  125  +11  125   11  10  0  0 L3E F9
E08 FF 61052 125400  780 113 2066     +721135    +80         -11    +11   20  94  402 +194  249  +34  249   34  13  0  0 L3E 1F
E11 FF 61052 125400  780 218  381   -35580808  -1703          -3    +18   21  94  216  +26  127   -5  127   -5  13  0  0 L3E 2D
E27 FF 61052 125400  780 145 2730    +8778786    +84          -8    -21   26  94  319 -101  180   +1  180    1  16  0  0 L3E 1E
E29 FF 61052 125400  780 227 3148    +1684906    +15          18    -19   28  85  208  -16  131   +1  131    1  17  0  0 L3E 06
E30 FF 61052 125400  780 648 2789    +6188388   +410          -9     +4   12  89   89   -4   91  -10   91  -10   7  0  0 L3E F4
E34 FF 61052 125400  780 192 1485    +2292423    +48           3    +25   23  94  245  -75  200  -75  200  -75  15  0  0 L3E 24
E36 FF 61052 125400  780 380  931    +5079828    +38          -9    -17   18  89  131   -9  113   +0  113    0  11  0  0 L3E DE
E02 FF 61052 131000  780 520  900      -98133    -79          -7    -50   14  96  102   +8   88  +30   88   30   8  0  0 L3E A4
E07 FF 61052 131000  780 286 2510     +384045    +66          -1    +42   22  96  168  +25  140   +3  140    3  13  0  0 L3E D2
E11 FF 61052 131000  780 187  339   -35582457  -1714           1     +7   23  96  250  +45  126   +3  126    3  15  0  0 L3E 01
E27 FF 61052 131000  780 192 2765    +8778890   +134          -4    +30   30  96  244  -59  164  -47  164  -47  17  0  0 L3E 61
E29 FF 61052 131000  780 240 3094    +1684944    +79          23    +44   22  85  197   -7  129  -27  129  -27  14  0  0 L3E 39
E30 FF 61052 131000  780 702 2840    +6188783   +403          -4     -4   12  89   86   -3   83   -2   83   -2   7  0  0 L3E B6
E34 FF 61052 131000  780 252 1466    +2292444    +20           3     -4   18  96  190  -44  162  -33  162  -33  11  0  0 L3E 00
E36 FF 61052 131000  780 405  859    +5079877    +80         -12    +25   17  89  124   -5  108  -25  108  -25  11  0  0 L3E 28
E02 FF 61052 132600  780 468  944      -98166    -23         -12     +6   16  97  111  +10   95   +3   95    3   9  0  0 L3E 9D
E07 FF 61052 132600  780 239 2466     +384067     +4          -1    -20   22  97  198  +39  156  +32  156   32  13  0  0 L3E 06
E11 FF 61052 132600  780 149  303   -35584115  -1715          -3     +6   20  97  308  +80  134   -9  134   -9  11  0  0 L3E 1B
E27 FF 61052 132600  780 240 2798    +8779003   +125           7    +20   19  97  198  -39  135  -33  135  -33  11  0  0 L3E 4A
E29 FF 61052 132600  780 244 3036    +1684952    +43          -2     +9   30  85  194   +0  145   +5  145    5  19  0  0 L3E DE
E30 FF 61052 132600  780 757 2897    +6189172   +416          -5    +10    9  89   83   -2   80  -10   80  -10   5  0  0 L3E E4
E34 FF 61052 132600  780 313 1443    +2292465     -2           2    -26   20  97  156  -28  141   -1  141   -1  12  0  0 L3E D7
E36 FF 61052 132600  780 419  781    +5079933    +45          -8     -9   15  89  121   -2  100   +1  100    1   8  0  0 L3E B4
E02 FF 61052 134200  780 417  987      -98200    -27         -19     +2   16  99  121  +13  101   +0  101    0  10  0  0 L3E A8
E07 FF 61052 134200  780 189 2428     +384077    +20         -13     -3   23  99  246  +64  191  +37  191   37  14  0  0 L3E 1D
E11 FF 61052 134200  780 108  276   -35585788  -1724         -23     -2   24  99  421 +165  143   -8  143   -8  13  0  0 L3E 54
E27 FF 61052 134200  780 289 2831    +8779086   +161         -10    +56   18  99  167  -27  131  -46  131  -46  11  0  0 L3E 6E
E29 FF 61052 134200  780 239 2978    +1685000    +23          -5    -13   29  99  198   +8  141  +18  141   18  19  0  0 L3E 26
E30 FF 61052 134200  780 813 2972    +6189557   +412         -11     +6    9  89   82   -1   78   -5   78   -5   5  0  0 L3E CE
E34 FF 61052 134200  780 373 1415    +2292476    +80          -9    +56   19  99  133  -19  122  -50  122  -50  11  0  0 L3E 2F
E36 FF 61052 134200  780 419  702    +5079981    +82         -13    +28   14  89  121   +1  100  -15  100  -15   8  0  0 L3E FF
E02 FF 61052 135800  780 366 1029      -98228    -30         -19     -1   15 100  135  +17  109  +16  109   16   9  0  0 L3E F8
E07 FF 61052 135800  780 139 2395     +384101    +51         -12    +27   33 100  331 +119  227  +27  227   27  20  0  0 L3E 34
E19 FF 61052 135800  780 102 3379   -26287377   -399           5    -55   30  92  442  -97  169  +51  169   51  18  0  0 L3E 70
E27 FF 61052 135800  780 339 2860    +8779198   +104           3     +0   19 100  145  -20  112  -22  112  -22  12  0  0 L3E 26
E29 FF 61052 135800  780 224 2920    +1685036    +48          -4    +12   22 100  210  +17  153  +13  153   13  13  0  0 L3E 15
E30 FF 61052 135800  780 868 3163    +6189944   +407         -13     +0   13  89   81   +0   79   -3   79   -3   8  0  0 L3E E0
E34 FF 61052 135800  780 433 1378    +2292503    +41          -5    +18   15 100  118  -13  103  -22  103  -22   9  0  0 L3E 14
E36 FF 61052 135800  780 408  627    +5080027    +87         -19    +33   16  89  124   +5  104  -20  104  -20   9  0  0 L3E 0A
E02 FF 61052 141400  780 315 1069      -98252    -46         -16    -17   17 102  154  +23  120  +32  120   32  10  0  0 L3E FF
E15 FF 61052 141400  780 143 1791    +2279070    +13           0    -15   16 102  325 -136  223  -53  223  -53  10  0  0 L3E 28
E19 FF 61052 141400  780 122 3333   -26287691   -370          22    -26   43  92  375  -47  166  +16  166   16  27  0  0 L3E 62
E27 FF 61052 141400  780 390 2887    +8779289   +108          -4     +3   21 102  128  -15  104  -16  104  -16  13  0  0 L3E 44
E29 FF 61052 141400  780 201 2865    +1685058    +31         -17     -4   23 102  232  +30  169  +13  169   13  14  0  0 L3E 25
E30 FF 61052 141400  780 869  918    +6190325   +426         -23    +19   10  89   81   +0   85   -7   85   -7   6  0  0 L3E D9
E34 FF 61052 141400  780 489 1329    +2292524    +27          -5     +4   19 102  107   -9   95  -11   95  -11  12  0  0 L3E F9
E36 FF 61052 141400  780 384  562    +5080086    +43         -11    -12   16  89  130   +8  103  +13  103   13  10  0  0 L3E F3
E02 FF 61052 143000  780 265 1109      -98292    +34         -29    +63   19 103  180  +32  145  -21  145  -21  11  0  0 L3E 1A
E15 FF 61052 143000  780 204 1793    +2279083    +57         -13    +29   20 104  231  -69  167  -58  167  -58  12  0  0 L3E 5E
E19 FF 61052 143000  780 133 3284   -26288023   -323          -8    +20   26 104  344  -19  163   -7  163   -7  17  0  0 L3E 42
E27 FF 61052 143000  780 443 2910    +8779386    +76          -9    -29   14 104  116  -11  100   +9  100    9   8  0  0 L3E 03
E29 FF 61052 143000  780 172 2815    +1685100     -7         -12    -43   24 104  270  +50  180  +44  180   44  15  0  0 L3E 1E
E30 FF 61052 143000  780 813 1122    +6190722   +338         -12    -68   10 104   82   +1   82  +40   82   40   6  0  0 L3E E2
E34 FF 61052 143000  780 539 1261    +2292544    +32          -9     +9   16 103  100   -6   89  -16   89  -16   9  0  0 L3E EF
E36 FF 61052 143000  780 352  507    +5080145    +57          -3     +4   13 104  140  +13  101   +2  101    2   8  0  0 L3E A9
E02 FF 61052 144600  780 215 1146      -98317    -26         -26     +3   21 103  219  +49  162  +16  162   16  13  0  0 L3E 02
E15 FF 61052 144600  780 267 1797    +2279123     +2          -2    -26   18 105  180  -41  143   -3  143   -3  11  0  0 L3E 00
E19 FF 61052 144600  780 136 3233   -26288348   -323          -6    +20   28 105  336   +2  162   -3  162   -3  17  0  0 L3E 2E
E27 FF 61052 144600  780 497 2926    +8779477    +81         -18    -23   15 105  106   -9  100  +15  100   15   9  0  0 L3E 34
E29 FF 61052 144600  780 137 2768    +1685133    -13         -15    -49   20 105  336  +90  199  +54  199   54  13  0  0 L3E 61
E30 FF 61052 144600  780 755 1195    +6191117   +424          -9    +18   10 105   83   +2   83  -11   83  -11   6  0  0 L3E F2
E34 FF 61052 144600  780 579 1171    +2292564    +39         -12    +16   16 103   95   -4   88  -18   88  -18   9  0  0 L3E 18
E36 FF 61052 144600  780 312  465    +5080190    +61         -11     +7   15 105  155  +20  106   -4  106   -4   9  0  0 L3E E1
E02 FF 61052 150200  780 165 1182      -98338    -27         -20     +2   23 103  280  +83  173  +12  173   12  14  0  0 L3E F7
E15 FF 61052 150200  780 332 1800    +2279148    +25          -2     -2   22 107  148  -27  114  -14  114  -14  14  0  0 L3E 11
E19 FF 61052 150200  780 131 3181   -26288672   -353           1    -11   24 107  349  +24  168   +6  168    6  13  0  0 L3E 2C
E27 FF 61052 150200  780 552 2934    +8779584    +99         -10     -6   14 107   98   -7   91   -8   91   -8   8  0  0 L3E F2
E30 FF 61052 150200  780 696 1246    +6191500   +419         -17    +12   11 107   86   +3   85   -7   85   -7   6  0  0 L3E EA
E34 FF 61052 150200  780 605 1057    +2292586    +37         -12    +14   16 103   93   -2   83  -11   83  -11   9  0  0 L3E EE
E36 FF 61052 150200  780 267  435    +5080257    +47           6     -7   25 107  179  +30   97   +4   97    4  15  0  0 L3E CB
E02 FF 61052 151800  780 116 1216      -98359    -15         -14    +13   52 103  393 +163  180   +8  180    8  29  0  0 L3E 0F
E15 FF 61052 151800  780 397 1804    +2279167    +33          -9     +6   16 108  126  -18  108  -19  108  -19  10  0  0 L3E 3C
E19 FF 61052 151800  780 118 3130   -26288999   -319           2    +23   22 108  386  +55  171   -8  171   -8  14  0  0 L3E 4E
E27 FF 61052 151800  780 607 2928    +8779687   +102          -7     -3   15 108   93   -5   81   -2   81   -2   8  0  0 L3E E2
E30 FF 61052 151800  780 636 1290    +6191892   +430         -14    +24   13 108   90   +5   86  -14   86  -14   8  0  0 L3E 11
E34 FF 61052 151800  780 614  930    +2292605    +16         -15     -8   15 103   92   +0   82   -3   82   -3   9  0  0 L3E AB
E36 FF 61052 151800  780 219  415    +5080294    +16          -9    -38   16 108  215  +47  106  +14  106   14  10  0  0 L3E 19
E15 FF 61052 153400  780 464 1806    +2279190    +44         -13    +16   15 110  112  -13   93  -28   93  -28   9  0  0 L3E 1D
E21 FF 61052 153400  780 138 3012    +7144570    +50          -5    +25   26 110  336 -120  169  -43  169  -43  16  0  0 L3E 44
E27 FF 61052 153400  780 662 2899    +8779788   +120          -5    +16   15 110   88   -4   72  -20   72  -20   9  0  0 L3E 17
E30 FF 61052 153400  780 576 1329    +6192274   +423         -22    +17   10 109   96   +7   90   -8   90   -8   6  0  0 L3E F3
E34 FF 61052 153400  780 602  807    +2292634    +24         -10     +0   14 110   93   +2   72   -4   72   -4   8  0  0 L3E 9A
E36 FF 61052 153400  780 169  404    +5080351   +135          -3    +82   16 109  275  +81   96  -71   96  -71  10  0  0 L3E 26
E15 FF 61052 155000  780 531 1803    +2279216    +46         -16    +18   15 112  101   -9   80  -28   80  -28   8  0  0 L3E 05
E21 FF 61052 155000  780 188 3029    +7144602    +45           4    +20   21 112  250  -67  131  -38  131  -38  12  0  0 L3E 1C
E27 FF 61052 155000  780 713 2830    +8779883   +101          -9     -3   12 112   85   -3   69   +0   69    0   7  0  0 L3E C2
E30 FF 61052 155000  780 516 1365    +6192677   +402         -10     -4   15 109  103   +9   82  +10   82   10   8  0  0 L3E ED
E34 FF 61052 155000  780 575  706    +2292639    +14         -25     -9   16 112   96   +4   77   -5   77   -5   9  0  0 L3E CA
E36 FF 61052 155000  780 118  400    +5080397    +74          -9    +20   31 109  387 +164   89  -35   89  -35  21  0  0 L3E 2D
E13 FF 61052 160600  780 117 2085     +463366    +12          -3     +4   29 109  393 -187  175  -52  175  -52  19  0  0 L3E 3C
E15 FF 61052 160600  780 597 1792    +2279238     +5         -20    -23   12 113   94   -7   70   -2   70   -2   7  0  0 L3E C6
E21 FF 61052 160600  780 239 3040    +7144603    +10         -19    -15   23 113  199  -42  122  -21  122  -21  14  0  0 L3E 30
E27 FF 61052 160600  780 755 2688    +8779975   +114         -17    +10   16 113   83   -1   67  -13   67  -13   9  0  0 L3E 2C
E30 FF 61052 160600  780 456 1398    +6193070   +398          -7     -9   15 109  113  +12   84   +6   84    6   9  0  0 L3E EF
E34 FF 61052 160600  780 535  632    +2292671     -4         -14    -27   12 113  100   +6   67  +11   67   11   7  0  0 L3E C9
E13 FF 61052 162200  780 174 2107     +463358     +3          -9     -3   31 115  269  -88  149  -51  149  -51  21  0  0 L3E 11
E15 FF 61052 162200  780 662 1764    +2279262    +31         -21     +3   12 115   88   -5   60  -13   60  -13   7  0  0 L3E DA
E21 FF 61052 162200  780 291 3046    +7144629    +43         -15    +18   26 115  166  -28  101  -22  101  -22  17  0  0 L3E 3F
E27 FF 61052 162200  780 776 2445    +8780077   +100         -15     -4   11 115   83   +0   62   -1   62   -1   6  0  0 L3E CA
E30 FF 61052 162200  780 396 1428    +6193465   +408          -2     +2   15 115  126  +16   83   +7   83    7   9  0  0 L3E E1
E34 FF 61052 162200  780 488  583    +2292696    +20         -10     -3   13 115  107   +8   59   -5   59   -5   7  0  0 L3E CF
E13 FF 61052 163800  780 232 2133     +463366     +4          -7     -3   18 116  205  -50  112  -38  112  -38  12  0  0 L3E F7
E15 FF 61052 163800  780 724 1701    +2279288    +47         -21    +19   12 115   85   -3   51  -18   51  -18   7  0  0 L3E 02
E21 FF 61052 163800  780 343 3043    +7144661    +12          -8    -13   22 116  143  -20   81   -5   81   -5  14  0  0 L3E E5
E27 FF 61052 163800  780 762 2180    +8780173    +56         -19    -48   10 116   83   +1   60  +22   60   22   6  0  0 L3E EF
E30 FF 61052 163800  780 337 1456    +6193838   +457         -21    +51   18 116  145  +23   94  -30   94  -30  11  0  0 L3E 48
E34 FF 61052 163800  780 437  553    +2292709    +28         -20     +5   18 115  117  +12   61  -10   61  -10  11  0  0 L3E F7
E13 FF 61052 165400  780 290 2161     +463377    +35          -2    +28   24 118  166  -32   84  -27   84  -27  15  0  0 L3E 14
E15 FF 61052 165400  780 777 1555    +2279318    +18         -19    -10   14 118   83   -1   42   -1   42   -1   8  0  0 L3E D9
E21 FF 61052 165400  780 394 3031    +7144694    +73           2    +48   17 118  127  -14   62  -39   62  -39  11  0  0 L3E 1A
E27 FF 61052 165400  780 722 2005    +8780278   +120         -14    +16   16 118   85   +2   53   -9   53   -9   9  0  0 L3E F2
E30 FF 61052 165400  780 278 1481    +6194232   +410         -17     +4   12 118  172  +34   95   -3   95   -3   7  0  0 L3E FA
E34 FF 61052 165400  780 384  539    +2292731    +16         -20     -7   13 115  130  +16   55   -3   55   -3   8  0  0 L3E D0
E13 FF 61052 171000  780 349 2193     +463374    +16         -11     +9   19 120  141  -22   72  -22   72  -22  12  0  0 L3E F4
E15 FF 61052 171000  780 806 1252    +2279328    +17         -33    -10   16 120   82   +0   45   +2   45    2  10  0  0 L3E BA
E21 FF 61052 171000  780 444 3006    +7144704     +4         -12    -20   15 118  115  -10   61   +5   61    5   9  0  0 L3E B8
E27 FF 61052 171000  780 667 1912    +8780383   +123          -9    +19   11 118   88   +4   47  -10   47  -10   7  0  0 L3E 04
E30 FF 61052 171000  780 220 1504    +6194627   +390         -10    -17   19 120  214  +54   93  +18   93   18  12  0  0 L3E 24
E34 FF 61052 171000  780 330  536    +2292765    +39          -8    +16   20 115  148  +22   42  -16   42  -16  11  0  0 L3E FB
E13 FF 61052 172600  780 408 2228     +463390     +4          -4     -3   16 121  124  -15   55   -6   55   -6   9  0  0 L3E AC
E15 FF 61052 172600  780 791  906    +2279351    +24         -36     -4    9 121   82   +1   43   -2   43   -2   5  0  0 L3E 9C
E21 FF 61052 172600  780 490 2965    +7144720    +13         -19    -11   13 118  107   -7   59   -2   59   -2   8  0  0 L3E ED
E27 FF 61052 172600  780 606 1863    +8780478   +115         -17    +11   11 121   93   +6   52   -2   52   -2   6  0  0 L3E E7
E30 FF 61052 172600  780 163 1524    +6195012   +465         -15    +58   21 121  284  +97  103  -33  103  -33  15  0  0 L3E 57
E34 FF 61052 172600  780 276  542    +2292782    -10         -12    -33   18 121  173  +32   37  +20   37   20  12  0  0 L3E FD
E13 FF 61052 174200  780 467 2267     +463387     +5         -14     -2   18 121  111  -11   50   -8   50   -8  10  0  0 L3E C5
E15 FF 61052 174200  780 747  722    +2279394    +54         -19    +26   13 121   84   +2   29  -20   29  -20   7  0  0 L3E EC
E21 FF 61052 174200  780 530 2904    +7144744    +53         -19    +29   13 118  101   -5   50  -28   50  -28   7  0  0 L3E 05
E27 FF 61052 174200  780 543 1838    +8780585   +121         -11    +16   13 123   99   +8   46   -7   46   -7   8  0  0 L3E 00
E34 FF 61052 174200  780 224  554    +2292802    +28         -14     +5   17 123  211  +47   38   +1   38    1  10  0  0 L3E C4
E13 FF 61052 175800  780 526 2310     +463393     -1         -14     -8   20 121  102   -8   40  -13   40  -13  12  0  0 L3E C5
E15 FF 61052 175800  780 693  647    +2279418     -7         -22    -35   11 121   86   +3   29  +17   29   17   6  0  0 L3E DF
E21 FF 61052 175800  780 560 2822    +7144771    +46         -16    +21   15 118   97   -3   43  -16   43  -16   9  0  0 L3E 03
E23 FF 61052 175800  780 127 3192     +217744    +21          11     +9   16 124  362 -139   34  -13   34  -13  10  0  0 L3E 01
E27 FF 61052 175800  780 478 1826    +8780675   +104         -21     +0   11 124  109  +11   54   +5   54    5   7  0  0 L3E F1
E34 FF 61052 175800  780 172  572    +2292824    +28         -15     +5   22 124  269  +78   36   -1   36   -1  13  0  0 L3E EE
E05 FF 61052 181400  780 117  461      -46471    -58           1    -29   23 126  390  -53   24  +12   24   12  14  0  0 L3E C0
E13 FF 61052 181400  780 585 2359     +463399     +5         -15     -2   18 121   95   -6   31   -5   31   -5  11  0  0 L3E B4
E15 FF 61052 181400  780 636  622    +2279449    -25         -15    -53   12 126   90   +5   22  +29   22   29   7  0  0 L3E E0
E21 FF 61052 181400  780 577 2720    +7144798    +13         -19    -13   15 126   96   -1   35   +3   35    3   9  0  0 L3E D1
E23 FF 61052 181400  780 176 3183     +217752    -15           7    -28   26 125  266  -72   26   -5   26   -5  17  0  0 L3E E6
E27 FF 61052 181400  780 414 1820    +8780777    +90         -20    -14   16 125  122  +16   56  +14   56   14  10  0  0 L3E 1B
E34 FF 61052 181400  780 122  594    +2292841    -36         -18    -58   51 126  373 +147   42  +33   42   33  33  0  0 L3E 27
E05 FF 61052 183000  780 129  410      -46492    -61           8    -32   30   1  355  -23   17  +16   17   16  19  0  0 L3E 9E
E13 FF 61052 183000  780 644 2416     +463417     +3          -7     -4    9   1   90   -5   19   -2   19   -2   5  0  0 L3E 50
E15 FF 61052 183000  780 578  621    +2279465    -15         -22    -42   16   1   95   +6   28  +22   28   22   9  0  0 L3E BD
E21 FF 61052 183000  780 578 2608    +7144828    +37         -16    +12   13   1   95   +1   30   -9   30   -9   8  0  0 L3E B2
E23 FF 61052 183000  780 223 3165     +217757    +14           0     +2   27 125  212  -43   25  -16   25  -16  17  0  0 L3E D6
E26 FF 61052 183000  780 125 2420    -1893691   -107          -5     +2   30   1  370 -144   83  -26   83  -26  18  0  0 L3E 09
E27 FF 61052 183000  780 350 1818    +8780880   +129         -16    +25   12 125  140  +23   57   -9   57   -9   8  0  0 L3E 1C
E03 FF 61052 184600  780 140  859      -67412    +10         -17    -13   24   0  329  -91   44   +5   44    5  14  0  0 L3E 9B
E05 FF 61052 184600  780 133  359      -46536    -39          -8    -10   32   2  345   +0   22   -1   22   -1  21  0  0 L3E 78
E13 FF 61052 184600  780 701 2486     +463411    +25         -20    +18   14   2   86   -3   24  -14   24  -14   8  0  0 L3E B5
E15 FF 61052 184600  780 522  634    +2279493    +23         -19     -4   13   2  102   +8   26   +0   26    0   7  0  0 L3E 86
E21 FF 61052 184600  780 561 2500    +7144856    +29         -12     +4   13   2   97   +3   25   -1   25   -1   8  0  0 L3E 94
E23 FF 61052 184600  780 267 3139     +217760    -31          -9    -43   18 125  179  -27   26  +21   26   21  12  0  0 L3E 02
E26 FF 61052 184600  780 174 2457    -1893811   -102         -21     +7   24   2  269  -75   69  -30   69  -30  14  0  0 L3E 1E
E27 FF 61052 184600  780 287 1818    +8780989    +95          -8     -9   19 125  168  +34   55   +9   55    9  12  0  0 L3E 18
E03 FF 61052 190200  780 177  813      -67385    +33         -15    +11   31   4  263  -51   32  -15   32  -15  18  0  0 L3E C6
E05 FF 61052 190200  780 128  308      -46554    -18           1    +11   26   4  356  +23   15   -7   15   -7  16  0  0 L3E 87
E13 FF 61052 190200  780 757 2582     +463413     +0         -24     -6   17   4   83   -2   24   +4   24    4  10  0  0 L3E 6D
E15 FF 61052 190200  780 467  655    +2279522    +21         -15     -7   11   4  111  +10   24   +2   24    2   6  0  0 L3E 88
E21 FF 61052 190200  780 530 2407    +7144876    +34         -17     +9   12   4  101   +5   26   -5   26   -5   7  0  0 L3E A5
E23 FF 61052 190200  780 307 3103     +217756    +21         -22     +8   20   4  158  -18   33   -7   33   -7  13  0  0 L3E AF
E26 FF 61052 190200  780 223 2497    -1893895    -83           2    +26   30   4  212  -46   38  -33   38  -33  18  0  0 L3E 00
E27 FF 61052 190200  780 225 1818    +8781088   +111         -10     +6   18   4  210  +55   60   -2   60   -2  10  0  0 L3E D2
E03 FF 61052 191800  780 209  763      -67365    -25         -16    -48   24   5  225  -30   29  +25   29   25  15  0  0 L3E D5
E05 FF 61052 191800  780 116  260      -46593    -33         -10     -4   30   5  392  +54   25   +9   25    9  19  0  0 L3E 93
E13 FF 61052 191800  780 809 2744     +463427    +13         -16     +6   12   5   82   -1   18   -7   18   -7   7  0  0 L3E 95
E15 FF 61052 191800  780 414  682    +2279552    +15         -11    -12   12   5  122  +13   22   +9   22    9   7  0  0 L3E A7
E21 FF 61052 191800  780 488 2332    +7144901    +15         -16    -10   14   4  107   +8   29  +12   29   12   7  0  0 L3E D0
E23 FF 61052 191800  780 341 3056     +217773    +41         -17    +28   17   5  144  -12   27  -25   27  -25  11  0  0 L3E F2
E26 FF 61052 191800  780 272 2538    -1894010    -91          -8    +19   19   4  176  -31   35  -31   35  -31  12  0  0 L3E 01
E27 FF 61052 191800  780 165 1817    +8781181   +149         -18    +45   18   5  282 +100   70  -26   70  -26  11  0  0 L3E 3B
E03 FF 61052 193400  780 234  708      -67351     +0         -21    -22   24   7  202  -18   29  +12   29   12  15  0  0 L3E A1
E08 FF 61052 193400  780 138 1223     +722766    +90          -7    +22   58   7  336 -125   66  -20   66  -20  36  0  0 L3E 03
E13 FF 61052 193400  780 848 3133     +463429     +8         -22     +1   13   7   81   +0   21   -2   21   -2   7  0  0 L3E 66
E15 FF 61052 193400  780 362  712    +2279570    +17         -21    -10   15   7  136  +17   26  +12   26   12   9  0  0 L3E CE
E21 FF 61052 193400  780 439 2274    +7144917    +29         -24     +4   16   7  116  +11   38   +2   38    2  10  0  0 L3E C2
E23 FF 61052 193400  780 367 2999     +217791     +7         -11     -5   17   5  135   -7   22   +1   22    1  10  0  0 L3E 8E
E26 FF 61052 193400  780 322 2580    -1894117   -139         -10    -30   17   4  152  -22   25  +18   25   18  10  0  0 L3E 06
E27 FF 61052 193400  780 106 1816    +8781294    +97          -3     -8   17   7  427 +222   66   +7   66    7  11  0  0 L3E E5
E03 FF 61052 195000  780 251  649      -67319     -3         -13    -26   22   8  190   -9   23   +8   23    8  14  0  0 L3E 82
E08 FF 61052 195000  780 190 1191     +722821    +46         -19    -22   27   9  248  -66   70  +11   70   11  17  0  0 L3E EB
E13 FF 61052 195000  780 841  173     +463445     -4         -12    -11    8   9   81   +0   15   +2   15    2   5  0  0 L3E 47
E15 FF 61052 195000  780 311  746    +2279601    +34         -15     +7   14   9  156  +23   25   -7   25   -7   8  0  0 L3E B2
E21 FF 61052 195000  780 384 2230    +7144954     +9         -10    -16   16   9  130  +16   35  +17   35   17  10  0  0 L3E DF
E23 FF 61052 195000  780 383 2933     +217789    +25         -26    +13   17   5  130   -3   30  -10   30  -10  10  0  0 L3E CC
E26 FF 61052 195000  780 372 2624    -1894228   -143         -17    -34   19   4  134  -16   24  +16   24   16  12  0  0 L3E 12
E03 FF 61052 200600  780 258  590      -67306    -44         -21    -67   25   8  184   -2   26  +43   26   43  15  0  0 L3E B6
E08 FF 61052 200600  780 240 1154     +722895    +66         -11     -2   18  10  198  -40   55  -18   55  -18  11  0  0 L3E F3
E13 FF 61052 200600  780 798  476     +463447    +22         -16    +15   11  10   82   +1   19   -8   19   -8   6  0  0 L3E 9F
E15 FF 61052 200600  780 262  781    +2279622    +40         -20    +13   18  10  182  +32   30   +0   30    0  11  0  0 L3E A8
E21 FF 61052 200600  780 328 2195    +7144979    +34          -9     +9   19  10  149  +24   40   +0   40    0  12  0  0 L3E BB
E23 FF 61052 200600  780 388 2861     +217811    +37         -15    +25   20   5  129   +0   19  -17   19  -17  12  0  0 L3E DB
E26 FF 61052 200600  780 422 2670    -1894336   -101         -19     +9   15   4  120  -12   23   -9   23   -9   9  0  0 L3E CE
E31 FF 61052 200600  780 103 3313    +1118642    +19         -10     -7   24  10  442 -168   33   -2   33   -2  15  0  0 L3E D2
E03 FF 61052 202200  780 256  530      -67293    +19         -28     -4   21  12  186   +5   33   +4   33    4  12  0  0 L3E 7C
E08 FF 61052 202200  780 289 1111     +722954    +83         -17    +16   15  12  167  -26   42  -29   42  -29  10  0  0 L3E 05
E13 FF 61052 202200  780 747  617     +463439    +26         -28    +19   14  12   84   +2   25  -12   25  -12   8  0  0 L3E BA
E15 FF 61052 202200  780 214  818    +2279657    +94         -10    +67   23  11  219  +47   26  -45   26  -45  15  0  0 L3E 10
E21 FF 61052 202200  780 270 2167    +7145006    +34          -6     +9   17  10  177  +36   45   +2   45    2  10  0  0 L3E AD
E23 FF 61052 202200  780 381 2788     +217815    +28         -21    +15   14  12  131   +4   25   -7   25   -7   8  0  0 L3E B5
E26 FF 61052 202200  780 473 2716    -1894443   -118         -18     -9   15  12  110   -9   23   +3   23    3   9  0  0 L3E C4
E31 FF 61052 202200  780 141 3282    +1118661     -8         -16    -34   24  10  328  -82   34  +22   34   22  15  0  0 L3E E3
E03 FF 61052 203800  780 245  474      -67238    +72           5    +50   15  13  194  +12   14  -36   14  -36   9  0  0 L3E B1
E08 FF 61052 203800  780 333 1061     +723029    +32          -8    -35   19  13  147  -17   27  +21   27   21  10  0  0 L3E D7
E13 FF 61052 203800  780 696  709     +463455     +1         -18     -5   13  13   86   +3   20   +3   20    3   7  0  0 L3E 62
E15 FF 61052 203800  780 167  856    +2279681     +1         -11    -26   16  11  277  +75   34  +31   34   31   9  0  0 L3E DE
E21 FF 61052 203800  780 212 2144    +7145035    +14          -1    -11   17  10  221  +58   47  +14   47   14  11  0  0 L3E D6
E23 FF 61052 203800  780 363 2718     +217828    +23         -20    +10   15  13  136   +8   25   -6   25   -6   9  0  0 L3E B8
E26 FF 61052 203800  780 525 2764    -1894559   -129         -31    -20   16  13  102   -7   28  +12   28   12   9  0  0 L3E 05
E31 FF 61052 203800  780 173 3244    +1118680    +24         -21     -2   21  10  269  -45   35   -1   35   -1  13  0  0 L3E CA
E03 FF 61052 205400  780 224  423      -67249    -27         -28    -49   22  15  210  +22   35  +37   35   37  13  0  0 L3E D0
E07 FF 61052 205400  780 165 1535     +384684    +14          -2     -9   22  15  283  -98   53   +8   53    8  14  0  0 L3E C4
E08 FF 61052 205400  780 372 1003     +723084    +84         -18    +17   16  15  134  -11   28  -16   28  -16  10  0  0 L3E F9
E13 FF 61052 205400  780 643  782     +463461     -9         -17    -16   13  15   90   +4   22   +8   22    8   8  0  0 L3E 7E
E15 FF 61052 205400  780 122  895    +2279724    +21           5     -6   30  11  375 +136   35  +30   35   30  18  0  0 L3E D3
E21 FF 61052 205400  780 155 2123    +7145059    +32          -1     +6   23  10  298 +106   56   +6   56    6  14  0  0 L3E C9
E23 FF 61052 205400  780 335 2654     +217844    +13         -16     +1   11  15  146  +13   25   -1   25   -1   7  0  0 L3E A5
E26 FF 61052 205400  780 577 2814    -1894668    -99         -34    +11   16  15   96   -6   28   -8   28   -8  10  0  0 L3E FC
E31 FF 61052 205400  780 199 3200    +1118718    +34          -7     +8   29  10  235  -26   27   -9   27   -9  17  0  0 L3E D9
E03 FF 61052 211000  780 196  379      -67206    +52          -4    +30   21  17  238  +38   25  -10   25  -10  12  0  0 L3E BA
E07 FF 61052 211000  780 224 1518     +384704    +32          -3     +9   19  17  212  -55   53   -9   53   -9  11  0  0 L3E B9
E08 FF 61052 211000  780 402  935     +723152    +81         -14    +13   21  17  125   -7   20  -12   20  -12  12  0  0 L3E B7
E13 FF 61052 211000  780 591  845     +463467     +1         -17     -6   13  17   94   +5   22   +9   22    9   8  0  0 L3E 6D
E21 FF 61052 211000  780 100 2104    +7145077    -31          -5    -56   17  17  453 +239   67  +36   67   36  11  0  0 L3E 04
E23 FF 61052 211000  780 299 2597     +217859    +39         -12    +27   21  17  161  +20   23   -9   23   -9  13  0  0 L3E E6
E26 FF 61052 211000  780 630 2865    -1894760    -94         -20    +15   11  17   91   -4   19  -11   19  -11   6  0  0 L3E E3
E31 FF 61052 211000  780 218 3150    +1118751    +14          -4    -12   39  17  217  -14   23   +5   23    5  26  0  0 L3E B9
E33 FF 61052 211000  780 132 2774      +13868     +2          -2    -10   22  17  349 -120   25   +0   25    0  14  0  0 L3E 8F
E03 FF 61052 212600  780 161  342      -67190     -4          -9    -26   19  18  287  +65   40  +28   40   28  12  0  0 L3E B5
E07 FF 61052 212600  780 284 1498     +384716    +42         -12    +19   18  17  170  -34   54  -18   54  -18  11  0  0 L3E 13
E08 FF 61052 212600  780 422  860     +723214    +46         -16    -22   13  18  120   -3   19   +9   19    9   8  0  0 L3E 9C
E13 FF 61052 212600  780 540  902     +463467    +52         -23    +45   10  18  100   +7   25  -25   25  -25   5  0  0 L3E BE
E23 FF 61052 212600  780 257 2547     +217873    -25          -8    -37   17  18  185  +30   30  +35   30   35  10  0  0 L3E E8
E26 FF 61052 212600  780 683 2921    -1894859   -108         -11     +1   12  18   87   -3   13   -1   13   -1   6  0  0 L3E C3
E31 FF 61052 212600  780 227 3095    +1118769    +19         -10     -7   21  18  208   -5   25   +5   25    5  15  0  0 L3E C1
E33 FF 61052 212600  780 179 2811      +13878    +22          -1    +11   19  18  262  -68   22   -4   22   -4  11  0  0 L3E B4
E03 FF 61052 214200  780 122  313      -67164    +40          -2    +18   17  20  374 +125   55  +18   55   18  12  0  0 L3E C0
E07 FF 61052 214200  780 344 1475     +384739     +4         -11    -19   17  17  143  -23   52  +11   52   11   9  0  0 L3E D0
E08 FF 61052 214200  780 430  781     +723284    +10         -11    -57   19  20  118   +0   16  +35   16   35  12  0  0 L3E C0
E13 FF 61052 214200  780 488  955     +463475    +20         -21    +14   14  20  107   +9   27   -6   27   -6   8  0  0 L3E AE
E23 FF 61052 214200  780 212 2504     +217887     -2          -5    -14   16  20  222  +48   38  +24   38   24  10  0  0 L3E C3
E26 FF 61052 214200  780 738 2984    -1894965   -109         -11     +0    8  20   84   -2   14   -3   14   -3   5  0  0 L3E B8
E31 FF 61052 214200  780 228 3038    +1118794    +25         -10     -1   23  20  207   +4   23   -1   23   -1  14  0  0 L3E AB
E33 FF 61052 214200  780 226 2846      +13891    +70           5    +59   18  20  209  -44   15  -46   15  -46  12  0  0 L3E D8
E07 FF 61052 215800  780 403 1445     +384759     +7         -15    -16   14  21  125  -16   53   +7   53    7   8  0  0 L3E BB
E08 FF 61052 215800  780 426  703     +723350    +54          -9    -13   13  21  119   +3   16   +6   16    6   8  0  0 L3E 87
E13 FF 61052 215800  780 436 1006     +463485    +22         -17    +16   11  21  117  +11   27   -4   27   -4   7  0  0 L3E BF
E23 FF 61052 215800  780 164 2466     +217901    +10          -3     -2   31  21  283  +83   43   +6   43    6  20  0  0 L3E 9F
E26 FF 61052 215800  780 793 3067    -1895071   -111         -11     -1   12  21   82   -2   14   +1   14    1   7  0  0 L3E A3
E31 FF 61052 215800  780 219 2981    +1118829     +6           1    -20   18  21  215  +13   16  +12   16   12  10  0  0 L3E C3
E33 FF 61052 215800  780 275 2880      +13891    +18          -5     +7   17  21  175  -30   20   -6   20   -6   9  0  0 L3E 9C
E07 FF 61052 221400  780 460 1405     +384779    +28         -16     +6   18  23  112  -11   49  -12   49  -12  10  0  0 L3E ED
E08 FF 61052 221400  780 409  631     +723397    +72         -27     +4   18  23  123   +6   25   -3   25   -3  10  0  0 L3E A1
E13 FF 61052 221400  780 385 1053     +463495    +14         -13     +8   15  23  129  +15   32   +8   32    8   9  0  0 L3E AC
E23 FF 61052 221400  780 114 2432     +217901    +31         -14    +19   20  23  397 +168   59   -3   59   -3  14  0  0 L3E EB
E26 FF 61052 221400  780 848 3240    -1895178    -86         -11    +23    7  23   81   -1   15  -15   15  -15   4  0  0 L3E D7
E29 FF 61052 221400  780 100 1839    +1686077    +32         -13     -3   15  23  460 -258   78  -11   78  -11   9  0  0 L3E 11
E31 FF 61052 221400  780 201 2925    +1118845    +57         -10    +31   24  23  233  +24   21  -15   21  -15  16  0  0 L3E F6
E33 FF 61052 221400  780 326 2911      +13904    +11           0     +1   17  23  150  -22   15   -2   15   -2  12  0  0 L3E 6F
E07 FF 61052 223000  780 514 1351     +384803     -5         -14    -28   19  23  103   -8   37   +9   37    9  11  0  0 L3E AF
E08 FF 61052 223000  780 382  570     +723471    +55         -18    -13   17  25  130   +9   21   +6   21    6  10  0  0 L3E 9E
E13 FF 61052 223000  780 334 1098     +463498     -2         -17     -9   19  25  146  +20   43  +20   43   20  12  0  0 L3E C9
E26 FF 61052 223000  780 875  588    -1895292   -100         -19    +10   11  25   81   +0   19   -5   19   -5   6  0  0 L3E C7
E29 FF 61052 223000  780 158 1841    +1686105     +0         -18    -34   18  23  296 -110   78  +15   78   15  12  0  0 L3E 11
E31 FF 61052 223000  780 176 2873    +1118876     +6          -4    -20   22  23  264  +42   18  +16   18   16  14  0  0 L3E E1
E33 FF 61052 223000  780 377 2939      +13907     +8          -4     -3   17  25  132  -16   16   +2   16    2  10  0  0 L3E 81
E07 FF 61052 224600  780 561 1278     +384829    +24          -9     +2   18  23   97   -5   29  -10   29  -10  11  0  0 L3E CA
E08 FF 61052 224600  780 346  521     +723543    +61         -11     -6   15  26  142  +14   18   +5   18    5   9  0  0 L3E 99
E13 FF 61052 224600  780 283 1141     +463512    -12         -10    -18   17  26  170  +29   64  +29   64   29  10  0  0 L3E F0
E26 FF 61052 224600  780 827 1093    -1895382   -116          -2     -6   12  26   81   +1   13   +4   13    4   7  0  0 L3E A0
E29 FF 61052 224600  780 218 1844    +1686129    +58         -28    +23   20  23  218  -60   76  -19   76  -19  12  0  0 L3E 32
E31 FF 61052 224600  780 145 2824    +1118897    +69          -8    +43   30  23  317  +73   22  -18   22  -18  19  0  0 L3E 13
E33 FF 61052 224600  780 431 2962      +13915    -10          -7    -21   14  26  118  -12   16   +8   16    8   9  0  0 L3E 9A
E07 FF 61052 230200  780 597 1180     +384847    +27         -13     +5   11  28   94   -3   27   -7   27   -7   6  0  0 L3E AA
E08 FF 61052 230200  780 304  484     +723608    +43         -10    -25   15  28  159  +21   19  +20   19   20  10  0  0 L3E D2
E13 FF 61052 230200  780 232 1182     +463524    +29          -5    +23   19  28  204  +43   66  -13   66  -13  11  0  0 L3E E3
E26 FF 61052 230200  780 768 1210    -1895506    -94         -22    +16   12  28   83   +2   27   -3   27   -3   7  0  0 L3E C4
E29 FF 61052 230200  780 279 1849    +1686167    +28         -24     -7   16  28  173  -37   70   +2   70    2  11  0  0 L3E E8
E31 FF 61052 230200  780 108 2780    +1118907    +11         -23    -15   50  23  417 +143   32   +6   32    6  29  0  0 L3E E4
E33 FF 61052 230200  780 486 2980      +13922    +20          -9     +9   14  28  108  -10   18   -4   18   -4   8  0  0 L3E 99
E07 FF 61052 231800  780 618 1060     +384865     -7         -16    -30   15  29   92   -1   26  +17   26   17   9  0  0 L3E C0
E08 FF 61052 231800  780 259  458     +723675    +52         -10    -15   14  29  184  +32   21  +12   21   12   9  0  0 L3E D2
E13 FF 61052 231800  780 181 1220     +463533    +45          -3    +39   29  28  257  +71   66  -16   66  -16  16  0  0 L3E FE
E26 FF 61052 231800  780 708 1277    -1895600   -131         -11    -21   12  29   85   +3   23  +16   23   16   7  0  0 L3E E6
E29 FF 61052 231800  780 342 1854    +1686204    +18         -21    -16   21  29  144  -24   64   +4   64    4  12  0  0 L3E E8
E33 FF 61052 231800  780 542 2988      +13925     -7         -15    -17   16  29  100   -7   21  +11   21   11   9  0  0 L3E AC
E07 FF 61052 233400  780 620  932     +384884     -8         -19    -30   17  31   91   +1   25  +16   25   16  10  0  0 L3E AF
E08 FF 61052 233400  780 210  442     +723744   +134          -7    +66   15  31  223  +51   19  -31   19  -31  10  0  0 L3E E0
E13 FF 61052 233400  780 130 1256     +463543     +8           1     +1   34  28  352 +134   64   +2   64    2  21  0  0 L3E 8C
E26 FF 61052 233400  780 647 1328    -1895710    -94         -17    +16   12  31   89   +5   30   -7   30   -7   7  0  0 L3E CF
E29 FF 61052 233400  780 406 1859    +1686234     +8         -23    -27   19  31  124  -17   64  +11   64   11  12  0  0 L3E FE
E33 FF 61052 233400  780 598 2984      +13933    +28         -15    +18    8  31   93   -6   22  -10   22  -10   6  0  0 L3E B0
E07 FF 61052 235000  780 604  813     +384906    +29         -18     +6   12  32   93   +2   24   -3   24   -3   6  0  0 L3E 82
E08 FF 61052 235000  780 160  434     +723815    +33          -1    -35   21  33  289  +89   25  +46   25   46  11  0  0 L3E D6
E12 FF 61052 235000  780 119 3055     +183395    +51          -4    +23   22  28  388 -163   34  -37   34  -37  15  0  0 L3E 0B
E26 FF 61052 235000  780 586 1371    -1895816   -100         -18    +10   14  33   95   +6   36   +5   36    5   8  0  0 L3E CF
E29 FF 61052 235000  780 470 1862    +1686280    +12         -11    -23   17  33  110  -12   53  +13   53   13  11  0  0 L3E F1
E33 FF 61052 235000  780 654 2957      +13936    +35         -21    +24   16  33   89   -4   26  -13   26  -13   9  0  0 L3E C7
