CGGTTS     GENERIC DATA FORMAT VERSION = 2E
REV DATE = 2026-01-01                    
RCVR = POLARX5-TR                    R2CGGTTS v8.8    
CH = 99 
IMS = POLARX5-TR                    
LAB = PTB                           
X = +3844059.67 m 
Y =  +709661.67 m 
Z = +5023129.80 m 
FRAME = ITRF
COMMENTS =           IGS RINEX,AUSPOS XYZ          
INT DLY =   33.2 ns (GAL E1),   33.0 ns (GAL E5a)
CAB DLY =  205.7 ns 
REF DLY =   56.2 ns
REF = UTC(PTB)                      
CKSUM = 7B

SAT CL  MJD  STTIME TRKL ELV AZTH   REFSV      SRSV     REFSYS    SRSYS  DSG IOE MDTR SMDT MDIO SMDI MSIO SMSI ISG FR HC FRC CK
             hhmmss  s  .1dg .1dg    .1ns     .1ps/s     .1ns    .1ps/s .1ns     .1ns.1ps/s.1ns.1ps/s.1ns.1ps/s.1ns
E04 FF 61066 000200  780 145 2203     +525253   +121         -20    +14   22  17  320 -119  111  -10  111  -10  14  0  0 L3E 0D
E10 FF 61066 000200  780 495 3017    +7671287    +25          -8     -1   14  17  106   -8   34   +2   34    2   8  0  0 L3E 9B
E11 FF 61066 000200  780 226 3116   -37538713  -1637          -5    +10   23  17  209  -47   34   -3   34   -3  14  0  0 L3E 11
E12 FF 61066 000200  780 714 2709     +214156    +12         -11    -14   11  17   85   -1   33   +9   33    9   6  0  0 L3E 8B
E19 FF 61066 000200  780 674 1917   -26681372   -313          -1    +23   14  17   88   -4   37  -13   37  -13   8  0  0 L3E 04
E29 FF 61066 000200  780 539  651    +1726036     -9         -12    -45   12  17  100   +7   26  +27   26   27   7  0  0 L3E C3
E33 FF 61066 000200  780 423 1533      +26105    +59           0    +49   14  17  120  +15   39  -16   39  -16   9  0  0 L3E B8
E04 FF 61066 001800  780 199 2231     +525371   +132          -4    +25   29  18  236  -64   93  -22   93  -22  18  0  0 L3E 0E
E10 FF 61066 001800  780 545 2972    +7671294    +20         -25     -6   12  18   99   -6   43   +1   43    1   7  0  0 L3E A9
E11 FF 61066 001800  780 279 3114   -37540293  -1637          -2    +10   19  18  173  -31   31  -11   31  -11  11  0  0 L3E 2B
E12 FF 61066 001800  780 726 2513     +214177    +22         -14     -4   16  18   85   +0   36   +2   36    2   9  0  0 L3E 82
E19 FF 61066 001800  780 737 1880   -26681689   -294           6    +42   12  18   84   -3   30  -26   30  -26   7  0  0 L3E 09
E29 FF 61066 001800  780 488  621    +1726074     +7          -8    -29   13  18  107   +9   23  +15   23   15   7  0  0 L3E BE
E33 FF 61066 001800  780 360 1558      +26110    +17          -4     +7   13  17  137  +21   55  +13   55   13   8  0  0 L3E A1
E04 FF 61066 003400  780 254 2261     +525460    +89         -17    -18   25  20  188  -39   88   -3   88   -3  16  0  0 L3E FA
E10 FF 61066 003400  780 587 2902    +7671320    +16         -22    -10   11  20   95   -4   40   +4   40    4   6  0  0 L3E 9A
E11 FF 61066 003400  780 331 3103   -37541877  -1674           0    -27   25  20  148  -21   29  +13   29   13  16  0  0 L3E 20
E12 FF 61066 003400  780 710 2316     +214208    +41          -7    +15   12  19   85   +2   33   -8   33   -8   7  0  0 L3E 8A
E19 FF 61066 003400  780 795 1770   -26682017   -331          -1     +5    8  20   82   -1   32   +0   32    0   5  0  0 L3E 97
E29 FF 61066 003400  780 435  608    +1726116    +31           0     -5   12  20  117  +12   18   +7   18    7   7  0  0 L3E 85
E33 FF 61066 003400  780 298 1580      +26123    +34          -1    +23   11  17  162  +31   64   -6   64   -6   6  0  0 L3E A0
E04 FF 61066 005000  780 309 2294     +525584   +133           3    +26   21  22  157  -26   62  -27   62  -27  12  0  0 L3E F5
E10 FF 61066 005000  780 619 2801    +7671346    +51         -20    +26   10  22   92   -2   38  -12   38  -12   6  0  0 L3E D3
E11 FF 61066 005000  780 381 3080   -37543455  -1654           2     -7   19  22  131  -15   24   +1   24    1  12  0  0 L3E DB
E12 FF 61066 005000  780 672 2171     +214230    +98          -9    +73    9  19   88   +3   36  -42   36  -42   5  0  0 L3E B5
E19 FF 61066 005000  780 834 1440   -26682333   -344           5     -8   13  22   81   +0   28   -3   28   -3   7  0  0 L3E B5
E29 FF 61066 005000  780 382  606    +1726146    +23          -4    -12   10  22  130  +16   21  +12   21   12   6  0  0 L3E AF
E33 FF 61066 005000  780 237 1600      +26137     -4           2    -15   18  17  200  +50   77  +25   77   25  12  0  0 L3E A4
E04 FF 61066 010600  780 365 2330     +525671    +99         -13     -8   15  22  136  -18   61   -2   61   -2   9  0  0 L3E BF
E06 FF 61066 010600  780 117 2354    +2242523    -33          29    -82   51  23  392 -165   81  +46   81   46  33  0  0 L3E 18
E10 FF 61066 010600  780 634 2672    +7671375     +9         -15    -17   16  23   90   +0   36   +8   36    8   9  0  0 L3E AE
E11 FF 61066 010600  780 427 3044   -37545046  -1631          -7    +16   15  23  119  -10   30  -13   30  -13   9  0  0 L3E 1A
E12 FF 61066 010600  780 619 2080     +214253    +57          -9    +31   12  23   92   +5   41  -18   41  -18   7  0  0 L3E B3
E19 FF 61066 010600  780 822  952   -26682659   -310           0    +26    9  23   82   +1   31  -16   31  -16   5  0  0 L3E CA
E29 FF 61066 010600  780 329  613    +1726178    +12          -5    -23   19  23  148  +22   22  +10   22   10  11  0  0 L3E D0
E33 FF 61066 010600  780 176 1617      +26147    -14          -3    -25   15  23  264  +87   95  +31   95   31   9  0  0 L3E CF
E04 FF 61066 012200  780 420 2369     +525784    +83          -2    -24   14  22  121  -14   43   +5   43    5   8  0  0 L3E A6
E06 FF 61066 012200  780 168 2387    +2242542    -16           0    -65   32  25  279  -83   82  +22   82   22  18  0  0 L3E F7
E10 FF 61066 012200  780 629 2535    +7671403    +52         -12    +26   15  23   91   +1   35  -13   35  -13   8  0  0 L3E D4
E11 FF 61066 012200  780 468 2991   -37546632  -1661         -12    -14   15  23  111   -7   34  +10   34   10   9  0  0 L3E 19
E12 FF 61066 012200  780 559 2025     +214285    +50          -3    +24   14  25   97   +7   38   -8   38   -8   9  0  0 L3E A4
E19 FF 61066 012200  780 775  744   -26682974   -307           5    +29   10  25   83   +2   28  -17   28  -17   6  0  0 L3E F7
E27 FF 61066 012200  780 112  617    +8900696   +106         -23     +2   42  23  408  -99   43   +0   43    0  27  0  0 L3E D1
E29 FF 61066 012200  780 277  627    +1726212    +44          -5     +8   21  23  173  +30   22   -7   22   -7  12  0  0 L3E B2
E33 FF 61066 012200  780 117 1631      +26141    -23         -19    -34   17  25  388 +188  110  +35  110   35  10  0  0 L3E 0A
E04 FF 61066 013800  780 476 2411     +525890   +131           1    +24   11  22  109  -10   36  -24   36  -24   7  0  0 L3E D7
E06 FF 61066 013800  780 218 2422    +2242585    +35          -3    -14   30  26  217  -49   71   -6   71   -6  19  0  0 L3E E9
E10 FF 61066 013800  780 604 2411    +7671426    +40         -13    +15   14  23   93   +3   38   -7   38   -7   8  0  0 L3E BD
E11 FF 61066 013800  780 500 2921   -37548201  -1616           0    +31   16  23  105   -4   27  -19   27  -19   9  0  0 L3E 09
E12 FF 61066 013800  780 496 1991     +214318    +59           3    +33   15  26  106  +10   38  -15   38  -15   9  0  0 L3E DE
E19 FF 61066 013800  780 720  681   -26683287   -369          11    -34   11  26   85   +3   22  +19   22   19   6  0  0 L3E F3
E27 FF 61066 013800  780 136  568    +8900805   +105         -13     +1   40  23  338  -52   34   +0   34    0  24  0  0 L3E CA
E29 FF 61066 013800  780 226  647    +1726246    +21          -6    -15   15  23  208  +45   24  +11   24   11   9  0  0 L3E D1
E36 FF 61066 013800  780 100 3259    +5143371    +71           8    +16   22  24  456 -222   31  -21   31  -21  13  0  0 L3E F8
E04 FF 61066 015400  780 531 2457     +525998   +131          -3    +23   13  28  101   -8   33  -20   33  -20   8  0  0 L3E D8
E06 FF 61066 015400  780 269 2459    +2242646    +57          12     +8   24  28  178  -32   47  -23   47  -23  15  0  0 L3E 10
E10 FF 61066 015400  780 564 2313    +7671456     +2          -8    -24   12  28   97   +5   37  +16   37   16   6  0  0 L3E BE
E11 FF 61066 015400  780 520 2833   -37549789  -1679          -7    -32   10  23  102   -2   31  +21   31   21   6  0  0 L3E 0C
E12 FF 61066 015400  780 431 1970     +214336     -7          -5    -33   16  27  118  +15   51  +34   51   34  10  0  0 L3E C5
E19 FF 61066 015400  780 663  668   -26683607   -350           7    -14   15  28   88   +4   23  +12   23   12   9  0  0 L3E E2
E27 FF 61066 015400  780 153  516    +8900916    +91          -6    -13   25  28  301  -26   31  +10   31   10  16  0  0 L3E DA
E29 FF 61066 015400  780 177  670    +1726299    +35          14     -1   19  23  263  +71   14   +3   14    3  13  0  0 L3E B9
E36 FF 61066 015400  780 149 3247    +5143432    +87          16    +32   16  24  311 -100   12  -27   12  -27   9  0  0 L3E 05
E04 FF 61066 021000  780 587 2506     +526104    +80           0    -27   13  29   95   -6   28  +16   28   16   8  0  0 L3E AA
E06 FF 61066 021000  780 320 2498    +2242674    +42          -9     -6   19  30  152  -23   47   -5   47   -5  12  0  0 L3E D0
E10 FF 61066 021000  780 514 2242    +7671488    +21          -1     -5   14  29  103   +8   36   +6   36    6   7  0  0 L3E 98
E11 FF 61066 021000  780 526 2736   -37551349  -1631          11    +16   13  30  102   +0   19  -14   19  -14   8  0  0 L3E 0E
E12 FF 61066 021000  780 366 1956     +214357    +18          -8     -8   13  27  135  +21   63  +24   63   24   8  0  0 L3E C5
E19 FF 61066 021000  780 606  676   -26683931   -357           3    -22   12  30   93   +5   27   +9   27    9   7  0  0 L3E BE
E21 FF 61066 021000  780 146  983    +7173862    -10          -6    -36   33  29  317  -94   69  +11   69   11  20  0  0 L3E F5
E27 FF 61066 021000  780 163  463    +8901014   +113          -8     +8   24  28  285   -9   32   -6   32   -6  15  0  0 L3E BF
E29 FF 61066 021000  780 128  696    +1726307    +62         -12    +26   29  30  356 +129   31  -14   31  -14  19  0  0 L3E 19
E36 FF 61066 021000  780 196 3228    +5143474    +93           4    +38   16  30  240  -55   19  -28   19  -28  10  0  0 L3E 04
E04 FF 61066 022600  780 642 2562     +526201   +105          -7     -2   10  29   90   -4   32   +0   32    0   6  0  0 L3E 70
E06 FF 61066 022600  780 371 2538    +2242714    +43         -16     -5   19  31  134  -16   42   -2   42   -2  11  0  0 L3E D3
E09 FF 61066 022600  780 133 2534    +1881441   +172          -5    +18   32  29  348 -123   79  -30   79  -30  21  0  0 L3E 35
E10 FF 61066 022600  780 457 2191    +7671511    +44          -4    +18   12  29  113  +12   44   -1   44   -1   7  0  0 L3E C2
E11 FF 61066 022600  780 516 2637   -37552939  -1651           3     -5   14  31  103   +3   23   +3   23    3   7  0  0 L3E C5
E12 FF 61066 022600  780 302 1947     +214374    +10         -17    -16   16  27  160  +32   79  +24   79   24  10  0  0 L3E F2
E19 FF 61066 022600  780 551  696   -26684262   -360          -7    -25   10  31   98   +7   30  +14   30   14   6  0  0 L3E E3
E21 FF 61066 022600  780 189  940    +7173878    +40         -15    +15   23  29  249  -53   61  -12   61  -12  14  0  0 L3E 11
E27 FF 61066 022600  780 164  410    +8901111   +135         -12    +31   29  28  283   +6   33  -25   33  -25  17  0  0 L3E FC
E36 FF 61066 022600  780 240 3199    +5143520    +35          -1    -20   24  31  198  -33   20  +14   20   14  15  0  0 L3E E3
E04 FF 61066 024200  780 696 2627     +526306    +98          -5    -10   11  29   86   -3   29   +3   29    3   6  0  0 L3E 9E
E06 FF 61066 024200  780 422 2580    +2242778    +28           0    -20   16  33  120  -12   28   +9   28    9  10  0  0 L3E BD
E09 FF 61066 024200  780 180 2572    +1881602   +158           9     +4   19  29  260  -68   53  -19   53  -19  12  0  0 L3E 10
E10 FF 61066 024200  780 397 2154    +7671536    +31          -4     +5   15  29  126  +17   54  +12   54   12   8  0  0 L3E D5
E11 FF 61066 024200  780 491 2547   -37554518  -1634           5    +12   15  33  107   +5   21  -11   21  -11   9  0  0 L3E 03
E12 FF 61066 024200  780 239 1940     +214403     -8         -14    -34   20  33  198  +50   91  +24   91   24  12  0  0 L3E DA
E19 FF 61066 024200  780 497  723   -26684588   -365          -8    -31   15  33  106   +9   32  +17   32   17   9  0  0 L3E 0B
E21 FF 61066 024200  780 227  893    +7173908    -23          -9    -49   18  29  209  -32   50  +17   50   17  12  0  0 L3E FA
E27 FF 61066 024200  780 156  359    +8901202   +109         -20     +5   27  28  296  +22   40   +4   40    4  16  0  0 L3E CF
E36 FF 61066 024200  780 279 3161    +5143575    +14           7    -40   16  33  172  -21   17  +27   17   27  10  0  0 L3E EB
E04 FF 61066 025800  780 750 2711     +526410   +102          -3     -5    9  29   84   -2   29   +4   29    4   5  0  0 L3E 7B
E06 FF 61066 025800  780 474 2624    +2242820    +13          -5    -36   14  34  110  -10   30  +18   30   18   8  0  0 L3E D6
E09 FF 61066 025800  780 227 2611    +1881736   +108          -5    -45   29  29  208  -43   43  +19   43   19  18  0  0 L3E 27
E10 FF 61066 025800  780 336 2126    +7671559    +52          -5    +26   15  29  145  +24   66   +1   66    1  10  0  0 L3E DA
E11 FF 61066 025800  780 455 2470   -37556112  -1638          -9     +8   17  34  113   +8   33   -3   33   -3  10  0  0 L3E FA
E12 FF 61066 025800  780 177 1933     +214432    +39         -11    +13   17  34  263  +89   99   +3   99    3  11  0  0 L3E E5
E19 FF 61066 025800  780 444  753   -26684917   -355         -14    -20   12  34  115  +11   37  +11   37   11   7  0  0 L3E 16
E21 FF 61066 025800  780 260  839    +7173937    +19          -6     -6   22  29  184  -20   38   -2   38   -2  14  0  0 L3E D4
E23 FF 61066 025800  780 119 1350     +231648    +26          -4    +14   36  34  386 -170   91  -14   91  -14  25  0  0 L3E 0B
E27 FF 61066 025800  780 140  311    +8901327    +76           6    -28   29  34  328  +46   28   +9   28    9  18  0  0 L3E D5
E36 FF 61066 025800  780 311 3113    +5143612    +90          -7    +35   19  34  156  -13   26  -29   26  -29  11  0  0 L3E 08
E04 FF 61066 031400  780 802 2840     +526510    +97         -11    -11   15  36   82   -1   32   +7   32    7   8  0  0 L3E 94
E06 FF 61066 031400  780 527 2669    +2242865    +28          -9    -21   15  36  102   -7   30  +13   30   13   9  0  0 L3E D5
E09 FF 61066 031400  780 276 2650    +1881876   +175          -6    +22   17  36  174  -29   37  -22   37  -22  11  0  0 L3E 2D
E10 FF 61066 031400  780 274 2105    +7671574    +59         -17    +33   17  36  175  +37   89   -8   89   -8  11  0  0 L3E 15
E11 FF 61066 031400  780 410 2407   -37557693  -1666          -9    -19   16  35  123  +12   40  +21   40   21   9  0  0 L3E 1F
E12 FF 61066 031400  780 117 1926     +214458    +38         -12    +12   30  35  389 +190  101   -8  101   -8  21  0  0 L3E 09
E19 FF 61066 031400  780 393  787   -26685228   -337          -3     -2   15  35  127  +14   35   +2   35    2   9  0  0 L3E DB
E21 FF 61066 031400  780 285  781    +7173962    +35          -5    +10   21  36  169  -12   38  -14   38  -14  14  0  0 L3E FB
E23 FF 61066 031400  780 173 1324     +231647    +46         -17    +34   26  36  270  -84   92  -30   92  -30  14  0  0 L3E 05
E27 FF 61066 031400  780 116  267    +8901405    +82         -16    -22   32  36  390  +88   46  +26   46   26  20  0  0 L3E 05
E36 FF 61066 031400  780 335 3056    +5143673    +34           4    -20   16  35  146   -8   18   +9   18    9   9  0  0 L3E B5
E04 FF 61066 033000  780 847 3135     +526619   +125          -4    +17   10  38   81   +0   28  -10   28  -10   6  0  0 L3E C5
E06 FF 61066 033000  780 579 2715    +2242912    +46          -9     -3   18  38   95   -6   30   +5   30    5  10  0  0 L3E A4
E09 FF 61066 033000  780 325 2690    +1882038   +172          11    +19   16  38  150  -21   24  -19   24  -19  11  0  0 L3E 1A
E10 FF 61066 033000  780 213 2087    +7671617    +59           1    +33   20  38  221  +61   86  -11   86  -11  12  0  0 L3E EF
E11 FF 61066 033000  780 359 2358   -37559281  -1650         -16     -4   21  35  137  +18   56  +11   56   11  13  0  0 L3E 38
E19 FF 61066 033000  780 342  822   -26685547   -343           0     -8   16  35  143  +19   37   +8   37    8  11  0  0 L3E DD
E21 FF 61066 033000  780 302  719    +7173987    +20          -4     -6   21  38  160   -6   35   -1   35   -1  13  0  0 L3E A4
E23 FF 61066 033000  780 227 1294     +231655    +29         -19    +17   22  38  209  -48   82  -24   82  -24  14  0  0 L3E 10
E36 FF 61066 033000  780 348 2991    +5143720    +69          -1    +14   19  35  141   -3   21  -13   21  -13  12  0  0 L3E E6
E04 FF 61066 034600  780 855  255     +526730    +74           4    -34   12  39   81   +0   25  +24   25   24   8  0  0 L3E 96
E06 FF 61066 034600  780 633 2764    +2242956    +47         -12     -2   14  39   90   -4   32   +4   32    4   8  0  0 L3E A7
E09 FF 61066 034600  780 374 2729    +1882185   +139          12    -14   17  39  133  -16   20   +5   20    5  10  0  0 L3E F1
E10 FF 61066 034600  780 153 2071    +7671642     +6           2    -19   22  39  301 +114   93  +23   93   23  14  0  0 L3E E5
E11 FF 61066 034600  780 304 2317   -37560860  -1633         -15    +13   14  35  159  +27   66   +8   66    8   9  0  0 L3E 22
E19 FF 61066 034600  780 293  859   -26685864   -331           4     +3   19  35  164  +26   40   +4   40    4  12  0  0 L3E E0
E21 FF 61066 034600  780 309  655    +7174005    +48          -9    +22   23  39  157   -1   36  -15   36  -15  14  0  0 L3E EB
E23 FF 61066 034600  780 281 1260     +231673    +33         -12    +21   18  39  172  -31   64  -22   64  -22  11  0  0 L3E F5
E36 FF 61066 034600  780 351 2922    +5143757    +92         -17    +37   21  35  140   +1   31  -24   31  -24  13  0  0 L3E FE
E04 FF 61066 040200  780 815  648     +526831   +103           1     -5   10  41   82   +1   29   +4   29    4   6  0  0 L3E 62
E06 FF 61066 040200  780 687 2816    +2243012    +52          -6     +3   12  41   87   -3   28   -1   28   -1   7  0  0 L3E 93
E09 FF 61066 040200  780 425 2768    +1882317   +145          -4     -8   17  41  120  -12   29   +2   29    2  10  0  0 L3E D2
E11 FF 61066 040200  780 248 2285   -37562446  -1619         -19    +27   19  41  192  +42   88   +1   88    1  11  0  0 L3E 34
E19 FF 61066 040200  780 245  897   -26686205   -314         -16    +20   23  35  193  +36   56   -4   56   -4  14  0  0 L3E 1B
E21 FF 61066 040200  780 306  592    +7174033    +33          -6     +8   19  41  158   +4   36   +0   36    0  11  0  0 L3E 8F
E23 FF 61066 040200  780 332 1220     +231688    -32          -8    -44   17  39  147  -20   54  +15   54   15  11  0  0 L3E DC
E34 FF 61066 040200  780 124 3352    +2319892    +99          -8    +77   19  37  370 -101   37  -50   37  -50  11  0  0 L3E 27
E36 FF 61066 040200  780 342 2852    +5143809    +61          -8     +7   16  41  143   +5   29   +4   29    4  10  0  0 L3E B0
E04 FF 61066 043000  780 724  872     +527003    +89          -9    -19   12  44   85   +3   34   +9   34    9   7  0  0 L3E 8D
E06 FF 61066 043000  780 782 2928    +2243096    +43          -7     -6   11  44   83   -2   28   +6   28    6   7  0  0 L3E 9E
E09 FF 61066 043000  780 516 2834    +1882566   +200         -13    +47   13  44  103   -8   32  -30   32  -30   8  0  0 L3E FE
E11 FF 61066 043000  780 148 2238   -37565206  -1684         -15    -38   19  44  311 +116   99  +34   99   34  14  0  0 L3E 72
E19 FF 61066 043000  780 162  963   -26686767   -327         -17     +8   42  44  285  +80   79  +23   79   23  25  0  0 L3E 3D
E21 FF 61066 043000  780 276  492    +7174086    +63           4    +37   20  44  173  +15   26  -24   26  -24  13  0  0 L3E E8
E23 FF 61066 043000  780 413 1127     +231715    +21          -2     +9   15  39  122  -10   35  -10   35  -10   8  0  0 L3E AE
E31 FF 61066 043000  780 164 1636    +1148608    +39         -15    +13   18  40  285 -101   98  -19   98  -19  13  0  0 L3E 3C
E34 FF 61066 043000  780 174 3278    +2319950    -25           8    -48   19  44  267  -34   20  +33   20   33  12  0  0 L3E F5
E36 FF 61066 043000  780 301 2739    +5143907   +110           1    +56   17  41  160  +15   27  -40   27  -40  11  0  0 L3E F7
E04 FF 61066 044600  780 671  945     +527109    +88          -6    -19   12  45   88   +4   35  +13   35   13   7  0  0 L3E B6
E06 FF 61066 044600  780 837 3043    +2243148    +47          -2     -2    9  45   81   -1   25   +3   25    3   6  0  0 L3E 7C
E09 FF 61066 044600  780 569 2869    +1882720   +121          -6    -32   17  44   96   -6   26  +21   26   21  10  0  0 L3E FA
E19 FF 61066 044600  780 116 1001   -26687094   -280         -23    +55   63  45  391 +151  102   -5  102   -5  37  0  0 L3E 53
E21 FF 61066 044600  780 248  445    +7174106    +26           1     +0   19  45  191  +24   31   +3   31    3  11  0  0 L3E 91
E23 FF 61066 044600  780 450 1059     +231724    -38          -4    -50   16  39  114   -7   32  +26   32   26   9  0  0 L3E C6
E31 FF 61066 044600  780 223 1625    +1148634    +10         -13    -16   19  40  212  -56   88   +1   88    1  11  0  0 L3E DF
E34 FF 61066 044600  780 192 3228    +2319956    +48          -8    +26   24  44  243  -17   30  -15   30  -15  15  0  0 L3E 12
E36 FF 61066 044600  780 266 2683    +5143952    +52          -6     -1   17  41  179  +24   37   +5   37    5  11  0  0 L3E D4
E04 FF 61066 050200  780 617 1006     +527209   +101         -10     -7   15  47   92   +5   37  +10   37   10   8  0  0 L3E AF
E06 FF 61066 050200  780 883   88    +2243203    +42           5     -7   12  47   81   +0   21   +4   21    4   7  0  0 L3E 4E
E09 FF 61066 050200  780 624 2900    +1882868   +165          -5    +11   10  44   91   -5   28   -8   28   -8   6  0  0 L3E D1
E21 FF 61066 050200  780 213  406    +7174138    +17           9     -8   23  46  221  +38   25   +7   25    7  14  0  0 L3E A2
E23 FF 61066 050200  780 477  979     +231738    +48          -2    +36   13  47  109   -4   30  -23   30  -23   8  0  0 L3E C7
E31 FF 61066 050200  780 284 1613    +1148658     -9         -16    -35   20  47  170  -35   81  +11   81   11  12  0  0 L3E F4
E34 FF 61066 050200  780 202 3173    +2319993    +80           7    +57   21  47  232   -5   21  -32   21  -32  14  0  0 L3E DD
E36 FF 61066 050200  780 226 2633    +5143992    +44         -18     -9   21  41  209  +39   51  +25   51   25  14  0  0 L3E FE
E04 FF 61066 051800  780 563 1060     +527308   +117         -14     +9   14  47   97   +6   43   -5   43   -5   8  0  0 L3E B7
E05 FF 61066 051800  780 153 2886      -79755    -81          20    -52   21  48  304  -94   27  +38   27   38  15  0  0 L3E FE
E06 FF 61066 051800  780 844  991    +2243245    +32           0    -17    8  48   81   +1   27  +15   27   15   4  0  0 L3E 9A
E09 FF 61066 051800  780 680 2925    +1883020   +167          -1    +13   11  44   87   -4   26   -5   26   -5   6  0  0 L3E C9
E21 FF 61066 051800  780 173  376    +7174141    +16         -12     -9   21  48  269  +65   47   +4   47    4  13  0  0 L3E D2
E23 FF 61066 051800  780 491  891     +231761    +13           9     +1   13  48  107   -1   23   -3   23   -3   8  0  0 L3E 75
E31 FF 61066 051800  780 346 1598    +1148687    +24         -12     -2   14  48  142  -23   70   -5   70   -5   8  0  0 L3E DF
E34 FF 61066 051800  780 202 3117    +2320008    +58           1    +36   16  47  232   +5   26  -22   26  -22   9  0  0 L3E C7
E36 FF 61066 051800  780 180 2590    +5144068    +14           5    -40   21  48  258  +66   51  +39   51   39  14  0  0 L3E FD
E04 FF 61066 053400  780 508 1109     +527410    +80         -15    -28   15  47  104   +8   52  +23   52   23   8  0  0 L3E CE
E05 FF 61066 053400  780 201 2914      -79819    -39         -15    -10   20  50  234  -56   38  +12   38   12  13  0  0 L3E E7
E06 FF 61066 053400  780 788 1121    +2243282    +98         -10    +48   12  50   82   +2   39  -26   39  -26   7  0  0 L3E F0
E09 FF 61066 053400  780 737 2937    +1883174   +149           5     -4    8  50   84   -3   23   +3   23    3   5  0  0 L3E 95
E21 FF 61066 053400  780 129  354    +7174157    -16         -20    -41   21  50  355 +123   55  +48   55   48  13  0  0 L3E 0F
E23 FF 61066 053400  780 491  802     +231767    +25           4    +13   13  49  107   +1   25   -8   25   -8   8  0  0 L3E 8F
E31 FF 61066 053400  780 408 1579    +1148721    +60          -6    +34   16  50  124  -16   53  -29   53  -29  10  0  0 L3E 0A
E34 FF 61066 053400  780 192 3060    +2320022    +16          -9     -7   16  50  243  +17   30   -1   30   -1  11  0  0 L3E AD
E36 FF 61066 053400  780 132 2551    +5144130    +12          15    -42   28  50  346 +125   56  +38   56   38  19  0  0 L3E 13
E04 FF 61066 055000  780 454 1154     +527503   +105         -25     -3   15  52  113  +11   66  +15   66   15   9  0  0 L3E DA
E05 FF 61066 055000  780 251 2939      -79838    -25          -5     +4   23  52  190  -37   31   -3   31   -3  14  0  0 L3E B4
E06 FF 61066 055000  780 729 1189    +2243321    +60         -18    +11   13  52   84   +3   44   -2   44   -2   8  0  0 L3E B7
E09 FF 61066 055000  780 795 2918    +1883310   +139          -7    -15    9  52   82   -2   28  +12   28   12   5  0  0 L3E D8
E23 FF 61066 055000  780 477  718     +231759    -14         -15    -26   15  49  109   +4   37  +16   37   16   9  0  0 L3E DA
E31 FF 61066 055000  780 470 1552    +1148749    +10          -4    -16   17  52  111  -11   46   -2   46   -2  10  0  0 L3E CF
E34 FF 61066 055000  780 174 3005    +2320069    +18          15     -4   22  52  266  +33   18  +10   18   10  14  0  0 L3E D6
E04 FF 61066 060600  780 400 1197     +527615   +110         -17     +3   16  53  125  +15   78  +19   78   19   9  0  0 L3E F0
E05 FF 61066 060600  780 302 2960      -79853    -59           6    -30   37  53  160  -26   24  +18   24   18  24  0  0 L3E D9
E06 FF 61066 060600  780 671 1240    +2243377    +67          -8    +17   10  53   88   +4   48   +5   48    5   6  0  0 L3E B0
E09 FF 61066 060600  780 850 2757    +1883462   +173          -3    +19    8  53   81   -1   31   -6   31   -6   5  0  0 L3E BE
E23 FF 61066 060600  780 452  646     +231785     +2           0    -10   14  49  114   +6   32  +17   32   17   8  0  0 L3E 89
E31 FF 61066 060600  780 529 1513    +1148771    +24          -8     -2   16  52  101   -8   44   -5   44   -5   9  0  0 L3E B0
E34 FF 61066 060600  780 148 2954    +2320078   +108           1    +85   22  53  310  +60   30  -48   30  -48  13  0  0 L3E 06
E04 FF 61066 062200  780 345 1236     +527718   +111         -20     +3   17  55  142  +20  104  +29  104   29  11  0  0 L3E 04
E05 FF 61066 062200  780 354 2976      -79883    -10           2    +18   19  55  139  -19   25   -9   25   -9  11  0  0 L3E D2
E06 FF 61066 062200  780 611 1284    +2243429    +55          -5     +6   14  55   92   +5   56  +10   56   10   8  0  0 L3E B0
E09 FF 61066 062200  780 864 1895    +1883624   +146          10     -7   10  55   81   +0   29  +15   29   15   6  0  0 L3E DB
E15 FF 61066 062200  780 105 3395    +2311919    -15          -4    -42   26  54  430  -22   28  +33   28   33  16  0  0 L3E F8
E23 FF 61066 062200  780 417  589     +231798    +10           0     -2   16  49  121  +10   41  +15   41   15  10  0  0 L3E A2
E31 FF 61066 062200  780 585 1455    +1148798    +16          -6    -11   17  52   95   -6   43   +7   43    7  10  0  0 L3E C3
E34 FF 61066 062200  780 116 2906    +2320097   +105          -3    +82   34  55  391 +115   35  -44   35  -44  21  0  0 L3E 26
E04 FF 61066 063800  780 291 1273     +527837   +126          -5    +18   23  56  165  +29  132  +30  132   30  13  0  0 L3E 1D
E05 FF 61066 063800  780 408 2985      -79926    -29         -15     +0   14  56  124  -14   41   +7   41    7   9  0  0 L3E BA
E06 FF 61066 063800  780 552 1324    +2243472    +39         -10    -11   10  56   98   +7   74  +28   74   28   6  0  0 L3E E5
E09 FF 61066 063800  780 811 1581    +1883758   +148          -3     -6    8  56   82   +1   47  +15   47   15   4  0  0 L3E D2
E15 FF 61066 063800  780 106 3344    +2311932    +38         -16    +10   49  56  426  +12   41  -10   41  -10  29  0  0 L3E 0C
E23 FF 61066 063800  780 375  547     +231797    +29         -16    +17   14  56  132  +14   65  +12   65   12   8  0  0 L3E E6
E31 FF 61066 063800  780 632 1368    +1148815    +63         -14    +37   17  52   91   -4   51  -18   51  -18   9  0  0 L3E F6
E04 FF 61066 065400  780 237 1307     +527928   +149         -18    +41   24  56  200  +44  183  +30  183   30  14  0  0 L3E 30
E05 FF 61066 065400  780 462 2985      -79952    -35         -12     -6   14  58  112  -11   47  +15   47   15   8  0  0 L3E DE
E06 FF 61066 065400  780 492 1360    +2243526    +48          -4     -2   16  56  107  +10   94  +28   94   28   9  0  0 L3E E7
E09 FF 61066 065400  780 750 1534    +1883911   +125           3    -29   13  58   84   +3   55  +34   55   34   7  0  0 L3E DF
E23 FF 61066 065400  780 328  518     +231819    +35          -6    +23   17  58  148  +20   76  +13   76   13  10  0  0 L3E DC
E31 FF 61066 065400  780 667 1244    +1148847    +26          -9     -1   11  58   88   -2   58   +8   58    8   6  0  0 L3E B4
E04 FF 61066 071000  780 183 1338     +528045   +139          -4    +31   18  56  254  +73  230  +42  230   42  10  0  0 L3E 0F
E05 FF 61066 071000  780 516 2973      -79993    -33         -26     -5   17  60  103   -8   68  +20   68   20   9  0  0 L3E CC
E06 FF 61066 071000  780 432 1393    +2243567    +88         -11    +38   14  56  118  +13  127  +16  127   16   8  0  0 L3E 24
E09 FF 61066 071000  780 686 1532    +1884046   +142         -11    -12   12  60   87   +4   78  +26   78   26   7  0  0 L3E F9
E23 FF 61066 071000  780 279  501     +231818    -13         -19    -25   17  60  172  +29  107  +33  107   33  11  0  0 L3E 01
E31 FF 61066 071000  780 683 1088    +1148871    +34         -10     +7   16  60   87   +0   65   +4   65    4   9  0  0 L3E A9
E04 FF 61066 072600  780 130 1367     +528144    +81          -8    -26   36  56  352 +140  299 +114  299  114  21  0  0 L3E 50
E05 FF 61066 072600  780 568 2943      -80015    -22         -21     +6   14  61   97   -6   75   +4   75    4   8  0  0 L3E 8F
E06 FF 61066 072600  780 373 1423    +2243621     +0          -5    -50   17  56  133  +19  156  +69  156   69  10  0  0 L3E 12
E09 FF 61066 072600  780 622 1543    +1884197   +139          -8    -15   10  61   91   +6   94  +31   94   31   6  0  0 L3E ED
E23 FF 61066 072600  780 229  493     +231844    -19          -4    -31   18  61  206  +44  129  +50  129   50  11  0  0 L3E FC
E31 FF 61066 072600  780 675  929    +1148907    +31           1     +5   13  61   87   +1   67   +5   67    5   8  0  0 L3E 86
E03 FF 61066 074200  780 126 3105      -40595    -40         -11    -63   20  63  365 -145   73  +69   73   69  12  0  0 L3E 03
E05 FF 61066 074200  780 616 2887      -80039    -34         -18     -5   12  63   92   -4   81  +10   81   10   6  0  0 L3E A9
E06 FF 61066 074200  780 314 1451    +2243668    +61          -6    +12   18  63  154  +27  187  +27  187   27  11  0  0 L3E 29
E09 FF 61066 074200  780 558 1560    +1884352   +164          -2    +10   10  63   98   +8  113  +22  113   22   5  0  0 L3E F6
E23 FF 61066 074200  780 178  493     +231848    -22         -12    -35   18  63  261  +73  164  +52  164   52  12  0  0 L3E 16
E31 FF 61066 074200  780 648  801    +1148915    +23         -16     -3   14  63   89   +3   82   +3   82    3   8  0  0 L3E 99
E03 FF 61066 075800  780 177 3111      -40567    +21          -4     -2   21  64  264  -75   99  +22   99   22  14  0  0 L3E D2
E05 FF 61066 075800  780 656 2794      -80059    -29         -10     +0   11  63   89   -3   86   +3   86    3   6  0  0 L3E 9A
E06 FF 61066 075800  780 256 1476    +2243712    +48         -11     -1   17  64  186  +40  226  +44  226   44  10  0  0 L3E 24
E09 FF 61066 075800  780 493 1578    +1884493   +155          -9     +2   13  64  106  +11  138  +10  138   10   8  0  0 L3E 21
E23 FF 61066 075800  780 127  499     +231856   +103         -16    +90   29  64  359 +139  207  -18  207  -18  19  0  0 L3E 61
E31 FF 61066 075800  780 608  713    +1148943    +52         -13    +25   12  64   93   +4   88   -1   88   -1   7  0  0 L3E C1
E03 FF 61066 081400  780 228 3111      -40558    +61         -13    +39   16  66  208  -45  123   -8  123   -8  11  0  0 L3E F1
E05 FF 61066 081400  780 683 2659      -80092     +5         -14    +34   13  66   87   -1   97   -6   97   -6   7  0  0 L3E AE
E06 FF 61066 081400  780 198 1499    +2243769    +59          -3     +9   16  65  236  +67  275  +64  275   64   9  0  0 L3E 35
E09 FF 61066 081400  780 430 1596    +1884642   +166          -8    +13   12  65  118  +15  150  +18  150   18   8  0  0 L3E 2B
E25 FF 61066 081400  780 137 2233     -218969    +45         -21    +46   37  66  337 -130  271  +11  271   11  24  0  0 L3E 36
E31 FF 61066 081400  780 559  659    +1148970    +37          -9    +11   11  66   97   +6   98  +12   98   12   6  0  0 L3E D8
E03 FF 61066 083000  780 279 3103      -40528    +28          -3     +6   16  68  173  -30  127   +4  127    4   9  0  0 L3E B4
E05 FF 61066 083000  780 688 2494      -80119    -14         -12    +15   17  68   87   +0  106   +1  106    1   9  0  0 L3E B7
E06 FF 61066 083000  780 141 1519    +2243809    +65         -11    +15   16  65  325 +127  364  +99  364   99  11  0  0 L3E 57
E09 FF 61066 083000  780 366 1613    +1884798   +141           0    -13   14  65  135  +21  183  +57  183   57   9  0  0 L3E 2A
E25 FF 61066 083000  780 191 2261     -218951    -18          -5    -17   24  68  246  -68  266  -17  266  -17  16  0  0 L3E 3B
E31 FF 61066 083000  780 507  630    +1148984    +54         -18    +28   13  68  104   +8  116   +2  116    2   8  0  0 L3E D9
E03 FF 61066 084600  780 328 3086      -40503    +11           1    -11   18  69  149  -20  132  +12  132   12  11  0  0 L3E D4
E05 FF 61066 084600  780 670 2337      -80145    -61         -11    -32   14  68   88   +2  118  +40  118   40   8  0  0 L3E DD
E09 FF 61066 084600  780 304 1630    +1884946   +133           1    -21   14  65  159  +30  230  +73  230   73   8  0  0 L3E 17
E25 FF 61066 084600  780 245 2292     -218939    -15           6    -14   19  69  195  -42  238  -25  238  -25  11  0  0 L3E 31
E31 FF 61066 084600  780 454  619    +1149020    +64          -7    +38   14  69  113  +11  134   +0  134    0   9  0  0 L3E CF
E03 FF 61066 090200  780 375 3057      -40486     -4          -3    -26   21  71  133  -14  144  +23  144   23  12  0  0 L3E DA
E05 FF 61066 090200  780 632 2215      -80169    -43          -8    -14   11  71   90   +4  132  +16  132   16   6  0  0 L3E B9
E09 FF 61066 090200  780 242 1644    +1885103   +180           6    +26   17  71  196  +47  282  +43  282   43  10  0  0 L3E 2C
E25 FF 61066 090200  780 299 2326     -218937    -19           7    -18   23  71  162  -28  218   +7  218    7  13  0  0 L3E F9
E26 FF 61066 090200  780 102  266    -2022159   -123         -11    -13   31  71  442  -20  260  +12  260   12  19  0  0 L3E 10
E31 FF 61066 090200  780 400  619    +1149042    +20          -8     -6   16  71  125  +14  149  +14  149   14  10  0  0 L3E E8
E03 FF 61066 091800  780 417 3015      -40470    +12          -9    -10   11  72  122  -10  154   +8  154    8   8  0  0 L3E B4
E05 FF 61066 091800  780 583 2131      -80193    -11          -5    +17   13  72   95   +6  144   +6  144    6   8  0  0 L3E A8
E09 FF 61066 091800  780 182 1657    +1885242   +167          -3    +13   20  72  256  +82  358  +78  358   78  13  0  0 L3E 5B
E25 FF 61066 091800  780 353 2362     -218955     -2         -10     -1   20  72  140  -19  209  -14  209  -14  12  0  0 L3E 02
E26 FF 61066 091800  780 102  215    -2022253   -114           0     -5   29  71  440  +16  261  +23  261   23  19  0  0 L3E EC
E31 FF 61066 091800  780 347  628    +1149064    +53         -12    +27   14  72  141  +19  173  +13  173   13   8  0  0 L3E 10
E33 FF 61066 091800  780 113  691      +26480    -18           7    -29   31  72  405 -125  334   +2  334    2  22  0  0 L3E CA
E03 FF 61066 093400  780 452 2958      -40444    +29          -3     +7   18  74  114   -6  152   -4  152   -4  10  0  0 L3E C2
E05 FF 61066 093400  780 526 2076      -80218     +3          -6    +31   11  74  102   +8  163   +0  163    0   7  0  0 L3E 91
E09 FF 61066 093400  780 124 1667    +1885395   +160           2     +6   24  74  370 +170  461 +147  461  147  13  0  0 L3E 5D
E25 FF 61066 093400  780 408 2401     -218937    -12           8    -12   17  74  124  -14  187   -5  187   -5  10  0  0 L3E F5
E31 FF 61066 093400  780 295  644    +1149098     +7          -5    -19   15  74  163  +27  194  +36  194   36   9  0  0 L3E 10
E33 FF 61066 093400  780 145  644      +26483    +72           0    +61   27  74  318  -64  319  -58  319  -58  16  0  0 L3E 09
E03 FF 61066 095000  780 477 2886      -40418     +7           1    -15   17  76  109   -4  150  +11  150   11  11  0  0 L3E C3
E05 FF 61066 095000  780 466 2039      -80249    -47         -12    -19   13  76  111  +12  184  +40  184   40   8  0  0 L3E 02
E25 FF 61066 095000  780 462 2443     -218947    +24           0    +25   16  76  112  -11  177  -31  177  -31   9  0  0 L3E 04
E31 FF 61066 095000  780 244  665    +1149135    -17           7    -43   12  76  194  +38  216  +67  216   67   8  0  0 L3E 0A
E33 FF 61066 095000  780 171  592      +26497    -19           4    -30   23  76  272  -35  279  -20  279  -20  14  0  0 L3E FF
E03 FF 61066 100600  780 491 2802      -40411    +57         -15    +35   17  77  107   -1  163  -21  163  -21   9  0  0 L3E E8
E05 FF 61066 100600  780 404 2014      -80265     -7          -1    +22   15  77  124  +16  206  +15  206   15   9  0  0 L3E C2
E08 FF 61066 100600  780 134 3250     +803252    +95          -4    +27   17  74  345 -117  239  -18  239  -18  11  0  0 L3E 34
E25 FF 61066 100600  780 517 2487     -218946     -7           1     -6   13  77  103   -8  163   -9  163   -9   8  0  0 L3E BD
E31 FF 61066 100600  780 194  689    +1149149     -2          -4    -28   27  77  240  +59  273  +88  273   88  17  0  0 L3E 27
E33 FF 61066 100600  780 190  538      +26518     +8          14     -3   16  77  247  -18  276   -5  276   -5  11  0  0 L3E C3
E03 FF 61066 102200  780 491 2712      -40385    +34         -10    +11   18  77  107   +1  168  +10  168   10  10  0  0 L3E DE
E05 FF 61066 102200  780 341 1996      -80308    -14         -16    +14   14  79  143  +24  242  +27  242   27   8  0  0 L3E FB
E08 FF 61066 102200  780 178 3228     +803310    +54         -13    -14   23  79  262  -62  250  +11  250   11  14  0  0 L3E 0A
E12 FF 61066 102200  780 168 1029     +215111    +33         -24     +8   26  79  277  -78  378  -41  378  -41  17  0  0 L3E 2B
E25 FF 61066 102200  780 572 2536     -218945    +10           3    +11   14  77   96   -6  155  -12  155  -12   8  0  0 L3E DA
E31 FF 61066 102200  780 146  717    +1149171    +55          -7    +29   34  77  314 +100  343  +47  343   47  21  0  0 L3E 1D
E33 FF 61066 102200  780 199  481      +26516     +2          -1     -9   22  79  235   -6  272   +7  272    7  14  0  0 L3E 97
E03 FF 61066 103800  780 477 2624      -40357     -7          -4    -29   15  77  109   +4  177  +32  177   32   8  0  0 L3E DB
E05 FF 61066 103800  780 279 1982      -80335    -10         -16    +18   15  79  172  +36  274  +22  274   22   9  0  0 L3E 0E
E08 FF 61066 103800  780 219 3198     +803378    +27         -12    -42   21  80  215  -37  248  +20  248   20  13  0  0 L3E 24
E10 FF 61066 103800  780 138 1215    +7672291    -28           4    -54   41  80  336 -129  408   +6  408    6  25  0  0 L3E 0F
E12 FF 61066 103800  780 215  987     +215132    +18         -26     -8   26  80  220  -45  324   +5  324    5  17  0  0 L3E D6
E25 FF 61066 103800  780 626 2589     -218950    -18          -1    -18   18  77   91   -5  155  +10  155   10  10  0  0 L3E F7
E33 FF 61066 103800  780 200  425      +26511    +33         -16    +22   25  80  234   +5  286   +4  286    4  15  0  0 L3E B5
E02 FF 61066 105400  780 144 2594     -132738    -10         -20    +18   30  82  321 -103  368  -58  368  -58  18  0  0 L3E 49
E03 FF 61066 105400  780 450 2544      -40337    +13         -13    -10   15  82  114   +7  191  +27  191   27   9  0  0 L3E DC
E05 FF 61066 105400  780 218 1971      -80352    -28          -6     +1   21  79  216  +58  314  +63  314   63  13  0  0 L3E ED
E08 FF 61066 105400  780 255 3159     +803466    +56          10    -13   21  82  187  -23  231   +7  231    7  13  0  0 L3E ED
E10 FF 61066 105400  780 191 1183    +7672303    +42          -7    +16   24  82  246  -67  354  -63  354  -63  15  0  0 L3E 38
E12 FF 61066 105400  780 257  939     +215172    +30         -11     +4   17  82  186  -28  290   -7  290   -7  11  0  0 L3E E8
E25 FF 61066 105400  780 681 2649     -218951    -21          -2    -20   12  82   87   -3  155   +8  155    8   7  0  0 L3E C5
E33 FF 61066 105400  780 191  371      +26527    +72         -12    +61   33  82  245  +17  285  -10  285  -10  19  0  0 L3E 06
E02 FF 61066 111000  780 191 2631     -132751    -35          -7     -7   21  84  246  -60  323   +8  323    8  13  0  0 L3E CD
E03 FF 61066 111000  780 413 2476      -40310    +62          -9    +39   13  83  122  +10  210   +5  210    5   7  0  0 L3E 9F
E05 FF 61066 111000  780 159 1961      -80396     -4         -20    +25   23  84  292 +106  392  +71  392   71  15  0  0 L3E 15
E08 FF 61066 111000  780 284 3111     +803525    +62           3     -7   18  84  170  -14  229   -4  229   -4  11  0  0 L3E CF
E10 FF 61066 111000  780 243 1146    +7672327    +26          -8     +0   20  84  196  -40  311   -9  311   -9  14  0  0 L3E EA
E12 FF 61066 111000  780 294  884     +215195     -6         -11    -32   21  84  164  -18  264   -1  264   -1  13  0  0 L3E DE
E25 FF 61066 111000  780 734 2722     -218956     +9          -4    +10    9  84   84   -2  156  -10  156  -10   6  0  0 L3E C3
E33 FF 61066 111000  780 173  320      +26558    -31          10    -41   29  84  268  +33  286  +42  286   42  18  0  0 L3E F1
E02 FF 61066 112600  780 239 2668     -132770    -23           2     +5   27  85  199  -39  289  -25  289  -25  16  0  0 L3E 23
E03 FF 61066 112600  780 368 2419      -40275    +13           3    -10   16  83  134  +15  222  +27  222   27  10  0  0 L3E D9
E05 FF 61066 112600  780 101 1950      -80434    -28         -32     +0   25  85  448 +243  485  +99  485   99  16  0  0 L3E 2B
E08 FF 61066 112600  780 304 3055     +803595    +73           6     +5   19  85  159   -8  229   +2  229    2  12  0  0 L3E C8
E10 FF 61066 112600  780 293 1103    +7672345    +12         -15    -14   19  85  165  -26  284  -32  284  -32  11  0  0 L3E 3F
E11 FF 61066 112600  780 177 1374   -37606284  -1661         -14    -16   35  84  265  -85  389  -67  389  -67  22  0  0 L3E AE
E12 FF 61066 112600  780 323  823     +215216    +27         -14     +1   24  85  151  -11  244   -8  244   -8  15  0  0 L3E D4
E25 FF 61066 112600  780 787 2825     -218955     -6          -2     -5   11  85   82   -2  149   +0  149    0   6  0  0 L3E A3
E33 FF 61066 112600  780 147  275      +26515    -19         -39    -29   23  85  312  +61  343  +35  343   35  14  0  0 L3E 05
E02 FF 61066 114200  780 287 2706     -132798    -35           2     -8   16  87  168  -27  255  -36  255  -36  11  0  0 L3E 19
E03 FF 61066 114200  780 319 2372      -40257     +9          -4    -14   17  87  152  +22  251  +39  251   39  11  0  0 L3E E6
E08 FF 61066 114200  780 315 2994     +803649    +29          -5    -39   15  87  154   -3  232  +21  232   21   9  0  0 L3E F9
E10 FF 61066 114200  780 339 1053    +7672380     -7          -6    -33   18  87  145  -17  246  +32  246   32  11  0  0 L3E 14
E11 FF 61066 114200  780 234 1348   -37607850  -1681           1    -36   19  87  203  -49  332  -25  332  -25  11  0  0 L3E 61
E12 FF 61066 114200  780 343  756     +215238    +44         -18    +19   17  87  143   -6  241  -11  241  -11  12  0  0 L3E FD
E25 FF 61066 114200  780 837 3030     -218961     +8          -6     +9    8  87   81   -1  149  -13  149  -13   6  0  0 L3E C2
E33 FF 61066 114200  780 115  237      +26529    +79         -33    +69   35  87  395 +119  353  -27  353  -27  21  0  0 L3E 36
E02 FF 61066 115800  780 336 2743     -132830    -32          -2     -4   18  88  146  -20  235  -19  235  -19  11  0  0 L3E 0B
E03 FF 61066 115800  780 267 2334      -40235    +17          -5     -6   17  88  179  +34  286  +44  286   44  10  0  0 L3E FE
E08 FF 61066 115800  780 315 2929     +803703    +99         -17    +30   18  88  154   +2  241  -15  241  -15  11  0  0 L3E 23
E10 FF 61066 115800  780 379  993    +7672403    +55          -7    +29   11  88  132  -11  232  -40  232  -40   7  0  0 L3E 14
E11 FF 61066 115800  780 292 1318   -37609431  -1648          -2     -2   18  88  166  -31  286  +17  286   17  13  0  0 L3E 64
E12 FF 61066 115800  780 353  687     +215256    +66         -24    +41   21  88  140   -1  242  -22  242  -22  12  0  0 L3E FE
E25 FF 61066 115800  780 864   75     -218957     +9          -1    +10   13  87   81   +0  150   +0  150    0   7  0  0 L3E 7B
E02 FF 61066 121400  780 386 2779     -132860    -72          -2    -44   12  90  129  -15  219  +16  219   16   8  0  0 L3E 0A
E03 FF 61066 121400  780 213 2301      -40211    +41          -3    +18   22  88  221  +55  333  +43  333   43  14  0  0 L3E D5
E07 FF 61066 121400  780 104 3355     +411897    +32           1    +10   31  87  438 -128  343  -13  343  -13  20  0  0 L3E 13
E08 FF 61066 121400  780 305 2864     +803778   +120          -7    +52   15  90  158   +7  243  -16  243  -16   9  0  0 L3E 15
E10 FF 61066 121400  780 410  924    +7672419     +3         -15    -23   20  88  123   -7  223   +1  223    1  11  0  0 L3E BF
E11 FF 61066 121400  780 348 1282   -37611018  -1647         -10     -2   24  90  142  -20  258  -41  258  -41  18  0  0 L3E 61
E12 FF 61066 121400  780 351  617     +215292    +19         -13     -7   20  90  140   +3  236  +21  236   21  12  0  0 L3E CB
E25 FF 61066 121400  780 832  651     -218952     +6           4     +7   10  87   81   +1  151   -1  151   -1   6  0  0 L3E 73
E02 FF 61066 123000  780 437 2813     -132889    -20          -2     +8   14  92  117  -11  203  -20  203  -20   8  0  0 L3E E0
E03 FF 61066 123000  780 159 2273      -40186    +35           0    +12   19  88  291  +98  378  +42  378   42  13  0  0 L3E FF
E07 FF 61066 123000  780 132 3315     +411921    +31           4     +9   26  87  349  -65  332  -27  332  -27  16  0  0 L3E FC
E08 FF 61066 123000  780 285 2802     +803840   +133         -11    +64   19  92  168  +14  260  -21  260  -21  11  0  0 L3E 2E
E10 FF 61066 123000  780 431  846    +7672450    +66         -10    +40   17  88  118   -3  210  -43  210  -43  10  0  0 L3E 07
E11 FF 61066 123000  780 401 1237   -37612598  -1627         -10    +18   21  92  125  -14  238  -31  238  -31  12  0  0 L3E 6D
E12 FF 61066 123000  780 338  552     +215326    +11          -3    -15   17  92  145   +7  221   -3  221   -3  10  0  0 L3E B2
E25 FF 61066 123000  780 781  835     -218960    +27          -3    +28    9  87   83   +2  156  -15  156  -15   5  0  0 L3E D7
E36 FF 61066 123000  780 113 1681    +5145477    +47          -5     -8   32  92  408 -210  466  -83  466  -83  19  0  0 L3E 4A
E02 FF 61066 124600  780 490 2845     -132923    -14          -9    +14   13  93  107   -9  195  -17  195  -17   9  0  0 L3E 0E
E03 FF 61066 124600  780 105 2247      -40186    -22         -22    -45   23  88  431 +211  449 +100  449  100  15  0  0 L3E 35
E07 FF 61066 124600  780 153 3269     +411949    +16           5     -6   27  93  303  -34  313   -2  313   -2  16  0  0 L3E DB
E08 FF 61066 124600  780 257 2744     +803907    +62         -10     -6   22  93  185  +22  277  +36  277   36  16  0  0 L3E 26
E10 FF 61066 124600  780 439  764    +7672480    +28          -5     +2   16  93  116   +0  197   +3  197    3   9  0  0 L3E C9
E11 FF 61066 124600  780 450 1179   -37614171  -1648          -4     -2   22  93  114   -9  212  -38  212  -38  13  0  0 L3E 46
E12 FF 61066 124600  780 314  494     +215340    -18         -13    -44   19  93  154  +13  232  +29  232   29  12  0  0 L3E 07
E25 FF 61066 124600  780 728  933     -218970    -15         -11    -14   11  93   85   +3  159   +7  159    7   6  0  0 L3E CD
E36 FF 61066 124600  780 173 1674    +5145515    +85         -18    +31   21  93  271  -95  416  -83  416  -83  14  0  0 L3E 5B
E02 FF 61066 130200  780 544 2873     -132951    -13          -9    +15   14  95   99   -7  174  -32  174  -32   8  0  0 L3E F7
E07 FF 61066 130200  780 166 3219     +411964    +17          -5     -6   23  95  280  -15  306  -20  306  -20  14  0  0 L3E 01
E08 FF 61066 130200  780 222 2693     +803984    +74          -2     +5   20  95  212  +35  298  +29  298   29  13  0  0 L3E 12
E10 FF 61066 130200  780 433  684    +7672504    +14          -7    -12   13  95  118   +3  190  +12  190   12   8  0  0 L3E DF
E11 FF 61066 130200  780 491 1107   -37615752  -1681          -5    -36   17  93  107   -6  193  +14  193   14  10  0  0 L3E 4B
E12 FF 61066 130200  780 282  446     +215370    +17          -8     -9   19  95  170  +20  223   +4  223    4  11  0  0 L3E B5
E25 FF 61066 130200  780 673 1003     -218968    -25          -9    -24   14  95   88   +4  160  +15  160   15   8  0  0 L3E E3
E36 FF 61066 130200  780 235 1668    +5145583    +38           0    -16   21  95  202  -53  331  -28  331  -28  14  0  0 L3E 24
E02 FF 61066 131800  780 598 2896     -132976     -2          -6    +27   12  96   93   -5  158  -30  158  -30   7  0  0 L3E F7
E07 FF 61066 131800  780 170 3167     +411982    +13         -10    -11   33  96  273   +0  299   +2  299    2  20  0  0 L3E E9
E08 FF 61066 131800  780 181 2646     +804054    +49           2    -20   19  96  257  +59  335  +47  335   47  12  0  0 L3E 1B
E10 FF 61066 131800  780 416  611    +7672529    +47          -7    +21   19  96  122   +6  178  -24  178  -24  11  0  0 L3E 18
E11 FF 61066 131800  780 522 1019   -37617333  -1621          -7    +25   13  93  102   -3  178  -32  178  -32   8  0  0 L3E 44
E12 FF 61066 131800  780 244  407     +215391    +42         -10    +16   20  96  194  +32  217  -11  217  -11  13  0  0 L3E 02
E25 FF 61066 131800  780 618 1062     -218971    -18         -12    -18   15  96   92   +5  157  +11  157   11   9  0  0 L3E FA
E36 FF 61066 131800  780 299 1662    +5145625    +66          -9    +12   17  96  162  -33  279  -45  279  -45  11  0  0 L3E 57
E02 FF 61066 133400  780 654 2909     -133013    -20         -11     +9   13  98   89   -4  147  -19  147  -19   8  0  0 L3E F6
E07 FF 61066 133400  780 166 3113     +412007     +8          -6    -15   28  98  279  +14  292  +16  292   16  17  0  0 L3E 08
E08 FF 61066 133400  780 137 2605     +804109    +41         -10    -28   26  97  334 +108  380  +78  380   78  15  0  0 L3E 43
E10 FF 61066 133400  780 387  549    +7672544    +25         -17     -1   19  96  129  +10  175   -2  175   -2  11  0  0 L3E 05
E11 FF 61066 133400  780 538  919   -37618890  -1647          13     -2   13  98  100   -1  146  -16  146  -16   8  0  0 L3E 3A
E12 FF 61066 133400  780 200  378     +215405    -20         -18    -45   25  98  234  +52  222  +31  222   31  16  0  0 L3E F9
E25 FF 61066 133400  780 563 1113     -218967     +3          -9     +4   17  98   97   +6  155  -10  155  -10  10  0  0 L3E DB
E30 FF 61066 133400  780 128 2909    +6680049   +396          -8     -9   28  94  360 -132  350  -64  350  -64  19  0  0 L3E 63
E36 FF 61066 133400  780 363 1653    +5145674   +100         -11    +46   20  97  136  -22  233  -55  233  -55  13  0  0 L3E 50
E02 FF 61066 135000  780 711 2905     -133040    -32          -9     -4    8 100   85   -3  131   -8  131   -8   5  0  0 L3E 9B
E07 FF 61066 135000  780 153 3060     +412043    -34          10    -57   34 100  301  +32  283  +59  283   59  22  0  0 L3E 11
E10 FF 61066 135000  780 350  499    +7672576    +20         -10     -6   21  96  140  +15  172   +9  172    9  13  0  0 L3E ED
E11 FF 61066 135000  780 539  816   -37620486  -1656          -6    -11   15 100  100   +1  142   +4  142    4   8  0  0 L3E 01
E12 FF 61066 135000  780 154  358     +215431    +25         -17     +0   23 100  301  +92  226   -1  226   -1  14  0  0 L3E CF
E25 FF 61066 135000  780 508 1160     -218968    -24          -9    -24   14 100  104   +8  149  +15  149   15   9  0  0 L3E 01
E30 FF 61066 135000  780 177 2935    +6680451   +368          -3    -37   20 100  265  -73  295  -25  295  -25  13  0  0 L3E 64
E36 FF 61066 135000  780 429 1641    +5145724    +45         -12     -9   18  97  119  -15  192  -28  192  -28  10  0  0 L3E 43
E02 FF 61066 140600  780 767 2861     -133077    -34         -19     -5   10 101   83   -2  128   -5  128   -5   6  0  0 L3E D5
E07 FF 61066 140600  780 133 3009     +412049    +14          -5     -9   22 101  345  +61  314  +25  314   25  15  0  0 L3E F6
E10 FF 61066 140600  780 307  463    +7672598    +37         -12    +11   13  96  158  +22  171   -2  171   -2   7  0  0 L3E FA
E11 FF 61066 140600  780 523  721   -37622067  -1649          -7     -4   16 100  102   +3  137  -10  137  -10   9  0  0 L3E 20
E12 FF 61066 140600  780 105  346     +215426    +24         -45     -1   25 101  432 +198  238  -28  238  -28  15  0  0 L3E 29
E25 FF 61066 140600  780 452 1203     -218972     +4         -13     +5   20 101  114  +11  162  +13  162   13  13  0  0 L3E E4
E30 FF 61066 140600  780 226 2958    +6680841   +426          -2    +21   25 101  209  -46  248  -51  248  -51  16  0  0 L3E 5B
E36 FF 61066 140600  780 494 1622    +5145781    +36          -8    -18   14  97  107  -11  153  -12  153  -12   9  0  0 L3E 27
E02 FF 61066 142200  780 818 2705     -133095     -2          -9    +27    8 103   82   -1  116  -19  116  -19   5  0  0 L3E D3
E07 FF 61066 142200  780 105 2961     +412055     +8         -18    -14   25 103  428 +118  343  +39  343   39  17  0  0 L3E 33
E10 FF 61066 142200  780 260  438    +7672625    +36         -10    +11   20 103  183  +33  172   +1  172    1  11  0  0 L3E EB
E11 FF 61066 142200  780 494  642   -37623654  -1687         -14    -42   13 103  106   +6  140  +24  140   24   8  0  0 L3E 41
E25 FF 61066 142200  780 397 1243     -218960     +8           0     +9   14 103  126  +15  163   +3  163    3   8  0  0 L3E B2
E30 FF 61066 142200  780 277 2976    +6681238   +388           5    -17   21 103  173  -31  203  -24  203  -24  13  0  0 L3E 47
E34 FF 61066 142200  780 132 1966    +2320762    +24         -24     +1   22 103  352 -156  385 -122  385 -122  15  0  0 L3E 69
E36 FF 61066 142200  780 558 1591    +5145831    +50         -12     -4   18 103   98   -8  140  -15  140  -15  10  0  0 L3E 16
E02 FF 61066 143800  780 841 2242     -133124    -12         -11    +17    9 104   81   +0  115   -8  115   -8   5  0  0 L3E BC
E10 FF 61066 143800  780 210  422    +7672650    -22          -9    -48   16 104  224  +52  180  +49  180   49  10  0  0 L3E 1D
E11 FF 61066 143800  780 456  582   -37625227  -1622          -8    +23   14 104  113   +8  138   -7  138   -7   8  0  0 L3E 2D
E25 FF 61066 143800  780 342 1280     -218966    -12          -5    -11   16 103  143  +21  178  +19  178   19   9  0  0 L3E 19
E30 FF 61066 143800  780 329 2989    +6681618   +372          -3    -33   14 103  149  -22  180   -7  180   -7   9  0  0 L3E 38
E34 FF 61066 143800  780 191 1981    +2320784    +10         -24    -14   25 104  246  -76  287  -48  287  -48  17  0  0 L3E 70
E36 FF 61066 143800  780 619 1539    +5145887    +66          -7    +12   11 104   92   -5  124  -18  124  -18   6  0  0 L3E 20
E02 FF 61066 145400  780 810 1827     -133154    -48         -14    -19   12 106   82   +1  117   +8  117    8   7  0  0 L3E D6
E10 FF 61066 145400  780 159  416    +7672657    -30         -25    -56   29 106  291  +92  201  +51  201   51  19  0  0 L3E 3A
E11 FF 61066 145400  780 410  539   -37626808  -1644         -11     +1   19 105  123  +12  141   +0  141    0  12  0  0 L3E 17
E25 FF 61066 145400  780 287 1315     -218967    +20          -6    +21   17 103  168  +30  195  +11  195   11   9  0  0 L3E 12
E30 FF 61066 145400  780 382 2996    +6682008   +395          -2    -10   18 103  131  -16  161   -7  161   -7  10  0  0 L3E 30
E34 FF 61066 145400  780 252 1998    +2320822    +41          -7    +17   22 106  190  -45  229  -57  229  -57  14  0  0 L3E 51
E36 FF 61066 145400  780 673 1451    +5145932    +35         -15    -19   14 106   88   -3  122   +2  122    2   8  0  0 L3E EB
E02 FF 61066 151000  780 754 1692     -133176    -46          -9    -17   10 108   83   +2  115  +10  115   10   6  0  0 L3E D9
E10 FF 61066 151000  780 108  416    +7672705   +100           0    +74   26 107  421 +195  165  -87  165  -87  17  0  0 L3E 4B
E11 FF 61066 151000  780 361  512   -37628395  -1660         -20    -16   14 108  137  +17  151  +14  151   14   8  0  0 L3E 4E
E25 FF 61066 151000  780 232 1346     -218970     +9          -9    +10   23 108  204  +46  221  +16  221   16  14  0  0 L3E F9
E30 FF 61066 151000  780 435 2993    +6682382   +409         -17     +4   13 108  117  -12  152  -20  152  -20   8  0  0 L3E 3A
E34 FF 61066 151000  780 313 2018    +2320837    +51         -15    +27   24 107  155  -29  198  -49  198  -49  15  0  0 L3E 62
E36 FF 61066 151000  780 714 1309    +5145986    +44         -14     -9   14 108   85   -2  114   -3  114   -3   7  0  0 L3E E9
E02 FF 61066 152600  780 692 1649     -133204    -45         -10    -17    9 109   86   +4  117  +12  117   12   5  0  0 L3E E7
E11 FF 61066 152600  780 309  498   -37629953  -1657           0    -13   18 108  156  +24  145   +9  145    9  11  0  0 L3E 44
E25 FF 61066 152600  780 178 1375     -218977    -40         -14    -40   27 109  262  +78  246  +45  246   45  17  0  0 L3E 53
E30 FF 61066 152600  780 488 2978    +6682770   +392         -19    -13   14 109  107   -9  141   -2  141   -2   9  0  0 L3E 36
E34 FF 61066 152600  780 376 2041    +2320867     +4          -5    -19   17 109  132  -20  163  -13  163  -13  11  0  0 L3E 21
E36 FF 61066 152600  780 732 1108    +5146028    +52         -23     -2   13 109   84   +0  113   -5  113   -5   7  0  0 L3E D6
E02 FF 61066 154200  780 629 1638     -133228    -38          -6     -9   12 111   91   +5  113   +5  113    5   7  0  0 L3E AF
E11 FF 61066 154200  780 257  493   -37631541  -1660         -10    -16   18 111  185  +36  148  +18  148   18  12  0  0 L3E 72
E25 FF 61066 154200  780 124 1402     -219001    +65         -39    +66   69 111  369 +156  273   -1  273   -1  43  0  0 L3E 2E
E30 FF 61066 154200  780 539 2946    +6683155   +425         -24    +20   15 110  100   -7  131  -20  131  -20   8  0  0 L3E 2C
E34 FF 61066 154200  780 439 2066    +2320894    +42          -1    +19   15 111  117  -14  137  -53  137  -53   9  0  0 L3E 30
E36 FF 61066 154200  780 722  902    +5146083    +63         -20     +9   13 109   85   +1  106  -11  106  -11   7  0  0 L3E E9
E02 FF 61066 155800  780 564 1640     -133257    -45          -7    -17   11 112   97   +8  117  +16  117   16   6  0  0 L3E F1
E11 FF 61066 155800  780 204  496   -37633132  -1618         -24    +27   24 112  229  +57  147  -27  147  -27  15  0  0 L3E 8A
E27 FF 61066 155800  780 119 3123    +8906197    +50          -6    -54   26 109  387 -162  275  -25  275  -25  17  0  0 L3E 79
E30 FF 61066 155800  780 585 2891    +6683556   +385         -11    -21   10 110   95   -5  114   +6  114    6   6  0  0 L3E 0B
E34 FF 61066 155800  780 503 2093    +2320907    +61         -11    +38   14 112  105  -10  118  -38  118  -38   9  0  0 L3E 3A
E36 FF 61066 155800  780 688  753    +5146150    +94          -6    +40   12 112   87   +3   93  -28   93  -28   7  0  0 L3E F4
E02 FF 61066 161400  780 499 1648     -133292    -24         -13     +5   14 114  105  +10  125   -1  125   -1   9  0  0 L3E E5
E11 FF 61066 161400  780 153  506   -37634716  -1657         -29    -13   26 114  302 +100  134  -14  134  -14  16  0  0 L3E 7E
E27 FF 61066 161400  780 169 3127    +8906291    +51         -12    -53   22 109  276  -82  225  -21  225  -21  14  0  0 L3E 58
E30 FF 61066 161400  780 624 2805    +6683946   +381         -10    -24   12 110   91   -3  105   +6  105    6   7  0  0 L3E F7
E34 FF 61066 161400  780 567 2122    +2320935    +56          -7    +32   13 114   97   -7  104  -38  104  -38   8  0  0 L3E 10
E36 FF 61066 161400  780 641  664    +5146188    +18         -21    -36   16 114   90   +4   95  +14   95   14   9  0  0 L3E EC
E02 FF 61066 163000  780 435 1658     -133321    +24         -15    +53   13 116  117  +14  132  -24  132  -24   8  0  0 L3E 13
E11 FF 61066 163000  780 102  521   -37636283  -1628         -16    +16   52 115  444 +212  101  -42  101  -42  35  0  0 L3E 71
E15 FF 61066 163000  780 123 2272    +2312948     -4          -3    -32   19 116  374 -158  264   -8  264   -8  12  0  0 L3E 25
E27 FF 61066 163000  780 220 3123    +8906390   +145         -17    +41   24 116  215  -48  187  -65  187  -65  15  0  0 L3E 74
E30 FF 61066 163000  780 649 2687    +6684342   +395          -5    -10   12 116   89   -1   89   -2   89   -2   7  0  0 L3E F7
E34 FF 61066 163000  780 631 2154    +2320956    +63          -8    +40   19 116   91   -5   90  -41   90  -41  11  0  0 L3E F2
E36 FF 61066 163000  780 587  618    +5146246    +33         -15    -21   13 115   94   +6   84   +2   84    2   8  0  0 L3E C0
E02 FF 61066 164600  780 371 1670     -133345    -25         -11     +4   18 117  133  +20  136   -1  136   -1  11  0  0 L3E ED
E15 FF 61066 164600  780 176 2304    +2312960    +16         -17    -12   26 117  266  -79  232  -29  232  -29  15  0  0 L3E 5E
E27 FF 61066 164600  780 269 3112    +8906509    +95           1    -10   16 117  178  -31  141  -33  141  -33  10  0  0 L3E 35
E30 FF 61066 164600  780 655 2544    +6684722   +419         -14    +13   15 117   89   +0   86  -19   86  -19   8  0  0 L3E 2F
E34 FF 61066 164600  780 694 2189    +2320973    +34         -13    +11   12 117   86   -4   80  -19   80  -19   7  0  0 L3E 0B
E36 FF 61066 164600  780 532  599    +5146288    +61         -25     +7   12 115  101   +8   82  -15   82  -15   7  0  0 L3E F7
E02 FF 61066 170200  780 308 1681     -133365    -28          -4     +1   14 118  157  +29  132   +2  132    2   8  0  0 L3E C9
E15 FF 61066 170200  780 229 2340    +2312999    +48          -8    +19   29 119  208  -47  174  -71  174  -71  17  0  0 L3E 5E
E27 FF 61066 170200  780 317 3092    +8906613    +72           5    -32   18 117  154  -21  109   +2  109    2  12  0  0 L3E FC
E30 FF 61066 170200  780 641 2404    +6685113   +420         -13    +14   12 119   90   +2   79  -11   79  -11   7  0  0 L3E FD
E34 FF 61066 170200  780 758 2228    +2320996    +11         -12    -13   12 119   83   -2   67   -1   67   -1   7  0  0 L3E D7
E36 FF 61066 170200  780 476  596    +5146349    +41         -13    -13   11 119  109  +10   67   +2   67    2   7  0  0 L3E DF
E02 FF 61066 171800  780 247 1691     -133394     -3          -5    +26   16 118  192  +46  139   -1  139   -1  10  0  0 L3E FA
E06 FF 61066 171800  780 115  513    +2245372    +66          -3    +17   35 120  397  -68   76  -16   76  -16  21  0  0 L3E 1A
E15 FF 61066 171800  780 281 2379    +2313034    -15          -1    -43   19 120  171  -31  134  -12  134  -12  13  0  0 L3E 29
E27 FF 61066 171800  780 362 3060    +8906697   +109         -12     +4   14 117  137  -14  101  -17  101  -17   9  0  0 L3E 43
E30 FF 61066 171800  780 608 2289    +6685505   +400         -10     -5   10 120   92   +4   72   -1   72   -1   6  0  0 L3E CD
E34 FF 61066 171800  780 820 2275    +2321024     +2          -6    -22    9 120   82   -1   55   +2   55    2   5  0  0 L3E 7F
E36 FF 61066 171800  780 421  604    +5146406    +58          -8     +4   13 120  120  +13   60   -8   60   -8   8  0  0 L3E BA
E02 FF 61066 173400  780 186 1699     -133420    -72          -8    -44   20 122  250  +78  158  +35  158   35  12  0  0 L3E 2C
E06 FF 61066 173400  780 131  463    +2245415    +86          -8    +37   21 122  350  -33   70  -32   70  -32  13  0  0 L3E FC
E09 FF 61066 173400  780 134  703    +1889788   +142          -8    -11   27 122  342  -80   80   +1   80    1  15  0  0 L3E F2
E15 FF 61066 173400  780 334 2420    +2313062    +38           0     +9   23 122  147  -21   98  -32   98  -32  13  0  0 L3E F4
E27 FF 61066 173400  780 401 3015    +8906805   +100          -6     -4   13 122  125  -10   83  -15   83  -15   7  0  0 L3E FE
E30 FF 61066 173400  780 563 2203    +6685902   +361          -3    -45   17 122   97   +6   80  +25   80   25  10  0  0 L3E 00
E34 FF 61066 173400  780 881 2405    +2321040    +44         -10    +21   16 122   81   +0   54  -20   54  -20   9  0  0 L3E D8
E36 FF 61066 173400  780 367  621    +5146446    +55         -19     +2   15 121  135  +17   62   -2   62   -2   9  0  0 L3E D7
E02 FF 61066 175000  780 128 1706     -133442     -8          -2    +21   21 124  359 +159  166   -1  166   -1  14  0  0 L3E FF
E06 FF 61066 175000  780 139  411    +2245469    +27          -2    -23   27 124  330  -10   60  +13   60   13  18  0  0 L3E E9
E09 FF 61066 175000  780 163  653    +1889935   +137          -7    -16   25 124  284  -44   69   -8   69   -8  17  0  0 L3E 2A
E15 FF 61066 175000  780 387 2464    +2313082    +43          -5    +14   13 124  129  -15   79  -33   79  -33   8  0  0 L3E 16
E27 FF 61066 175000  780 433 2957    +8906892   +126         -18    +21   13 124  118   -6   83  -27   83  -27   8  0  0 L3E 3D
E30 FF 61066 175000  780 509 2143    +6686291   +424          -3    +19   12 124  104   +9   81   -7   81   -7   7  0  0 L3E EE
E34 FF 61066 175000  780 858  468    +2321066    +49          -7    +25   12 122   81   +1   46  -18   46  -18   7  0  0 L3E E3
E36 FF 61066 175000  780 314  643    +5146518    +57           2     +3   15 121  154  +24   48   -5   48   -5   8  0  0 L3E BB
E06 FF 61066 180600  780 139  360    +2245513    +19          -5    -31   22 125  330   +9   56   +9   56    9  14  0  0 L3E C9
E09 FF 61066 180600  780 185  600    +1890075   +151         -14     -2   25 124  252  -24   67   +2   67    2  15  0  0 L3E E8
E15 FF 61066 180600  780 440 2511    +2313105    +39         -10    +10   19 125  116  -12   65  -15   65  -15  11  0  0 L3E 10
E27 FF 61066 180600  780 455 2886    +8907008    +51          -3    -53   12 125  113   -3   64  +24   64   24   8  0  0 L3E F9
E30 FF 61066 180600  780 452 2101    +6686682   +421          -1    +16   11 125  114  +12   82   -4   82   -4   7  0  0 L3E EA
E34 FF 61066 180600  780 799  540    +2321079    -10         -16    -33    8 125   82   +2   47  +17   47   17   5  0  0 L3E D4
E36 FF 61066 180600  780 263  669    +5146572    +82           4    +29   19 121  181  +33   47  -19   47  -19  11  0  0 L3E 16
E05 FF 61066 182200  780 159 1071      -81133     -6         -13    +23   33   0  293  -87  104  -22  104  -22  21  0  0 L3E E1
E06 FF 61066 182200  780 131  310    +2245561    +96          -4    +46   30   0  349  +32   49  -37   49  -37  17  0  0 L3E EA
E09 FF 61066 182200  780 199  545    +1890229   +132          -8    -22   21   0  235  -11   61   +9   61    9  13  0  0 L3E CA
E15 FF 61066 182200  780 493 2561    +2313140    +27          -1     -2   13   0  107   -9   48   -2   48   -2   8  0  0 L3E 92
E21 FF 61066 182200  780 119 3265    +7175346     +9          -3    -16   23 122  387 -143   72  +10   72   10  14  0  0 L3E 0B
E27 FF 61066 182200  780 465 2805    +8907094   +128         -17    +23   18   0  111   -1   67  -22   67  -22   9  0  0 L3E 05
E30 FF 61066 182200  780 392 2070    +6687058   +407         -14     +2   13   0  128  +17   99  +11   99   11   8  0  0 L3E F3
E34 FF 61066 182200  780 741  589    +2321106    +68         -10    +45    8   0   84   +2   40  -30   40  -30   5  0  0 L3E A0
E36 FF 61066 182200  780 213  699    +5146619    +88           0    +34   21 121  220  +49   50  -19   50  -19  14  0  0 L3E 03
E05 FF 61066 183800  780 205 1031      -81165    -31         -17     -3   16   0  230  -50   93  -23   93  -23  10  0  0 L3E BF
E06 FF 61066 183800  780 115  263    +2245585    +56         -27     +6   26   1  396  +68   60   -4   60   -4  15  0  0 L3E D2
E09 FF 61066 183800  780 204  489    +1890362   +151         -21     -3   30   1  230   -1   64   -2   64   -2  18  0  0 L3E BB
E15 FF 61066 183800  780 546 2616    +2313156    +45         -12    +17   12   1   99   -7   48  -17   48  -17   7  0  0 L3E E9
E21 FF 61066 183800  780 161 3241    +7175384    +12           7    -14   17   1  288  -72   59  +11   59   11  10  0  0 L3E E2
E27 FF 61066 183800  780 463 2720    +8907193   +149         -18    +44   17   0  112   +2   66  -26   66  -26  10  0  0 L3E 1A
E30 FF 61066 183800  780 331 2048    +6687455   +409          -7     +4   16   1  148  +25  103   +3  103    3   9  0  0 L3E DB
E34 FF 61066 183800  780 685  634    +2321121    +76         -17    +53   12   1   87   +3   41  -33   41  -33   7  0  0 L3E C1
E36 FF 61066 183800  780 165  731    +5146674    +11           3    -42   22   1  280  +79   50  +24   50   24  14  0  0 L3E CA
E05 FF 61066 185400  780 248  986      -81181    -30          -5     -2   19   0  192  -31   73   -9   73   -9  12  0  0 L3E 9E
E09 FF 61066 185400  780 200  434    +1890503   +192         -24    +38   28   3  234  +10   68  -24   68  -24  18  0  0 L3E 11
E15 FF 61066 185400  780 598 2676    +2313185    +34         -10     +6   14   3   93   -5   41   -6   41   -6   8  0  0 L3E AB
E21 FF 61066 185400  780 200 3209    +7175381     -5         -21    -31   18   3  235  -42   76  +11   76   11  12  0  0 L3E DF
E27 FF 61066 185400  780 446 2638    +8907302    +64         -10    -41   11   0  115   +5   61  +25   61   25   7  0  0 L3E D7
E30 FF 61066 185400  780 270 2030    +6687843   +385          -6    -20   15   3  177  +38  114  +21  114   21   9  0  0 L3E 10
E34 FF 61066 185400  780 629  679    +2321138    +63         -22    +41   12   3   91   +5   43  -20   43  -20   7  0  0 L3E BE
E36 FF 61066 185400  780 118  765    +5146721   +138          -1    +85   83   3  384 +146   53  -47   53  -47  65  0  0 L3E 2E
E05 FF 61066 191000  780 286  934      -81219     +0         -15    +29   22   0  168  -20   66  -30   66  -30  13  0  0 L3E BB
E09 FF 61066 191000  780 187  382    +1890650   +137         -25    -17   27   5  249  +22   62   -4   62   -4  17  0  0 L3E F5
E13 FF 61066 191000  780 126 2638     +471960     +9          -6     +1   23   5  365 -131  134  -33  134  -33  15  0  0 L3E F1
E15 FF 61066 191000  780 650 2744    +2313206     +7         -14    -21   20   5   89   -4   40   +7   40    7  12  0  0 L3E 91
E21 FF 61066 191000  780 233 3169    +7175429    +18           2     -8   20   5  203  -25   53   +7   53    7  12  0  0 L3E A5
E27 FF 61066 191000  780 419 2564    +8907414   +103           1     -2   14   0  121   +8   51   -1   51   -1   8  0  0 L3E 91
E30 FF 61066 191000  780 210 2016    +6688231   +387          -6    -18   16   5  224  +61  128  +33  128   33  10  0  0 L3E 18
E34 FF 61066 191000  780 575  724    +2321165    +45         -16    +22   14   5   96   +6   37  -14   37  -14   8  0  0 L3E C7
E03 FF 61066 192600  780 166 1409      -39629    +86          -6    +63   37   6  282  -95  109  -59  109  -59  22  0  0 L3E 26
E05 FF 61066 192600  780 318  876      -81245    -19         -13     +9   17   6  153  -12   52  -16   52  -16  11  0  0 L3E CB
E09 FF 61066 192600  780 166  335    +1890801   +155         -21     +2   28   6  279  +41   53   -4   53   -4  18  0  0 L3E E0
E13 FF 61066 192600  780 172 2678     +471961    -31         -12    -39   28   6  271  -72  106  -19  106  -19  19  0  0 L3E 35
E15 FF 61066 192600  780 702 2826    +2313230    +32         -17     +4   11   6   86   -3   36   -6   36   -6   6  0  0 L3E 9B
E21 FF 61066 192600  780 259 3121    +7175445    +39          -5    +13   21   6  184  -15   55  -10   55  -10  14  0  0 L3E F5
E27 FF 61066 192600  780 382 2500    +8907507    +94          -6    -11   20   0  130  +12   57   +4   57    4  12  0  0 L3E C1
E30 FF 61066 192600  780 152 2002    +6688624   +419          -4    +14   19   6  305 +114  141   +3  141    3  12  0  0 L3E FE
E34 FF 61066 192600  780 523  768    +2321183    +14         -18     -9   15   6  102   +7   37   +2   37    2   8  0  0 L3E 96
E03 FF 61066 194200  780 222 1385      -39612     +9         -11    -13   22   8  214  -53   96   -5   96   -5  13  0  0 L3E B5
E05 FF 61066 194200  780 341  812      -81274    -59         -15    -30   18   8  144   -7   49  +12   49   12  11  0  0 L3E BB
E09 FF 61066 194200  780 138  293    +1890966   +182          -4    +29   29   8  333  +75   41  -14   41  -14  18  0  0 L3E 13
E13 FF 61066 194200  780 219 2717     +471977    +11          -4     +3   27   7  216  -46   77  -12   77  -12  17  0  0 L3E E6
E15 FF 61066 194200  780 752 2933    +2313261    +28         -12     +0   11   7   84   -2   30   -7   30   -7   7  0  0 L3E 92
E21 FF 61066 194200  780 277 3067    +7175459     +9         -14    -16   15   7  173   -8   58   +9   58    9   8  0  0 L3E D1
E27 FF 61066 194200  780 338 2446    +8907600    +95         -13    -10   17   8  145  +18   70  +12   70   12  10  0  0 L3E FD
E34 FF 61066 194200  780 471  813    +2321210     +2         -13    -20   17   8  110   +9   32  +13   32   13   9  0  0 L3E 95
E03 FF 61066 195800  780 278 1357      -39598     -1         -18    -23   17   9  173  -33   88   +5   88    5  10  0  0 L3E CC
E05 FF 61066 195800  780 354  743      -81293    -33          -6     -4   16   9  139   -3   38   +9   38    9  10  0  0 L3E 89
E09 FF 61066 195800  780 103  258    +1891093   +146         -24     -7   27   9  438 +152   65  +33   65   33  17  0  0 L3E 1A
E13 FF 61066 195800  780 267 2757     +471982    +59          -8    +51   25   9  180  -31   66  -28   66  -28  16  0  0 L3E 16
E15 FF 61066 195800  780 799 3103    +2313282    +17         -17    -11    9   7   82   -1   28   +3   28    3   5  0  0 L3E 9D
E21 FF 61066 195800  780 286 3007    +7175492    +44          -5    +19   16   7  168   -2   55   -8   55   -8  11  0  0 L3E DF
E27 FF 61066 195800  780 290 2400    +8907715   +113           1     +8   13   9  166  +27   69   +9   69    9   8  0  0 L3E CD
E34 FF 61066 195800  780 420  858    +2321233    +14         -11     -9   15   9  120  +12   36   +5   36    5   8  0  0 L3E 9F
E03 FF 61066 201400  780 334 1323      -39570    +63         -12    +41   22  11  147  -22   76  -29   76  -29  13  0  0 L3E EE
E05 FF 61066 201400  780 357  674      -81311    -29           2     +0   14  10  138   +1   31   +2   31    2   9  0  0 L3E 41
E13 FF 61066 201400  780 315 2796     +471990     +4          -8     -4   17  10  154  -22   58   -8   58   -8  10  0  0 L3E BA
E15 FF 61066 201400  780 835 3443    +2313307    +34         -20     +6    8   7   81   +0   25   -1   25   -1   5  0  0 L3E 74
E21 FF 61066 201400  780 285 2945    +7175527    -40           5    -65   23   7  169   +4   48  +43   48   43  15  0  0 L3E E1
E27 FF 61066 201400  780 239 2362    +8907813    +99          -1     -6   25  11  198  +42   81  +15   81   15  15  0  0 L3E FA
E34 FF 61066 201400  780 370  902    +2321254    +42         -14    +19   12  11  134  +16   43   -1   43   -1   7  0  0 L3E B0
E03 FF 61066 203000  780 388 1281      -39545     +9          -8    -13   22  13  129  -15   65   -3   65   -3  12  0  0 L3E AF
E05 FF 61066 203000  780 348  608      -81349    -16         -11    +12   19  13  141   +5   38   -9   38   -9  11  0  0 L3E AD
E13 FF 61066 203000  780 365 2833     +472012    +40           7    +32   15  10  136  -17   42  -24   42  -24   9  0  0 L3E C0
E15 FF 61066 203000  780 834  381    +2313337    +22          -9     -6    9  13   81   +0   20   +3   20    3   6  0  0 L3E 52
E21 FF 61066 203000  780 273 2884    +7175549    +48           3    +23   23  13  175  +10   52   -7   52   -7  13  0  0 L3E D8
E27 FF 61066 203000  780 186 2329    +8907915   +120           1    +16   40  13  250  +69   96  +11   96   11  26  0  0 L3E 05
E34 FF 61066 203000  780 321  945    +2321282    +33          -7    +10   20  13  152  +21   43   -2   43   -2  12  0  0 L3E A6
E03 FF 61066 204600  780 438 1229      -39523     -1          -8    -24   20  14  117  -10   53   +4   53    4  13  0  0 L3E 91
E05 FF 61066 204600  780 329  547      -81370    -61          -4    -32   13  14  148  +10   34  +22   34   22   8  0  0 L3E A8
E08 FF 61066 204600  780 140 1718     +805895    +10           1    -58   17  14  331 -138  109  +32  109   32  13  0  0 L3E 10
E13 FF 61066 204600  780 416 2870     +472001    +43          -8    +35   15  14  122  -13   50  -31   50  -31   8  0  0 L3E CB
E15 FF 61066 204600  780 798  718    +2313357     +1         -16    -27   10  14   82   +1   23  +14   23   14   6  0  0 L3E AB
E21 FF 61066 204600  780 253 2825    +7175575    +46           4    +20   19  14  188  +17   52   -2   52   -2  11  0  0 L3E D8
E23 FF 61066 204600  780 118 3335     +232426    +12          -2     +0   30  10  387  -73   40   -2   40   -2  19  0  0 L3E A3
E27 FF 61066 204600  780 133 2300    +8908009   +113          -6     +9   25  14  344 +133  116  +12  116   12  15  0  0 L3E 1C
E34 FF 61066 204600  780 272  988    +2321306    +17          -5     -6   23  13  176  +30   51  +17   51   17  15  0  0 L3E D4
E03 FF 61066 210200  780 481 1163      -39501    +44          -7    +22   17  16  109   -7   43  -22   43  -22  10  0  0 L3E BA
E05 FF 61066 210200  780 301  496      -81389    -18           4    +10   16  16  161  +16   28   -4   28   -4  10  0  0 L3E 97
E08 FF 61066 210200  780 200 1713     +805961    +70           2     +2   14  16  236  -71   99   -1   99   -1   8  0  0 L3E 9F
E13 FF 61066 210200  780 469 2903     +472019    +28           5    +20   14  16  111  -10   35  -23   35  -23   9  0  0 L3E C4
E15 FF 61066 210200  780 749  885    +2313382     -5         -15    -33   10  16   84   +2   23  +19   23   19   5  0  0 L3E B3
E21 FF 61066 210200  780 225 2770    +7175601    +65           5    +40   25  16  210  +29   53  -26   53  -26  15  0  0 L3E EF
E23 FF 61066 210200  780 137 3289     +232438    +54          -2    +42   24  16  336  -37   34  -36   34  -36  17  0  0 L3E F9
E34 FF 61066 210200  780 224 1030    +2321337     +3           4    -19   19  16  211  +44   52  +27   52   27  12  0  0 L3E BE
E03 FF 61066 211800  780 515 1082      -39500    +43         -28    +20   19  17  103   -4   51  -14   51  -14  11  0  0 L3E C9
E05 FF 61066 211800  780 265  453      -81414     +9           6    +38   23  17  180  +25   25  -25   25  -25  13  0  0 L3E B2
E08 FF 61066 211800  780 262 1708     +806012    +51         -12    -17   20  17  183  -42   96   -6   96   -6  13  0  0 L3E E8
E13 FF 61066 211800  780 522 2933     +472009     +4         -13     -4   10  16  102   -8   38   +3   38    3   6  0  0 L3E 80
E15 FF 61066 211800  780 697  989    +2313411    +32         -12     +5   10  16   86   +3   23   +1   23    1   6  0  0 L3E 84
E21 FF 61066 211800  780 190 2720    +7175628    +34           8     +8   26  17  245  +47   56   -1   56   -1  17  0  0 L3E D2
E23 FF 61066 211800  780 147 3239     +232448    +28          -3    +16   17  17  313  -14   33   -7   33   -7  10  0  0 L3E CC
E34 FF 61066 211800  780 176 1071    +2321352    +20          -4     -3   26  17  265  +71   78  +23   78   23  15  0  0 L3E E5
E03 FF 61066 213400  780 537  987      -39448    +35           3    +13   12  19  100   -2   30  -14   30  -14   8  0  0 L3E 98
E05 FF 61066 213400  780 225  421      -81450     +7          -1    +36   20  19  210  +39   31  -27   31  -27  11  0  0 L3E A5
E08 FF 61066 213400  780 325 1703     +806085    +61          -5     -7   16  19  151  -27   76   -9   76   -9   9  0  0 L3E C9
E13 FF 61066 213400  780 578 2958     +472021    +32          -5    +24   15  19   96   -6   31  -17   31  -17   8  0  0 L3E CB
E15 FF 61066 213400  780 642 1067    +2313444     +5          -4    -22   15  19   90   +4   21  +12   21   12   8  0  0 L3E 9A
E21 FF 61066 213400  780 151 2676    +7175650    -15           5    -41   20  19  306  +82   66  +37   66   37  14  0  0 L3E FA
E23 FF 61066 213400  780 150 3187     +232473    +25          10    +13   23  19  308   +3   25   -5   25   -5  14  0  0 L3E B0
E34 FF 61066 213400  780 128 1110    +2321354    -29         -23    -51   64  17  357 +130  104  +44  104   44  37  0  0 L3E 31
E03 FF 61066 215000  780 543  885      -39429    +26           1     +4   10  21   99   +0   28   -2   28   -2   6  0  0 L3E 57
E05 FF 61066 215000  780 180  398      -81488    -41         -12    -12   19  21  258  +65   50  +18   50   18  12  0  0 L3E D9
E08 FF 61066 215000  780 389 1695     +806157    +47           1    -21   17  21  129  -19   62   +2   62    2  10  0  0 L3E BB
E13 FF 61066 215000  780 635 2975     +472027    -19          -5    -27   13  21   90   -5   29  +15   29   15   8  0  0 L3E BF
E15 FF 61066 215000  780 587 1130    +2313459    +28         -16     +1   10  21   94   +6   29   +2   29    2   6  0  0 L3E 96
E21 FF 61066 215000  780 108 2635    +7175669    +14          -1    -12   24  20  419 +164   78  +14   78   14  17  0  0 L3E 14
E23 FF 61066 215000  780 144 3135     +232474     -7          -2    -19   27  21  320  +22   34  +12   34   12  17  0  0 L3E BB
E26 FF 61066 215000  780 118 2953    -2027175    -25           5    +84   25  21  389 -157   47  -63   47  -63  16  0  0 L3E 2A
E03 FF 61066 220600  780 534  787      -39412    +29          -5     +7   14  22  101   +2   30   -2   30   -2   7  0  0 L3E 63
E05 FF 61066 220600  780 133  383      -81521    -23         -17     +6   30  22  345 +122   75  +26   75   26  18  0  0 L3E D0
E08 FF 61066 220600  780 453 1684     +806213     +2          -9    -66   18  22  114  -13   62  +37   62   37  12  0  0 L3E D9
E13 FF 61066 220600  780 692 2977     +472037     -7           0    -14   11  22   86   -3   25   +9   25    9   6  0  0 L3E 7C
E15 FF 61066 220600  780 531 1185    +2313493     -3          -8    -30   13  22  101   +8   29  +26   29   26   7  0  0 L3E BD
E23 FF 61066 220600  780 130 3083     +232490    +25           3    +13   27  22  352  +48   31  -10   31  -10  18  0  0 L3E C6
E26 FF 61066 220600  780 167 2980    -2027285    -82          -2    +27   28  22  280  -82   46  -31   46  -31  17  0  0 L3E 18
E03 FF 61066 222200  780 511  702      -39392    +36          -7    +13   16  23  104   +4   30   -6   30   -6   9  0  0 L3E 75
E08 FF 61066 222200  780 517 1664     +806274    +49         -14    -19   13  24  103   -9   61  +13   61   13   7  0  0 L3E D8
E13 FF 61066 222200  780 750 2948     +472033     +4          -8     -3    8  24   84   -2   30   +2   30    2   5  0  0 L3E 4B
E15 FF 61066 222200  780 474 1234    +2313516    +30         -11     +3   15  24  109  +10   39  +10   39   10   9  0  0 L3E C9
E23 FF 61066 222200  780 108 3034     +232484     +8         -14     -4   23  22  418  +93   46   +0   46    0  15  0  0 L3E A1
E26 FF 61066 222200  780 217 3002    -2027382   -115           4     -6   15  24  218  -50   36   +3   36    3   9  0  0 L3E AB
E03 FF 61066 223800  780 476  634      -39380    +30         -17     +7   16  23  109   +7   36   -7   36   -7  10  0  0 L3E A3
E07 FF 61066 223800  780 146 2012     +412753    +20         -12     -3   23  20  318 -125  129   +3  129    3  16  0  0 L3E E3
E08 FF 61066 223800  780 580 1631     +806352    +56          -1    -12   14  24   95   -7   51   +7   51    7   8  0  0 L3E 97
E13 FF 61066 223800  780 805 2833     +472042    +16          -5    +10   10  25   82   -1   29   -5   29   -5   5  0  0 L3E 94
E15 FF 61066 223800  780 417 1278    +2313547    +37          -8    +10   14  25  121  +14   49  +15   49   15   8  0  0 L3E ED
E26 FF 61066 223800  780 269 3020    -2027495    -80          -5    +29   21  25  178  -33   40  -23   40  -23  13  0  0 L3E 08
E03 FF 61066 225400  780 434  586      -39336     +5           3    -18   11  27  117  +10   24  +14   24   14   7  0  0 L3E 8B
E07 FF 61066 225400  780 205 2028     +412772     -2          -9    -25   26  27  231  -65  116   -1  116   -1  17  0  0 L3E DC
E08 FF 61066 225400  780 639 1575     +806408    +87         -13    +19   14  27   90   -5   50  -16   50  -16   8  0  0 L3E E8
E13 FF 61066 225400  780 841 2446     +472048     +4          -4     -3    9  27   81   +0   31   +7   31    7   5  0  0 L3E 55
E15 FF 61066 225400  780 361 1319    +2313570    +36         -11     +9   16  26  137  +19   69  +10   69   10  10  0  0 L3E F4
E26 FF 61066 225400  780 322 3033    -2027603   -105          -5     +4   25  27  152  -23   37   -2   37   -2  13  0  0 L3E D1
E03 FF 61066 231000  780 387  553      -39335    +20         -18     -3   16  29  129  +14   36   +7   36    7   9  0  0 L3E 98
E07 FF 61066 231000  780 264 2046     +412797    +24          -7     +2   20  28  182  -40  103  -11  103  -11  11  0  0 L3E E7
E08 FF 61066 231000  780 691 1479     +806460    +99         -26    +31   16  29   87   -3   54  -25   54  -25   9  0  0 L3E F2
E13 FF 61066 231000  780 819 1946     +472049    -10          -9    -17   10  29   82   +1   41  +10   41   10   6  0  0 L3E A4
E15 FF 61066 231000  780 304 1355    +2313599    +29          -9     +1   20  26  159  +28   73   +7   73    7  12  0  0 L3E C9
E26 FF 61066 231000  780 376 3038    -2027710    -68          -6    +42   19  29  132  -17   37  -27   37  -27  11  0  0 L3E 14
E03 FF 61066 232600  780 337  534      -39314    +15         -19     -8   16  30  145  +20   37  +12   37   12  10  0  0 L3E B5
E07 FF 61066 232600  780 324 2067     +412819    +34          -7    +11   20  28  151  -26   89  -17   89  -17  13  0  0 L3E 02
E08 FF 61066 232600  780 729 1322     +806535    +68         -17     +0   12  30   85   -1   45   +0   45    0   7  0  0 L3E 8A
E13 FF 61066 232600  780 764 1767     +472061    +14          -3     +7    9  30   83   +2   40   -1   40   -1   5  0  0 L3E 6C
E15 FF 61066 232600  780 247 1389    +2313627    +19          -6     -8   24  26  192  +42   81  +18   81   18  15  0  0 L3E FC
E26 FF 61066 232600  780 430 3034    -2027819   -115          -8     -5   19  30  119  -12   35   +6   35    6  11  0  0 L3E D3
E03 FF 61066 234200  780 286  525      -39273     -1           0    -24   13  32  168  +29   28  +19   28   19   8  0  0 L3E A0
E07 FF 61066 234200  780 385 2090     +412839     -8          -8    -30   17  28  130  -18   80   +7   80    7  11  0  0 L3E BB
E08 FF 61066 234200  780 742 1108     +806601    +54         -19    -15   17  32   84   +0   44   +7   44    7  10  0  0 L3E AD
E13 FF 61066 234200  780 702 1712     +472062    +40          -9    +33   13  32   86   +4   50  -12   50  -12   7  0  0 L3E A7
E15 FF 61066 234200  780 191 1419    +2313643    +37         -17    +10   28  26  244  +70  104  +11  104   11  16  0  0 L3E 17
E26 FF 61066 234200  780 483 3017    -2027925   -114          -8     -4   14  32  108   -9   36   +3   36    3   8  0  0 L3E B9
E03 FF 61066 235800  780 234  525      -39257    +58          -6    +35   14  33  202  +43   35  -24   35  -24   9  0  0 L3E C6
E07 FF 61066 235800  780 447 2115     +412864    +41          -4    +19   13  28  115  -13   70  -15   70  -15   8  0  0 L3E E4
E08 FF 61066 235800  780 726  904     +806667    +50         -19    -18   12  33   85   +1   43  +11   43   11   7  0  0 L3E BC
E13 FF 61066 235800  780 636 1696     +472067    +10         -12     +3   14  33   90   +5   57   +1   57    1   8  0  0 L3E 92
E15 FF 61066 235800  780 136 1446    +2313668    -14         -23    -41   30  33  339 +135  121  +47  121   47  17  0  0 L3E 43
E26 FF 61066 235800  780 534 2983    -2028048   -124         -24    -14   12  33  101   -7   45   +5   45    5   7  0  0 L3E DE
