CGGTTS     GENERIC DATA FORMAT VERSION = 2E
REV DATE = 2026-01-01                    
RCVR = POLARX5-TR                    R2CGGTTS v8.8    
CH = 99 
IMS = POLARX5-TR                    
LAB = PTB                           
X = +3844059.67 m 
Y =  +709661.67 m 
Z = +5023129.80 m 
FRAME = ITRF
COMMENTS =           IGS RINEX,AUSPOS XYZ          
INT DLY =   33.2 ns (GAL E1),   33.0 ns (GAL E5a)
CAB DLY =  205.7 ns 
REF DLY =   56.2 ns
REF = UTC(PTB)                      
CKSUM = 7B

SAT CL  MJD  STTIME TRKL ELV AZTH   REFSV      SRSV     REFSYS    SRSYS  DSG IOE MDTR SMDT MDIO SMDI MSIO SMSI ISG FR HC FRC CK
             hhmmss  s  .1dg .1dg    .1ns     .1ps/s     .1ns    .1ps/s .1ns     .1ns.1ps/s.1ns.1ps/s.1ns.1ps/s.1ns
E07 FF 61060 001000  780 739 1533     +398930    +20         -26     -3   11  35   84   -2   66   +1   66    1   7  0  0 L3E 86
E08 FF 61060 001000  780 385  555     +765263   +108         -18    +39   14  35  129  +15  136  -19  136  -19   8  0  0 L3E 26
E13 FF 61060 001000  780 299 1443     +467785     +8         -11     +2   17  34  161  +30   57  +25   57   25  10  0  0 L3E CC
E26 FF 61060 001000  780 771 2051    -1962081   -107         -24     +3   12  35   83   +1   66  -22   66  -22   7  0  0 L3E D2
E29 FF 61060 001000  780 278 2127    +1707711    +43           1     +9   17  35  173  -35   49  -10   49  -10  11  0  0 L3E DC
E33 FF 61060 001000  780 397 3058      +20463    +18         -16     +7   17  35  127  -15  131  -14  131  -14   9  0  0 L3E E3
E07 FF 61060 002600  780 771 1319     +398971    +41          -8    +18    9  36   83   -1   64   -4   64   -4   5  0  0 L3E 9C
E08 FF 61060 002600  780 333  546     +765332    +55         -14    -14   13  36  147  +21  147  +20  147   20   8  0  0 L3E ED
E13 FF 61060 002600  780 241 1471     +467791    +27         -11    +20   16  34  197  +46   76   -1   76   -1   9  0  0 L3E D1
E26 FF 61060 002600  780 719 1909    -1962184   -142         -21    -32   13  36   85   +3   54   +7   54    7   7  0  0 L3E D1
E29 FF 61060 002600  780 336 2153    +1707738    +24          -5    -11   20  36  146  -23   47   -4   47   -4  12  0  0 L3E DC
E33 FF 61060 002600  780 450 3041      +20478    +32         -10    +21   15  36  114  -11  122  -18  122  -18   9  0  0 L3E DF
E07 FF 61060 004200  780 772 1043     +399002    +27           2     +4   13  38   83   +1   66   +2   66    2   7  0  0 L3E 61
E08 FF 61060 004200  780 281  546     +765396    +34         -16    -35   17  38  171  +30  164  +38  164   38  13  0  0 L3E 18
E13 FF 61060 004200  780 183 1497     +467801    +24          -8    +18   13  34  255  +79   88   -4   88   -4   7  0  0 L3E D6
E26 FF 61060 004200  780 658 1844    -1962287   -110         -19     -1   11  38   89   +5   43  -18   43  -18   6  0  0 L3E F5
E29 FF 61060 004200  780 396 2182    +1707773    +44          -5     +9   20  38  127  -17   38  -14   38  -14  12  0  0 L3E FE
E33 FF 61060 004200  780 501 3009      +20485     -8         -12    -19   15  38  105   -8  119   +3  119    3   9  0  0 L3E A5
E07 FF 61060 005800  780 741  837     +399010    -11         -12    -34   14  39   84   +2   75  +15   75   15   7  0  0 L3E B7
E08 FF 61060 005800  780 228  554     +765460   +111         -18    +43   18  39  206  +45  169  -15  169  -15  12  0  0 L3E 37
E13 FF 61060 005800  780 126 1519     +467807    +16          -8     +9   30  34  364 +160   86  -13   86  -13  17  0  0 L3E 00
E26 FF 61060 005800  780 594 1815    -1962390   -114         -18     -5   10  39   94   +7   34   +4   34    4   5  0  0 L3E BF
E29 FF 61060 005800  780 455 2213    +1707802    +57         -10    +22   16  39  113  -12   37  -16   37  -16  10  0  0 L3E 0C
E33 FF 61060 005800  780 547 2955      +20484    +27         -23    +16   14  39   99   -5  106  -28  106  -28   8  0  0 L3E F7
E07 FF 61060 011400  780 694  728     +399033    +39         -12    +16   12  41   86   +3   69  -16   69  -16   7  0  0 L3E D2
E08 FF 61060 011400  780 177  567     +765538   +106          -6    +37   20  41  262  +74  165  -41  165  -41  13  0  0 L3E 1E
E12 FF 61060 011400  780 109 3202     +200027    +37         -13     +9   19  40  421 -194  134  -41  134  -41  12  0  0 L3E 02
E26 FF 61060 011400  780 527 1803    -1962493   -102         -17     +7   11  41  101   +9   35   -6   35   -6   7  0  0 L3E C9
E29 FF 61060 011400  780 515 2246    +1707840    +10          -7    -25   12  41  103   -9   32  +14   32   14   7  0  0 L3E BD
E33 FF 61060 011400  780 585 2876      +20496     -9         -21    -20   11  41   95   -3   85   -6   85   -6   6  0  0 L3E 96
E07 FF 61060 013000  780 640  677     +399047    +17         -20     -6   14  43   90   +4   74   +5   74    5   8  0  0 L3E 81
E08 FF 61060 013000  780 127  586     +765593    +47         -16    -22   27  43  359 +137  164   +4  164    4  18  0  0 L3E 0C
E12 FF 61060 013000  780 160 3199     +200068     -9           1    -37   17  40  291  -92   98   +5   98    5  10  0  0 L3E A6
E26 FF 61060 013000  780 461 1799    -1962592    -92         -10    +17   15  43  112  +13   36   -2   36   -2   9  0  0 L3E E3
E29 FF 61060 013000  780 575 2283    +1707863    +48         -18    +13   12  43   96   -7   39   -2   39   -2   8  0  0 L3E D2
E33 FF 61060 013000  780 610 2768      +20503    +35         -25    +25   12  43   92   -2   72  -25   72  -25   7  0  0 L3E AC
E02 FF 61060 014600  780 112  430     -116856    -31           9     -3   35  44  407  -48  133  -35  133  -35  22  0  0 L3E DB
E07 FF 61060 014600  780 585  659     +399079    +20         -10     -3   13  44   95   +6   64   -6   64   -6   7  0  0 L3E A0
E12 FF 61060 014600  780 210 3188     +200088    +26         -10     -2   27  44  225  -52   97  -11   97  -11  16  0  0 L3E E6
E19 FF 61060 014600  780 154 2384   -26508406   -331          12    +10   31  44  301  -97   43  -12   43  -12  18  0  0 L3E 24
E26 FF 61060 014600  780 395 1800    -1962696   -110         -11     +0   16  44  127  +18   47  +16   47   16  10  0  0 L3E 08
E29 FF 61060 014600  780 634 2324    +1707901    +24         -13    -11   12  44   90   -5   42  +12   42   12   7  0  0 L3E BE
E33 FF 61060 014600  780 618 2642      +20524    +44         -14    +33   16  44   92   +0   53  -35   53  -35   9  0  0 L3E B5
E02 FF 61060 020200  780 121  379     -116887    -78           6    -49   28  46  376  -17  123   +2  123    2  17  0  0 L3E D2
E07 FF 61060 020200  780 530  659     +399095    +47         -17    +24   13  46  101   +8   68  -11   68  -11   7  0  0 L3E D6
E12 FF 61060 020200  780 258 3169     +200122    +55          -5    +27   16  46  185  -32   85  -18   85  -18  10  0  0 L3E EF
E19 FF 61060 020200  780 205 2420   -26508733   -346          11     -4   28  46  230  -56   33   -2   33   -2  17  0  0 L3E ED
E26 FF 61060 020200  780 330 1803    -1962798   -103         -10     +6   13  46  148  +27   54  +10   54   10   8  0  0 L3E EC
E29 FF 61060 020200  780 694 2369    +1707933    +70         -17    +35   11  46   86   -3   44  -18   44  -18   7  0  0 L3E F7
E33 FF 61060 020200  780 606 2514      +20534     +1         -14     -9   12  46   93   +2   42   -6   42   -6   7  0  0 L3E 5F
E02 FF 61060 021800  780 122  328     -116940    -61         -19    -32   32  47  372   +8  121   -8  121   -8  19  0  0 L3E DA
E07 FF 61060 021800  780 475  671     +399118    +48         -16    +24   14  47  109  +10   70  -13   70  -13   8  0  0 L3E E5
E10 FF 61060 021800  780 109 3270    +7657954    +48         -20    +22   20  45  421 -187   69  -25   69  -25  12  0  0 L3E 36
E12 FF 61060 021800  780 303 3139     +200139    +19         -15     -8   15  47  160  -21   82   -7   82   -7   9  0  0 L3E B9
E19 FF 61060 021800  780 255 2458   -26509070   -290           1    +52   22  47  187  -36   29  -40   29  -40  15  0  0 L3E 2D
E26 FF 61060 021800  780 266 1806    -1962901    -97          -8    +12   14  47  180  +41   62   -4   62   -4   9  0  0 L3E DE
E29 FF 61060 021800  780 752 2424    +1707972    +32         -13     -4   10  47   84   -2   43   +1   43    1   6  0  0 L3E 97
E30 FF 61060 021800  780 141  836    +6453526   +403           4     -3   23  46  328  -86   72  +46   72   46  14  0  0 L3E E3
E33 FF 61060 021800  780 576 2403      +20544    +21         -16    +10   18  47   96   +4   34  -12   34  -12  10  0  0 L3E B6
E02 FF 61060 023400  780 116  279     -116962    -29         -11     -1   31  49  393  +36  104  -22  104  -22  21  0  0 L3E F4
E07 FF 61060 023400  780 421  690     +399150    +50          -7    +27   12  49  120  +13   68  -13   68  -13   8  0  0 L3E CD
E10 FF 61060 023400  780 157 3255    +7657994    +38          -4    +12   16  45  297  -88   57  -11   57  -11  10  0  0 L3E 1C
E12 FF 61060 023400  780 343 3098     +200166    +42         -14    +14   17  49  143  -14   73  -16   73  -16  10  0  0 L3E F4
E19 FF 61060 023400  780 306 2498   -26509402   -347          -5     -6   24  49  159  -25   26   +4   26    4  14  0  0 L3E FB
E26 FF 61060 023400  780 203 1809    -1963012   -102         -16     +7   19  49  231  +68   66   -2   66   -2  12  0  0 L3E F1
E29 FF 61060 023400  780 810 2503    +1708015    +39          -4     +4    9  48   82   -1   39   -2   39   -2   6  0  0 L3E 89
E30 FF 61060 023400  780 176  789    +6453904   +410          -6     +5   28  46  265  -48   94   -6   94   -6  18  0  0 L3E F3
E33 FF 61060 023400  780 533 2317      +20555    +23         -15    +13   12  49  101   +6   30   -8   30   -8   7  0  0 L3E 90
E02 FF 61060 025000  780 101  232     -116993    -19         -13     +9   25  51  447  +80   87  -17   87  -17  16  0  0 L3E E7
E07 FF 61060 025000  780 369  714     +399172    +35          -8    +12   16  51  134  +17   72   +3   72    3   9  0  0 L3E A1
E10 FF 61060 025000  780 202 3231    +7658023    +12          -6    -14   32  51  233  -49   56  -12   56  -12  21  0  0 L3E E9
E12 FF 61060 025000  780 376 3046     +200199    +33          -7     +5   17  49  132   -9   61  -10   61  -10  10  0  0 L3E B9
E19 FF 61060 025000  780 357 2539   -26509723   -344           0     -2   20  51  138  -18   23   +3   23    3  11  0  0 L3E D1
E26 FF 61060 025000  780 142 1810    -1963120   -114         -20     -4   20  51  323 +134   67   -4   67   -4  12  0  0 L3E E9
E27 FF 61060 025000  780 102 1221    +8847110    +80         -41    -24   57  50  447 -216   93   +1   93    1  36  0  0 L3E EE
E29 FF 61060 025000  780 866 2717    +1708051    +23          -2    -12    8  48   81   +0   40  +10   40   10   4  0  0 L3E 99
E30 FF 61060 025000  780 205  738    +6454306   +428           5    +23   23  51  229  -29   85  -13   85  -13  15  0  0 L3E FB
E33 FF 61060 025000  780 481 2254      +20567    +40         -13    +30   13  50  108  +10   30  -14   30  -14   8  0  0 L3E B5
E07 FF 61060 030600  780 318  743     +399195     -4          -7    -27   17  52  153  +22   75  +14   75   14  11  0  0 L3E CB
E10 FF 61060 030600  780 243 3198    +7658045    +30         -10     +4   19  52  196  -30   56   -8   56   -8  12  0  0 L3E E6
E12 FF 61060 030600  780 400 2981     +200223    +10         -10    -18   10  49  125   -5   55   +2   55    2   6  0  0 L3E 8A
E19 FF 61060 030600  780 408 2582   -26510047   -369           2    -28   18  52  124  -13   26  +27   26   27  11  0  0 L3E 16
E27 FF 61060 030600  780 153 1189    +8847244   +103          -7     -2   20  50  305 -100   70   -9   70   -9  13  0  0 L3E EC
E29 FF 61060 030600  780 869  374    +1708084    +10          -3    -26   10  52   81   +0   43  +20   43   20   6  0  0 L3E A1
E30 FF 61060 030600  780 228  683    +6454682   +440          -9    +34   22  52  208  -17   92  -26   92  -26  13  0  0 L3E 11
E33 FF 61060 030600  780 424 2207      +20576     -2         -15    -12   10  50  119  +14   34  +11   34   11   6  0  0 L3E 9A
E07 FF 61060 032200  780 268  774     +399208    +34         -16    +11   16  53  178  +31   85  -11   85  -11  10  0  0 L3E F5
E10 FF 61060 032200  780 278 3156    +7658067     +0         -11    -26   17  54  173  -19   56  +10   56   10  10  0  0 L3E F1
E12 FF 61060 032200  780 413 2908     +200268    +50           8    +22   16  49  122   -2   39  -14   39  -14  10  0  0 L3E BF
E19 FF 61060 032200  780 460 2627   -26510380   -324          -6    +17   17  54  112  -10   38   -5   38   -5   9  0  0 L3E F5
E27 FF 61060 032200  780 203 1154    +8847343    +86          -9    -18   27  50  232  -56   55   -7   55   -7  16  0  0 L3E F6
E29 FF 61060 032200  780 815  614    +1708116    +33          -6     -3    9  54   82   +1   48   +5   48    5   5  0  0 L3E 6D
E30 FF 61060 032200  780 242  625    +6455083   +429           2    +23   22  54  196   -8   80  -29   80  -29  13  0  0 L3E EC
E33 FF 61060 032200  780 364 2173      +20593     -3          -8    -14   13  50  136  +20   37  +20   37   20   8  0  0 L3E 98
E07 FF 61060 033800  780 220  807     +399238    +34         -10    +11   20  55  214  +45   82   -7   82   -7  11  0  0 L3E C8
E10 FF 61060 033800  780 307 3105    +7658091    +30         -12     +4   19  54  158  -12   49  -10   49  -10  11  0  0 L3E F8
E11 FF 61060 033800  780 126 3320   -36698514  -1629         -10    +49   25  55  366 -119   46  -35   46  -35  16  0  0 L3E 7B
E12 FF 61060 033800  780 414 2831     +200292    +28           1     +0   22  55  122   +1   42   -5   42   -5  14  0  0 L3E 78
E19 FF 61060 033800  780 511 2673   -26510709   -354          -9    -13   12  55  104   -8   44  +13   44   13   7  0  0 L3E FE
E27 FF 61060 033800  780 251 1114    +8847441   +104         -11     +0   19  50  190  -34   43  -13   43  -13  12  0  0 L3E 00
E29 FF 61060 033800  780 760  699    +1708151    +72          -6    +36   15  55   83   +2   48  -21   48  -21   9  0  0 L3E D5
E30 FF 61060 033800  780 247  566    +6455453   +373         -18    -33   20  55  192   +0   89  +23   89   23  11  0  0 L3E 08
E33 FF 61060 033800  780 304 2146      +20613    +29           1    +18   13  50  159  +30   45   -1   45   -1   8  0  0 L3E 87
E07 FF 61060 035400  780 173  841     +399258    +42         -11    +19   19  57  268  +71   88   -5   88   -5  12  0  0 L3E F0
E10 FF 61060 035400  780 326 3045    +7658122    +44          -6    +18   16  54  150   -6   45  -15   45  -15  10  0  0 L3E EB
E11 FF 61060 035400  780 164 3288   -36700114  -1667           4    +11   23  57  283  -62   36   -3   36   -3  15  0  0 L3E 0F
E12 FF 61060 035400  780 402 2753     +200310    +64          -7    +36   13  56  125   +5   48  -20   48  -20   7  0  0 L3E B9
E19 FF 61060 035400  780 564 2722   -26511037   -361         -10    -20   16  56   97   -6   47  +12   47   12   9  0  0 L3E 02
E27 FF 61060 035400  780 296 1068    +8847548    +84          -4    -21   17  57  163  -22   38  +21   38   21  12  0  0 L3E 0E
E29 FF 61060 035400  780 706  760    +1708183    +29          -8     -7   12  57   86   +3   51   +8   51    8   7  0  0 L3E 91
E30 FF 61060 035400  780 243  509    +6455852   +419          -9    +13   16  55  195   +7   82  -18   82  -18   9  0  0 L3E FE
E33 FF 61060 035400  780 243 2125      +20608    +10         -18     -1   18  57  195  +47   63  +13   63   13  11  0  0 L3E C2
E07 FF 61060 041000  780 127  877     +399278    +40         -15    +17   26  59  360 +127   89  -23   89  -23  15  0  0 L3E 23
E10 FF 61060 041000  780 334 2980    +7658148    +24          -5     -2   19  54  146   -1   42   +3   42    3  10  0  0 L3E A2
E11 FF 61060 041000  780 197 3248   -36701743  -1684         -16     -6   24  59  238  -36   48   +8   48    8  13  0  0 L3E 2B
E12 FF 61060 041000  780 378 2681     +200333    +29         -11     +1   17  56  132   +9   54   +4   54    4  10  0  0 L3E 96
E19 FF 61060 041000  780 617 2773   -26511361   -369          -6    -27   15  56   92   -5   45  +15   45   15   8  0  0 L3E FE
E21 FF 61060 041000  780 126 1530    +7160934    +37          10    +11   28  59  367 -162   74  -26   74  -26  19  0  0 L3E 1F
E27 FF 61060 041000  780 336 1015    +8847643   +106         -10     +2   21  59  146  -15   65  +15   65   15  12  0  0 L3E 01
E29 FF 61060 041000  780 652  813    +1708208    +18         -17    -17   16  59   89   +4   57  +13   57   13   9  0  0 L3E D6
E30 FF 61060 041000  780 229  455    +6456247   +416          -3    +10   21  55  206  +16   69   -9   69   -9  13  0  0 L3E E8
E33 FF 61060 041000  780 182 2106      +20630     -8          -7    -19   21  59  255  +82   64  +11   64   11  14  0  0 L3E B0
E04 FF 61060 042600  780 117 2739     +470972   +103          -1     -5   29  59  394 -152   49  +38   49   38  19  0  0 L3E 19
E10 FF 61060 042600  780 332 2912    +7658182    +16           4    -10   15  60  147   +3   37   +8   37    8   9  0  0 L3E A6
E11 FF 61060 042600  780 223 3201   -36703356  -1749         -17    -71   27  60  211  -21   44  +39   44   39  17  0  0 L3E 44
E12 FF 61060 042600  780 344 2617     +200356    +32         -14     +4   24  56  142  +14   56   -9   56   -9  14  0  0 L3E C6
E19 FF 61060 042600  780 670 2827   -26511689   -345          -7     -4   12  56   88   -4   47   +5   47    5   7  0  0 L3E D9
E21 FF 61060 042600  780 183 1512    +7160951     +7           3    -18   19  60  257  -80   62  +11   62   11  12  0  0 L3E CD
E27 FF 61060 042600  780 370  953    +8847740    +81         -12    -24   16  60  134  -10   67  +11   67   11  11  0  0 L3E F7
E29 FF 61060 042600  780 598  862    +1708241    +38         -16     +2    9  60   93   +5   59   +6   59    6   5  0  0 L3E 9A
E30 FF 61060 042600  780 207  406    +6456634   +384          -6    -22   20  55  227  +28   68  +13   68   13  13  0  0 L3E FD
E33 FF 61060 042600  780 124 2090      +20645     +1          -2    -10   19  60  370 +169   60   +9   60    9  13  0  0 L3E 9C
E04 FF 61060 045400  780 198 2799     +471154   +113          -1     +5   20  59  238  -56   50  -19   50  -19  13  0  0 L3E FF
E10 FF 61060 045400  780 302 2797    +7658209    +27         -12     +1   17  61  160  +13   50   +5   50    5  10  0  0 L3E C2
E11 FF 61060 045400  780 248 3104   -36706170  -1658         -12    +20   14  61  192   -4   33  -13   33  -13   8  0  0 L3E 1E
E12 FF 61060 045400  780 269 2526     +200415    +40         -15    +11   24  63  177  +29   37  -10   37  -10  15  0  0 L3E F1
E19 FF 61060 045400  780 764 2945   -26512241   -347           6     -7   10  63   83   -2   33   -1   33   -1   6  0  0 L3E B8
E21 FF 61060 045400  780 285 1477    +7160995     -3           5    -28   21  63  169  -33   54   +7   54    7  12  0  0 L3E CC
E27 FF 61060 045400  780 406  828    +8847926   +121          -2    +17   15  61  124   -3   57  -12   57  -12   9  0  0 L3E F0
E29 FF 61060 045400  780 506  943    +1708312    +72          -5    +37    9  61  104   +8   59  -19   59  -19   5  0  0 L3E D7
E30 FF 61060 045400  780 151  337    +6457312   +372          -7    -34   16  63  305  +73   67  +12   67   12  10  0  0 L3E F4
E04 FF 61060 051000  780 246 2832     +471247   +120         -11    +12   24  65  194  -37   48  -23   48  -23  15  0  0 L3E 0D
E10 FF 61060 051000  780 272 2738    +7658237    +14         -10    -12   19  61  176  +21   53  +15   53   15  11  0  0 L3E FC
E11 FF 61060 051000  780 249 3044   -36707791  -1653         -22    +25   22  61  191   +3   37  -11   37  -11  13  0  0 L3E 31
E12 FF 61060 051000  780 221 2483     +200452    +41          -9    +12   20  65  213  +47   40   +3   40    3  14  0  0 L3E 93
E19 FF 61060 051000  780 818 3057   -26512583   -374          -9    -34   14  65   82   -1   38  +17   38   17   8  0  0 L3E 04
E21 FF 61060 051000  780 344 1452    +7161011    +79          -4    +54   15  65  143  -22   46  -49   46  -49  10  0  0 L3E 00
E27 FF 61060 051000  780 411  752    +8848023   +106          -5     +2   13  61  123   +0   56   -3   56   -3   8  0  0 L3E 9B
E29 FF 61060 051000  780 454  988    +1708339    +34         -11     -1   15  61  113  +10   71  +10   71   10   9  0  0 L3E C5
E30 FF 61060 051000  780 112  308    +6457661   +476         -48    +71   28  65  404 +143   87  -26   87  -26  17  0  0 L3E 3F
E04 FF 61060 052600  780 295 2863     +471360    +88          -1    -20   17  66  164  -26   35  +13   35   13  11  0  0 L3E E6
E10 FF 61060 052600  780 235 2685    +7658271    +27           0     +1   16  61  202  +33   56   +7   56    7  10  0  0 L3E B0
E11 FF 61060 052600  780 240 2984   -36709372  -1639           8    +39   17  61  197  +11   17  -30   17  -30  10  0  0 L3E 3C
E12 FF 61060 052600  780 170 2447     +200480    +88          -9    +59   32  65  273  +82   50  -18   50  -18  20  0  0 L3E F6
E19 FF 61060 052600  780 867 3408   -26512891   -324          12    +16   12  66   81   +0   27   -9   27   -9   6  0  0 L3E ED
E21 FF 61060 052600  780 402 1420    +7161035    -22          -5    -47   21  66  125  -15   39  +32   39   32  13  0  0 L3E E6
E27 FF 61060 052600  780 404  679    +8848131   +118           1    +13   16  66  125   +3   51   -2   51   -2   9  0  0 L3E B2
E29 FF 61060 052600  780 402 1030    +1708382    +68          -2    +33   17  61  125  +14   74   -7   74   -7  10  0  0 L3E DA
E04 FF 61060 054200  780 346 2891     +471448   +152         -16    +44   17  66  142  -19   40  -29   40  -29  10  0  0 L3E 1D
E10 FF 61060 054200  780 192 2638    +7658294    +11          -3    -15   28  68  243  +55   50   -9   50   -9  18  0  0 L3E F5
E11 FF 61060 054200  780 222 2926   -36711000  -1725          -8    -47   16  68  212  +21   32  +34   32   34  10  0  0 L3E 1B
E12 FF 61060 054200  780 118 2414     +200511    +31          -5     +2   48  65  387 +167   63  +16   63   16  28  0  0 L3E DD
E19 FF 61060 054200  780 857  824   -26513220   -354          12    -14   11  68   81   +1   32  +11   32   11   7  0  0 L3E CD
E21 FF 61060 054200  780 458 1377    +7161046   +105         -18    +80   19  66  113  -11   64  -28   64  -28  10  0  0 L3E 2D
E23 FF 61060 054200  780 112 1822     +225486    +33         -25    +21   25  68  411 -209   94   -2   94   -2  16  0  0 L3E ED
E27 FF 61060 054200  780 385  612    +8848227   +131          -2    +26   21  68  129   +7   51  -16   51  -16  12  0  0 L3E F8
E29 FF 61060 054200  780 351 1072    +1708416    +67          -3    +32   14  68  140  +18   81   -9   81   -9   8  0  0 L3E DA
E36 FF 61060 054200  780 108 3407    +5115978    +50           1     -3   27  66  421  -85   22   +1   22    1  17  0  0 L3E AF
E04 FF 61060 055800  780 398 2915     +471560   +159          -7    +51   12  69  126  -14   31  -33   31  -33   7  0  0 L3E FF
E06 FF 61060 055800  780 147 2910    +2217771    +48          -4     -1   36  69  316 -102   32   -1   32   -1  23  0  0 L3E DA
E10 FF 61060 055800  780 146 2597    +7658314    +13          -9    -13   26  68  315 +100   40   +5   40    5  15  0  0 L3E E7
E11 FF 61060 055800  780 195 2872   -36712596  -1663           7    +14   18  68  239  +36   26   +8   26    8  13  0  0 L3E 27
E19 FF 61060 055800  780 804 1062   -26513568   -367         -10    -27   14  69   82   +1   44  +16   44   16   7  0  0 L3E 0E
E21 FF 61060 055800  780 510 1320    +7161078    +51         -11    +26   16  66  104   -7   71  -10   71  -10  10  0  0 L3E E7
E23 FF 61060 055800  780 171 1823     +225496    +37         -26    +25   18  69  274  -95   96  -25   96  -25  11  0  0 L3E 2A
E27 FF 61060 055800  780 357  555    +8848329   +140           0    +36   20  69  138  +11   47  -20   47  -20  11  0  0 L3E 03
E29 FF 61060 055800  780 300 1112    +1708452     +9          -2    -26   14  69  161  +26   87  +32   87   32   9  0  0 L3E DF
E36 FF 61060 055800  780 126 3360    +5116022    +71          -6    +17   29  66  363  -41   30   -4   30   -4  19  0  0 L3E DD
E04 FF 61060 061400  780 451 2934     +471660   +109          -9     +2   13  71  114  -11   33   -2   33   -2   8  0  0 L3E AA
E06 FF 61060 061400  780 196 2936    +2217807    +70         -15    +21   22  71  240  -60   38  -13   38  -13  15  0  0 L3E 12
E11 FF 61060 061400  780 162 2822   -36714226  -1684         -13     -7   33  68  285  +62   44  +20   44   20  20  0  0 L3E 2D
E19 FF 61060 061400  780 746 1156   -26513894   -392         -10    -52   11  71   84   +2   48  +31   48   31   6  0  0 L3E 08
E21 FF 61060 061400  780 554 1244    +7161093     -6         -19    -32   14  71   98   -5   75  +11   75   11   8  0  0 L3E C9
E23 FF 61060 061400  780 231 1826     +225526    +33          -8    +21   20  71  206  -53   77  -16   77  -16  13  0  0 L3E EC
E27 FF 61060 061400  780 321  510    +8848418    +81         -11    -23   14  69  151  +17   57  +20   57   20   9  0  0 L3E E8
E29 FF 61060 061400  780 249 1150    +1708486    +27          -3     -8   21  70  191  +37  110  +42  110   42  13  0  0 L3E FC
E36 FF 61060 061400  780 136 3309    +5116082    +71           3    +17   25  66  337  -14   22  -19   22  -19  16  0  0 L3E F8
E04 FF 61060 063000  780 506 2946     +471767   +120          -4    +12   11  72  105   -9   33   -3   33   -3   7  0  0 L3E B0
E06 FF 61060 063000  780 246 2958    +2217866    +52          -6     +3   22  73  194  -39   29   +1   29    1  13  0  0 L3E CE
E11 FF 61060 063000  780 124 2777   -36715846  -1658         -22    +19   33  68  369 +118   60   -2   60   -2  20  0  0 L3E 4D
E19 FF 61060 063000  780 688 1219   -26514213   -356           2    -16   14  73   87   +4   53  +26   53   26   8  0  0 L3E ED
E21 FF 61060 063000  780 587 1146    +7161136    +23          -2     -2   11  73   95   -3   63   -1   63   -1   6  0  0 L3E 8D
E23 FF 61060 063000  780 293 1829     +225537    +33          -9    +21   16  73  165  -33   79  -16   79  -16  11  0  0 L3E 03
E27 FF 61060 063000  780 279  475    +8848517   +113         -12     +9   17  69  172  +25   68   +7   68    7  11  0  0 L3E F7
E29 FF 61060 063000  780 198 1186    +1708511    +40         -12     +4   23  70  236  +58  144  +48  144   48  14  0  0 L3E 20
E36 FF 61060 063000  780 137 3257    +5116144    +51           4     -3   27  73  334   +7   18   +0   18    0  18  0  0 L3E 9A
E04 FF 61060 064600  780 561 2947     +471874   +112           0     +4   12  72   97   -7   35   -2   35   -2   7  0  0 L3E 94
E06 FF 61060 064600  780 297 2976    +2217918    +39          -3    -11   22  74  163  -27   31   +5   31    5  14  0  0 L3E E1
E19 FF 61060 064600  780 629 1269   -26514551   -361         -10    -21   15  74   91   +5   73  +19   73   19   9  0  0 L3E 14
E21 FF 61060 064600  780 605 1030    +7161155    +40          -8    +14   15  74   93   -1   65   -8   65   -8   9  0  0 L3E B0
E23 FF 61060 064600  780 356 1833     +225549     +3          -8     -9   20  73  139  -22   74   +3   74    3  12  0  0 L3E A6
E27 FF 61060 064600  780 234  451    +8848629    +83          -1    -22   20  69  202  +39   76  +26   76   26  12  0  0 L3E FE
E29 FF 61060 064600  780 148 1221    +1708552    -15          -5    -50   37  70  311 +103  195  +95  195   95  21  0  0 L3E 3A
E36 FF 61060 064600  780 130 3204    +5116192    +39           0    -15   25  74  351  +31   21   +1   21    1  14  0  0 L3E A7
E04 FF 61060 070200  780 616 2932     +471982   +134           2    +26   14  76   92   -5   38   -6   38   -6   8  0  0 L3E B0
E06 FF 61060 070200  780 349 2988    +2217968    +53          -2     +4   17  76  141  -19   33   +4   33    4  10  0  0 L3E CC
E09 FF 61060 070200  780 115 3020    +1804499   +101         -13    -52   15  76  401 -170   32  +34   32   34   9  0  0 L3E 08
E19 FF 61060 070200  780 569 1313   -26514879   -358         -14    -18   11  76   96   +7   90  +31   90   31   6  0  0 L3E 17
E21 FF 61060 070200  780 605  908    +7161175    +23         -12     -3    8  76   93   +1   70   +1   70    1   5  0  0 L3E 6D
E23 FF 61060 070200  780 420 1835     +225556    +14         -15     +1   16  76  121  -16   80   +1   80    1  10  0  0 L3E A3
E27 FF 61060 070200  780 186  436    +8848720   +147          -8    +43   17  76  251  +64  104   +2  104    2  12  0  0 L3E FB
E36 FF 61060 070200  780 114 3153    +5116234    +55         -10     +1   19  74  397  +66   29   +9   29    9  12  0  0 L3E DA
E04 FF 61060 071800  780 669 2890     +472081   +116          -4     +8   12  77   88   -4   49   +2   49    2   7  0  0 L3E A7
E06 FF 61060 071800  780 403 2993    +2218021    +22           3    -27   11  77  125  -14   38  +25   38   25   8  0  0 L3E D9
E09 FF 61060 071800  780 165 3038    +1804668   +159           9     +6   26  77  283  -86   26  +13   26   13  16  0  0 L3E 0C
E19 FF 61060 071800  780 509 1352   -26515200   -332          -8     +8   13  76  104   +9  107  +12  107   12   8  0  0 L3E 06
E21 FF 61060 071800  780 587  797    +7161212    +49           0    +23   14  77   94   +3   66   -8   66   -8   8  0  0 L3E AE
E23 FF 61060 071800  780 485 1836     +225572    +23         -11    +11   12  77  108  -11   85   -4   85   -4   7  0  0 L3E D3
E27 FF 61060 071800  780 137  429    +8848835   +129           7    +25   23  77  336 +120  121  +27  121   27  14  0  0 L3E 32
E04 FF 61060 073400  780 718 2800     +472184   +142          -5    +34    8  79   85   -2   55  -12   55  -12   5  0  0 L3E C5
E06 FF 61060 073400  780 456 2988    +2218053    +23          -8    -26   11  79  113  -11   50  +21   50   21   6  0  0 L3E E0
E09 FF 61060 073400  780 216 3051    +1804782   +159         -22     +6   20  79  219  -51   57   +6   57    6  12  0  0 L3E F2
E19 FF 61060 073400  780 449 1387   -26515530   -339         -12     +1   19  76  114  +12  123  +18  123   18  11  0  0 L3E 43
E21 FF 61060 073400  780 555  710    +7161238    +14           3    -12   10  79   98   +5   72  +13   72   13   6  0  0 L3E A0
E23 FF 61060 073400  780 550 1830     +225594    -13           1    -25   15  79   99   -8   79   +6   79    6   9  0  0 L3E A3
E04 FF 61060 075000  780 753 2632     +472295   +134           1    +26    9  81   84   -1   59   -7   59   -7   5  0  0 L3E A1
E06 FF 61060 075000  780 509 2970    +2218094    +35         -14    -14   12  80  104   -8   63  +20   63   20   8  0  0 L3E DD
E09 FF 61060 075000  780 268 3059    +1804938   +178         -13    +25   20  81  179  -34   57   -8   57   -8  13  0  0 L3E 27
E19 FF 61060 075000  780 390 1419   -26515832   -319           2    +21   18  81  128  +17  122  +11  122   11  11  0  0 L3E 24
E21 FF 61060 075000  780 514  648    +7161254    +25          -4     +0   13  81  103   +7   88  +18   88   18   8  0  0 L3E B7
E23 FF 61060 075000  780 615 1815     +225598    +33          -7    +21    9  79   92   -6   82  -12   82  -12   6  0  0 L3E BB
E31 FF 61060 075000  780 153 2115    +1135394    +34         -15     +8   22  81  305 -111  178  -23  178  -23  13  0  0 L3E 2D
E04 FF 61060 080600  780 763 2388     +472393    +71          -6    -37   14  82   83   +0   76  +35   76   35   9  0  0 L3E CF
E06 FF 61060 080600  780 559 2933    +2218145    +76         -11    +27   14  80   98   -6   68   -8   68   -8   8  0  0 L3E E5
E09 FF 61060 080600  780 320 3060    +1805087   +146         -11     -7   19  81  152  -23   66  +22   66   22  11  0  0 L3E 01
E19 FF 61060 080600  780 330 1449   -26516166   -382          -7    -41   18  82  148  +24  148  +58  148   58  10  0  0 L3E 60
E21 FF 61060 080600  780 467  607    +7161278    +60          -4    +34   10  82  111   +9  107   -1  107   -1   6  0  0 L3E C3
E23 FF 61060 080600  780 677 1779     +225607    +64          -9    +52   12  79   87   -4   85  -31   85  -31   7  0  0 L3E E4
E31 FF 61060 080600  780 209 2138    +1135433    +49           0    +23   27  82  226  -60  148  -32  148  -32  18  0  0 L3E 1A
E04 FF 61060 082200  780 740 2162     +472504   +146           1    +38   10  84   84   +2   81  -12   81  -12   6  0  0 L3E B3
E06 FF 61060 082200  780 604 2870    +2218192    +51         -12     +2   12  80   93   -4   74   +4   74    4   6  0  0 L3E 97
E09 FF 61060 082200  780 372 3051    +1805235   +176         -15    +23   19  84  134  -16   77   +0   77    0  11  0  0 L3E F5
E19 FF 61060 082200  780 271 1476   -26516481   -355           3    -15   16  83  176  +36  171  +34  171   34  11  0  0 L3E 42
E21 FF 61060 082200  780 416  584    +7161304    +23          -2     -3   14  84  121  +13  130  +30  130   30   8  0  0 L3E C1
E23 FF 61060 082200  780 735 1700     +225619    +35         -10    +23   12  79   84   -2   88   -8   88   -8   7  0  0 L3E BD
E31 FF 61060 082200  780 266 2163    +1135467     -2           9    -27   20  84  180  -37  123   +1  123    1  13  0  0 L3E CA
E04 FF 61060 083800  780 695 2019     +472603   +134          -5    +25   13  85   86   +3   95   +0   95    0   7  0  0 L3E AB
E06 FF 61060 083800  780 640 2773    +2218239    +36         -12    -14   12  80   90   -2   84  +17   84   17   7  0  0 L3E E0
E09 FF 61060 083800  780 423 3031    +1805400   +158           3     +4   12  85  120  -12   75   +2   75    2   7  0  0 L3E A6
E19 FF 61060 083800  780 213 1500   -26516823   -385         -12    -45   19  83  220  +58  211  +65  211   65  12  0  0 L3E 58
E21 FF 61060 083800  780 364  574    +7161326    +42          -5    +16   15  85  136  +17  160  +20  160   20   8  0  0 L3E F3
E23 FF 61060 083800  780 782 1528     +225647    -17           8    -29    9  85   83   -1   86  +28   86   28   5  0  0 L3E C3
E31 FF 61060 083800  780 324 2191    +1135490    +40           6    +14   19  85  151  -25  113  -11  113  -11  10  0  0 L3E 00
E04 FF 61060 085400  780 639 1939     +472705   +148          -7    +40   11  85   90   +5  112   -6  112   -6   6  0  0 L3E D9
E06 FF 61060 085400  780 661 2643    +2218299    +43           0     -6   16  87   88   -1   89  +19   89   19   9  0  0 L3E D3
E09 FF 61060 085400  780 471 2996    +1805540   +157          -5     +4   17  85  110   -9   91  +11   91   11  10  0  0 L3E ED
E19 FF 61060 085400  780 156 1521   -26517136   -332          -4     +8   22  87  297 +106  237  +37  237   37  15  0  0 L3E 5A
E23 FF 61060 085400  780 801 1215     +225647     +5          -3     -8   11  86   82   +0  105  +19  105   19   7  0  0 L3E AA
E31 FF 61060 085400  780 382 2221    +1135505     -3          -4    -29   14  87  131  -18  121  +25  121   25   9  0  0 L3E EB
E04 FF 61060 091000  780 578 1896     +472809   +119          -9    +11   11  89   95   +7  116   +3  116    3   6  0  0 L3E D7
E06 FF 61060 091000  780 661 2493    +2218342    +41          -3     -8   14  89   88   +1  104  +15  104   15   8  0  0 L3E D1
E09 FF 61060 091000  780 513 2942    +1805690   +172           0    +18   15  89  103   -6   99   -2   99   -2   9  0  0 L3E D8
E21 FF 61060 091000  780 259  580    +7161384    +64           6    +39   17  86  184  +35  234  +25  234   25  10  0  0 L3E 08
E23 FF 61060 091000  780 780  917     +225671    +19           9     +7    7  86   83   +1  105   -3  105   -3   4  0  0 L3E 7E
E31 FF 61060 091000  780 441 2255    +1135537     +7           1    -19   20  89  116  -13  125  +12  125   12  12  0  0 L3E E4
E04 FF 61060 092600  780 514 1873     +472919   +111          -4     +2   10  90  103  +10  124  +13  124   13   6  0  0 L3E DB
E05 FF 61060 092600  780 105 3204      -65384    -38           7     -9   26  90  437 -203   95  +32   95   32  16  0  0 L3E DB
E06 FF 61060 092600  780 641 2355    +2218394    +57           1     +7   15  90   90   +2  109   +1  109    1   9  0  0 L3E A3
E09 FF 61060 092600  780 548 2867    +1805849   +181          11    +28   14  90   99   -4   93   -6   93   -6   9  0  0 L3E F5
E13 FF 61060 092600  780 103  558     +468038     -5           2    -12   41  88  440 -120  416   -7  416   -7  27  0  0 L3E DC
E21 FF 61060 092600  780 208  594    +7161408    -11           5    -37   21  86  225  +54  295  +98  295   98  13  0  0 L3E 21
E23 FF 61060 092600  780 735  763     +225675     +7           1     -5   10  86   84   +2  112   +8  112    8   6  0  0 L3E 72
E31 FF 61060 092600  780 499 2291    +1135550    +22         -11     -4   18  89  106   -9  132   +6  132    6  11  0  0 L3E E4
E04 FF 61060 094200  780 450 1860     +473022   +122          -7    +13   14  92  114  +13  143   +9  143    9   8  0  0 L3E D6
E05 FF 61060 094200  780 154 3197      -65416     -6           1    +22   20  92  302  -95  123  +14  123   14  13  0  0 L3E CB
E06 FF 61060 094200  780 603 2246    +2218430    +51         -11     +1   13  92   93   +4  122  +13  122   13   7  0  0 L3E C6
E09 FF 61060 094200  780 570 2771    +1805985   +158           0     +4   18  92   96   -2  112   +7  112    7  10  0  0 L3E D1
E13 FF 61060 094200  780 129  509     +468043    +18           2    +11   22  92  356  -60  407   +1  407    1  16  0  0 L3E BF
E21 FF 61060 094200  780 158  612    +7161425     -2           0    -27   15  92  293  +90  398 +131  398  131   9  0  0 L3E 0D
E23 FF 61060 094200  780 682  698     +225692    +40           6    +28   15  86   87   +3  118   -5  118   -5   9  0  0 L3E BD
E31 FF 61060 094200  780 558 2330    +1135576    +36         -10    +10   15  89   98   -7  134   +0  134    0   8  0  0 L3E D2
E04 FF 61060 095800  780 385 1853     +473127    +98          -7    -11   15  93  129  +19  167  +35  167   35   9  0  0 L3E 21
E05 FF 61060 095800  780 201 3182      -65439    +33           4    +62   20  93  234  -53  146   +0  146    0  13  0  0 L3E BE
E06 FF 61060 095800  780 554 2168    +2218479    +70         -10    +20   15  92   98   +6  134   +7  134    7   8  0  0 L3E E9
E09 FF 61060 095800  780 576 2661    +1806139   +171           7    +17   13  93   96   +0  119   +2  119    2   7  0  0 L3E DC
E13 FF 61060 095800  780 147  457     +468044     +2          -4     -5   28  92  314  -30  410   -2  410   -2  17  0  0 L3E B9
E21 FF 61060 095800  780 109  635    +7161446    -16          -4    -41   27  93  416 +178  523 +155  523  155  19  0  0 L3E 5B
E23 FF 61060 095800  780 626  676     +225684    +62         -12    +50   15  93   91   +5  148   -3  148   -3   8  0  0 L3E D4
E31 FF 61060 095800  780 616 2374    +1135604    +22          -7     -4   14  89   92   -5  139  +12  139   12   8  0  0 L3E E1
E04 FF 61060 101400  780 321 1850     +473228   +104         -10     -5   13  94  151  +28  200  +44  200   44   7  0  0 L3E E7
E05 FF 61060 101400  780 247 3159      -65467     -3           3    +26   20  95  193  -33  182  +11  182   11  12  0  0 L3E D2
E06 FF 61060 101400  780 499 2114    +2218524    +46         -13     -4   14  92  105   +9  153  +19  153   19   7  0  0 L3E F7
E09 FF 61060 101400  780 565 2551    +1806280   +143           2    -10   15  95   97   +2  132  +16  132   16   9  0  0 L3E E3
E13 FF 61060 101400  780 157  403     +468054     -7          -1    -14   25  92  295  -10  397  -20  397  -20  17  0  0 L3E F5
E23 FF 61060 101400  780 570  676     +225707    +63          -1    +51   13  95   96   +6  173  +20  173   20   7  0  0 L3E BE
E26 FF 61060 101400  780 131  909    -1966032   -130         -17    -20   39  95  352 -116  571   -8  571   -8  24  0  0 L3E 36
E31 FF 61060 101400  780 674 2424    +1135633    +21          -4     -5   13  95   88   -4  145  +13  145   13   8  0  0 L3E CC
E04 FF 61060 103000  780 258 1848     +473346    +88           3    -20   12  94  184  +42  226  +45  226   45   7  0  0 L3E F6
E05 FF 61060 103000  780 288 3126      -65489    -25          10     +4   13  97  167  -21  208  +45  208   45   9  0  0 L3E E5
E06 FF 61060 103000  780 440 2076    +2218583    +34          -4    -16   15  97  116  +13  162  +31  162   31  10  0  0 L3E 04
E09 FF 61060 103000  780 539 2452    +1806420   +133          -6    -21   16  97  100   +4  151  +30  151   30  10  0  0 L3E F8
E13 FF 61060 103000  780 158  350     +468042    +83         -19    +76   25  92  293   +6  370 -180  370 -180  16  0  0 L3E 2F
E23 FF 61060 103000  780 515  689     +225709     +3         -13    -10   15  97  103   +8  234  +77  234   77   9  0  0 L3E DC
E26 FF 61060 103000  780 173  866    -1966124   -108          -5     +2   23  97  270  -62  541  -20  541  -20  13  0  0 L3E 14
E31 FF 61060 103000  780 732 2484    +1135654    +49          -6    +23   10  97   84   -3  160   +1  160    1   6  0  0 L3E B4
E04 FF 61060 104600  780 197 1846     +473449    +92           2    -17   16  98  238  +71  265  +65  265   65  10  0  0 L3E 1F
E05 FF 61060 104600  780 324 3083      -65512    -18          15    +11   17  98  151  -14  256  +26  256   26  10  0  0 L3E F9
E06 FF 61060 104600  780 379 2050    +2218629    +52          -7     +2   15  98  131  +19  191  +39  191   39   9  0  0 L3E 0B
E09 FF 61060 104600  780 500 2371    +1806566   +131          -8    -22   14  98  105   +7  170  +36  170   36   8  0  0 L3E 0B
E13 FF 61060 104600  780 150  297     +468070     -7           1    -14   24  92  308  +25  288  -71  288  -71  16  0  0 L3E F6
E23 FF 61060 104600  780 461  709     +225725    +41          -9    +29   16  98  112  +10  310  +53  310   53  10  0  0 L3E E6
E26 FF 61060 104600  780 210  817    -1966242    -98         -18    +12   23  98  224  -36  536  -22  536  -22  14  0  0 L3E 3B
E31 FF 61060 104600  780 789 2566    +1135686    +43           0    +17   12  97   82   -2  176  +21  176   21   7  0  0 L3E E9
E04 FF 61060 110200  780 137 1843     +473558   +105           6     -4   18 100  335 +140  310  +51  310   51  12  0  0 L3E FE
E05 FF 61060 110200  780 352 3029      -65549    -31           5     -2   13 100  140   -9  263  -15  263  -15   8  0  0 L3E C5
E06 FF 61060 110200  780 317 2030    +2218680    +19          -4    -31   12  99  153  +27  225  +62  225   62   7  0  0 L3E FE
E09 FF 61060 110200  780 452 2308    +1806711   +159         -11     +5   13 100  114  +10  191  +21  191   21   8  0  0 L3E 08
E13 FF 61060 110200  780 133  249     +468049    +51         -23    +44   25 100  344  +52  297   -8  297   -8  17  0  0 L3E 0A
E23 FF 61060 110200  780 408  735     +225730    +16         -15     +4   13 100  123  +13  375  +56  375   56   7  0  0 L3E E7
E26 FF 61060 110200  780 242  764    -1966335   -100          -5    +10   20 100  196  -22  499  -31  499  -31  11  0  0 L3E 34
E31 FF 61060 110200  780 843 2734    +1135715    +23           4     -3   10  97   81   -1  201  +32  201   32   6  0  0 L3E A7
E33 FF 61060 110200  780 118 1254      +20898    -26          -7    -37   75 100  392 -177  646  +40  646   40  44  0  0 L3E 29
E05 FF 61060 111800  780 371 2966      -65572    -16          10    +12   17 101  134   -5  260  +15  260   15  10  0  0 L3E E8
E06 FF 61060 111800  780 256 2014    +2218734    +82           2    +32   15  99  186  +42  269  +33  269   33   9  0  0 L3E 0D
E09 FF 61060 111800  780 399 2259    +1806861   +152          -9     -1   18 101  126  +15  218  +35  218   35  11  0  0 L3E 34
E13 FF 61060 111800  780 109  205     +468069    +10          -9     +4   27 101  415 +103  272  -31  272  -31  19  0  0 L3E 04
E23 FF 61060 111800  780 357  765     +225757    -24           0    -36   21 101  138  +18  419  +86  419   86  13  0  0 L3E 0E
E26 FF 61060 111800  780 266  706    -1966435   -162           0    -52   20 101  180  -13  490  +31  490   31  11  0  0 L3E 15
E31 FF 61060 111800  780 875 3533    +1135742    +38           7    +12   12  97   81   +0  233  +35  233   35   7  0  0 L3E D8
E33 FF 61060 111800  780 171 1225      +20904    -13         -12    -25   26 101  273  -85  651  -29  651  -29  17  0  0 L3E 24
E05 FF 61060 113400  780 380 2897      -65618    -62          -9    -33   20 103  131   -1  291  +32  291   32  12  0  0 L3E F2
E06 FF 61060 113400  780 197 2001    +2218773    +27          -7    -23   23  99  238  +70  323  +58  323   58  15  0  0 L3E 28
E09 FF 61060 113400  780 343 2221    +1807021   +155           2     +1   20 103  143  +22  241  +27  241   27  11  0  0 L3E F0
E23 FF 61060 113400  780 307  797     +225761    +31          -6    +19   15 103  158  +24  476  +55  476   55  10  0  0 L3E 14
E26 FF 61060 113400  780 280  644    -1966548   -105          -9     +5   38 103  171   -6  464  -17  464  -17  22  0  0 L3E 2C
E31 FF 61060 113400  780 834  542    +1135756     +5          -4    -20   11 103   81   +1  290  +37  290   37   6  0  0 L3E C5
E33 FF 61060 113400  780 225 1191      +20926     -6          -1    -17   21 103  211  -49  604  -36  604  -36  13  0  0 L3E F2
E03 FF 61060 115000  780 120 3310      -52107    +26          10     +4   32 105  381 -117  492   +8  492    8  23  0  0 L3E CF
E05 FF 61060 115000  780 377 2825      -65641    -49          -6    -20   17 104  132   +3  295  +17  295   17  11  0  0 L3E FC
E06 FF 61060 115000  780 138 1988    +2218819    +27         -10    -23   21 105  332 +135  363  +57  363   57  16  0  0 L3E 59
E09 FF 61060 115000  780 285 2191    +1807166   +166           0    +12   17 105  169  +32  267  +22  267   22  10  0  0 L3E 2B
E23 FF 61060 115000  780 258  831     +225773     +4          -5     -9   19 103  184  +33  518  +18  518   18  13  0  0 L3E ED
E26 FF 61060 115000  780 285  581    -1966652   -129          -7    -19   21 103  168   +0  434  -41  434  -41  13  0  0 L3E 30
E31 FF 61060 115000  780 781  686    +1135775    +45         -10    +19   13 105   83   +2  313  -10  313  -10   9  0  0 L3E F4
E33 FF 61060 115000  780 277 1153      +20926     +7         -13     -4   18 105  173  -30  546  -80  546  -80  12  0  0 L3E FF
E03 FF 61060 120600  780 155 3275      -52085    +10          11    -13   26 106  299  -61  522   -3  522   -3  17  0  0 L3E EA
E05 FF 61060 120600  780 362 2754      -65664     -4          -1    +25   18 104  136   +7  292  -21  292  -21  10  0  0 L3E EA
E09 FF 61060 120600  780 227 2166    +1807316   +103           1    -51   15 106  208  +52  296  +46  296   46   9  0  0 L3E 28
E23 FF 61060 120600  780 210  866     +225779     -7         -11    -19   16 103  223  +49  560  +39  560   39  10  0  0 L3E 0F
E26 FF 61060 120600  780 280  519    -1966759    -70         -10    +40   23 106  171   +6  365 -104  365 -104  13  0  0 L3E 4E
E31 FF 61060 120600  780 727  766    +1135806    +16          -5    -10   12 106   85   +3  315  +26  315   26   6  0  0 L3E DE
E33 FF 61060 120600  780 326 1107      +20942    +15          -6     +5   18 106  150  -20  484  -40  484  -40  11  0  0 L3E ED
E03 FF 61060 122200  780 183 3233      -52072    -27          -2    -50   24 108  255  -35  495  -15  495  -15  17  0  0 L3E 18
E05 FF 61060 122200  780 338 2688      -65697    -37          -7     -8   18 104  145  +11  309  +26  309   26  11  0  0 L3E 0B
E09 FF 61060 122200  780 169 2145    +1807455   +155          -8     +1   19 108  275  +91  322  +23  322   23  13  0  0 L3E 2A
E12 FF 61060 122200  780 120 1573     +201214    +61          -5    +31   23 108  384 -184  486  -77  486  -77  14  0  0 L3E 3C
E23 FF 61060 122200  780 163  902     +225789    -17         -11    -28   30 108  283  +79  558  -12  558  -12  19  0  0 L3E 3B
E26 FF 61060 122200  780 264  462    -1966846    -82           8    +28   20 108  181  +13  280 -117  280 -117  12  0  0 L3E 48
E31 FF 61060 122200  780 674  829    +1135834     +3          -2    -23   11 108   87   +4  313   -2  313   -2   6  0  0 L3E AE
E33 FF 61060 122200  780 371 1052      +20957    +25          -1    +14   22 108  134  -13  427  -64  427  -64  13  0  0 L3E 05
E03 FF 61060 123800  780 205 3185      -52032    +14          15     -9   21 109  229  -19  420 -160  420 -160  14  0  0 L3E 19
E05 FF 61060 123800  780 305 2629      -65718    -41           0    -13   13 104  159  +18  321  +39  321   39   9  0  0 L3E EE
E09 FF 61060 123800  780 113 2125    +1807594   +185         -15    +31   20 109  404 +193  349   +8  349    8  13  0  0 L3E 4A
E12 FF 61060 123800  780 180 1560     +201235    +28         -12     -1   19 109  261  -87  458  -15  458  -15  11  0  0 L3E 25
E23 FF 61060 123800  780 117  938     +225795    +19         -16     +7   53 108  388 +147  553  -34  553  -34  33  0  0 L3E 48
E25 FF 61060 123800  780 103 2760     -218685    +34           2    +35   42 109  443 -192  339  +56  339   56  29  0  0 L3E 39
E26 FF 61060 123800  780 240  411    -1966963   -133          -3    -23   24 108  197  +23  201  -78  201  -78  15  0  0 L3E 42
E31 FF 61060 123800  780 620  883    +1135857    +19          -4     -7   12 109   91   +5  295  -22  295  -22   7  0  0 L3E F1
E33 FF 61060 123800  780 408  987      +20952    -16         -17    -27   14 109  124   -9  378  -65  378  -65   9  0  0 L3E 1E
E03 FF 61060 125400  780 217 3132      -52052    -12         -28    -35   23 111  217   -8  294 -125  294 -125  16  0  0 L3E 30
E05 FF 61060 125400  780 265 2577      -65753     +0         -12    +29   22 111  180  +27  350  -18  350  -18  12  0  0 L3E 0F
E12 FF 61060 125400  780 241 1546     +201263     -2         -12    -31   16 110  198  -49  473   +7  473    7  12  0  0 L3E ED
E25 FF 61060 125400  780 149 2794     -218685    +21           1    +21   20 111  311  -97  457 +206  457  206  13  0  0 L3E 36
E26 FF 61060 125400  780 208  368    -1967046    -47          18    +63   21 111  226  +37  136  -68  136  -68  15  0  0 L3E 48
E31 FF 61060 125400  780 567  934    +1135875    +24         -11     -2   15 111   97   +6  241  -79  241  -79   8  0  0 L3E 05
E33 FF 61060 125400  780 436  912      +20975     -4          -4    -15   15 110  117   -5  257 -125  257 -125   9  0  0 L3E F5
E03 FF 61060 131000  780 221 3076      -51995    +40           6    +17   26 113  213   +1  224  -39  224  -39  17  0  0 L3E E9
E05 FF 61060 131000  780 221 2532      -65781    -24         -13     +4   22 113  213  +43  358  +12  358   12  14  0  0 L3E EE
E10 FF 61060 131000  780 138 1706    +7658995    -43         -10    -69   20 113  337 -146  433  +30  433   30  15  0  0 L3E 52
E12 FF 61060 131000  780 303 1530     +201295    +58          -6    +29   19 113  160  -31  405  -97  405  -97  12  0  0 L3E 1D
E25 FF 61060 131000  780 196 2827     -218694    -18          -7    -17   28 113  240  -57  497 -161  497 -161  16  0  0 L3E 71
E26 FF 61060 131000  780 170  334    -1967172   -121          -2    -11   31 113  273  +64  139  +11  139   11  19  0  0 L3E 1A
E31 FF 61060 131000  780 514  981    +1135897    +44         -12    +18   14 113  103   +8  196  -34  196  -34   8  0  0 L3E 1B
E33 FF 61060 131000  780 452  830      +20991    -10           2    -21   14 110  114   -2  173  -35  173  -35   8  0  0 L3E B6
E03 FF 61060 132600  780 216 3019      -51966    +24          15     +1   18 114  218  +10  196  -10  196  -10  13  0  0 L3E F7
E05 FF 61060 132600  780 174 2492      -65804    -40          -9    -12   30 114  267  +73  359   +6  359    6  19  0  0 L3E FA
E10 FF 61060 132600  780 199 1702    +7659031    +15           3    -11   21 114  237  -73  399  -36  399  -36  13  0  0 L3E 3E
E12 FF 61060 132600  780 365 1509     +201321    +41          -7    +12   20 114  136  -21  318 -111  318 -111  12  0  0 L3E 20
E25 FF 61060 132600  780 245 2857     -218674    +29          18    +29   21 114  195  -38  285 -185  285 -185  14  0  0 L3E 7C
E26 FF 61060 132600  780 127  307    -1967261   -139          15    -29   23 114  359 +123  119  +13  119   13  16  0  0 L3E 4B
E31 FF 61060 132600  780 462 1027    +1135931    +28          -3     +2   13 114  112  +10  177  -10  177  -10   8  0  0 L3E F7
E33 FF 61060 132600  780 454  745      +20995    +31          -4    +20   15 110  113   +1  146  -37  146  -37   9  0  0 L3E D7
E03 FF 61060 134200  780 201 2963      -51950     -3           8    -27   26 116  233  +21  201  +46  201   46  15  0  0 L3E D5
E05 FF 61060 134200  780 125 2457      -65837     -9         -16    +19   34 116  366 +141  358  -28  358  -28  22  0  0 L3E 44
E10 FF 61060 134200  780 262 1699    +7659053    +26           1     +0   14 116  183  -43  356  -60  356  -60  11  0  0 L3E 1D
E12 FF 61060 134200  780 428 1482     +201351    +34          -4     +5   16 116  119  -14  229 -106  229 -106   9  0  0 L3E 1C
E25 FF 61060 134200  780 294 2885     -218697    -38          -6    -38   16 116  164  -26  198  -38  198  -38  10  0  0 L3E 5D
E31 FF 61060 134200  780 409 1070    +1135945    +16         -13    -10   20 116  123  +13  175   +8  175    8  12  0  0 L3E 03
E33 FF 61060 134200  780 443  665      +21019    +26           9    +15   14 110  115   +4  115  -19  115  -19   9  0  0 L3E C4
E03 FF 61060 135800  780 179 2910      -51940    +59          -3    +36   25 117  260  +37  221  +19  221   19  17  0  0 L3E 0D
E10 FF 61060 135800  780 326 1694    +7659068     -3          -9    -29   12 117  150  -28  280  -80  280  -80   7  0  0 L3E 32
E11 FF 61060 135800  780 105 1860   -36760899  -1641         -13    +35   19 114  438 -241  416  -99  416  -99  12  0  0 L3E BD
E12 FF 61060 135800  780 488 1444     +201382    +18           1    -10   17 117  107  -10  156  -33  156  -33  11  0  0 L3E 0B
E25 FF 61060 135800  780 345 2910     -218688    -13           4    -13   20 116  142  -19  149  -20  149  -20  12  0  0 L3E 1A
E31 FF 61060 135800  780 357 1112    +1135987    +20           5     -5   15 116  138  +18  167   +3  167    3   9  0  0 L3E DF
E33 FF 61060 135800  780 420  594      +21019    +11          -1     +0   19 117  121   +7  110   -4  110   -4  10  0  0 L3E 8E
E03 FF 61060 141400  780 150 2860      -51909    +21           5     -3   43 119  308  +65  246  +35  246   35  25  0  0 L3E E9
E08 FF 61060 141400  780 107 3356     +768732   +113         -19    +45   29 119  423  -37  185  -35  185  -35  20  0  0 L3E 61
E10 FF 61060 141400  780 391 1688    +7659095     +2          -6    -24   17 119  128  -19  195  -53  195  -53  12  0  0 L3E 47
E11 FF 61060 141400  780 165 1866   -36762505  -1681          -6     -5   21 119  284 -104  357  -38  357  -38  13  0  0 L3E 8F
E12 FF 61060 141400  780 545 1390     +201388    +37         -19     +9   17 119   99   -7  138  -38  138  -38   9  0  0 L3E 14
E25 FF 61060 141400  780 398 2930     -218686    -13           7    -13   15 116  126  -15  128   -8  128   -8  10  0  0 L3E 04
E31 FF 61060 141400  780 306 1151    +1136004     +8          -3    -18   17 116  158  +25  188  +35  188   35  10  0  0 L3E 11
E33 FF 61060 141400  780 387  537      +21016    +29         -14    +18   17 119  129  +11  117  -19  117  -19  10  0  0 L3E 10
E08 FF 61060 143000  780 112 3306     +768808    +58          -8    -10   43 121  404   -4  183  +17  183   17  27  0  0 L3E 0C
E10 FF 61060 143000  780 457 1677    +7659121     +5          -5    -21   18 119  113  -13  152  -23  152  -23  10  0  0 L3E 1A
E11 FF 61060 143000  780 226 1874   -36764111  -1669          -1     +7   17 121  210  -57  292  -99  292  -99  11  0  0 L3E 78
E12 FF 61060 143000  780 595 1312     +201427     +0          -5    -28   17 121   94   -5  116   +5  116    5  10  0  0 L3E A6
E25 FF 61060 143000  780 451 2945     -218700    -18          -6    -17   15 116  114  -11  123   -3  123   -3   9  0  0 L3E E3
E31 FF 61060 143000  780 254 1189    +1136033    +26           1     +0   23 116  187  +36  210  +24  210   24  13  0  0 L3E E8
E33 FF 61060 143000  780 346  493      +21028    +33         -13    +23   19 121  142  +16  105  -27  105  -27  11  0  0 L3E F7
E08 FF 61060 144600  780 109 3256     +768868    +50         -13    -18   28 122  414  +26  205   -1  205   -1  18  0  0 L3E 1D
E10 FF 61060 144600  780 523 1659    +7659137    +28         -13     +2   19 119  102   -9  135  -13  135  -13  11  0  0 L3E 28
E11 FF 61060 144600  780 289 1883   -36765718  -1683           2     -7   20 122  167  -35  234  -65  234  -65  12  0  0 L3E 75
E12 FF 61060 144600  780 634 1203     +201445    +60         -13    +32   15 122   90   -3  112  -29  112  -29   9  0  0 L3E E8
E25 FF 61060 144600  780 506 2951     -218698    -15          -8    -15   16 122  105   -9  113   -9  113   -9   9  0  0 L3E F4
E31 FF 61060 144600  780 203 1225    +1136057     +5           0    -21   24 116  231  +57  235  +42  235   42  15  0  0 L3E F1
E33 FF 61060 144600  780 300  461      +21032    +28         -19    +17   17 122  161  +24  101  -17  101  -17   9  0  0 L3E E3
E10 FF 61060 150200  780 587 1628    +7659163    +14         -12    -12   15 124   95   -7  112  -16  112  -16   8  0  0 L3E 16
E11 FF 61060 150200  780 353 1894   -36767332  -1698          -1    -21   13 124  140  -23  190  -25  190  -25   9  0  0 L3E 68
E12 FF 61060 150200  780 655 1065     +201471    +29         -14     +1   12 124   89   -1   88  -37   88  -37   7  0  0 L3E D4
E25 FF 61060 150200  780 560 2944     -218699    -12          -9    -12   14 124   97   -7   82  -39   82  -39   8  0  0 L3E F2
E31 FF 61060 150200  780 152 1258    +1136082    +19          -1     -7   28 124  304 +101  272  +47  272   47  17  0  0 L3E 20
E33 FF 61060 150200  780 251  441      +21063    +27           2    +16   17 124  189  +36   95  +19   95   19  10  0  0 L3E C0
E10 FF 61060 151800  780 648 1572    +7659190    +30         -10     +4   14 125   89   -4   82  -35   82  -35   8  0  0 L3E F2
E11 FF 61060 151800  780 418 1906   -36768951  -1675         -10     +2   15 125  121  -16  155  -45  155  -45  10  0  0 L3E 7D
E12 FF 61060 151800  780 654  915     +201494    -12         -17    -41   18 124   89   +1   63   +5   63    5  10  0  0 L3E AC
E25 FF 61060 151800  780 614 2919     -218695     +9          -3    +10   11 125   92   -5   63   -8   63   -8   6  0  0 L3E AC
E31 FF 61060 151800  780 101 1289    +1136108    -17           0    -43   28 124  448 +217  309  +69  309   69  19  0  0 L3E 43
E33 FF 61060 151800  780 201  431      +21064     +2          -8     -9   14 124  233  +58  107  -22  107  -22  13  0  0 L3E C3
E02 FF 61060 153400  780 144 3056     -118307    -16          -5    +13   24   0  322 -112  139  -97  139  -97  16  0  0 L3E 16
E10 FF 61060 153400  780 701 1472    +7659212    +44         -14    +19   13   0   86   -3   58  -24   58  -24   8  0  0 L3E D4
E11 FF 61060 153400  780 484 1917   -36770561  -1672         -13     +5   13   0  108  -12  121  -26  121  -26  10  0  0 L3E 40
E12 FF 61060 153400  780 633  784     +201527    +55         -12    +27   13 124   90   +2   54  -20   54  -20   7  0  0 L3E BD
E25 FF 61060 153400  780 665 2863     -218702     -9         -10     -9   11 125   88   -3   62   -4   62   -4   6  0  0 L3E A6
E33 FF 61060 153400  780 149  428      +21070     -5         -12    -15   17 124  309 +105  112   +8  112    8  12  0  0 L3E CC
E02 FF 61060 155000  780 195 3067     -118352    -70         -24    -41   25   2  241  -62  109  +21  109   21  16  0  0 L3E F8
E10 FF 61060 155000  780 740 1304    +7659239    +27         -12     +1   13   2   84   -1   46   -5   46   -5   8  0  0 L3E 94
E11 FF 61060 155000  780 550 1927   -36772163  -1682          -6     -5   14   2   99   -8   91  -19   91  -19   9  0  0 L3E 07
E12 FF 61060 155000  780 597  687     +201561     +3          -5    -25   13   2   94   +4   48  +11   48   11   7  0  0 L3E 77
E25 FF 61060 155000  780 709 2758     -218700    -23          -8    -22   15 125   86   -2   55  +11   55   11   9  0  0 L3E C7
E02 FF 61060 160600  780 246 3072     -118381     -4         -23    +25   22   3  193  -39   99  -26   99  -26  12  0  0 L3E EE
E10 FF 61060 160600  780 751 1070    +7659273    +41          -3    +15   15   3   84   +0   35  -15   35  -15   8  0  0 L3E B5
E11 FF 61060 160600  780 617 1931   -36773768  -1667          -1    +10   13   3   92   -6   67  -29   67  -29   7  0  0 L3E 19
E12 FF 61060 160600  780 551  624     +201591    -10          -2    -38   15   3   98   +6   43  +22   43   22   8  0  0 L3E 7E
E25 FF 61060 160600  780 736 2587     -218694    -10          -2    -10   10   3   84   -1   49   +4   49    4   6  0  0 L3E 82
E36 FF 61060 160600  780 145 2154    +5118038    +80          11    +25   28   2  321 -123  283  -35  283  -35  16  0  0 L3E 29
E02 FF 61060 162200  780 298 3069     -118402     +0         -17    +29   20   4  162  -26   83  -13   83  -13  13  0  0 L3E D6
E10 FF 61060 162200  780 732  856    +7659288     -7         -14    -33   12   5   84   +1   35  +20   35   20   7  0  0 L3E A3
E11 FF 61060 162200  780 683 1926   -36775372  -1667           3     +9   17   5   87   -4   41  -27   41  -27  10  0  0 L3E 02
E12 FF 61060 162200  780 499  586     +201617    +35          -3     +7   16   4  105   +8   43   +7   43    7   9  0  0 L3E 6D
E25 FF 61060 162200  780 738 2370     -218693    -29           0    -29   11   4   84   +1   43   +6   43    6   6  0  0 L3E 74
E36 FF 61060 162200  780 201 2182    +5118069    +62         -10     +8   25   5  235  -65  231  -82  231  -82  16  0  0 L3E 11
E02 FF 61060 163800  780 349 3058     -118432    -34         -18     -5   18   6  141  -18   70  -15   70  -15  11  0  0 L3E E2
E10 FF 61060 163800  780 691  719    +7659324    +52          -3    +26   11   6   86   +3   27  -17   27  -17   7  0  0 L3E C0
E11 FF 61060 163800  780 747 1894   -36776989  -1651          -4    +25   11   6   84   -3   31  -26   31  -26   6  0  0 L3E 1A
E12 FF 61060 163800  780 446  568     +201627    +16         -20    -12   12   4  115  +11   55  +10   55   10   7  0  0 L3E A8
E25 FF 61060 163800  780 712 2181     -218698    -23          -4    -22   13   4   85   +2   43  +13   43   13   8  0  0 L3E 9E
E36 FF 61060 163800  780 257 2212    +5118134    +54           3     +0   22   6  186  -40  170  -36  170  -36  13  0  0 L3E EF
E02 FF 61060 165400  780 398 3036     -118446    -28          -5     +1   18   7  126  -13   53   -7   53   -7  12  0  0 L3E B2
E10 FF 61060 165400  780 640  647    +7659336     -6         -16    -32   13   8   90   +4   34  +18   34   18   7  0  0 L3E AE
E11 FF 61060 165400  780 807 1782   -36778606  -1657         -12    +19   14   8   82   -1   31  -15   31  -15   8  0  0 L3E 1C
E12 FF 61060 165400  780 391  563     +201654    +36         -21     +8   15   8  128  +15   58   +3   58    3   9  0  0 L3E 91
E25 FF 61060 165400  780 667 2057     -218696     -8          -2     -8   12   4   88   +3   41   +4   41    4   7  0  0 L3E 68
E36 FF 61060 165400  780 314 2246    +5118180    +79          -3    +24   16   8  155  -26  138  -50  138  -50  10  0  0 L3E 1B
E02 FF 61060 171000  780 444 2999     -118485    -26         -16     +4   14   7  115   -9   51  -14   51  -14   9  0  0 L3E C7
E10 FF 61060 171000  780 584  614    +7659366    +17          -9     -9   18  10   95   +6   34   +6   34    6  10  0  0 L3E 9A
E11 FF 61060 171000  780 846 1380   -36780201  -1662           5    +14   13  10   81   +0   21   -6   21   -6   8  0  0 L3E C0
E12 FF 61060 171000  780 337  568     +201680     -6         -21    -35   16  10  145  +21   68  +36   68   36  10  0  0 L3E CB
E25 FF 61060 171000  780 612 1984     -218695    -21           3    -21   18  10   92   +5   61  +15   61   15  11  0  0 L3E AB
E36 FF 61060 171000  780 371 2283    +5118227    +42          -6    -13   17  10  134  -18  102  -29  102  -29  11  0  0 L3E 16
E02 FF 61060 172600  780 484 2946     -118505     +4          -7    +33   13   7  108   -6   45  -25   45  -25   9  0  0 L3E B7
E10 FF 61060 172600  780 528  603    +7659393    +34          -7     +9   11  11  101   +8   51  -10   51  -10   7  0  0 L3E B1
E11 FF 61060 172600  780 825  840   -36781808  -1701           6    -25   13  11   81   +1   40  +19   40   19   8  0  0 L3E DE
E12 FF 61060 172600  780 284  581     +201711    +42         -18    +14   12  11  169  +30   91   -7   91   -7   8  0  0 L3E B5
E25 FF 61060 172600  780 552 1940     -218694    +16           2    +17    9  11   98   +8   62   -7   62   -7   6  0  0 L3E 91
E36 FF 61060 172600  780 428 2324    +5118292    +16           7    -39   20  11  119  -13   77  -21   77  -21  12  0  0 L3E FB
E02 FF 61060 174200  780 516 2875     -118520    -20           5     +9   14  13  103   -4   43  -12   43  -12   8  0  0 L3E 9D
E10 FF 61060 174200  780 472  607    +7659416    +47          -8    +21   12  13  110  +10   50  -14   50  -14   7  0  0 L3E CE
E11 FF 61060 174200  780 773  671   -36783420  -1662           1    +14   12  13   83   +2   41  -12   41  -12   7  0  0 L3E DB
E12 FF 61060 174200  780 232  599     +201739    +20         -16     -9   18  13  204  +44   91   +3   91    3  12  0  0 L3E A6
E19 FF 61060 174200  780 118  527   -26527917   -323          -3    +17   54   7  386  -70   93  -15   93  -15  37  0  0 L3E 2A
E25 FF 61060 174200  780 489 1915     -218700     +6          -4     +6   13  11  107  +11   73   +0   73    0   8  0  0 L3E 7F
E36 FF 61060 174200  780 485 2369    +5118333    +41          -3    -13   18  13  108  -10   50   -5   50   -5  10  0  0 L3E D4
E02 FF 61060 175800  780 536 2786     -118561    -37          -9     -8   13  14  100   -2   51   +5   51    5   7  0  0 L3E 93
E10 FF 61060 175800  780 417  621    +7659436    +13         -12    -13   10  14  121  +13   55  +10   55   10   5  0  0 L3E CE
E11 FF 61060 175800  780 715  630   -36785023  -1703           4    -27   16  14   85   +3   39  +19   39   19   9  0  0 L3E F6
E12 FF 61060 175800  780 181  622     +201773    +25         -10     -3   18  13  257  +69   92  +19   92   19  13  0  0 L3E DA
E19 FF 61060 175800  780 136  476   -26528250   -329          -5    +12   31  14  337  -35  107  -12  107  -12  20  0  0 L3E 3E
E25 FF 61060 175800  780 425 1900     -218700    -18          -4    -18   11  11  119  +15   80  +28   80   28   7  0  0 L3E D4
E30 FF 61060 175800  780 135 3214    +6476405   +396           5    -10   23  14  342 -120   73   +4   73    4  12  0  0 L3E E4
E36 FF 61060 175800  780 541 2418    +5118377    +49         -11     -5   19  13  100   -7   52   -4   52   -4  11  0  0 L3E D1
E02 FF 61060 181400  780 541 2687     -118582    -36          -3     -7   15  16  100   +0   44   +6   44    6   9  0  0 L3E 8B
E10 FF 61060 181400  780 364  642    +7659465     +7          -7    -19   19  16  136  +18   56  +16   56   16  12  0  0 L3E EC
E11 FF 61060 181400  780 657  628   -36786629  -1706           3    -30   11  16   89   +4   36  +15   36   15   7  0  0 L3E F6
E12 FF 61060 181400  780 132  648     +201803    +62          -6    +34   25  13  346 +124  104   -5  104   -5  16  0  0 L3E DA
E19 FF 61060 181400  780 147  424   -26528576   -347          -1     -6   24  16  314  -13  120  +33  120   33  15  0  0 L3E 1A
E25 FF 61060 181400  780 361 1890     -218705    +22          -8    +22   15  11  137  +21  105  +20  105   20   9  0  0 L3E DE
E30 FF 61060 181400  780 182 3197    +6476789   +413           1     +7   26  16  258  -64   82  -14   82  -14  15  0  0 L3E 14
E36 FF 61060 181400  780 598 2474    +5118437    +31          -3    -23   16  13   94   -6   45  +15   45   15   9  0  0 L3E D5
E02 FF 61060 183000  780 531 2587     -118616    -20         -12     +9   12  18  101   +2   47   -6   47   -6   7  0  0 L3E A3
E04 FF 61060 183000  780 162  920     +476467   +124          19    +16   21  13  288  -73   37  -18   37  -18  15  0  0 L3E 06
E10 FF 61060 183000  780 312  667    +7659488    -21          -9    -46   18  18  155  +24   67  +43   67   43  11  0  0 L3E 01
E11 FF 61060 183000  780 600  643   -36788250  -1698          -8    -22   12  18   93   +5   51  +25   51   25   7  0  0 L3E F5
E19 FF 61060 183000  780 149  372   -26528908   -356          -8    -14   37  18  310   +5  148  +65  148   65  24  0  0 L3E 40
E25 FF 61060 183000  780 298 1884     -218701    -29          -4    -28   12  18  162  +32  139  +57  139   57   7  0  0 L3E 15
E30 FF 61060 183000  780 225 3173    +6477164   +397         -13     -9   20  18  210  -38  105  +79  105   79  14  0  0 L3E 3C
E34 FF 61060 183000  780 136 2495    +2308992    +64         -28    +40   34  18  341 -119  190 -141  190 -141  22  0  0 L3E 77
E36 FF 61060 183000  780 653 2540    +5118486    +49          -6     -5   13  18   89   -4   50   +8   50    8   7  0  0 L3E A3
E02 FF 61060 184600  780 506 2496     -118627    -35           5     -6   11  18  104   +5   37   +3   37    3   6  0  0 L3E 84
E04 FF 61060 184600  780 201  874     +476547   +114          -7     +6   30  19  234  -42   56   -3   56   -3  18  0  0 L3E C8
E06 FF 61060 184600  780 140 1125    +2220025    +75         -24    +26   34  19  332 -114   86  -50   86  -50  21  0  0 L3E 1C
E10 FF 61060 184600  780 261  696    +7659522    +33           1     +7   17  19  183  +33   74   +2   74    2  11  0  0 L3E AC
E11 FF 61060 184600  780 544  668   -36789867  -1738         -16    -63   13  19   99   +7   62  +42   62   42   8  0  0 L3E 35
E19 FF 61060 184600  780 142  320   -26529225   -276           3    +66   32  19  324  +24  135  -77  135  -77  19  0  0 L3E 49
E25 FF 61060 184600  780 236 1879     -218697    -18           0    -18   14  19  201  +50  174  +55  174   55   9  0  0 L3E 0B
E30 FF 61060 184600  780 265 3139    +6477572   +414           5     +8   24  19  181  -24   81  -28   81  -28  15  0  0 L3E 14
E34 FF 61060 184600  780 183 2534    +2309043    +73           0    +49   22  19  256  -66   88  -91   88  -91  14  0  0 L3E 19
E36 FF 61060 184600  780 707 2621    +5118538    +57          -5     +3   13  19   86   -3   52   -3   52   -3   7  0  0 L3E A8
E02 FF 61060 190200  780 470 2419     -118662    -27          -5     +2   14  21  110   +8   41   +2   41    2   8  0  0 L3E 72
E04 FF 61060 190200  780 235  823     +476656   +129          -2    +21   18  21  202  -26   69  +14   69   14  10  0  0 L3E E2
E06 FF 61060 190200  780 187 1088    +2220081    +77         -15    +28   25  19  250  -62   58  -27   58  -27  15  0  0 L3E 28
E10 FF 61060 190200  780 212  728    +7659533    +22         -13     -4   19  19  222  +49   94  +20   94   20  11  0  0 L3E E3
E11 FF 61060 190200  780 490  698   -36791482  -1704         -20    -28   11  21  107   +9   71  +29   71   29   7  0  0 L3E 20
E19 FF 61060 190200  780 127  272   -26529572   -361         -17    -20   28  19  360  +52  152  +33  152   33  18  0  0 L3E 49
E25 FF 61060 190200  780 176 1874     -218700    -51          -3    -50   14  21  265  +88  226  +96  226   96   9  0  0 L3E 10
E30 FF 61060 190200  780 299 3096    +6477949   +428          -7    +22   21  19  162  -16   79  -19   79  -19  12  0  0 L3E 46
E34 FF 61060 190200  780 231 2575    +2309072     +7           5    -16   28  21  205  -42   45   +0   45    0  17  0  0 L3E A6
E36 FF 61060 190200  780 760 2734    +5118586    +49          -8     -5   13  21   83   -2   58   +9   58    9   7  0  0 L3E AE
E02 FF 61060 191800  780 425 2356     -118686     -4          -2    +25   15  22  119  +11   40  -19   40  -19   9  0  0 L3E CF
E04 FF 61060 191800  780 262  767     +476763   +114           1     +6   15  22  182  -16   75   +4   75    4  10  0  0 L3E AA
E06 FF 61060 191800  780 233 1046    +2220144    +28           1    -21   24  19  204  -38   40   -2   40   -2  17  0  0 L3E B9
E09 FF 61060 191800  780 151 1282    +1811264   +117         -10    -36   36  22  309 -109  107  -14  107  -14  21  0  0 L3E 52
E10 FF 61060 191800  780 164  762    +7659561     -1          -9    -27   31  19  282  +79   92  +21   92   21  19  0  0 L3E F1
E11 FF 61060 191800  780 437  732   -36793088  -1693         -17    -17   14  22  117  +11   75  +16   75   16   8  0  0 L3E 3B
E19 FF 61060 191800  780 104  229   -26529888   -349          -5     -8   28  19  432 +104  158  +36  158   36  21  0  0 L3E 5A
E25 FF 61060 191800  780 117 1869     -218693    -17           5    -17   15  22  390 +186  276  +66  276   66  11  0  0 L3E 38
E30 FF 61060 191800  780 325 3043    +6478346   +431           0    +25   22  19  150   -9   72  -18   72  -18  12  0  0 L3E FC
E34 FF 61060 191800  780 280 2617    +2309081    +16          -8     -7   23  22  172  -28   48   +6   48    6  15  0  0 L3E D1
E36 FF 61060 191800  780 807 2923    +5118637    +48          -8     -5   11  22   82   -1   63   +2   63    2   6  0  0 L3E 99
E02 FF 61060 193400  780 375 2307     -118718     +6          -8    +35   18  24  132  +16   54   -4   54   -4  11  0  0 L3E BC
E04 FF 61060 193400  780 281  707     +476852    +91         -12    -17   21  24  171   -9   86  +15   86   15  13  0  0 L3E E3
E06 FF 61060 193400  780 275  998    +2220178    +57         -12     +8   18  24  175  -24   48   +1   48    1  11  0  0 L3E D1
E09 FF 61060 193400  780 204 1252    +1811427    +64           5    -89   20  24  231  -59   64  +21   64   21  13  0  0 L3E E8
E10 FF 61060 193400  780 118  797    +7659578    +88         -17    +62   37  19  386 +147   86  -36   86  -36  24  0  0 L3E 5B
E11 FF 61060 193400  780 386  768   -36794696  -1658         -17    +18   16  23  129  +15   76  -10   76  -10   9  0  0 L3E 5B
E30 FF 61060 193400  780 343 2983    +6478736   +383           0    -23   13  19  143   -5   72   +9   72    9   8  0  0 L3E D3
E34 FF 61060 193400  780 329 2660    +2309113    +35           0    +11   20  24  149  -20   50   +7   50    7  12  0  0 L3E AE
E36 FF 61060 193400  780 839 3316    +5118685    +67         -12    +14   14  23   81   +0   65  -10   65  -10   8  0  0 L3E E9
E02 FF 61060 195000  780 321 2267     -118735    -22           3     +7   19  26  152  +24   63  +10   63   10  11  0  0 L3E B1
E04 FF 61060 195000  780 291  645     +476964    +90          -2    -18   28  26  166   -3   82  +11   82   11  17  0  0 L3E D1
E06 FF 61060 195000  780 312  944    +2220231    +38          -7    -10   20  25  156  -16   55  +26   55   26  13  0  0 L3E D8
E09 FF 61060 195000  780 257 1217    +1811553   +181         -14    +28   31  26  186  -36   61  -29   61  -29  19  0  0 L3E 3A
E11 FF 61060 195000  780 335  806   -36796293  -1629          -5    +46   17  23  146  +20   77  -23   77  -23  11  0  0 L3E 42
E30 FF 61060 195000  780 350 2917    +6479114   +422          -6    +16   21  26  141   -1   71   -9   71   -9  13  0  0 L3E E0
E34 FF 61060 195000  780 378 2704    +2309130    +44          -6    +20   20  25  132  -15   63   -8   63   -8  12  0  0 L3E D7
E36 FF 61060 195000  780 830  245    +5118749    +42           1    -12   10  23   81   +1   60   +9   60    9   6  0  0 L3E 79
E02 FF 61060 200600  780 265 2235     -118778    -41         -12    -12   17  26  180  +36   97  +41   97   41  10  0  0 L3E F6
E04 FF 61060 200600  780 290  582     +477073    +85           3    -23   22  27  166   +3   77  +23   77   23  12  0  0 L3E B7
E06 FF 61060 200600  780 341  883    +2220281    +57          -3     +8   20  25  144  -10   61   -2   61   -2  12  0  0 L3E 9F
E09 FF 61060 200600  780 308 1177    +1811711   +166          -3    +13   22  27  158  -24   42  -29   42  -29  13  0  0 L3E 11
E11 FF 61060 200600  780 287  844   -36797909  -1702         -13    -26   18  23  168  +27   79   +8   79    8  12  0  0 L3E 37
E27 FF 61060 200600  780 114 3320    +8853628    +98          -7     -6   39  27  401 -121  139  -18  139  -18  22  0  0 L3E 3B
E30 FF 61060 200600  780 346 2848    +6479500   +409          -8     +4   19  27  142   +3   69   +2   69    2  11  0  0 L3E CC
E34 FF 61060 200600  780 428 2748    +2309150    +16          -9     -8   12  25  119  -12   65   +7   65    7   7  0  0 L3E BA
E36 FF 61060 200600  780 790  536    +5118790    +50         -10     -4   10  23   82   +1   66   +0   66    0   6  0  0 L3E 7E
E02 FF 61060 202200  780 209 2208     -118799    -69          -7    -40   24  29  225  +59  141  +85  141   85  16  0  0 L3E 1C
E04 FF 61060 202200  780 280  523     +477161   +147         -14    +39   17  29  171   +9   88  -21   88  -21  11  0  0 L3E F6
E05 FF 61060 202200  780 102 1613      -66508    -35           2     -6   33  29  450 -244  213  -92  213  -92  22  0  0 L3E EB
E06 FF 61060 202200  780 362  816    +2220334    +33           3    -16   19  25  137   -5   62  +14   62   14  11  0  0 L3E AF
E09 FF 61060 202200  780 355 1128    +1811858   +128          -5    -24   17  29  139  -16   40  +29   40   29  10  0  0 L3E 0D
E11 FF 61060 202200  780 239  884   -36799520  -1648         -16    +28   15  29  198  +38   74  -13   74  -13  10  0  0 L3E 5C
E27 FF 61060 202200  780 146 3283    +8853739   +124           3    +19   26  29  316  -63  118  -20  118  -20  16  0  0 L3E 37
E30 FF 61060 202200  780 332 2781    +6479898   +391          -1    -15   12  29  147   +8   60   +5   60    5   8  0  0 L3E D1
E34 FF 61060 202200  780 479 2793    +2309177    -12          -3    -36   15  25  109   -9   59  +20   59   20   9  0  0 L3E E6
E36 FF 61060 202200  780 742  687    +5118846    +72          -6    +19   12  23   84   +2   58   -7   58   -7   7  0  0 L3E B4
E02 FF 61060 203800  780 153 2184     -118843    -30         -23     -1   25  30  301 +107  216  +75  216   75  15  0  0 L3E 0A
E04 FF 61060 203800  780 260  469     +477283   +142           4    +34   18  30  183  +16   92   -6   92   -6  11  0  0 L3E C7
E05 FF 61060 203800  780 159 1600      -66541    -24          -2     +5   26  30  293 -107  155  -50  155  -50  17  0  0 L3E FE
E06 FF 61060 203800  780 372  745    +2220375    +38          -3    -11   20  25  133   -1   62   +4   62    4  13  0  0 L3E 9A
E09 FF 61060 203800  780 397 1070    +1811995   +137         -14    -16   14  30  126  -11   53  +14   53   14   8  0  0 L3E 08
E11 FF 61060 203800  780 192  924   -36801129  -1677         -17     -2   23  30  244  +58   73   -5   73   -5  14  0  0 L3E 13
E27 FF 61060 203800  780 172 3240    +8853831    +94          -5    -10   23  30  271  -35  116  +22  116   22  14  0  0 L3E 10
E30 FF 61060 203800  780 308 2719    +6480289   +403           2     -3   18  30  157  +13   54   +6   54    6  11  0  0 L3E C6
E34 FF 61060 203800  780 531 2838    +2309194    +58          -9    +35   13  25  101   -7   59  -27   59  -27   8  0  0 L3E FC
E36 FF 61060 203800  780 691  787    +5118901    +71          -3    +17   10  30   86   +3   60  -12   60  -12   6  0  0 L3E B9
E04 FF 61060 205400  780 232  422     +477386    +93           5    -15   15  32  203  +27  105  +26  105   26  11  0  0 L3E D9
E05 FF 61060 205400  780 218 1587      -66566    -19           2    +11   14  32  217  -58   97  -70   97  -70   9  0  0 L3E E0
E06 FF 61060 205400  780 371  675    +2220431    +67           6    +18   14  32  134   +2   57   -3   57   -3   9  0  0 L3E 9A
E09 FF 61060 205400  780 431 1001    +1812144   +156         -13     +3   13  32  118   -7   54   +2   54    2   8  0  0 L3E A5
E27 FF 61060 205400  780 190 3191    +8853924    +98         -15     -6   27  32  246  -18  123   -5  123   -5  16  0  0 L3E 18
E30 FF 61060 205400  780 276 2662    +6480666   +369         -11    -37   15  30  174  +21   63  +20   63   20   9  0  0 L3E 0D
E34 FF 61060 205400  780 584 2883    +2309205    +12         -16    -12   11  32   95   -6   63   +8   63    8   7  0  0 L3E B7
E36 FF 61060 205400  780 640  864    +5118942    +74         -13    +21   11  31   90   +4   66  -10   66  -10   6  0  0 L3E C7
E04 FF 61060 211000  780 198  384     +477491    +90           4    -18   18  34  236  +44  139  +45  139   45  12  0  0 L3E FB
E05 FF 61060 211000  780 279 1573      -66608    -48         -11    -19   19  34  173  -36   69   -9   69   -9  12  0  0 L3E F1
E06 FF 61060 211000  780 358  609    +2220460    +77         -13    +28   24  34  138   +6   73  -11   73  -11  14  0  0 L3E E5
E09 FF 61060 211000  780 455  923    +1812287   +141         -16    -11   15  34  113   -4   59   +9   59    9   9  0  0 L3E CB
E27 FF 61060 211000  780 200 3138    +8854033   +127          -6    +23   23  34  235   -6  116  -18  116  -18  12  0  0 L3E 19
E30 FF 61060 211000  780 237 2611    +6481054   +366         -12    -40   20  30  199  +33   53   +9   53    9  13  0  0 L3E EA
E34 FF 61060 211000  780 638 2927    +2309236    +40          -4    +17   12  34   90   -4   57   -7   57   -7   7  0  0 L3E B3
E36 FF 61060 211000  780 587  931    +5118990    +43         -17    -11   13  31   94   +5   69   +4   69    4   7  0  0 L3E AE
E04 FF 61060 212600  780 158  353     +477574    +61         -17    -47   19  35  292  +76  170  +33  170   33  13  0  0 L3E 17
E05 FF 61060 212600  780 341 1555      -66636    -24         -10     +5   14  35  144  -24   56  -14   56  -14   9  0  0 L3E CE
E06 FF 61060 212600  780 336  550    +2220514    +52          -7     +3   15  35  146  +11   83  +24   83   24   9  0  0 L3E B3
E09 FF 61060 212600  780 467  838    +1812423   +157         -26     +4   20  34  111   -1   67   -6   67   -6  12  0  0 L3E D2
E15 FF 61060 212600  780 174 2872    +2299002    +70           0    +41   26  32  268  -73   84   -4   84   -4  16  0  0 L3E DB
E27 FF 61060 212600  780 200 3083    +8854118   +134         -22    +30   27  35  234   +4  126   -9  126   -9  18  0  0 L3E 15
E30 FF 61060 212600  780 195 2567    +6481450   +412          -6     +7   22  30  240  +54   47  +18   47   18  14  0  0 L3E F9
E34 FF 61060 212600  780 694 2973    +2309261    +51           1    +29   10  35   86   -3   56  -17   56  -17   6  0  0 L3E D2
E36 FF 61060 212600  780 535  989    +5119045    +13         -13    -41   11  31  100   +7   64  +25   64   25   7  0  0 L3E CF
E04 FF 61060 214200  780 115  331     +477682    +50         -13    -58   17  36  396 +152  189  +89  189   89  11  0  0 L3E 3D
E05 FF 61060 214200  780 402 1533      -66669    -25         -16     +4   16  37  125  -16   52  -16   52  -16  10  0  0 L3E DA
E06 FF 61060 214200  780 305  501    +2220563    +61          -5    +12   17  37  159  +17   91  +11   91   11  10  0  0 L3E C7
E09 FF 61060 214200  780 464  753    +1812583   +157         -13     +4   10  34  111   +2   62   +5   62    5   6  0  0 L3E A2
E15 FF 61060 214200  780 223 2904    +2299024    +17          -3    -12   17  37  212  -46   96   +5   96    5  13  0  0 L3E D5
E27 FF 61060 214200  780 192 3028    +8854242   +126           2    +21   20  37  243  +15  111   -4  111   -4  14  0  0 L3E EF
E30 FF 61060 214200  780 149 2527    +6481859   +327          16    -78   32  37  310  +95   54  +86   54   86  21  0  0 L3E 31
E34 FF 61060 214200  780 750 3019    +2309283    +44           4    +22   10  37   84   -2   53  -15   53  -15   6  0  0 L3E B8
E36 FF 61060 214200  780 482 1043    +5119102    +48          -7     -5   11  31  108   +9   56   +5   56    5   7  0  0 L3E 99
E05 FF 61060 215800  780 463 1502      -66691    -19         -11    +11   20  38  112  -12   38  -10   38  -10  12  0  0 L3E DD
E06 FF 61060 215800  780 267  461    +2220615    +92          -1    +43   13  38  179  +26  101   -7  101   -7   8  0  0 L3E DB
E09 FF 61060 215800  780 449  675    +1812744   +149           1     -4   18  34  114   +4   62  +10   62   10  11  0  0 L3E C2
E15 FF 61060 215800  780 273 2933    +2299053    +23          -1     -5   24  38  176  -31   97  +14   97   14  16  0  0 L3E F9
E27 FF 61060 215800  780 176 2974    +8854336     +0          -4   -105   29  37  264  +30  119  +69  119   69  17  0  0 L3E 43
E30 FF 61060 215800  780 102 2492    +6482218   +433         -14    +28   31  37  445 +202  132  +70  132   70  21  0  0 L3E 40
E34 FF 61060 215800  780 808 3071    +2309287    -17         -13    -40   13  38   82   -1   63  +22   63   22   7  0  0 L3E D7
E36 FF 61060 215800  780 430 1093    +5119151    +31          -8    -22   13  38  118  +12   57  +10   57   10   7  0  0 L3E D8
E03 FF 61060 221400  780 141 1894      -51271    +42         -11    +20   24  40  330 -137  206 -109  206 -109  15  0  0 L3E 2F
E05 FF 61060 221400  780 521 1459      -66732    -28         -25     +1   13  40  102   -8   53   +3   53    3   7  0  0 L3E 7E
E06 FF 61060 221400  780 224  432    +2220661    +30          -2    -19   18  40  210  +40  132  +39  132   39  11  0  0 L3E E3
E09 FF 61060 221400  780 422  608    +1812884   +149          -5     -4   14  34  120   +8   81  +24   81   24   8  0  0 L3E C3
E15 FF 61060 221400  780 324 2959    +2299077    +35          -4     +6   24  40  151  -22  103  -11  103  -11  14  0  0 L3E 03
E27 FF 61060 221400  780 152 2922    +8854451    +98          10     -6   23  37  303  +54  113  +17  113   17  14  0  0 L3E 0B
E34 FF 61060 221400  780 867 3161    +2309317    +34          -4    +12   10  38   81   -1   59   -5   59   -5   6  0  0 L3E AF
E36 FF 61060 221400  780 377 1140    +5119200    +73         -12    +19   18  40  132  +16   59   -6   59   -6  11  0  0 L3E EA
E03 FF 61060 223000  780 200 1901      -51230     +8           7    -14   18  42  236  -70  122  -57  122  -57  12  0  0 L3E C9
E05 FF 61060 223000  780 574 1396      -66747    -45         -13    -16   14  41   96   -6   47  +14   47   14   9  0  0 L3E C6
E06 FF 61060 223000  780 179  412    +2220692    +58         -18     +9   25  41  260  +67  190  -50  190  -50  19  0  0 L3E 18
E09 FF 61060 223000  780 387  555    +1813026   +149         -10     -4   18  42  129  +11   89  +14   89   14  10  0  0 L3E FA
E15 FF 61060 223000  780 377 2981    +2299112    +28           4     -1   12  42  132  -17   87  -16   87  -16   8  0  0 L3E E1
E34 FF 61060 223000  780 872 1230    +2309343    +34           0    +11   10  38   81   +0   57   -7   57   -7   6  0  0 L3E 8E
E36 FF 61060 223000  780 324 1183    +5119256    +71         -10    +17   18  42  150  +22   55  -14   55  -14  11  0  0 L3E 01
E03 FF 61060 224600  780 261 1910      -51217    +34          -2    +12   24  43  184  -42   79  -47   79  -47  14  0  0 L3E E4
E05 FF 61060 224600  780 619 1306      -66780    -14         -18    +15   14  41   92   -3   52   -2   52   -2   8  0  0 L3E 98
E06 FF 61060 224600  780 131  400    +2220744    +72         -14    +23   31  41  351 +128  152  -42  152  -42  20  0  0 L3E 14
E09 FF 61060 224600  780 345  515    +1813177   +181          -7    +28   15  43  142  +17   95  -11   95  -11   8  0  0 L3E FD
E15 FF 61060 224600  780 431 2996    +2299115    +18         -18    -10   15  43  118  -13   98   +7   98    7  10  0  0 L3E FB
E34 FF 61060 224600  780 810 1329    +2309349    +34         -16    +12   10  38   82   +1   63   -6   63   -6   6  0  0 L3E BB
E36 FF 61060 224600  780 272 1224    +5119297    +27         -20    -26   20  43  176  +32   58  +17   58   17  12  0  0 L3E 10
E03 FF 61060 230200  780 323 1921      -51203     +8          -9    -15   17  45  151  -27   57   -4   57   -4  10  0  0 L3E 9D
E05 FF 61060 230200  780 651 1184      -66800    -43         -11    -14   14  45   89   -2   52   +7   52    7   8  0  0 L3E 8A
E09 FF 61060 230200  780 298  488    +1813324   +116          -7    -37   16  45  162  +24   95  +15   95   15   9  0  0 L3E FD
E15 FF 61060 230200  780 487 3003    +2299149    +21          -9     -7   13  44  108  -10   85   -8   85   -8   8  0  0 L3E CD
E34 FF 61060 230200  780 748 1376    +2309379    -20          -9    -43   12  45   84   +3   56  +17   56   17   7  0  0 L3E D6
E36 FF 61060 230200  780 219 1262    +5119352    +67         -18    +13   23  45  215  +50   64  +14   64   14  14  0  0 L3E FE
E03 FF 61060 231800  780 387 1933      -51185    +37         -13    +15   16  46  129  -19   51   -9   51   -9   9  0  0 L3E D1
E05 FF 61060 231800  780 663 1037      -66835    -52         -19    -23   13  46   88   +0   59  +20   59   20   8  0  0 L3E C0
E09 FF 61060 231800  780 249  471    +1813483   +159           5     +6   19  46  190  +37   98  +42   98   42  13  0  0 L3E FA
E15 FF 61060 231800  780 543 2999    +2299171    +22         -14     -6   13  44  100   -7   86   +9   86    9   8  0  0 L3E CE
E34 FF 61060 231800  780 685 1414    +2309397     +3         -12    -19    9  46   87   +4   55  +10   55   10   5  0  0 L3E BB
E36 FF 61060 231800  780 167 1297    +5119410    +28         -12    -26   27  46  278  +86   76  +31   76   31  16  0  0 L3E 24
E03 FF 61060 233400  780 451 1944      -51160     -4         -11    -26   18  48  114  -13   47  +18   47   18  12  0  0 L3E CD
E05 FF 61060 233400  780 654  892      -66874    -11         -29    +17   12  47   89   +1   74   -5   74   -5   7  0  0 L3E A6
E09 FF 61060 233400  780 199  464    +1813636   +158          11     +5   17  48  235  +59  116   -4  116   -4  12  0  0 L3E 05
E15 FF 61060 233400  780 598 2976    +2299202    +18         -10    -10   14  44   94   -5   76   +3   76    3   9  0  0 L3E C6
E34 FF 61060 233400  780 621 1449    +2309409    +33         -23    +11   11  48   91   +6   58   -8   58   -8   7  0  0 L3E C9
E36 FF 61060 233400  780 114 1330    +5119465    +74         -10    +20   36  48  398 +177   85   +6   85    6  23  0  0 L3E 07
E03 FF 61060 235000  780 516 1955      -51143    +21         -15     -1   16  50  103  -10   54   -1   54   -1  10  0  0 L3E 95
E05 FF 61060 235000  780 626  774      -66886     -2         -13    +26   11  50   91   +3   68  -13   68  -13   6  0  0 L3E A5
E09 FF 61060 235000  780 148  464    +1813768   +203          -4    +50   17  50  311 +105  115  -38  115  -38  11  0  0 L3E 30
E13 FF 61060 235000  780 135 3100     +468389     -6           0    -13   24  50  344 -130  106  -12  106  -12  15  0  0 L3E EC
E15 FF 61060 235000  780 651 2925    +2299225     -6         -13    -33    9  44   89   -4   75  +17   75   17   5  0  0 L3E CB
E34 FF 61060 235000  780 557 1481    +2309438    +53         -16    +30   15  49   98   +8   50  -23   50  -23   8  0  0 L3E EB
