CGGTTS     GENERIC DATA FORMAT VERSION = 2E
REV DATE = 2026-01-01                    
RCVR = POLARX5-TR                    R2CGGTTS v8.8    
CH = 99 
IMS = POLARX5-TR                    
LAB = PTB                           
X = +3844059.67 m 
Y =  +709661.67 m 
Z = +5023129.80 m 
FRAME = ITRF
COMMENTS =           IGS RINEX,AUSPOS XYZ          
INT DLY =   33.2 ns (GAL E1),   33.0 ns (GAL E5a)
CAB DLY =  205.7 ns 
REF DLY =   56.2 ns
REF = UTC(PTB)                      
CKSUM = 7B

SAT CL  MJD  STTIME TRKL ELV AZTH   REFSV      SRSV     REFSYS    SRSYS  DSG IOE MDTR SMDT MDIO SMDI MSIO SMSI ISG FR HC FRC CK
             hhmmss  s  .1dg .1dg    .1ns     .1ps/s     .1ns    .1ps/s .1ns     .1ns.1ps/s.1ns.1ps/s.1ns.1ps/s.1ns
E03 FF 61057 000600  780 339  534      -59062    +13         -28    -10   19 102  144  +20   43   +7   43    7  12  0  0 L3E AF
E07 FF 61057 000600  780 322 2066     +392936     +5         -20    -17   20 102  151  -26   82   -1   82   -1  11  0  0 L3E CB
E08 FF 61057 000600  780 728 1327     +747501    +60         -22     -8    9 101   85   -1   48   +2   48    2   5  0  0 L3E 8F
E13 FF 61057 000600  780 766 1769     +465948    +12         -16     +5   13 102   83   +2   43   +0   43    0   8  0  0 L3E 9C
E15 FF 61057 000600  780 249 1388    +2289636    +14         -13    -13   26 101  191  +42   86  +25   86   25  14  0  0 L3E 27
E26 FF 61057 000600  780 428 3034    -1933702   -111         -10     -2   17 102  119  -13   37   -1   37   -1   9  0  0 L3E E0
E03 FF 61057 002200  780 287  525      -59016    +32          -4     +9   13 104  167  +28   30   -2   30   -2   8  0  0 L3E 8A
E07 FF 61057 002200  780 384 2090     +392960     +4         -17    -18   15 104  130  -18   71   +3   71    3   9  0  0 L3E BD
E08 FF 61057 002200  780 742 1114     +747565    +71         -24     +3   11 101   84   +0   45   -4   45   -4   6  0  0 L3E 9D
E13 FF 61057 002200  780 703 1713     +465951    +35         -21    +28   13 104   86   +4   50  -12   50  -12   8  0  0 L3E CE
E15 FF 61057 002200  780 192 1418    +2289655     +4         -20    -23   23 101  243  +69  104  +28  104   28  14  0  0 L3E 23
E26 FF 61057 002200  780 482 3018    -1933812   -129         -12    -19   19 104  108   -9   37  +12   37   12  11  0  0 L3E 1A
E03 FF 61057 003800  780 236  525      -58999    +37          -9    +14   22 105  201  +42   35   -9   35   -9  14  0  0 L3E CB
E07 FF 61057 003800  780 445 2115     +392981    +87         -17    +65   13 105  115  -13   63  -48   63  -48   8  0  0 L3E 1D
E08 FF 61057 003800  780 726  908     +747620    +74         -34     +6   15 101   85   +1   50   -1   50   -1   9  0  0 L3E 9A
E13 FF 61057 003800  780 637 1696     +465959    +39         -20    +32   11 105   90   +5   53  -16   53  -16   7  0  0 L3E F3
E15 FF 61057 003800  780 137 1446    +2289691     +7         -13    -20   46 105  336 +133  108  +25  108   25  26  0  0 L3E 45
E26 FF 61057 003800  780 533 2984    -1933937    -95         -31    +15   16 105  101   -7   48   -9   48   -9   9  0  0 L3E 09
E03 FF 61057 005400  780 184  531      -58979    -16         -10    -39   22 107  253  +69   38  +31   38   31  15  0  0 L3E F6
E07 FF 61057 005400  780 507 2142     +393008     +9         -12    -13   17 107  104  -10   56   +1   56    1  10  0  0 L3E BA
E08 FF 61057 005400  780 689  768     +747724    +99           1    +31   10 107   87   +3   29  -19   29  -19   6  0  0 L3E DB
E13 FF 61057 005400  780 571 1695     +465967     -1         -18     -7   13 107   96   +7   57  +11   57   11   8  0  0 L3E CA
E26 FF 61057 005400  780 580 2926    -1934038    -74         -25    +37   11 107   95   -5   43  -22   43  -22   6  0  0 L3E 02
E33 FF 61057 005400  780 116 3164      +17715     -9          -3    -20   21 107  396 -174   56   -6   56   -6  13  0  0 L3E D7
E03 FF 61057 011000  780 134  544      -58961    +53         -15    +30   33 109  343 +126   50  -10   50  -10  21  0  0 L3E E6
E07 FF 61057 011000  780 569 2171     +393026    +43         -17    +21   21 109   96   -7   56  -14   56  -14  12  0  0 L3E F3
E08 FF 61057 011000  780 641  689     +747763    +72         -27     +4   17 109   90   +4   45   +3   45    3  10  0  0 L3E A7
E13 FF 61057 011000  780 504 1701     +465971    +56         -21    +49   19 107  105  +10   62  -26   62  -26  11  0  0 L3E 08
E26 FF 61057 011000  780 618 2838    -1934145   -112         -28     -2   16 109   92   -3   44   +3   44    3   9  0  0 L3E CA
E33 FF 61057 011000  780 168 3167      +17721    +11          -7     +0   30 107  278  -85   47   -3   47   -3  18  0  0 L3E BD
E07 FF 61057 012600  780 631 2202     +393044    +37         -21    +14   13 110   91   -5   56  -13   56  -13   8  0  0 L3E D0
E08 FF 61057 012600  780 588  650     +747846    +58          -9    -10   14 110   94   +6   33   +1   33    1   8  0  0 L3E 99
E13 FF 61057 012600  780 438 1711     +465979    +43         -19    +36   20 107  116  +14   68  -15   68  -15  12  0  0 L3E 24
E26 FF 61057 012600  780 642 2717    -1934245    -94         -23    +16   17 110   90   -1   44   -5   44   -5  10  0  0 L3E E2
E29 FF 61057 012600  780 113 2318    +1698702    -29          -2    -63   40 110  405 -179  102  +31  102   31  23  0  0 L3E 32
E33 FF 61057 012600  780 219 3162      +17723    +24         -15    +13   20 107  216  -49   37  -18   37  -18  13  0  0 L3E 01
E07 FF 61057 014200  780 693 2234     +393071    +33         -15    +11   13 112   86   -4   48  -15   48  -15   8  0  0 L3E E2
E08 FF 61057 014200  780 533  635     +747905    +65         -17     -4   15 112  101   +7   37   +0   37    0   9  0  0 L3E 9C
E13 FF 61057 014200  780 372 1721     +466002     +3          -6     -5   12 112  133  +21   72  +12   72   12   7  0  0 L3E 9F
E26 FF 61057 014200  780 646 2576    -1934347   -114         -18     -4   21 112   89   +0   44   +4   44    4  12  0  0 L3E D9
E29 FF 61057 014200  780 164 2349    +1698721    +58         -14    +24   30 112  284  -88  100  -24  100  -24  18  0  0 L3E 51
E33 FF 61057 014200  780 270 3150      +17744    +24           0    +14   22 112  178  -31   28  -10   28  -10  13  0  0 L3E C6
E07 FF 61057 015800  780 755 2268     +393089     -1         -19    -24   15 113   83   -2   45  +11   45   11   9  0  0 L3E D1
E08 FF 61057 015800  780 478  635     +747975    +91         -12    +22   17 113  109  +10   33  -16   33  -16  11  0  0 L3E 0D
E13 FF 61057 015800  780 308 1731     +466021    +45           4    +38   15 113  157  +30   73   -9   73   -9  11  0  0 L3E D4
E25 FF 61057 015800  780 102  320     -218528    +22         -14    +22   35 113  443  -18   84  -21   84  -21  22  0  0 L3E F5
E26 FF 61057 015800  780 630 2438    -1934453    -98         -20    +12   14 113   91   +2   48   -3   48   -3   8  0  0 L3E DD
E29 FF 61057 015800  780 215 2383    +1698753    +37         -16     +3   23 113  219  -51   92  -12   92  -12  15  0  0 L3E 26
E33 FF 61057 015800  780 318 3127      +17731    +12         -23     +1   17 113  153  -21   39   -5   39   -5  11  0  0 L3E C2
E07 FF 61057 021400  780 816 2301     +393123    +18          -6     -4   12 115   82   -1   35   -1   35   -1   7  0  0 L3E 87
E08 FF 61057 021400  780 423  646     +748040    +61         -14     -7   18 115  120  +13   33   +1   33    1  10  0  0 L3E A5
E13 FF 61057 021400  780 244 1740     +466020     +1          -4     -6   13 115  194  +48   88  +22   88   22   7  0  0 L3E BF
E25 FF 61057 021400  780 102  270     -218530    -40         -13    -40   34 115  442  +17   80  +22   80   22  20  0  0 L3E D4
E26 FF 61057 021400  780 595 2325    -1934555    -88         -16    +22   17 115   94   +4   50   -6   50   -6   9  0  0 L3E E6
E29 FF 61057 021400  780 267 2419    +1698802    +47          -2    +13   23 115  180  -33   72  -21   72  -21  15  0  0 L3E 19
E33 FF 61057 021400  780 363 3093      +17760    +25          -2    +14   20 115  136  -14   23  -15   23  -15  12  0  0 L3E D8
E02 FF 61057 023000  780 153  730     -109479    -18           0    +11   27 113  302  -60   33   -8   33   -8  18  0  0 L3E B4
E07 FF 61057 023000  780 876 2321     +393151    +28           0     +5   12 117   81   +0   29   -4   29   -4   7  0  0 L3E 85
E08 FF 61057 023000  780 370  664     +748110    +59          -9    -10   17 117  134  +17   27  +10   27   10  10  0  0 L3E D7
E13 FF 61057 023000  780 182 1747     +466022    -11          -9    -18   19 115  256  +84  100  +20  100   20  12  0  0 L3E 01
E26 FF 61057 023000  780 548 2242    -1934661   -105         -18     +5   13 117   99   +6   59   +8   59    8   8  0  0 L3E E2
E29 FF 61057 023000  780 319 2457    +1698837    +52          -4    +17   22 117  153  -23   60  -23   60  -23  12  0  0 L3E 1C
E33 FF 61057 023000  780 402 3045      +17765    +36          -7    +25   17 117  125  -10   24  -12   24  -12  10  0  0 L3E D7
E02 FF 61057 024600  780 181  679     -109509    -20          -3     +9   24 113  258  -34   37  -10   37  -10  14  0  0 L3E E0
E07 FF 61057 024600  780 865  601     +393173    +22           0     +0   10 118   81   +0   27   -1   27   -1   5  0  0 L3E 65
E08 FF 61057 024600  780 318  687     +748178    +82          -7    +13   22 118  153  +23   29   -7   29   -7  13  0  0 L3E EB
E13 FF 61057 024600  780 122 1753     +466061    +76          24    +69   39 118  374 +178   88  -32   88  -32  23  0  0 L3E 3E
E26 FF 61057 024600  780 494 2183    -1934751   -125          -3    -15   15 118  106   +9   57  +18   57   18   9  0  0 L3E 16
E29 FF 61057 024600  780 370 2497    +1698871    +80          -3    +45   20 118  134  -17   53  -33   53  -33  12  0  0 L3E 2A
E33 FF 61057 024600  780 433 2983      +17760     -8         -21    -18   18 118  118   -6   35   +9   35    9  10  0  0 L3E C2
E02 FF 61057 030200  780 202  625     -109538    -17          -7    +11   23 120  233  -19   39   -2   39   -2  14  0  0 L3E BE
E07 FF 61057 030200  780 807  630     +393189    +10          -7    -13   12 120   82   +1   29   +4   29    4   7  0  0 L3E 84
E08 FF 61057 030200  780 268  714     +748236    +76         -15     +7   19 120  178  +31   33   -5   33   -5  11  0  0 L3E D4
E26 FF 61057 030200  780 434 2142    -1934856   -128          -4    -18   13 120  117  +13   63  +17   63   17   7  0  0 L3E 0B
E29 FF 61057 030200  780 423 2539    +1698893    +67         -16    +32   13 119  120  -13   49  -26   49  -26   8  0  0 L3E 35
E30 FF 61057 030200  780 131 1144    +6349374   +405          -1     -1   28 118  353 -131   87   -7   87   -7  17  0  0 L3E 0C
E33 FF 61057 030200  780 454 2909      +17782    +30          -8    +19   15 120  113   -3   26  -12   26  -12   9  0  0 L3E C6
E02 FF 61057 031800  780 214  569     -109560    -10          -2    +18   27 121  220   -8   39  -12   39  -12  15  0  0 L3E D7
E07 FF 61057 031800  780 750  668     +393223    +37           5    +15    9 121   84   +2   19  -13   19  -13   6  0  0 L3E A8
E08 FF 61057 031800  780 219  744     +748301    +96         -15    +27   22 121  215  +46   38  -15   38  -15  13  0  0 L3E 0E
E12 FF 61057 031800  780 116 3305     +192960    -28           1    -54   26 121  394 -151   59  +25   59   25  16  0  0 L3E 09
E26 FF 61057 031800  780 373 2112    -1934970    -96         -15    +14   17 121  133  +19   77   -3   77   -3  11  0  0 L3E 11
E29 FF 61057 031800  780 475 2583    +1698928    +45         -14    +10   18 119  110  -10   41  -12   41  -12  11  0  0 L3E 28
E30 FF 61057 031800  780 179 1108    +6349763   +385          -1    -20   32 118  261  -69   71   -7   71   -7  19  0  0 L3E 20
E33 FF 61057 031800  780 461 2826      +17785    +37         -16    +27   18 121  112   +0   30  -18   30  -18  10  0  0 L3E E9
E02 FF 61057 033400  780 218  512     -109595    -60          -6    -31   22 123  216   +1   44  +24   44   24  13  0  0 L3E C1
E07 FF 61057 033400  780 694  709     +393238    +71          -4    +48   15 123   86   +3   24  -26   24  -26   8  0  0 L3E D3
E08 FF 61057 033400  780 171  776     +748371    +19         -12    -49   32 123  271  +73   37  +53   37   53  21  0  0 L3E 0A
E12 FF 61057 033400  780 160 3279     +192985     +7           1    -19   31 123  291  -75   53   +8   53    8  20  0  0 L3E C3
E26 FF 61057 033400  780 311 2089    -1935078   -100         -20     +9   18 123  156  +29   85   +2   85    2  10  0  0 L3E FB
E29 FF 61057 033400  780 528 2629    +1698958    +64         -18    +30   12 123  102   -7   36  -22   36  -22   7  0  0 L3E 1B
E30 FF 61057 033400  780 226 1068    +6350149   +396          -4     -9   19 118  210  -41   56   -7   56   -7  12  0  0 L3E 02
E33 FF 61057 033400  780 455 2740      +17791    +54         -19    +44   21 123  113   +3   34  -18   34  -18  12  0  0 L3E ED
E02 FF 61057 035000  780 212  457     -109618    -43           0    -14   26 125  222  +10   43  +11   43   11  16  0  0 L3E B8
E07 FF 61057 035000  780 640  750     +393252    +35         -13    +12   17 125   90   +4   29   -5   29   -5  11  0  0 L3E B5
E08 FF 61057 035000  780 124  809     +748453    +55           4    -14   24 124  367 +132   39  +14   39   14  16  0  0 L3E F6
E12 FF 61057 035000  780 198 3246     +192994    +33         -18     +7   25 125  237  -43   54  -16   54  -16  16  0  0 L3E 19
E19 FF 61057 035000  780 108 2635   -26422632   -358          -6    -16   31 125  423 -176   80   -5   80   -5  22  0  0 L3E 36
E26 FF 61057 035000  780 250 2071    -1935176    -89         -14    +21   19 125  190  +45   93   -6   93   -6  11  0  0 L3E 13
E29 FF 61057 035000  780 580 2677    +1699001    +39         -10     +4   17 125   95   -6   27   +0   27    0  10  0  0 L3E C5
E30 FF 61057 035000  780 269 1022    +6350542   +402          -5     -4   19 125  178  -26   44   -4   44   -4  12  0  0 L3E EC
E33 FF 61057 035000  780 436 2658      +17810    -14         -10    -24   14 123  117   +6   34  +26   34   26   8  0  0 L3E CC
E02 FF 61057 040600  780 197  405     -109658    -27         -13     +1   16 126  237  +22   55   +5   55    5  11  0  0 L3E C0
E07 FF 61057 040600  780 586  792     +393280    +39          -6    +17   13 126   95   +6   25   -7   25   -7   8  0  0 L3E B8
E12 FF 61057 040600  780 231 3204     +193027     +8         -10    -18   18 126  205  -26   42   +9   42    9  11  0  0 L3E C4
E19 FF 61057 040600  780 154 2672   -26422963   -359          -9    -17   29 126  302  -90   66   -9   66   -9  20  0  0 L3E 43
E26 FF 61057 040600  780 189 2056    -1935280    -92         -14    +18   27 126  247  +77  100   +5  100    5  16  0  0 L3E 25
E27 FF 61057 040600  780 131 1462    +8820585    +62           4    -43   31 126  354 -149   79  +10   79   10  21  0  0 L3E 1A
E29 FF 61057 040600  780 634 2728    +1699040    +29          -5     -6   12 126   90   -4   23   +3   23    3   7  0  0 L3E A7
E30 FF 61057 040600  780 308  969    +6350943   +372           6    -34   25 126  158  -17   27   +7   27    7  15  0  0 L3E F5
E33 FF 61057 040600  780 405 2585      +17832    +24           3    +14   17 123  124   +9   34   -1   34   -1  10  0  0 L3E 9C
E02 FF 61057 042200  780 175  359     -109673    -76          -2    -48   23   1  266  +39   50  +34   50   34  15  0  0 L3E CC
E07 FF 61057 042200  780 533  835     +393299     +7         -10    -17   14   1  101   +7   27   +9   27    9   8  0  0 L3E 85
E10 FF 61057 042200  780 119 3349    +7651405    +83           0    +58   32   1  385 -119   52  -37   52  -37  20  0  0 L3E FF
E12 FF 61057 042200  780 257 3154     +193046    +45         -15    +19   20   1  186  -15   40  -19   40  -19  13  0  0 L3E EA
E19 FF 61057 042200  780 201 2710   -26423290   -333         -11     +8   27   1  235  -54   53  -17   53  -17  17  0  0 L3E 13
E26 FF 61057 042200  780 130 2041    -1935378   -104          -8     +6   19   1  353 +155  111   +0  111    0  14  0  0 L3E DD
E27 FF 61057 042200  780 187 1441    +8820666   +174         -13    +70   25   1  252  -76   80  -68   80  -68  15  0  0 L3E 32
E29 FF 61057 042200  780 687 2784    +1699078    +37          -4     +1   11   1   87   -3   22   +1   22    1   6  0  0 L3E 86
E30 FF 61057 042200  780 340  909    +6351324   +418          -3    +12   20   0  144  -11   25  -15   25  -15  12  0  0 L3E D5
E33 FF 61057 042200  780 365 2523      +17833    +48          -6    +38   14 123  135  +14   47  -16   47  -16   8  0  0 L3E EA
E02 FF 61057 043800  780 145  318     -109693    -11           4    +18   16   2  317  +70   51  -12   51  -12  10  0  0 L3E B1
E07 FF 61057 043800  780 481  877     +393322     +3          -9    -20   14   2  108   +9   27  +16   27   16   8  0  0 L3E 9B
E10 FF 61057 043800  780 154 3312    +7651440    +19          13     -6   26   2  302  -62   34   -8   34   -8  15  0  0 L3E BE
E12 FF 61057 043800  780 274 3098     +193076    +18         -11     -8   24   2  175   -7   32   +4   32    4  15  0  0 L3E A3
E19 FF 61057 043800  780 248 2747   -26423617   -355         -11    -14   20   2  192  -36   37  -10   37  -10  13  0  0 L3E 33
E27 FF 61057 043800  780 244 1418    +8820761    +97         -18     -7   16   2  196  -45   74   -1   74   -1  10  0  0 L3E E9
E29 FF 61057 043800  780 741 2850    +1699112    +20          -3    -16   12   2   84   -2   22   +9   22    9   7  0  0 L3E 91
E30 FF 61057 043800  780 363  843    +6351715   +405          -2     -1   17   0  136   -6   25   -2   25   -2  10  0  0 L3E 9E
E33 FF 61057 043800  780 319 2470      +17839    +40         -11    +30   19 123  152  +21   55  -14   55  -14  12  0  0 L3E FA
E07 FF 61057 050600  780 392  951     +393348    +10         -20    -13   10   5  128  +14   39  +14   39   14   6  0  0 L3E BF
E10 FF 61057 050600  780 198 3232    +7651454     +1         -15    -24   20   5  237  -22   41   +4   41    4  12  0  0 L3E B0
E12 FF 61057 050600  780 279 2990     +193134    +54           4    +28   25   5  172   +3   19  -12   19  -12  16  0  0 L3E C7
E19 FF 61057 050600  780 334 2809   -26424183   -315          -4    +26   17   5  147  -20   21  -17   21  -17  11  0  0 L3E 18
E27 FF 61057 050600  780 343 1366    +8820945   +134          -9    +29   22   5  143  -21   52  -24   52  -24  13  0  0 L3E 0C
E29 FF 61057 050600  780 835 3055    +1699171    +34          -4     -1   11   5   81   -1   20   +0   20    0   7  0  0 L3E 6C
E30 FF 61057 050600  780 379  719    +6352390   +425          -9    +19   22   0  131   +0   25  -15   25  -15  12  0  0 L3E DC
E33 FF 61057 050600  780 229 2399      +17872    +10           2     -1   27   4  206  +47   64  +13   64   13  16  0  0 L3E A5
E07 FF 61057 052200  780 341  992     +393386    +11          -4    -12   15   5  143  +19   39  +22   39   22  10  0  0 L3E C0
E10 FF 61057 052200  780 211 3179    +7651480    +40         -13    +15   31   6  222  -10   33  -15   33  -15  17  0  0 L3E EC
E12 FF 61057 052200  780 268 2928     +193151     +2          -4    -24   16   6  178  +10   22  +15   22   15   9  0  0 L3E A9
E19 FF 61057 052200  780 384 2842   -26424504   -376           2    -35   21   7  130  -15   14  +25   14   25  14  0  0 L3E FE
E27 FF 61057 052200  780 398 1327    +8821051   +127          -4    +22   20   7  126  -15   39  -23   39  -23  12  0  0 L3E 07
E29 FF 61057 052200  780 875   67    +1699215    +38           6     +3   12   7   81   +0   14   -2   14   -2   7  0  0 L3E 5F
E30 FF 61057 052200  780 372  649    +6352785   +392          -3    -14   22   7  133   +4   17  +12   17   12  12  0  0 L3E D1
E33 FF 61057 052200  780 175 2366      +17869    -29         -11    -40   39   4  265  +81   80  +26   80   26  24  0  0 L3E E8
E07 FF 61057 053800  780 292 1033     +393416    +47           3    +24   16   5  165  +26   44   -2   44   -2  10  0  0 L3E AB
E10 FF 61057 053800  780 216 3122    +7651505    +57         -11    +32   24   6  218   +0   33  -25   33  -25  15  0  0 L3E E3
E11 FF 61057 053800  780 117 3380   -36273783  -1703         -31     -9   28   8  390  -78   53   +7   53    7  18  0  0 L3E 1F
E12 FF 61057 053800  780 248 2868     +193183    +28           3     +2   21   6  192  +18   19   +0   19    0  15  0  0 L3E 97
E19 FF 61057 053800  780 436 2873   -26424838   -323          -5    +19   15   8  117  -12   16  -19   16  -19  10  0  0 L3E 34
E21 FF 61057 053800  780 131 1762    +7154536    +77          20    +52   15   8  354 -157   68  -49   68  -49  11  0  0 L3E 2C
E27 FF 61057 053800  780 450 1276    +8821148   +124          -7    +19   20   8  114  -10   34  -12   34  -12  12  0  0 L3E FE
E29 FF 61057 053800  780 843  866    +1699242     +9           0    -27   13   8   81   +1   20  +15   20   15   7  0  0 L3E 8E
E30 FF 61057 053800  780 354  586    +6353175   +409          -3     +3   26   8  139   +8   19   -1   19   -1  15  0  0 L3E BE
E33 FF 61057 053800  780 121 2336      +17885    +39          -5    +28   39   4  377 +164   83   -8   83   -8  23  0  0 L3E E1
E07 FF 61057 055400  780 242 1072     +393429    +45          -7    +22   17  10  195  +38   68   +5   68    5  10  0  0 L3E CE
E10 FF 61057 055400  780 211 3064    +7651532    +31          -9     +6   25   6  223  +10   28   +1   28    1  14  0  0 L3E 9B
E11 FF 61057 055400  780 137 3334   -36275390  -1656         -10    +38   26  10  336  -39   39  -37   39  -37  16  0  0 L3E 6D
E12 FF 61057 055400  780 219 2813     +193196    +35          -8     +9   23   6  215  +31   31   -7   31   -7  15  0  0 L3E AE
E19 FF 61057 055400  780 489 2900   -26425157   -311           4    +30   12  10  107   -9   12  -19   12  -19   7  0  0 L3E FD
E21 FF 61057 055400  780 190 1760    +7154540    +12           1    -13   15  10  248  -78   68   +8   68    8   9  0  0 L3E C6
E27 FF 61057 055400  780 495 1211    +8821247    +97          -7     -7   16  10  106   -7   32   +2   32    2   9  0  0 L3E A8
E29 FF 61057 055400  780 789 1033    +1699274    +92          -3    +57   10  10   82   +2   23  -32   23  -32   5  0  0 L3E D9
E30 FF 61057 055400  780 327  531    +6353556   +406         -12     +0   20  10  149  +13   29  +12   29   12  12  0  0 L3E E3
E07 FF 61057 061000  780 193 1110     +393458    -17          -1    -40   21  12  242  +60   86  +47   86   47  13  0  0 L3E E4
E10 FF 61057 061000  780 197 3008    +7651583    +54          12    +28   20  12  238  +22   14  -21   14  -21  13  0  0 L3E F4
E11 FF 61057 061000  780 149 3283   -36277014  -1708          -8    -14   19  12  310  -16   31   +7   31    7  11  0  0 L3E 05
E12 FF 61057 061000  780 184 2763     +193208    +11         -21    -15   21   6  253  +51   45  +29   45   29  14  0  0 L3E DE
E19 FF 61057 061000  780 543 2921   -26425490   -349          -1     -8   15  10   99   -7   14   +7   14    7   9  0  0 L3E C8
E21 FF 61057 061000  780 251 1758    +7154567    +30           5     +5   18  12  191  -45   61   -4   61   -4  11  0  0 L3E BE
E27 FF 61057 061000  780 532 1130    +8821352   +117          -3    +12   15  10  101   -4   26   -9   26   -9   9  0  0 L3E BF
E29 FF 61057 061000  780 732 1116    +1699301    +34         -11     -1   17  12   84   +3   27   +2   27    2  10  0  0 L3E 9C
E30 FF 61057 061000  780 292  487    +6353959   +383           2    -22   17  12  165  +20   27  +19   27   19   9  0  0 L3E EE
E07 FF 61057 062600  780 145 1147     +393471    +36         -10    +13   26  13  318 +105  124  +21  124   21  17  0  0 L3E 1A
E10 FF 61057 062600  780 174 2954    +7651587    -18          -8    -44   35  13  267  +40   27  +23   27   23  21  0  0 L3E 0C
E11 FF 61057 062600  780 152 3230   -36278623  -1689           9     +4   20  13  304   +3   15   -3   15   -3  12  0  0 L3E E0
E12 FF 61057 062600  780 144 2718     +193260    +26          -2     -1   30  13  320  +92   43   +8   43    8  18  0  0 L3E A7
E19 FF 61057 062600  780 599 2934   -26425815   -329           2    +13   13  10   93   -6   13   -5   13   -5   7  0  0 L3E D9
E21 FF 61057 062600  780 313 1756    +7154579    +15          -6     -9   14  13  155  -29   66   +3   66    3   9  0  0 L3E CB
E27 FF 61057 062600  780 556 1032    +8821447    +52          -7    -52   16  13   98   -2   31  +38   31   38   9  0  0 L3E D8
E29 FF 61057 062600  780 674 1175    +1699346     +0           0    -36   14  13   87   +4   29  +30   29   30   8  0  0 L3E B7
E30 FF 61057 062600  780 252  452    +6354358   +419          12    +14   19  13  189  +31   29   -4   29   -4  12  0  0 L3E EF
E04 FF 61057 064200  780 102 2968     +443792   +141          17    +33   22  12  447 -206   18  -29   18  -29  15  0  0 L3E 28
E10 FF 61057 064200  780 144 2903    +7651597    -20         -24    -45   30  15  319  +71   33  +24   33   24  20  0  0 L3E 04
E11 FF 61057 064200  780 146 3177   -36280242  -1685          16     +9   22  13  316  +22    9   -1    9   -1  14  0  0 L3E EA
E12 FF 61057 064200  780 100 2677     +193290    -25           2    -52   25  15  451 +196   50  +42   50   42  16  0  0 L3E E4
E19 FF 61057 064200  780 655 2934   -26426144   -348           0     -7   12  10   89   -4   18   +6   18    6   7  0  0 L3E BF
E21 FF 61057 064200  780 377 1752    +7154605    -10          -5    -35   19  15  132  -20   64  +26   64   26  12  0  0 L3E F9
E27 FF 61057 064200  780 564  925    +8821556   +124           1    +20   18  15   97   +0   33   -4   33   -4  10  0  0 L3E B2
E29 FF 61057 064200  780 616 1225    +1699374    +27          -6     -8   15  15   92   +5   40  +18   40   18   8  0  0 L3E C7
E30 FF 61057 064200  780 208  428    +6354738   +376           2    -30   22  15  226  +49   48  +34   48   34  14  0  0 L3E FC
E04 FF 61057 065800  780 151 2991     +443888   +117          10     +9   25  12  308 -100   25  -13   25  -13  17  0  0 L3E 0C
E11 FF 61057 065800  780 131 3125   -36281876  -1696           8     -2   23  13  348  +48   14   +4   14    4  15  0  0 L3E FE
E19 FF 61057 065800  780 712 2907   -26426467   -361           4    -20   11  16   85   -3   22  +18   22   18   7  0  0 L3E EE
E21 FF 61057 065800  780 441 1746    +7154624    +38         -11    +13   21  16  116  -14   68   +0   68    0  13  0  0 L3E E3
E27 FF 61057 065800  780 557  821    +8821659    +81           4    -24   15  16   98   +2   38  +20   38   20   8  0  0 L3E C4
E29 FF 61057 065800  780 558 1268    +1699411    +22          -3    -13   14  16   98   +7   51  +24   51   24   8  0  0 L3E DC
E30 FF 61057 065800  780 161  412    +6355128   +413           3     +7   21  16  288  +85   65  +19   65   19  14  0  0 L3E EB
E04 FF 61057 071400  780 201 3010     +444004    +77          22    -31   16  12  234  -58   24  +27   24   27  10  0  0 L3E CE
E11 FF 61057 071400  780 109 3074   -36283501  -1748           9    -55   19  13  414  +94   18  +39   18   39  11  0  0 L3E 3D
E19 FF 61057 071400  780 765 2824   -26426802   -360           0    -19   11  18   83   -2   31  +18   31   18   7  0  0 L3E E8
E21 FF 61057 071400  780 505 1734    +7154658     -2          -1    -27   16  16  105  -10   64  +18   64   18  10  0  0 L3E E5
E27 FF 61057 071400  780 534  730    +8821744   +101         -12     -4   14  18  101   +4   57   +9   57    9   8  0  0 L3E B9
E29 FF 61057 071400  780 499 1308    +1699442    +18          -7    -17   19  18  105   +9   70  +29   70   29  11  0  0 L3E 09
E30 FF 61057 071400  780 112  403    +6355528   +431          14    +26   27  17  406 +173   78  +17   78   17  16  0  0 L3E 1A
E04 FF 61057 073000  780 252 3024     +444095    +54           7    -55   17  20  189  -37   38  +48   38   48  12  0  0 L3E ED
E19 FF 61057 073000  780 807 2608   -26427119   -322          13    +19    7  20   82   -1   32   -5   32   -5   4  0  0 L3E C7
E21 FF 61057 073000  780 569 1712    +7154683    +36          -6    +11   15  20   96   -7   64  -10   64  -10   9  0  0 L3E D8
E23 FF 61057 073000  780 121 2052     +222458    +26          -9    +14   19  20  382 -176  179  -12  179  -12  13  0  0 L3E 28
E27 FF 61057 073000  780 500  659    +8821843    +98         -13     -7   13  18  105   +6   67  +14   67   14   8  0  0 L3E DC
E29 FF 61057 073000  780 441 1344    +1699479    +68          -5    +33   15  20  116  +13   88   +0   88    0   9  0  0 L3E D8
E04 FF 61057 074600  780 304 3032     +444196    +99           3     -9   27  21  159  -26   49  +15   49   15  16  0  0 L3E E0
E19 FF 61057 074600  780 814 2215   -26427455   -371           4    -30   11  21   82   +0   42  +26   42   26   6  0  0 L3E DC
E21 FF 61057 074600  780 631 1673    +7154714    +39           0    +14   13  21   91   -5   60   -9   60   -9   8  0  0 L3E A8
E23 FF 61057 074600  780 178 2069     +222475     +9          -3     -3   21  21  264  -84  170  +15  170   15  13  0  0 L3E E9
E27 FF 61057 074600  780 458  607    +8821949   +108          -7     +4   14  18  113   +9   71   +7   71    7   8  0  0 L3E C2
E29 FF 61057 074600  780 382 1378    +1699508    +35         -10     +0   19  21  130  +17  111  +27  111   27  10  0  0 L3E 18
E04 FF 61057 080200  780 357 3033     +444296    +97           0    -11   18  23  138  -18   59  +16   59   16  11  0  0 L3E E6
E06 FF 61057 080200  780 114 3083    +2205368    +71          14    +22   16  19  404 -176   43   +6   43    6  10  0  0 L3E E1
E19 FF 61057 080200  780 778 1929   -26427795   -304          -8    +37   11  23   83   +2   55  -15   55  -15   6  0  0 L3E 1A
E21 FF 61057 080200  780 688 1600    +7154740    +33           0     +8   13  23   87   -3   61   -6   61   -6   8  0  0 L3E 90
E23 FF 61057 080200  780 236 2090     +222482    +35          -5    +23   19  23  202  -49  158  -42  158  -42  12  0  0 L3E 12
E27 FF 61057 080200  780 410  573    +8822049    +53          -7    -52   20  18  123  +12   79  +35   79   35  12  0  0 L3E F2
E29 FF 61057 080200  780 324 1408    +1699537    +39         -17     +3   18  23  150  +25  141  +26  141   26  10  0  0 L3E 1D
E04 FF 61057 081800  780 409 3024     +444399   +121          -1    +13   14  24  123  -13   67   -2   67   -2   9  0  0 L3E CD
E06 FF 61057 081800  780 164 3092    +2205413    +47          12     -2   30  24  284  -87   64  +13   64   13  18  0  0 L3E EE
E19 FF 61057 081800  780 723 1808   -26428121   -324          -6    +17   13  24   85   +3   64   -4   64   -4   8  0  0 L3E E5
E21 FF 61057 081800  780 734 1468    +7154760    +24          -5     -2   14  24   84   -2   61   -1   61   -1   8  0  0 L3E 9F
E23 FF 61057 081800  780 294 2112     +222487    +53         -11    +41   19  24  164  -31  132  -47  132  -47  12  0  0 L3E 23
E27 FF 61057 081800  780 360  554    +8822153   +139          -4    +34   16  24  137  +17   85  -14   85  -14   9  0  0 L3E 0D
E29 FF 61057 081800  780 267 1436    +1699574    +52         -14    +17   26  23  179  +37  171  +25  171   25  15  0  0 L3E 4F
E04 FF 61057 083400  780 461 3003     +444495   +105         -10     -3   11  25  112  -10   75   +8   75    8   6  0  0 L3E B7
E06 FF 61057 083400  780 215 3096    +2205446    +48          -3     -1   21  26  220  -51   85  +12   85   12  13  0  0 L3E DE
E19 FF 61057 083400  780 661 1759   -26428438   -357           1    -16   12  26   88   +4   68  +22   68   22   7  0  0 L3E 06
E21 FF 61057 083400  780 760 1254    +7154802    +36          13    +11   10  26   83   +0   52   -7   52   -7   6  0  0 L3E A8
E23 FF 61057 083400  780 354 2138     +222502    +13          -6     +1   21  26  140  -21  112   -9  112   -9  12  0  0 L3E C2
E27 FF 61057 083400  780 309  545    +8822246   +133         -12    +29   19  26  157  +24  102   -7  102   -7  11  0  0 L3E 1C
E29 FF 61057 083400  780 210 1461    +1699616    +56          -6    +20   23  23  224  +59  211  +56  211   56  15  0  0 L3E 21
E04 FF 61057 085000  780 509 2965     +444591   +128         -20    +20   15  28  104   -7   85   -8   85   -8   9  0  0 L3E EA
E06 FF 61057 085000  780 266 3092    +2205511    +15          13    -34   21  28  180  -33   82  +23   82   23  13  0  0 L3E F0
E19 FF 61057 085000  780 597 1739   -26428766   -369          -8    -28   12  28   94   +6   82  +32   82   32   7  0  0 L3E 23
E21 FF 61057 085000  780 755 1008    +7154814    -21           1    -47   14  28   83   +1   62  +30   62   30   8  0  0 L3E B2
E23 FF 61057 085000  780 414 2166     +222513    +18          -9     +6   15  28  122  -15  106   -3  106   -3   9  0  0 L3E C5
E27 FF 61057 085000  780 257  545    +8822342    +82         -15    -22   15  28  185  +36  119  +34  119   34  10  0  0 L3E 2C
E29 FF 61057 085000  780 153 1484    +1699660    +55           4    +20   21  23  301 +108  270  +64  270   64  13  0  0 L3E 24
E04 FF 61057 090600  780 551 2905     +444709   +137          -6    +29   15  29   98   -5   79  -16   79  -16   8  0  0 L3E FF
E06 FF 61057 090600  780 316 3080    +2205553    +27           8    -22   20  29  154  -22   89  +16   89   16  13  0  0 L3E F6
E19 FF 61057 090600  780 531 1734   -26429093   -387         -11    -46   12  29  101   +9   98  +44   98   44   7  0  0 L3E 35
E21 FF 61057 090600  780 723  828    +7154820    +20         -17     -6   14  29   85   +2   77   +9   77    9   8  0  0 L3E AD
E23 FF 61057 090600  780 474 2197     +222530     -4          -4    -16   15  29  110  -11  100   +3  100    3   9  0  0 L3E AA
E27 FF 61057 090600  780 205  553    +8822459   +108           0     +4   20  29  228  +55  124  +15  124   15  12  0  0 L3E FD
E04 FF 61057 092200  780 585 2821     +444826   +109           6     +1   12  29   95   -3   75   +9   75    9   7  0  0 L3E 9D
E06 FF 61057 092200  780 364 3058    +2205591    +19          -2    -30   23  31  136  -16   96  +23   96   23  13  0  0 L3E FC
E09 FF 61057 092200  780 148 3173    +1766115   +117           6    -36   23  31  314 -106  123  +32  123   32  14  0  0 L3E 29
E19 FF 61057 092200  780 466 1735   -26429415   -346          -9     -5   17  31  111  +12  115  +28  115   28  11  0  0 L3E 3A
E21 FF 61057 092200  780 677  729    +7154868    +18           6     -7   14  31   87   +3   68   +7   68    7   8  0  0 L3E A0
E23 FF 61057 092200  780 534 2230     +222537    +13          -9     +1   16  31  101   -8   96   -2   96   -2   9  0  0 L3E 94
E27 FF 61057 092200  780 155  566    +8822550    +57          -8    -48   22  29  299  +95  145  +61  145   61  14  0  0 L3E 35
E04 FF 61057 093800  780 604 2712     +444927    +89           4    -20   14  29   93   -1   79  +13   79   13   8  0  0 L3E C2
E06 FF 61057 093800  780 409 3022    +2205652    +22          11    -27   12  31  123  -11   91  +19   91   19   8  0  0 L3E E4
E09 FF 61057 093800  780 198 3166    +1766254   +159          -3     +7   24  32  238  -59  132  -17  132  -17  15  0  0 L3E 4B
E15 FF 61057 093800  780 110  451    +2290615     +2           0    -26   29  28  412  -76  151   +4  151    4  17  0  0 L3E C2
E19 FF 61057 093800  780 401 1740   -26429739   -323          -7    +17   11  32  125  +17  136  +22  136   22   7  0  0 L3E 39
E21 FF 61057 093800  780 624  681    +7154875   +108         -10    +83   14  32   91   +5   83  -43   83  -43   8  0  0 L3E FB
E23 FF 61057 093800  780 595 2266     +222556     -3          -1    -15   20  31   94   -6   87   +0   87    0  11  0  0 L3E 96
E27 FF 61057 093800  780 105  584    +8822673   +257          14   +152   52  29  431 +194  156  -53  156  -53  33  0  0 L3E 76
E04 FF 61057 095400  780 607 2590     +445034   +105           6     -3   16  29   93   +1   83  +13   83   13   9  0  0 L3E AC
E06 FF 61057 095400  780 448 2972    +2205685    +41          -3     -8   13  31  115   -7   98   +4   98    4   7  0  0 L3E BE
E09 FF 61057 095400  780 246 3150    +1766408   +160           2     +8   25  34  193  -36  126   -7  126   -7  15  0  0 L3E 0A
E15 FF 61057 095400  780 127  400    +2290645    -42           2    -70   43  34  360  -36  143  +49  143   49  26  0  0 L3E 07
E19 FF 61057 095400  780 336 1746   -26430061   -314          -5    +26   12  33  145  +25  162  +19  162   19   7  0  0 L3E 3B
E21 FF 61057 095400  780 569  662    +7154906    +52          -3    +27   15  34   96   +6   82   -8   82   -8   9  0  0 L3E C3
E23 FF 61057 095400  780 655 2305     +222559    +14         -11     +1   13  31   89   -4   88   -4   88   -4   7  0  0 L3E AA
E31 FF 61057 095400  780 148 2378    +1128909    +70          18    +44   37  34  314 -106  250  -61  250  -61  22  0  0 L3E 4C
E04 FF 61057 101000  780 591 2472     +445135   +111           0     +3   15  36   94   +2   93   +6   93    6   9  0  0 L3E 79
E06 FF 61057 101000  780 479 2906    +2205738    +49           3     +0   18  31  109   -5   96   +4   96    4  11  0  0 L3E AC
E09 FF 61057 101000  780 292 3126    +1766570   +117          16    -35   16  36  165  -24  115  +28  115   28  10  0  0 L3E 33
E13 FF 61057 101000  780 111  854     +466218    +50          -7    +43   36  36  412 -155  205  -44  205  -44  24  0  0 L3E 0C
E15 FF 61057 101000  780 136  347    +2290657    -30         -11    -59   30  36  338  -11  154  +36  154   36  19  0  0 L3E 1F
E19 FF 61057 101000  780 273 1752   -26430384   -310          -2    +30   23  33  175  +38  204  +30  204   30  15  0  0 L3E 28
E21 FF 61057 101000  780 514  661    +7154921    +73         -13    +47   17  36  103   +8   94  -22   94  -22  10  0  0 L3E EC
E23 FF 61057 101000  780 715 2350     +222574    +13          -7     +1   13  31   85   -3   83   -2   83   -2   7  0  0 L3E 75
E31 FF 61057 101000  780 198 2413    +1128911     -7          -5    -33   27  36  237  -60  237   -1  237   -1  18  0  0 L3E F2
E04 FF 61057 102600  780 559 2371     +445227   +116         -13     +7   18  37   97   +5  111   +7  111    7  10  0  0 L3E D0
E06 FF 61057 102600  780 499 2826    +2205772     +9         -14    -40   18  37  106   -2  113  +30  113   30  11  0  0 L3E FF
E09 FF 61057 102600  780 334 3090    +1766700   +192          -2    +40   20  37  147  -16  127  -31  127  -31  12  0  0 L3E 2F
E13 FF 61057 102600  780 152  811     +466237    -42           5    -49   26  36  305  -77  180   +4  180    4  18  0  0 L3E D1
E15 FF 61057 102600  780 136  295    +2290695     -5           1    -33   30  37  338  +11  150  +22  150   22  18  0  0 L3E E2
E19 FF 61057 102600  780 211 1758   -26430729   -353         -19    -12   19  33  222  +62  263  +38  263   38  12  0  0 L3E 63
E21 FF 61057 102600  780 459  671    +7154961    +40           2    +14   15  37  112  +11   92   -3   92   -3   9  0  0 L3E B0
E23 FF 61057 102600  780 774 2405     +222578    +22         -15    +10   12  31   83   -2   89   -5   89   -5   7  0  0 L3E B3
E31 FF 61057 102600  780 249 2449    +1128938    +95          -3    +69   25  37  192  -38  217  -69  217  -69  15  0  0 L3E 5B
E04 FF 61057 104200  780 516 2292     +445331   +118         -13     +9   20  38  103   +7  128  +14  128   14  11  0  0 L3E F6
E06 FF 61057 104200  780 506 2735    +2205828    +36          -5    -14   15  39  104   +0  113  +16  113   16   9  0  0 L3E EC
E09 FF 61057 104200  780 370 3043    +1766854   +146           4     -6   17  39  134  -10  122   +8  122    8  11  0  0 L3E E9
E13 FF 61057 104200  780 188  763     +466252    -17          13    -24   25  39  249  -44  151   +6  151    6  16  0  0 L3E E6
E15 FF 61057 104200  780 127  244    +2290695    +68         -24    +40   33  39  360  +36  167  -20  167  -20  21  0  0 L3E 2B
E19 FF 61057 104200  780 151 1762   -26431035   -302           1    +39   19  33  305 +118  286  +18  286   18  12  0  0 L3E 4B
E21 FF 61057 104200  780 406  689    +7154980    +48          -3    +22   15  39  124  +14  104   -6  104   -6   9  0  0 L3E E7
E23 FF 61057 104200  780 833 2493     +222602    +19          -2     +7   10  39   81   -1   85   -3   85   -3   6  0  0 L3E 86
E31 FF 61057 104200  780 299 2487    +1128973     +6           6    -19   18  38  162  -26  180   -7  180   -7  12  0  0 L3E 02
E04 FF 61057 105800  780 465 2233     +445444   +113          -4     +4   11  38  111  +10  140  +21  140   21   6  0  0 L3E D3
E06 FF 61057 105800  780 498 2643    +2205872    +48          -9     -2   11  40  106   +2  121   +2  121    2   6  0  0 L3E B7
E09 FF 61057 105800  780 398 2984    +1766994   +167          -3    +14   19  40  126   -6  127  -15  127  -15  10  0  0 L3E 4C
E13 FF 61057 105800  780 218  710     +466249    -29           4    -36   24  40  216  -26  148  +18  148   18  16  0  0 L3E FE
E15 FF 61057 105800  780 110  197    +2290734     +6         -10    -22   25  40  413  +77  162  +11  162   11  16  0  0 L3E F8
E21 FF 61057 105800  780 354  713    +7154995    -19         -13    -44   17  40  139  +18  124  +51  124   51  10  0  0 L3E 22
E23 FF 61057 105800  780 885 3001     +222612     +4          -3     -8   13  40   81   +0   86   +2   86    2   7  0  0 L3E 5F
E31 FF 61057 105800  780 351 2527    +1128976     -5         -16    -30   20  38  141  -19  168  -14  168  -14  11  0  0 L3E 33
E04 FF 61057 111400  780 409 2189     +445557    +88           4    -20   15  38  123  +15  155  +36  155   36   9  0  0 L3E FE
E06 FF 61057 111400  780 477 2557    +2205928    +45          -1     -4   17  42  109   +5  122   +7  122    7  10  0  0 L3E CF
E09 FF 61057 111400  780 416 2914    +1767151   +159           4     +6   13  42  122   -3  118   -5  118   -5   8  0  0 L3E D7
E13 FF 61057 111400  780 241  653     +466253    +41           0    +33   29  42  197  -15  148  -30  148  -30  18  0  0 L3E F5
E21 FF 61057 111400  780 303  740    +7155021     +1         -12    -24   15  42  159  +25  141  +36  141   36  10  0  0 L3E E8
E23 FF 61057 111400  780 849  528     +222625     -2          -1    -14   10  40   81   +1   86   +9   86    9   6  0  0 L3E 6D
E26 FF 61057 111400  780 153 1178    -1938084    -96         -12    +13   32  42  304 -103  264  -54  264  -54  20  0  0 L3E 52
E31 FF 61057 111400  780 402 2569    +1129019    +12           2    -14   24  38  125  -14  143  -13  143  -13  13  0  0 L3E 03
E04 FF 61057 113000  780 351 2156     +445658   +133          -4    +24   14  44  140  +21  181  +13  181   13   9  0  0 L3E F6
E05 FF 61057 113000  780 108 3302      -58162    -68           7    -39   21  44  422 -161  189  +29  189   29  15  0  0 L3E 13
E06 FF 61057 113000  780 444 2482    +2205968    +56          -9     +7   16  44  115   +8  133   +3  133    3   9  0  0 L3E C8
E09 FF 61057 113000  780 422 2838    +1767288   +162          -5     +9   26  44  120   +0  121   -5  121   -5  17  0  0 L3E F0
E13 FF 61057 113000  780 254  593     +466266     -4           6    -11   21  44  187   -6  141   +2  141    2  14  0  0 L3E 99
E21 FF 61057 113000  780 254  770    +7155057    +26           2     +1   15  44  187  +35  153  +28  153   28   9  0  0 L3E DD
E23 FF 61057 113000  780 793  642     +222624     +2         -14    -10   10  40   82   +2   93   +9   93    9   6  0  0 L3E 71
E26 FF 61057 113000  780 205 1144    -1938192    -61         -14    +49   24  44  230  -57  220  -47  220  -47  14  0  0 L3E 3A
E31 FF 61057 113000  780 454 2612    +1129032    +11         -11    -15   16  44  114  -11  131   -7  131   -7   9  0  0 L3E E3
E04 FF 61057 114600  780 291 2130     +445767   +103          -1     -6   20  45  165  +32  209  +28  209   28  12  0  0 L3E 04
E05 FF 61057 114600  780 148 3273      -58193    -16           3    +13   25  45  313  -79  188   -8  188   -8  14  0  0 L3E F6
E06 FF 61057 114600  780 402 2419    +2206015    +30         -11    -20   12  45  125  +12  141  +18  141   18   7  0  0 L3E F8
E09 FF 61057 114600  780 416 2760    +1767426   +143         -14    -10   16  45  122   +3  129   +4  129    4   9  0  0 L3E FC
E13 FF 61057 114600  780 258  532     +466268    -24           1    -31   17  44  185   +1  145  +22  145   22  11  0  0 L3E D3
E21 FF 61057 114600  780 205  802    +7155069    +33         -11     +8   20  45  228  +51  189  +31  189   31  12  0  0 L3E 08
E23 FF 61057 114600  780 738  707     +222645    +15          -5     +3   12  40   84   +2   87   +0   87    0   7  0  0 L3E 69
E26 FF 61057 114600  780 255 1104    -1938298    -69         -14    +40   22  45  188  -35  209  -42  209  -42  14  0  0 L3E 53
E31 FF 61057 114600  780 506 2656    +1129056     -2         -11    -28   10  44  105   -8  118  +12  118   12   6  0  0 L3E EC
E04 FF 61057 120200  780 232 2108     +445870    +76          -3    -33   19  47  204  +50  238  +51  238   51  11  0  0 L3E 02
E05 FF 61057 120200  780 183 3238      -58231    -45          -9    -17   24  47  255  -44  192   +6  192    6  15  0  0 L3E E5
E06 FF 61057 120200  780 354 2368    +2206062    +82         -13    +33   20  46  139  +18  149  -12  149  -12  12  0  0 L3E 31
E09 FF 61057 120200  780 397 2685    +1767588   +135          -1    -19   18  47  126   +7  127  +26  127   26  10  0  0 L3E 3A
E13 FF 61057 120200  780 252  473     +466280    +23           7    +16   19  47  189   +8  143   -7  143   -7  11  0  0 L3E C9
E21 FF 61057 120200  780 158  836    +7155099    +33          -5     +8   21  46  292  +84  216  +22  216   22  13  0  0 L3E FD
E23 FF 61057 120200  780 683  760     +222662    +36           2    +24   11  47   87   +3   86  -10   86  -10   6  0  0 L3E 9D
E26 FF 61057 120200  780 302 1058    -1938407   -154         -19    -44   25  47  161  -22  188   -2  188   -2  16  0  0 L3E 39
E31 FF 61057 120200  780 558 2702    +1129085    +13          -7    -12   16  44   98   -6  108   +7  108    7  10  0  0 L3E D4
E04 FF 61057 121800  780 174 2090     +445989   +129          12    +20   28  48  267  +87  263  +19  263   19  18  0  0 L3E 44
E05 FF 61057 121800  780 212 3195      -58255     -8          -7    +20   21  48  222  -26  187  -19  187  -19  12  0  0 L3E 06
E06 FF 61057 121800  780 303 2326    +2206119    +88          -3    +38   18  46  160  +26  163  +10  163   10  10  0  0 L3E 0C
E09 FF 61057 121800  780 368 2618    +1767733   +148          -4     -5   13  48  134  +11  144  +23  144   23   8  0  0 L3E 1A
E13 FF 61057 121800  780 236  417     +466275    -18          -5    -25   23  48  201  +17  151  +14  151   14  14  0  0 L3E F2
E21 FF 61057 121800  780 112  870    +7155117    +75         -12    +50   50  46  404 +159  249   -2  249   -2  26  0  0 L3E 1B
E23 FF 61057 121800  780 629  810     +222658    +39         -14    +27   16  48   91   +4  102   -9  102   -9   9  0  0 L3E CA
E26 FF 61057 121800  780 343 1003    -1938503    -94          -9    +16   13  48  143  -15  160  -25  160  -25   8  0  0 L3E 1E
E31 FF 61057 121800  780 611 2750    +1129108     -3          -9    -29   16  44   92   -5  110  +14  110   14   9  0  0 L3E CA
E33 FF 61057 121800  780 137 1496      +18163     -6           6    -17   21  48  339 -143  290  -30  290  -30  16  0  0 L3E 04
E04 FF 61057 123400  780 117 2072     +446082   +106           0     -3   15  50  390 +182  300  +28  300   28  11  0  0 L3E F2
E05 FF 61057 123400  780 233 3145      -58278    -63          -2    -35   31  50  203  -15  186  +30  186   30  18  0  0 L3E F9
E06 FF 61057 123400  780 249 2291    +2206164    +50          -8     +0   20  50  191  +40  203  +51  203   51  12  0  0 L3E E9
E09 FF 61057 123400  780 331 2558    +1767886   +156           1     +3   17  50  147  +16  159  +11  159   11   9  0  0 L3E 12
E13 FF 61057 123400  780 211  368     +466295    +74          10    +67   21  50  222  +29  140  -44  140  -44  13  0  0 L3E 00
E23 FF 61057 123400  780 576  857     +222672     +5         -12     -7   17  50   96   +6  110  +14  110   14   9  0  0 L3E AF
E26 FF 61057 123400  780 378  940    -1938602    -89          -3    +20   20  50  132   -9  146  -20  146  -20  12  0  0 L3E 07
E31 FF 61057 123400  780 665 2800    +1129133    +15          -9    -11   15  50   88   -4  112   +5  112    5   9  0  0 L3E B7
E33 FF 61057 123400  780 196 1478      +18149     -6         -18    -16   17  49  241  -72  284  -55  284  -55  11  0  0 L3E 28
E05 FF 61057 125000  780 246 3090      -58309    -49          -5    -21   19  52  193   -6  192  +10  192   10  11  0  0 L3E E6
E06 FF 61057 125000  780 194 2261    +2206224    +22           2    -28   25  52  240  +66  237  +47  237   47  14  0  0 L3E 0C
E09 FF 61057 125000  780 288 2507    +1768035   +163           3     +9   17  50  167  +25  181  +20  181   20  12  0  0 L3E 10
E13 FF 61057 125000  780 179  327     +466302    -31          10    -38   20  52  259  +50  139  +22  139   22  13  0  0 L3E F4
E23 FF 61057 125000  780 523  902     +222678    -28         -17    -40   15  52  102   +7  119  +27  119   27   9  0  0 L3E EA
E26 FF 61057 125000  780 404  869    -1938713   -103         -10     +6   17  52  125   -5  141   -9  141   -9  10  0  0 L3E F5
E31 FF 61057 125000  780 719 2855    +1129154     +4         -12    -21   13  52   85   -3  111  +11  111   11   8  0  0 L3E CE
E33 FF 61057 125000  780 256 1459      +18170    +65          -7    +54   20  49  187  -43  220  -99  220  -99  13  0  0 L3E 1C
E05 FF 61057 130600  780 249 3032      -58337    +28          -6    +56   20  53  191   +1  192  -34  192  -34  13  0  0 L3E F7
E06 FF 61057 130600  780 140 2235    +2206247     +3         -22    -47   23  53  328 +124  290  +75  290   75  15  0  0 L3E 2C
E09 FF 61057 130600  780 240 2464    +1768172   +109          -8    -44   26  50  197  +39  220  +66  220   66  16  0  0 L3E 41
E13 FF 61057 130600  780 141  293     +466301    -45           3    -52   18  53  325  +91  138  +28  138   28  10  0  0 L3E ED
E23 FF 61057 130600  780 471  947     +222695     -7         -11    -19   12  53  110  +10  119  +14  119   14   7  0  0 L3E E0
E26 FF 61057 130600  780 418  792    -1938813   -122          -3    -12   14  53  121   -2  124   -6  124   -6   8  0  0 L3E E4
E31 FF 61057 130600  780 774 2920    +1129179    +37         -11    +11    9  53   83   -2  107  -13  107  -13   5  0  0 L3E F0
E33 FF 61057 130600  780 317 1436      +18185    -19          -3    -30   15  49  154  -27  193   +3  193    3  10  0  0 L3E D8
E05 FF 61057 132200  780 243 2973      -58352    -56           7    -27   21  55  195   +8  191  +26  191   26  12  0  0 L3E EE
E09 FF 61057 132200  780 190 2426    +1768324   +172          -4    +18   24  50  245  +64  252  +32  252   32  14  0  0 L3E 2B
E23 FF 61057 132200  780 419  990     +222709    -11          -9    -23   19  55  121  +12  123  +19  123   19  12  0  0 L3E F0
E26 FF 61057 132200  780 420  713    -1938932    -85         -17    +25   15  53  121   +1  123  -26  123  -26   9  0  0 L3E 06
E31 FF 61057 132200  780 829 3021    +1129208    +22          -5     -3   13  55   81   -1   98   -9   98   -9   7  0  0 L3E A9
E33 FF 61057 132200  780 377 1407      +18206     +6          10     -5   14  55  132  -19  160  -33  160  -33   7  0  0 L3E C9
E05 FF 61057 133800  780 227 2915      -58398    +15         -11    +43   17  55  207  +17  205  -21  205  -21  11  0  0 L3E 15
E09 FF 61057 133800  780 139 2393    +1768485   +194          10    +40   31  50  331 +120  295  +35  295   35  18  0  0 L3E 5A
E23 FF 61057 133800  780 368 1032     +222719     -7          -9    -19   15  56  134  +16  125  +11  125   11   9  0  0 L3E E8
E26 FF 61057 133800  780 409  638    -1939032    -92         -11    +18   18  53  123   +4  111  -20  111  -20  10  0  0 L3E 0A
E31 FF 61057 133800  780 879 3449    +1129243    +31           5     +5   16  55   81   +0   85  -11   85  -11  10  0  0 L3E C9
E33 FF 61057 133800  780 436 1368      +18200     -7          -6    -18   11  56  117  -13  141  -20  141  -20   6  0  0 L3E D5
E03 FF 61057 135400  780 108 3359      -57897    +63          -2    +41   32  58  420  -66  177  -27  177  -27  19  0  0 L3E 2D
E05 FF 61057 135400  780 204 2860      -58416    -46          -2    -18   19  55  230  +30  207  +23  207   23  12  0  0 L3E F1
E12 FF 61057 135400  780 130 1802     +193956    -18         -30    -44   15  55  357 -163  314  -14  314  -14  10  0  0 L3E 38
E23 FF 61057 135400  780 317 1073     +222731    -12          -8    -24   19  58  153  +22  132  +20  132   20  11  0  0 L3E EF
E26 FF 61057 135400  780 386  572    -1939143   -117         -17     -7   16  53  129   +8  110   +5  110    5   9  0  0 L3E E5
E31 FF 61057 135400  780 853  964    +1129257     +4          -5    -22   10  55   81   +1   87  +10   87   10   6  0  0 L3E A4
E33 FF 61057 135400  780 491 1317      +18206    +29          -9    +19   17  58  107   -9  121  -26  121  -26  10  0  0 L3E F7
E03 FF 61057 141000  780 121 3311      -57866     +9           8    -14   18  60  376  -29  170   -2  170   -2  11  0  0 L3E BE
E05 FF 61057 141000  780 173 2809      -58459    -66         -18    -38   21  55  268  +51  224  +30  224   30  13  0  0 L3E 16
E12 FF 61057 141000  780 191 1804     +193983     +9         -29    -18   20  55  247  -79  272  -39  272  -39  14  0  0 L3E 39
E23 FF 61057 141000  780 267 1112     +222748    -22          -3    -33   16  60  179  +32  140  +42  140   42   9  0  0 L3E E6
E26 FF 61057 141000  780 354  517    -1939252   -117         -18     -7   19  60  139  +13  110   +5  110    5  11  0  0 L3E F1
E31 FF 61057 141000  780 796 1116    +1129276    +54         -11    +28   13  55   82   +2   87  -19   87  -19   8  0  0 L3E F8
E33 FF 61057 141000  780 540 1248      +18221     -6          -4    -16   12  59  100   -6  104   -7  104   -7   7  0  0 L3E 9A
E03 FF 61057 142600  780 126 3261      -57842     -5           9    -28   38  61  361   -3  166  +12  166   12  24  0  0 L3E D2
E05 FF 61057 142600  780 137 2763      -58476    +12          -6    +40   26  61  334  +91  229   +2  229    2  17  0  0 L3E E0
E12 FF 61057 142600  780 253 1808     +194010    +45         -22    +19   18  61  189  -46  194  -77  194  -77  13  0  0 L3E 45
E23 FF 61057 142600  780 217 1150     +222762    +54           0    +42   21  61  217  +49  149  -18  149  -18  13  0  0 L3E 07
E26 FF 61057 142600  780 315  474    -1939360   -109         -19     +1   19  61  154  +19  112   +1  112    1  11  0  0 L3E F1
E31 FF 61057 142600  780 738 1187    +1129297    -14         -15    -40   12  61   84   +3   83  +22   83   22   7  0  0 L3E DF
E33 FF 61057 142600  780 579 1156      +18233    +12          -3     +2   18  59   95   -4   89  -12   89  -12  10  0  0 L3E BC
E03 FF 61057 144200  780 123 3210      -57823     +1           6    -22   26  63  369  +21  172  +22  172   22  16  0  0 L3E C9
E10 FF 61057 144200  780 116 1934    +7652403    +37          10    +11   21  63  398 -199  276  -96  276  -96  15  0  0 L3E 61
E12 FF 61057 144200  780 317 1812     +194035     +3         -23    -24   17  63  154  -29  157  -35  157  -35  10  0  0 L3E 18
E23 FF 61057 144200  780 167 1186     +222766    -13          -8    -25   27  63  278  +81  168  +30  168   30  16  0  0 L3E 20
E26 FF 61057 144200  780 271  443    -1939463    -54         -16    +56   18  63  176  +29  112  -32  112  -32  10  0  0 L3E 32
E31 FF 61057 144200  780 679 1240    +1129323    +29         -13     +3   11  63   87   +4   83   -1   83   -1   6  0  0 L3E A9
E33 FF 61057 144200  780 604 1041      +18239    +15          -6     +5   13  59   93   -2   82  -11   82  -11   7  0  0 L3E 94
E03 FF 61057 145800  780 112 3159      -57816    -31          -9    -54   24  64  404  +53  189  +42  189   42  14  0  0 L3E 12
E10 FF 61057 145800  780 175 1945    +7652427    +37           9    +10   23  64  267  -91  201  -61  201  -61  15  0  0 L3E 29
E12 FF 61057 145800  780 382 1817     +194062    +11         -20    -16   18  64  131  -20  121   -9  121   -9  10  0  0 L3E F7
E23 FF 61057 145800  780 117 1220     +222789    -11           2    -23   53  64  388 +160  176  +33  176   33  31  0  0 L3E 16
E25 FF 61057 145800  780 102 2991     -218539     -9           8     -9   24  64  446 -207  209  -42  209  -42  16  0  0 L3E 1C
E26 FF 61057 145800  780 223  423    -1939561   -122          -7    -11   20  64  211  +45  106   +8  106    8  13  0  0 L3E F6
E31 FF 61057 145800  780 620 1284    +1129351    +14         -10    -11   16  64   91   +5   79   +7   79    7   9  0  0 L3E BF
E33 FF 61057 145800  780 610  914      +18247    +10          -9     +0   20  59   92   +0   78   -5   78   -5  11  0  0 L3E 7C
E10 FF 61057 151400  780 236 1960    +7652453    +50          12    +24   19  66  202  -51  149  -60  149  -60  12  0  0 L3E 2F
E12 FF 61057 151400  780 448 1820     +194093    +46         -10    +20   17  66  115  -14   97  -29   97  -29  10  0  0 L3E 13
E25 FF 61057 151400  780 152 3011     -218547     -3          -1     -2   29  66  307 -100  174  -46  174  -46  18  0  0 L3E 09
E26 FF 61057 151400  780 173  411    -1939672    -90         -12    +20   26  66  268  +76  105  -13  105  -13  16  0  0 L3E 31
E31 FF 61057 151400  780 560 1324    +1129364    +36         -22    +10   13  66   97   +7   88   +0   88    0   8  0  0 L3E B6
E33 FF 61057 151400  780 598  794      +18256     +5         -10     -5   13  66   93   +2   74   -1   74   -1   7  0  0 L3E 75
E10 FF 61057 153000  780 298 1976    +7652464    +37           0    +11   13  68  163  -32  120  -33  120  -33   8  0  0 L3E 0C
E12 FF 61057 153000  780 515 1820     +194116    +29         -11     +3   16  67  103  -10   85  -11   85  -11   9  0  0 L3E D4
E25 FF 61057 153000  780 202 3027     -218553    -45          -8    -45   20  68  233  -58  147   -2  147   -2  12  0  0 L3E F8
E26 FF 61057 153000  780 123  407    -1939758    -89           8    +22   25  68  372 +151   72  -46   72  -46  17  0  0 L3E 20
E31 FF 61057 153000  780 501 1360    +1129406    +14          -6    -12   19  68  105  +10   87  +12   87   12  11  0  0 L3E E4
E33 FF 61057 153000  780 569  696      +18270    +49          -6    +38   13  68   96   +4   71  -20   71  -20   7  0  0 L3E B2
E10 FF 61057 154600  780 361 1995    +7652485     +6          -3    -20   13  69  137  -22  105   -4  105   -4   8  0  0 L3E EF
E11 FF 61057 154600  780 106 2089   -36335441  -1710          -5    -21   23  67  433 -226  216  -65  216  -65  15  0  0 L3E 80
E12 FF 61057 154600  780 582 1814     +194140    +15          -9    -11   15  69   95   -7   74   +2   74    2   9  0  0 L3E A0
E25 FF 61057 154600  780 253 3038     -218550    -46          -4    -45   16  69  189  -37  120   -4  120   -4  10  0  0 L3E FE
E31 FF 61057 154600  780 441 1394    +1129420    +28         -17     +2   17  68  116  +13   99   +4   99    4  10  0  0 L3E DF
E33 FF 61057 154600  780 528  625      +18272    +34         -14    +23   17  68  101   +6   73  -22   73  -22  10  0  0 L3E CC
E10 FF 61057 160200  780 425 2016    +7652509     +2          -5    -25   19  69  120  -15   90   +6   90    6  12  0  0 L3E C0
E11 FF 61057 160200  780 163 2111   -36337056  -1657           1    +32   24  67  287 -100  160  -46  160  -46  15  0  0 L3E 64
E12 FF 61057 160200  780 647 1794     +194163    +18          -8     -8   13  71   89   -5   67   -1   67   -1   8  0  0 L3E A7
E25 FF 61057 160200  780 305 3042     -218551    +11          -4    +11   19  71  159  -25   95  -21   95  -21  10  0  0 L3E E8
E31 FF 61057 160200  780 381 1424    +1129449    +80         -13    +54   17  68  130  +18  103  -22  103  -22  10  0  0 L3E 25
E33 FF 61057 160200  780 481  578      +18292     +3          -5     -8   13  68  108   +9   60   +0   60    0   7  0  0 L3E 5A
E10 FF 61057 161800  780 490 2039    +7652523    +50         -16    +24   19  69  107  -11   83  -33   83  -33  13  0  0 L3E 21
E11 FF 61057 161800  780 220 2136   -36338658  -1671          21    +18   29  67  216  -55  120  -45  120  -45  18  0  0 L3E 76
E12 FF 61057 161800  780 710 1746     +194190    -30          -6    -56   12  72   85   -3   57  +26   57   26   7  0  0 L3E C5
E25 FF 61057 161800  780 357 3038     -218557    -20         -10    -19   18  72  138  -18   85   -1   85   -1  10  0  0 L3E F3
E31 FF 61057 161800  780 322 1452    +1129467    +41         -19    +16   18  68  151  +25  114   -2  114   -2  11  0  0 L3E 0C
E33 FF 61057 161800  780 430  550      +18289    -10         -18    -20   13  68  118  +12   62   +8   62    8   8  0  0 L3E A5
E10 FF 61057 163400  780 554 2063    +7652568    +20           6     -6   15  74   98   -8   55   -6   55   -6   9  0  0 L3E B1
E11 FF 61057 163400  780 278 2164   -36340291  -1685          14     +4   18  74  173  -35   99  -35   99  -35  12  0  0 L3E 58
E12 FF 61057 163400  780 767 1632     +194223    +43           2    +17   13  74   83   -2   44  -23   44  -23   8  0  0 L3E B4
E25 FF 61057 163400  780 409 3024     -218552     -5          -4     -5   14  74  123  -13   70   -8   70   -8   9  0  0 L3E A3
E31 FF 61057 163400  780 264 1478    +1129504    +13          -9    -13   18  74  181  +38  116  +19  116   19  11  0  0 L3E 25
E33 FF 61057 163400  780 376  536      +18297    +20         -20     +9   13  68  132  +17   55   -9   55   -9   8  0  0 L3E B2
E10 FF 61057 165000  780 619 2087    +7652585     -6          -2    -32   15  75   92   -6   49   +7   49    7   9  0  0 L3E B6
E11 FF 61057 165000  780 336 2196   -36341910  -1674          16    +15   23  76  146  -23   73  -29   73  -29  14  0  0 L3E 5A
E12 FF 61057 165000  780 806 1371     +194233    +31         -13     +5   18  74   82   -1   44  -14   44  -14  11  0  0 L3E C3
E25 FF 61057 165000  780 458 2997     -218570     +8         -22     +8   17  76  113   -9   67  -14   67  -14   9  0  0 L3E E8
E31 FF 61057 165000  780 206 1501    +1129527    +32         -12     +6   23  76  228  +62  128   +9  128    9  14  0  0 L3E F6
E33 FF 61057 165000  780 323  534      +18308    +14         -17     +3   17  76  151  +23   46   +0   46    0  11  0  0 L3E 8C
E10 FF 61057 170600  780 684 2112    +7652606     -7          -6    -33   14  75   87   -4   39  +14   39   14   7  0  0 L3E C8
E11 FF 61057 170600  780 395 2231   -36343539  -1685           9     +4   22  77  127  -16   61  -18   61  -18  13  0  0 L3E 38
E12 FF 61057 170600  780 804  991     +194259    +24         -11     -2   12  74   82   +1   35   -6   35   -6   7  0  0 L3E 90
E25 FF 61057 170600  780 503 2952     -218560     +9         -11    +10   13  77  105   -7   51  -17   51  -17   8  0  0 L3E D2
E31 FF 61057 170600  780 149 1521    +1129552     +7         -12    -19   24  77  309 +115  132  +24  132   24  15  0  0 L3E 28
E33 FF 61057 170600  780 269  540      +18328    +51          -6    +40   15  77  177  +33   36  -29   36  -29   9  0  0 L3E D8
E10 FF 61057 172200  780 748 2132    +7652635    -19          -2    -45   11  75   84   -3   28  +18   28   18   6  0  0 L3E D9
E11 FF 61057 172200  780 454 2269   -36345169  -1680           1     +9   17  79  114  -12   53  -26   53  -26   9  0  0 L3E 29
E12 FF 61057 172200  780 764  758     +194299    +42           3    +17   13  79   83   +2   24  -18   24  -18   8  0  0 L3E BB
E25 FF 61057 172200  780 542 2887     -218545     +6           4     +6   13  78  100   -4   31  -15   31  -15   8  0  0 L3E A5
E33 FF 61057 172200  780 217  553      +18342    +34          -3    +23   19  77  217  +50   27  -16   27  -16  12  0  0 L3E CE
E02 FF 61057 173800  780 130 3189     -111055    +44          -7    +73   23  80  356 -134   32  -57   32  -57  15  0  0 L3E 0D
E10 FF 61057 173800  780 812 2138    +7652657    +13          -4    -13   10  80   82   -1   25   +2   25    2   5  0  0 L3E 99
E11 FF 61057 173800  780 513 2311   -36346792  -1684          -1     +5   15  80  104   -9   41  -17   41  -17   8  0  0 L3E 14
E12 FF 61057 173800  780 711  663     +194313     -4          -8    -29   13  80   85   +3   26  +15   26   15   8  0  0 L3E 99
E25 FF 61057 173800  780 570 2799     -218550    -12           0    -11   13  78   96   -2   28   +0   28    0   7  0  0 L3E 90
E33 FF 61057 173800  780 166  571      +18347    +31          -8    +21   27  77  280  +84   27  -14   27  -14  16  0  0 L3E E3
E02 FF 61057 175400  780 179 3179     -111083    +18          -7    +47   31  81  262  -70   30  -26   30  -26  20  0  0 L3E F5
E10 FF 61057 175400  780 873 2014    +7652692    +13           7    -13   12  82   81   +0   20   +6   20    6   7  0  0 L3E 8C
E11 FF 61057 175400  780 571 2359   -36348419  -1718          -7    -29   19  82   96   -7   33   +3   33    3  10  0  0 L3E 0C
E12 FF 61057 175400  780 654  630     +194343     -5          -4    -30   16  82   89   +4   18  +14   18   14   9  0  0 L3E 9A
E25 FF 61057 175400  780 584 2692     -218569     -6         -19     -6   17  78   95   -1   35   -2   35   -2  10  0  0 L3E BE
E29 FF 61057 175400  780 113  465    +1700802    +44           2     +9   25  81  401  -56   15   -7   15   -7  16  0  0 L3E B5
E33 FF 61057 175400  780 116  594      +18344    -10         -20    -20   66  82  393 +163   29  +13   29   13  39  0  0 L3E F2
E02 FF 61057 181000  780 226 3162     -111111    -47          -8    -18   22  81  210  -42   24  +10   24   10  14  0  0 L3E C0
E10 FF 61057 181000  780 862  633    +7652709    +10           0    -16   10  84   81   +1   21  +10   21   10   5  0  0 L3E 87
E11 FF 61057 181000  780 629 2414   -36350045  -1700         -13    -11   12  84   91   -5   28   +1   28    1   7  0  0 L3E DE
E12 FF 61057 181000  780 597  626     +194356     +4         -16    -21   14  84   93   +6   25  +10   25   10   8  0  0 L3E A2
E25 FF 61057 181000  780 581 2578     -218556    -10          -8    -10   15  84   95   +1   36   +3   36    3   9  0  0 L3E 9D
E29 FF 61057 181000  780 126  414    +1700841    +27           7     -8   33  81  363  -24   10   +4   10    4  21  0  0 L3E 94
E36 FF 61057 181000  780 132 2419    +5104330    -57         -24   -111   26  84  349 -128  122  +30  122   30  16  0  0 L3E 45
E02 FF 61057 182600  780 270 3135     -111132    -23          -1     +7   17  81  178  -27   16   -7   16   -7  10  0  0 L3E B5
E10 FF 61057 182600  780 802  576    +7652719     -1         -14    -27    8  85   82   +2   27  +14   27   14   5  0  0 L3E B3
E11 FF 61057 182600  780 687 2480   -36351664  -1726         -11    -37   12  84   87   -3   22  +18   22   18   7  0  0 L3E 29
E12 FF 61057 182600  780 540  637     +194368    -25         -28    -51   18  85  100   +7   32  +32   32   32  10  0  0 L3E D5
E19 FF 61057 182600  780 144  828   -26440537   -307          -2    +34   24  85  320  -84   41  -34   41  -34  15  0  0 L3E 2A
E25 FF 61057 182600  780 561 2471     -218557    -32          -9    -32   15  85   97   +3   34  +20   34   20   9  0  0 L3E C3
E29 FF 61057 182600  780 130  363    +1700860    +61          -7    +26   28  81  352   -1   23   -9   23   -9  17  0  0 L3E C6
E36 FF 61057 182600  780 182 2457    +5104411    +36           7    -18   31  85  258  -69   75   -5   75   -5  18  0  0 L3E FB
E02 FF 61057 184200  780 310 3099     -111164    -59          -6    -30   18  87  157  -18   19  +13   19   13  12  0  0 L3E EF
E10 FF 61057 184200  780 743  593    +7652749    +52          -9    +26   12  86   84   +2   21  -18   21  -18   7  0  0 L3E D7
E11 FF 61057 184200  780 743 2567   -36353283  -1700          -9    -11   13  84   84   -2   18   +2   18    2   7  0  0 L3E E5
E12 FF 61057 184200  780 485  657     +194397    +23         -24     -3   19  87  108   +9   30   +3   30    3  11  0  0 L3E AA
E19 FF 61057 184200  780 180  781   -26440860   -343           4     -2   25  87  260  -47   29   -8   29   -8  15  0  0 L3E FA
E25 FF 61057 184200  780 527 2381     -218560    -18         -11    -18   16  87  101   +6   37  +10   37   10  10  0  0 L3E E2
E29 FF 61057 184200  780 126  313    +1700891    +42         -10     +7   33  81  362  +23   25   -3   25   -3  19  0  0 L3E C9
E36 FF 61057 184200  780 231 2497    +5104458    +10           4    -44   22  87  205  -43   59   +6   59    6  15  0  0 L3E DD
E02 FF 61057 185800  780 343 3052     -111196    -14         -10    +15   18  87  143  -11   19  -12   19  -12  11  0  0 L3E F9
E10 FF 61057 185800  780 686  624    +7652774    +62         -11    +36   13  88   87   +3   21  -24   21  -24   8  0  0 L3E EA
E11 FF 61057 185800  780 796 2704   -36354900  -1684          -5     +4   13  84   82   -1   12   -8   12   -8   7  0  0 L3E ED
E12 FF 61057 185800  780 431  683     +194429    +16         -19    -10   18  88  118  +12   25  +13   25   13  11  0  0 L3E EC
E19 FF 61057 185800  780 210  730   -26441193   -334           0     +8   19  88  224  -28   25  -15   25  -15  13  0  0 L3E 0A
E25 FF 61057 185800  780 483 2309     -218568    -21         -19    -21   15  87  108   +8   48  +19   48   19   9  0  0 L3E 04
E29 FF 61057 185800  780 114  265    +1700911    +39         -27     +4   33  88  399  +55   36   +6   36    6  20  0  0 L3E E0
E36 FF 61057 185800  780 280 2539    +5104515    +75          10    +21   27  88  172  -29   37  -30   37  -30  17  0  0 L3E 20
E02 FF 61057 191400  780 369 2995     -111217    +18          -3    +47   16  87  134   -7   13  -33   13  -33  10  0  0 L3E E8
E04 FF 61057 191400  780 137 1230     +448660     -6         -11   -114   53  90  339 -127   73  +55   73   55  31  0  0 L3E 15
E10 FF 61057 191400  780 629  660    +7652789    +71         -20    +46   15  90   91   +5   26  -24   26  -24   9  0  0 L3E EA
E11 FF 61057 191400  780 840 3006   -36356529  -1680         -12     +9   10  84   81   -1   12   -9   12   -9   5  0  0 L3E EC
E12 FF 61057 191400  780 379  713     +194456    +33         -16     +7   16  90  131  +16   23   +1   23    1  10  0  0 L3E A5
E19 FF 61057 191400  780 232  674   -26441544   -361         -23    -19   29  89  204  -16   32   +9   32    9  17  0  0 L3E 18
E25 FF 61057 191400  780 432 2255     -218553     -7          -5     -7   20  87  118  +12   46  +12   46   12  12  0  0 L3E C4
E36 FF 61057 191400  780 330 2583    +5104559    +29           4    -25   19  90  148  -21   26   +2   26    2  11  0  0 L3E CE
E02 FF 61057 193000  780 385 2928     -111243    -29          -1     +0   19  87  130   -3   10   +2   10    2  11  0  0 L3E 85
E04 FF 61057 193000  780 188 1198     +448756   +108         -17     +1   22  92  250  -67   68  -13   68  -13  14  0  0 L3E 21
E10 FF 61057 193000  780 575  699    +7652812    +35         -21     +9   11  92   96   +6   27   -4   27   -4   6  0  0 L3E B6
E11 FF 61057 193000  780 848   48   -36358149  -1676          -4    +13   12  92   81   +0    9   -3    9   -3   7  0  0 L3E B6
E12 FF 61057 193000  780 328  746     +194482    +52         -15    +27   19  90  148  +21   30  -15   30  -15  11  0  0 L3E F1
E19 FF 61057 193000  780 246  615   -26441846   -332           3    +10   24  89  193   -7   14   -4   14   -4  14  0  0 L3E E3
E25 FF 61057 193000  780 377 2213     -218565    +18         -16    +18   18  87  132  +17   60   -5   60   -5  11  0  0 L3E EB
E36 FF 61057 193000  780 380 2628    +5104606    +79           0    +25   17  92  131  -15   19  -17   19  -17  10  0  0 L3E 02
E02 FF 61057 194600  780 389 2857     -111279    +35          -9    +65   20  87  128   +0   14  -49   14  -49  13  0  0 L3E 01
E04 FF 61057 194600  780 239 1161     +448851   +161         -26    +54   22  93  199  -40   64  -42   64  -42  14  0  0 L3E 2E
E06 FF 61057 194600  780 131 1397    +2207394    +71         -52    +22   66  90  353 -145  103  -40  103  -40  40  0  0 L3E 4B
E10 FF 61057 194600  780 521  739    +7652843    +46         -14    +21   16  93  102   +8   24   -8   24   -8   9  0  0 L3E D2
E11 FF 61057 194600  780 810  437   -36359772  -1702          -5    -14   10  93   82   +1   10   +9   10    9   6  0  0 L3E CE
E12 FF 61057 194600  780 279  781     +194514    +39          -7    +13   17  90  172  +28   33   +6   33    6  11  0  0 L3E C2
E19 FF 61057 194600  780 251  556   -26442189   -351         -11     -9   23  89  189   +0   22   +6   22    6  15  0  0 L3E F1
E25 FF 61057 194600  780 320 2180     -218559    +21         -10    +21   15  87  152  +25   63   -6   63   -6   9  0  0 L3E D7
E36 FF 61057 194600  780 431 2675    +5104658    +59           0     +5   13  93  118  -12   16   -6   16   -6   7  0  0 L3E C6
E02 FF 61057 200200  780 382 2784     -111308    -35         -16     -6   24  95  130   +4   21   +6   21    6  14  0  0 L3E 9F
E04 FF 61057 200200  780 287 1119     +448955   +112         -25     +5   15  95  168  -26   54   -6   54   -6  10  0  0 L3E EE
E06 FF 61057 200200  780 186 1372    +2207472    +62         -21    +13   27  90  253  -74   75  -27   75  -27  16  0  0 L3E 21
E10 FF 61057 200200  780 469  781    +7652866    +56         -16    +30   12  94  110  +10   29  -13   29  -13   7  0  0 L3E F7
E11 FF 61057 200200  780 761  603   -36361406  -1690         -17     -1   13  95   83   +2   16   -2   16   -2   8  0  0 L3E CC
E12 FF 61057 200200  780 231  818     +194545    +38          -1    +12   19  90  205  +41   33   -7   33   -7  11  0  0 L3E AE
E19 FF 61057 200200  780 246  498   -26442527   -360         -21    -18   18  89  193   +7   26  +10   26   10  11  0  0 L3E 17
E25 FF 61057 200200  780 262 2154     -218552    +38          -1    +38   19  95  182  +39   67  -20   67  -20  12  0  0 L3E FB
E30 FF 61057 200200  780 131 3291    +6374231   +442           6    +36   26  95  352  -96   14  -33   14  -33  15  0  0 L3E 08
E36 FF 61057 200200  780 481 2723    +5104710    +83          -2    +29   16  95  108   -9   13  -21   13  -21   9  0  0 L3E DC
E02 FF 61057 201800  780 364 2714     -111335    -41         -16    -12   19  95  136   +8   19   +7   19    7  11  0  0 L3E C4
E04 FF 61057 201800  780 331 1069     +449061   +111         -22     +3   17  96  148  -17   45  -12   45  -12  11  0  0 L3E FA
E06 FF 61057 201800  780 241 1345    +2207521    +75         -15    +26   26  96  198  -44   64  -20   64  -20  16  0  0 L3E 1E
E09 FF 61057 201800  780 108 1549    +1772128   +146         -17     -7   30  96  425 -218   83   -3   83   -3  18  0  0 L3E 21
E10 FF 61057 201800  780 418  823    +7652894    +31         -13     +5   18  94  121  +12   31   +1   31    1  10  0  0 L3E AF
E11 FF 61057 201800  780 709  703   -36363036  -1714         -26    -25   14  96   85   +3   23  +19   23   19   8  0  0 L3E 0C
E12 FF 61057 201800  780 184  856     +194565    +30          -9     +4   21  96  254  +63   46   +8   46    8  13  0  0 L3E B5
E19 FF 61057 201800  780 232  443   -26442843   -342           0     +0   22  96  203  +16   15   -8   15   -8  14  0  0 L3E D2
E25 FF 61057 201800  780 204 2132     -218555     +0          -5     +1   18  96  230  +63   80  +11   80   11  10  0  0 L3E A8
E30 FF 61057 201800  780 164 3254    +6374615   +400           0     -6   23  96  283  -52   10   -1   10   -1  14  0  0 L3E C3
E36 FF 61057 201800  780 533 2772    +5104746    +15         -18    -39   23  96  101   -7   21  +20   21   20  13  0  0 L3E F1
E02 FF 61057 203400  780 336 2649     -111358    -17         -11    +12   21  95  145  +13   18   -7   18   -7  13  0  0 L3E DD
E04 FF 61057 203400  780 370 1011     +449160   +142         -26    +34   18  96  134  -11   42  -27   42  -27  11  0  0 L3E 06
E06 FF 61057 203400  780 296 1313    +2207572    +19         -10    -30   17  98  163  -28   56   +9   56    9  10  0  0 L3E F4
E09 FF 61057 203400  780 165 1533    +1772287   +163          -4    +10   22  98  283  -99   66   -9   66   -9  14  0  0 L3E 1A
E10 FF 61057 203400  780 368  866    +7652924    +53          -7    +27   13  94  134  +16   33  -18   33  -18   8  0  0 L3E FA
E11 FF 61057 203400  780 657  779   -36364659  -1755         -29    -67   11  98   89   +4   28  +43   28   43   6  0  0 L3E 39
E12 FF 61057 203400  780 137  894     +194579    +17         -25     -9   32  98  334 +109   68  +37   68   37  19  0  0 L3E 18
E19 FF 61057 203400  780 209  394   -26443163   -333           8     +9   26  98  224  +28   11   -6   11   -6  16  0  0 L3E E8
E25 FF 61057 203400  780 147 2112     -218557    +17          -5    +17   23  98  314 +118   88   -4   88   -4  14  0  0 L3E F4
E30 FF 61057 203400  780 191 3211    +6375002   +432          -5    +26   28  98  245  -30   13  -18   13  -18  17  0  0 L3E 12
E36 FF 61057 203400  780 585 2824    +5104806    +21         -10    -33   14  96   95   -6   13  +14   13   14   8  0  0 L3E D7
E02 FF 61057 205000  780 301 2592     -111395    -61         -20    -32   23  95  161  +19   27  +32   27   32  14  0  0 L3E E8
E04 FF 61057 205000  780 401  944     +449273    +77         -16    -31   15  96  125   -7   30  +14   30   14   9  0  0 L3E C3
E06 FF 61057 205000  780 349 1274    +2207614    +83         -15    +34   14 100  141  -19   53  -25   53  -25   8  0  0 L3E 11
E09 FF 61057 205000  780 224 1516    +1772421   +154         -15     +1   20 100  212  -55   67   +2   67    2  13  0  0 L3E DF
E10 FF 61057 205000  780 319  908    +7652942    +28         -14     +3   16 100  152  +22   41   +7   41    7  10  0  0 L3E C3
E11 FF 61057 205000  780 605  844   -36366286  -1723         -34    -34   12 100   93   +5   33  +25   33   25   7  0  0 L3E 0E
E19 FF 61057 205000  780 179  352   -26443530   -363         -32    -21   33 100  259  +47   35  +21   35   21  19  0  0 L3E 2E
E30 FF 61057 205000  780 210 3162    +6375383   +332         -11    -74   25 100  223  -16   15  +49   15   49  15  0  0 L3E 22
E34 FF 61057 205000  780 127 2775    +2303177    +36           5    +13   25 100  364 -130   19  -12   19  -12  16  0  0 L3E 0F
E36 FF 61057 205000  780 638 2879    +5104848    +33         -20    -21   11  96   90   -4   17  +15   17   15   7  0  0 L3E E4
E02 FF 61057 210600  780 259 2543     -111426    -20         -24     +9   19  95  184  +30   44  +19   44   19  11  0  0 L3E E6
E04 FF 61057 210600  780 422  870     +449368   +133         -25    +25   16  96  120   -4   31  -20   31  -20   9  0  0 L3E D9
E06 FF 61057 210600  780 400 1227    +2207650    +54         -25     +5   14 101  126  -13   50  -11   50  -11   8  0  0 L3E E0
E09 FF 61057 210600  780 284 1497    +1772570   +168         -10    +15   14 101  170  -34   56  -17   56  -17   9  0  0 L3E 39
E10 FF 61057 210600  780 270  951    +7652947    +40         -33    +14   14 101  177  +30   64   +8   64    8   8  0  0 L3E D9
E11 FF 61057 210600  780 553  902   -36367889  -1658         -18    +30   13 101   98   +6   27  -15   27  -15   8  0  0 L3E 36
E19 FF 61057 210600  780 143  318   -26443816   -284           7    +58   29 101  321  +85   19  -33   19  -33  16  0  0 L3E 33
E30 FF 61057 210600  780 221 3108    +6375762   +423         -22    +17   21 101  213   -6   22   -9   22   -9  13  0  0 L3E F1
E34 FF 61057 210600  780 173 2811    +2303201    +49           9    +25   28 101  270  -73   13  -22   13  -22  17  0  0 L3E F5
E36 FF 61057 210600  780 691 2940    +5104904    +65         -16    +11   10  96   86   -3   14   -3   14   -3   6  0  0 L3E BF
E02 FF 61057 212200  780 213 2500     -111427    -48           3    -19   25 103  220  +47   46  +25   46   25  14  0  0 L3E D4
E04 FF 61057 212200  780 430  791     +449474   +105         -22     -3   23 103  118   -1   29   -1   29   -1  15  0  0 L3E C0
E06 FF 61057 212200  780 445 1168    +2207695    +20         -26    -29   12 102  115   -9   45  +10   45   10   7  0  0 L3E EE
E09 FF 61057 212200  780 344 1473    +1772708   +174         -17    +22   18 103  143  -23   52  -24   52  -24  10  0  0 L3E 33
E10 FF 61057 212200  780 222  992    +7652976    +10         -28    -15   13 103  212  +44   72  +23   72   23   8  0  0 L3E F3
E11 FF 61057 212200  780 501  956   -36369512  -1647         -20    +42   13 102  105   +8   30  -22   30  -22   7  0  0 L3E 18
E19 FF 61057 212200  780 102  291   -26444144   -316           9    +26   25 103  441 +177   28   +7   28    7  16  0  0 L3E 06
E30 FF 61057 212200  780 223 3052    +6376151   +443         -21    +37   25 102  211   +2   22  -28   22  -28  15  0  0 L3E 0C
E34 FF 61057 212200  780 220 2847    +2303215    +75           0    +52   23 102  215  -46   16  -45   16  -45  15  0  0 L3E F9
E36 FF 61057 212200  780 746 3011    +5104966    +37          -3    -17   14 103   84   -2   11   +8   11    8   8  0  0 L3E AC
E02 FF 61057 213800  780 165 2462     -111459    -71          -2    -42   19 103  280  +81   60  +35   60   35  12  0  0 L3E F0
E04 FF 61057 213800  780 427  713     +449572   +128         -27    +20   14 104  119   +2   30  -10   30  -10   9  0  0 L3E E1
E06 FF 61057 213800  780 482 1096    +2207756    +30         -12    -18   17 102  108   -6   31   +5   31    5  10  0  0 L3E DA
E09 FF 61057 213800  780 404 1444    +1772844   +157         -27     +4   16 103  125  -16   50   -5   50   -5   9  0  0 L3E FA
E10 FF 61057 213800  780 175 1033    +7653022    -27          -8    -52   17 104  266  +70   73  +46   73   46  10  0  0 L3E 0E
E11 FF 61057 213800  780 449 1006   -36371133  -1683         -20     +5   13 102  114  +11   35   +2   35    2   8  0  0 L3E F6
E30 FF 61057 213800  780 216 2995    +6376572   +451          10    +45   19 102  218  +11    0  -32    0  -32  13  0  0 L3E 00
E34 FF 61057 213800  780 269 2880    +2303244    -12           7    -36   22 102  178  -31    7  +20    7   20  14  0  0 L3E D3
E36 FF 61057 213800  780 800 3114    +5105002    +40         -18    -14   13 103   82   -1   20   +9   20    9   7  0  0 L3E A6
E02 FF 61057 215400  780 116 2428     -111501     +5         -14    +34   37 106  393 +163   80  -13   80  -13  24  0  0 L3E 04
E04 FF 61057 215400  780 411  641     +449685   +153         -18    +45   20 106  123   +5   23  -31   23  -31  12  0  0 L3E F3
E05 FF 61057 215400  780 103 1836      -59256    -81         -12    -52   19 106  445 -244   97  +34   97   34  12  0  0 L3E 21
E06 FF 61057 215400  780 509 1010    +2207783    +23         -32    -25   17 106  104   -3   38  +15   38   15  10  0  0 L3E F9
E09 FF 61057 215400  780 462 1404    +1773007   +185         -13    +32   21 106  112  -11   37  -30   37  -30  12  0  0 L3E 23
E10 FF 61057 215400  780 128 1073    +7653033   -110         -21   -135  132 104  358 +129   92  +87   92   87  74  0  0 L3E 71
E11 FF 61057 215400  780 398 1054   -36372762  -1660         -29    +28   11 102  126  +14   46   -6   46   -6   7  0  0 L3E 3A
E30 FF 61057 215400  780 200 2939    +6376942   +409         -10     +3   26 102  234  +23   16   -1   16   -1  15  0  0 L3E F7
E34 FF 61057 215400  780 319 2911    +2303255    +14           0     -9   14 106  153  -23   13  +14   13   14   9  0  0 L3E C6
E36 FF 61057 215400  780 852 3356    +5105059    +46         -14     -8   11 103   81   -1   18   +3   18    3   6  0  0 L3E B2
E04 FF 61057 221000  780 384  580     +449800    +95          -9    -13   17 108  130   +9   14   +7   14    7   9  0  0 L3E A5
E05 FF 61057 221000  780 162 1838      -59280    -12          -6    +18   15 108  289 -106   94  -22   94  -22  10  0  0 L3E 0D
E06 FF 61057 221000  780 522  916    +2207825    +18         -37    -31   20 108  102   -1   39  +18   39   18  12  0  0 L3E F0
E09 FF 61057 221000  780 516 1349    +1773148   +183         -20    +30   14 108  103   -8   34  -24   34  -24   8  0  0 L3E 13
E11 FF 61057 221000  780 346 1100   -36374383  -1676         -25    +12   16 108  142  +19   54   -5   54   -5  11  0  0 L3E 36
E30 FF 61057 221000  780 176 2887    +6377333   +435          -5    +29   31 108  264  +40   15  -23   15  -23  20  0  0 L3E 2A
E34 FF 61057 221000  780 371 2939    +2303278    +47           2    +24   22 108  134  -17   14   -8   14   -8  13  0  0 L3E E4
E36 FF 61057 221000  780 865  666    +5105118    +49          -6     -5   12 103   81   +0   14   +7   14    7   7  0  0 L3E 8C
E04 FF 61057 222600  780 350  530     +449902   +110         -13     +2   19 109  141  +14   14   -2   14   -2  11  0  0 L3E BD
E05 FF 61057 222600  780 222 1842      -59306    -40          -2    -11   19 109  214  -58   78   +0   78    0  11  0  0 L3E C0
E06 FF 61057 222600  780 520  820    +2207881    +69         -28    +20   14 108  102   +1   30  -12   30  -12   8  0  0 L3E DA
E09 FF 61057 222600  780 563 1275    +1773293   +185         -22    +32   23 108   97   -5   28  -25   28  -25  13  0  0 L3E 2E
E11 FF 61057 222600  780 295 1143   -36376002  -1653         -24    +35   22 109  163  +27   61  -18   61  -18  14  0  0 L3E 63
E27 FF 61057 222600  780 109 3320    +8827474   +156           5    +51   41 109  414  -24   24  -43   24  -43  25  0  0 L3E 24
E30 FF 61057 222600  780 146 2838    +6377738   +386          11    -19   35 109  315  +70    7  +10    7   10  21  0  0 L3E 0A
E34 FF 61057 222600  780 425 2963    +2303291     -3          -7    -26   10 108  120  -13   21  +15   21   15   6  0  0 L3E D2
E36 FF 61057 222600  780 817 1066    +5105144    +37         -31    -17   15 103   82   +1   28   +8   28    8   8  0  0 L3E CA
E04 FF 61057 224200  780 308  492     +450017   +120          -1    +11   17 111  157  +20   10   -3   10   -3  11  0  0 L3E AD
E05 FF 61057 224200  780 284 1847      -59340    -65          -8    -36   20 111  170  -36   77  +19   77   19  14  0  0 L3E 00
E06 FF 61057 224200  780 504  732    +2207937    +66         -22    +17   11 111  105   +4   27   -9   27   -9   6  0  0 L3E CE
E09 FF 61057 224200  780 600 1177    +1773438   +124         -23    -29   16 108   93   -3   26  +14   26   14   9  0  0 L3E 02
E11 FF 61057 224200  780 244 1183   -36377606  -1657          -8    +31   23 111  195  +39   62   -7   62   -7  13  0  0 L3E 3B
E27 FF 61057 224200  780 111 3270    +8827566   +102          -4     -3   39 111  406   +6   25   -1   25   -1  24  0  0 L3E D7
E30 FF 61057 224200  780 110 2793    +6378098   +384         -21    -22   57 111  410 +135   28   +9   28    9  38  0  0 L3E 2E
E34 FF 61057 224200  780 479 2980    +2303296    +17         -24     -6   21 108  109  -10   29   +0   29    0  13  0  0 L3E E5
E36 FF 61057 224200  780 759 1189    +5105205    +12         -23    -42   16 103   83   +2   22  +23   22   23   9  0  0 L3E DB
E04 FF 61057 225800  780 263  466     +450119   +139          -3    +31   21 112  181  +31   11  -14   11  -14  13  0  0 L3E E9
E05 FF 61057 225800  780 347 1852      -59370    -24         -10     +5   19 112  142  -24   74   -5   74   -5  13  0  0 L3E D7
E06 FF 61057 225800  780 475  659    +2207980    +86         -26    +37   21 112  109   +6   28  -26   28  -26  12  0  0 L3E 1F
E09 FF 61057 225800  780 620 1055    +1773592   +163         -16    +10   13 108   91   -1   18   -8   18   -8   8  0  0 L3E EF
E11 FF 61057 225800  780 192 1222   -36379233  -1693         -16     -5   24 112  243  +63   77  +14   77   14  15  0  0 L3E 52
E27 FF 61057 225800  780 106 3220    +8827662   +140          -8    +35   28 112  427  +38   28  -24   28  -24  17  0  0 L3E 3C
E34 FF 61057 225800  780 535 2989    +2303316    +31         -27     +8   13 108  101   -8   28   -8   28   -8   8  0  0 L3E E7
E36 FF 61057 225800  780 699 1261    +5105267    +69         -10    +15   10 112   86   +3   19   -2   19   -2   6  0  0 L3E DA
E04 FF 61057 231400  780 215  449     +450225    +93          -1    -15   17 114  218  +48   12  +20   12   20  11  0  0 L3E CA
E05 FF 61057 231400  780 411 1857      -59397    -19          -9    +10   17 114  123  -17   66  -16   66  -16  11  0  0 L3E 03
E06 FF 61057 231400  780 438  603    +2208055    +39           0    -10   16 114  117   +9   12   +8   12    8   9  0  0 L3E 99
E09 FF 61057 231400  780 622  925    +1773738   +178         -17    +25   14 108   91   +1   20  -11   20  -11   8  0  0 L3E F3
E11 FF 61057 231400  780 141 1257   -36380836  -1728          -1    -40   41 114  325 +115   75  +23   75   23  27  0  0 L3E 55
E34 FF 61057 231400  780 592 2985    +2303346     +4         -19    -18   11 108   94   -6   21  +13   21   13   7  0  0 L3E D7
E36 FF 61057 231400  780 639 1316    +5105309    +37         -21    -16   10 114   90   +5   28  +12   28   12   6  0  0 L3E DD
E04 FF 61057 233000  780 166  441     +450345   +119          16    +11   20 115  280  +83   10   +6   10    6  12  0  0 L3E B8
E05 FF 61057 233000  780 476 1861      -59436    -39         -19    -10   15 116  109  -12   67   -3   67   -3   9  0  0 L3E E6
E06 FF 61057 233000  780 394  563    +2208079    +58         -23     +9   20 114  127  +13   25   -6   25   -6  12  0  0 L3E E0
E09 FF 61057 233000  780 606  806    +1773887   +153         -19     +0   14 116   93   +2   18   -1   18   -1   8  0  0 L3E C8
E15 FF 61057 233000  780 136 3055    +2292008    +57          14    +30   22 116  340 -125   10  -25   10  -25  13  0  0 L3E 0E
E34 FF 61057 233000  780 648 2959    +2303365    +26         -23     +3   16 115   89   -4   24   +0   24    0   9  0  0 L3E B5
E36 FF 61057 233000  780 577 1361    +5105363    +40         -18    -14   17 114   95   +7   32  +13   32   13  10  0  0 L3E EB
E04 FF 61057 234600  780 115  440     +450450   +125          17    +17   18 115  394 +167   19   +6   19    6  11  0  0 L3E EA
E05 FF 61057 234600  780 542 1860      -59471    +12         -25    +41   13 117  100   -9   66  -26   66  -26   7  0  0 L3E EB
E06 FF 61057 234600  780 346  536    +2208134    +51         -15     +1   20 114  142  +18   18   -2   18   -2  12  0  0 L3E CC
E09 FF 61057 234600  780 574  712    +1774030   +205         -21    +52   14 117   96   +4   20  -27   20  -27   8  0  0 L3E F2
E15 FF 61057 234600  780 187 3072    +2292015    +21          -6     -6   28 117  250  -68   23   +7   23    7  19  0  0 L3E DE
E34 FF 61057 234600  780 701 2896    +2303398     +7         -12    -15   11 115   86   -3   16   +8   16    8   6  0  0 L3E C0
E36 FF 61057 234600  780 516 1401    +5105415    +71         -17    +17   17 114  103   +9   43   -5   43   -5  10  0  0 L3E E5
