CGGTTS     GENERIC DATA FORMAT VERSION = 2E
REV DATE = 2026-01-01                    
RCVR = POLARX5-TR                    R2CGGTTS v8.8    
CH = 99 
IMS = POLARX5-TR                    
LAB = PTB                           
X = +3844059.67 m 
Y =  +709661.67 m 
Z = +5023129.80 m 
FRAME = ITRF
COMMENTS =           IGS RINEX,AUSPOS XYZ          
INT DLY =   33.2 ns (GAL E1),   33.0 ns (GAL E5a)
CAB DLY =  205.7 ns 
REF DLY =   56.2 ns
REF = UTC(PTB)                      
CKSUM = 7B

SAT CL  MJD  STTIME TRKL ELV AZTH   REFSV      SRSV     REFSYS    SRSYS  DSG IOE MDTR SMDT MDIO SMDI MSIO SMSI ISG FR HC FRC CK
             hhmmss  s  .1dg .1dg    .1ns     .1ps/s     .1ns    .1ps/s .1ns     .1ns.1ps/s.1ns.1ps/s.1ns.1ps/s.1ns
E07 FF 61056 001000  780 149  468     +390966     -6           7    -29   27  86  310 +104   16  +13   16   13  14  0  0 L3E CD
E10 FF 61056 001000  780 388 3052    +7648744    +60         -24    +34   16  86  129  -16   32  -18   32  -18  10  0  0 L3E 1A
E19 FF 61056 001000  780 543 1925   -26388682   -336         -18     +5   19  86  100   -9   49   -9   49   -9  11  0  0 L3E 1C
E29 FF 61056 001000  780 627  790    +1695479    +50          -9    +15   11  82   91   +3   29   -8   29   -8   7  0  0 L3E B7
E33 FF 61056 001000  780 552 1475      +16736    +53         -11    +43   12  86   98   +8   48  -20   48  -20   7  0  0 L3E C2
E10 FF 61056 002600  780 442 3042    +7648776    +54         -17    +28   17  87  116  -12   29  -15   29  -15  11  0  0 L3E 25
E19 FF 61056 002600  780 608 1927   -26389004   -317         -13    +25   14  87   93   -6   40  -16   40  -16   8  0  0 L3E 1C
E29 FF 61056 002600  780 588  706    +1695504    +37         -18     +2   15  82   94   +5   33   -1   33   -1   8  0  0 L3E A9
E33 FF 61056 002600  780 488 1505      +16751    +25          -6    +15   11  87  107  +11   53   -4   53   -4   7  0  0 L3E A7
E04 FF 61056 004200  780 143 2203     +432069    +90          -6    -18   31  88  324 -121   89   +6   89    6  18  0  0 L3E DF
E10 FF 61056 004200  780 494 3017    +7648806    +27         -12     +1   15  87  106   -9   29   +5   29    5   9  0  0 L3E C1
E11 FF 61056 004200  780 225 3116   -36096978  -1679         -18    +22   19  89  211  -48   36  -13   36  -13  12  0  0 L3E 67
E12 FF 61056 004200  780 713 2713     +190385    +40         -23    +13   11  89   85   -1   38   -6   38   -6   6  0  0 L3E AC
E19 FF 61056 004200  780 673 1917   -26389330   -313         -11    +28   14  89   88   -4   37  -19   37  -19   8  0  0 L3E 30
E29 FF 61056 004200  780 541  652    +1695541     +9         -19    -26   17  89  100   +6   33  +18   33   18  10  0  0 L3E DD
E33 FF 61056 004200  780 424 1532      +16760    +47          -9    +37   15  89  119  +15   61  -17   61  -17   8  0  0 L3E DA
E04 FF 61056 005800  780 198 2230     +432167   +122         -12    +14   24  88  238  -65   85  -15   85  -15  15  0  0 L3E 23
E10 FF 61056 005800  780 544 2973    +7648810    +36         -33    +10   17  87   99   -6   41   -9   41   -9  10  0  0 L3E E9
E11 FF 61056 005800  780 277 3114   -36098592  -1683           0    +18   16  90  173  -31   24  -11   24  -11  10  0  0 L3E 2F
E12 FF 61056 005800  780 726 2518     +190418    +48         -15    +22   14  90   85   +0   34  -11   34  -11   8  0  0 L3E CA
E19 FF 61056 005800  780 736 1881   -26389651   -287          -4    +55   14  90   84   -3   32  -32   32  -32   8  0  0 L3E 18
E29 FF 61056 005800  780 490  622    +1695576    +20         -17    -15   11  90  107   +9   31   +6   31    6   7  0  0 L3E B9
E33 FF 61056 005800  780 361 1557      +16771    +15          -9     +5   15  90  137  +21   68   +5   68    5   9  0  0 L3E 9F
E04 FF 61056 011400  780 252 2260     +432262    +81         -19    -27   28  92  189  -40   82   +4   82    4  16  0  0 L3E D8
E10 FF 61056 011400  780 586 2904    +7648843    +16         -25    -10   14  87   95   -4   34   +1   34    1   8  0  0 L3E BC
E11 FF 61056 011400  780 329 3103   -36100235  -1681          -8    +20   18  92  149  -21   31  -13   31  -13  10  0  0 L3E 20
E12 FF 61056 011400  780 711 2320     +190445    +17         -14     -9    9  91   85   +1   35   +6   35    6   5  0  0 L3E 74
E19 FF 61056 011400  780 794 1772   -26389980   -371         -11    -30   12  92   82   -1   32  +20   32   20   7  0  0 L3E 02
E29 FF 61056 011400  780 437  608    +1695619    +69          -9    +34   14  92  117  +12   27  -17   27  -17   8  0  0 L3E 00
E33 FF 61056 011400  780 299 1580      +16792    +39           0    +28   16  92  161  +31   65  -21   65  -21  10  0  0 L3E D4
E04 FF 61056 013000  780 308 2294     +432378    +92          -7    -16   18  94  158  -27   62   -2   62   -2  10  0  0 L3E D7
E10 FF 61056 013000  780 618 2803    +7648861    +38         -28    +12   16  94   92   -2   35   -4   35   -4   9  0  0 L3E CE
E11 FF 61056 013000  780 379 3081   -36101864  -1689           0    +12   14  94  131  -15   21  -11   21  -11   9  0  0 L3E 0F
E12 FF 61056 013000  780 673 2174     +190475    +72         -10    +45   14  91   88   +3   36  -25   36  -25   8  0  0 L3E D5
E19 FF 61056 013000  780 833 1448   -26390289   -323           6    +18   12  92   81   +0   25  -12   25  -12   7  0  0 L3E ED
E29 FF 61056 013000  780 383  606    +1695657    +28          -7     -7   14  94  130  +16   25   +9   25    9   8  0  0 L3E B9
E33 FF 61056 013000  780 238 1599      +16801     -1          -3    -11   14  94  199  +49   71  +18   71   18   9  0  0 L3E C0
E04 FF 61056 014600  780 363 2330     +432466    +74         -22    -34   23  94  136  -19   61  +11   61   11  13  0  0 L3E EC
E10 FF 61056 014600  780 634 2675    +7648889    +19         -24     -7   17  95   90   -1   35   +5   35    5  10  0  0 L3E CF
E11 FF 61056 014600  780 426 3045   -36103505  -1737          -8    -36   17  94  119  -10   26  +21   26   21   9  0  0 L3E 21
E12 FF 61056 014600  780 621 2082     +190497    +67         -13    +40   18  91   91   +5   42  -21   42  -21  10  0  0 L3E D4
E19 FF 61056 014600  780 823  957   -26390627   -337          -3     +4   12  92   82   +1   30   -5   30   -5   7  0  0 L3E BB
E29 FF 61056 014600  780 331  613    +1695693    +23          -6    -12   18  95  148  +21   25   +6   25    6  11  0  0 L3E CB
E33 FF 61056 014600  780 178 1617      +16813     +7          -2     -4   12  95  262  +86   83  +23   83   23   8  0  0 L3E AD
E04 FF 61056 020200  780 418 2368     +432577    +80         -15    -28   15  94  121  -14   49   +7   49    7   9  0  0 L3E D7
E06 FF 61056 020200  780 166 2386    +2200026    +29          -6    -20   40  97  281  -85   83   -2   83   -2  24  0  0 L3E E2
E10 FF 61056 020200  780 629 2538    +7648919    +25         -18     -1   16  96   91   +1   34   +4   34    4   9  0  0 L3E B1
E11 FF 61056 020200  780 467 2992   -36105150  -1706         -20     -5   18  94  111   -7   36   +6   36    6  10  0  0 L3E F8
E12 FF 61056 020200  780 561 2026     +190530    +39          -2    +12   16  97   97   +7   41   +1   41    1  10  0  0 L3E 85
E19 FF 61056 020200  780 776  746   -26390945   -304         -10    +36   11  97   83   +2   25  -22   25  -22   6  0  0 L3E 02
E27 FF 61056 020200  780 111  618    +8810772   +153         -14    +49   45  95  411 -101   35  -35   35  -35  30  0  0 L3E 28
E29 FF 61056 020200  780 279  627    +1695721    +29         -11     -6   17  97  172  +30   29   +1   29    1  11  0  0 L3E CD
E33 FF 61056 020200  780 119 1631      +16810    +20         -16     +9   24  97  385 +184   95   +6   95    6  14  0  0 L3E CC
E04 FF 61056 021800  780 474 2410     +432680   +104         -15     -4   13  94  110  -10   42   -6   42   -6   7  0  0 L3E BB
E06 FF 61056 021800  780 216 2421    +2200071    +36          -7    -13   25  98  218  -50   75   -1   75   -1  16  0  0 L3E D9
E10 FF 61056 021800  780 605 2413    +7648945    +26         -17     +0   13  96   93   +3   37   +3   37    3   7  0  0 L3E A9
E11 FF 61056 021800  780 499 2922   -36106769  -1699          -6     +2   13  94  106   -4   25   -7   25   -7   8  0  0 L3E 08
E12 FF 61056 021800  780 498 1992     +190555    +44          -2    +17   15  98  106  +10   47   -1   47   -1   9  0  0 L3E CC
E19 FF 61056 021800  780 721  682   -26391264   -387          -4    -47   14  98   85   +3   21  +28   21   28   8  0  0 L3E F9
E27 FF 61056 021800  780 135  570    +8810869   +137         -17    +32   27  95  339  -53   34  -22   34  -22  16  0  0 L3E 2F
E29 FF 61056 021800  780 228  646    +1695764    +25          -2    -10   20  98  207  +44   22   +5   22    5  13  0  0 L3E C8
E04 FF 61056 023400  780 530 2455     +432784   +153         -17    +45   19 100  101   -8   38  -35   38  -35  11  0  0 L3E 13
E06 FF 61056 023400  780 267 2458    +2200126    +52           1     +3   24 100  179  -33   56  -15   56  -15  15  0  0 L3E ED
E10 FF 61056 023400  780 565 2315    +7648973    +22         -14     -4   14  96   97   +5   39   +8   39    8   8  0  0 L3E C3
E11 FF 61056 023400  780 520 2836   -36108406  -1754          -9    -53   13 100  102   -2   25  +34   25   34   8  0  0 L3E 13
E12 FF 61056 023400  780 433 1970     +190580     +3          -3    -24   16 100  118  +15   56  +19   56   19   9  0  0 L3E D1
E19 FF 61056 023400  780 664  668   -26391595   -373          -8    -33   17 100   88   +4   24  +17   24   17  10  0  0 L3E 14
E27 FF 61056 023400  780 153  518    +8810984   +105          -3     +1   26  95  302  -27   24   -2   24   -2  17  0  0 L3E D0
E29 FF 61056 023400  780 178  669    +1695800    +35           0     +0   22 100  261  +70   23   +9   23    9  13  0  0 L3E B0
E36 FF 61056 023400  780 148 3248    +5096614    +75          17    +20   18  96  313 -101    3  -16    3  -16  12  0  0 L3E FB
E04 FF 61056 025000  780 585 2505     +432899    +54          -5    -54   13 101   95   -6   28  +30   28   30   8  0  0 L3E CD
E06 FF 61056 025000  780 318 2497    +2200165     +9          -7    -40   23 100  153  -23   49  +10   49   10  14  0  0 L3E E6
E10 FF 61056 025000  780 515 2243    +7649002    +51         -10    +25   10 102  103   +8   43   -9   43   -9   6  0  0 L3E C7
E11 FF 61056 025000  780 526 2738   -36110028  -1683           3    +18   19 100  102   +0   19  -13   19  -13  11  0  0 L3E 19
E12 FF 61056 025000  780 368 1957     +190599    +21          -8     -6   17 102  134  +21   65   +9   65    9  10  0  0 L3E CE
E19 FF 61056 025000  780 607  676   -26391920   -342          -4     -3   16 102   93   +5   26   -1   26   -1   9  0  0 L3E C6
E21 FF 61056 025000  780 145  984    +7152100    -14           3    -39   36 102  320  -96   71  +11   71   11  22  0  0 L3E D8
E27 FF 61056 025000  780 163  465    +8811081   +113          -7     +8   23 102  285  -10   26   -3   26   -3  14  0  0 L3E D6
E29 FF 61056 025000  780 130  696    +1695818    +67         -16    +31   28 101  352 +126   43  -11   43  -11  20  0  0 L3E 25
E36 FF 61056 025000  780 195 3228    +5096648   +106          -1    +52   17  96  241  -56   16  -41   16  -41  10  0  0 L3E 20
E04 FF 61056 030600  780 640 2561     +432992    +98         -16    -10   15 101   90   -4   34   +6   34    6   8  0  0 L3E B0
E06 FF 61056 030600  780 369 2537    +2200213    +30          -6    -19   15 100  134  -17   38   +1   38    1   9  0  0 L3E C5
E09 FF 61056 030600  780 131 2533    +1749431   +162         -11     +8   33 103  352 -125   76  -13   76  -13  22  0  0 L3E 31
E10 FF 61056 030600  780 459 2192    +7649033    +55          -5    +29   20 103  112  +11   50   -8   50   -8  11  0  0 L3E E5
E11 FF 61056 030600  780 516 2639   -36111670  -1709          -7     -8   16 100  103   +3   27   +7   27    7   9  0  0 L3E EC
E12 FF 61056 030600  780 304 1947     +190632    +30           0     +4   15 103  159  +31   66   +9   66    9   9  0  0 L3E A1
E19 FF 61056 030600  780 552  696   -26392254   -364         -11    -25   17 103   98   +7   31  +17   31   17  10  0  0 L3E 18
E21 FF 61056 030600  780 187  942    +7152114    +24          -7     -1   25 102  250  -54   63   -3   63   -3  15  0  0 L3E C3
E27 FF 61056 030600  780 164  412    +8811163   +103         -24     -1   29 103  283   +5   34   -6   34   -6  18  0  0 L3E DA
E36 FF 61056 030600  780 239 3200    +5096701    +38           2    -16   19 103  199  -34   12  +13   12   13  12  0  0 L3E EF
E04 FF 61056 032200  780 695 2625     +433107    +96          -7    -12   16 105   86   -3   28   +4   28    4   9  0  0 L3E AA
E06 FF 61056 032200  780 421 2579    +2200268    +23          -2    -26   19 105  121  -13   32  +13   32   13  12  0  0 L3E E9
E09 FF 61056 032200  780 179 2571    +1749580   +154          -6     +0   28 105  262  -69   62  -10   62  -10  17  0  0 L3E 20
E10 FF 61056 032200  780 399 2154    +7649056    +22          -7     -4   15 103  126  +17   56   +8   56    8   9  0  0 L3E D3
E11 FF 61056 032200  780 492 2549   -36113303  -1685          -7    +16   12 100  107   +5   33   -8   33   -8   7  0  0 L3E 03
E12 FF 61056 032200  780 240 1940     +190663    -13           6    -40   16 105  197  +49   72  +24   72   24  10  0  0 L3E E0
E19 FF 61056 032200  780 498  722   -26392592   -369         -23    -29   11 105  106   +9   39  +17   39   17   7  0  0 L3E 30
E21 FF 61056 032200  780 226  894    +7152131     -4         -16    -29   22 105  210  -33   60   +4   60    4  14  0  0 L3E BF
E27 FF 61056 032200  780 156  360    +8811265   +101         -22     -4   25 105  295  +21   35   +5   35    5  15  0  0 L3E DA
E36 FF 61056 032200  780 278 3162    +5096763     +1          12    -53   16 104  173  -21    6  +30    6   30  11  0  0 L3E CC
E04 FF 61056 033800  780 748 2708     +433202   +113         -16     +5   13 106   84   -2   34   -1   34   -1   7  0  0 L3E B0
E06 FF 61056 033800  780 473 2623    +2200303    +36         -14    -13   17 106  110  -10   36   +1   36    1   9  0  0 L3E C8
E09 FF 61056 033800  780 226 2610    +1749723   +139         -10    -14   26 106  209  -43   50  -10   50  -10  17  0  0 L3E 30
E10 FF 61056 033800  780 337 2127    +7649075    +30         -12     +4   15 103  145  +24   64   +3   64    3   8  0  0 L3E CE
E11 FF 61056 033800  780 456 2472   -36114949  -1716         -21    -16   14 100  113   +8   44  +12   44   12   7  0  0 L3E 2C
E12 FF 61056 033800  780 179 1933     +190674    +39          -8    +12   25 106  261  +87   88   -1   88   -1  16  0  0 L3E FC
E19 FF 61056 033800  780 445  752   -26392917   -373         -21    -33   15 106  115  +11   39  +20   39   20   9  0  0 L3E 2B
E21 FF 61056 033800  780 259  842    +7152168    +27          -4     +1   28 105  185  -20   42  -11   42  -11  18  0  0 L3E EF
E23 FF 61056 033800  780 118 1351     +221259     +5           2     -7   30 106  391 -175   70   +2   70    2  19  0  0 L3E AB
E27 FF 61056 033800  780 141  312    +8811390   +136           4    +32   26 106  326  +44   24  -16   24  -16  16  0  0 L3E 03
E36 FF 61056 033800  780 310 3115    +5096784    +62         -19     +8   22 104  156  -13   28  -10   28  -10  13  0  0 L3E 14
E04 FF 61056 035400  780 801 2835     +433308   +117         -13     +9   10 108   82   -1   33   -9   33   -9   6  0  0 L3E BA
E06 FF 61056 035400  780 525 2668    +2200351    +55         -13     +6   20 108  102   -7   33   -7   33   -7  12  0  0 L3E D2
E09 FF 61056 035400  780 274 2649    +1749883   +170           3    +16   27 106  175  -30   35  -16   35  -16  17  0  0 L3E 35
E10 FF 61056 035400  780 276 2105    +7649103    +20         -10     -6   16 108  174  +37   73  +11   73   11  10  0  0 L3E F6
E11 FF 61056 035400  780 411 2409   -36116578  -1687         -16    +14   16 108  123  +12   48   -2   48   -2  10  0  0 L3E 3D
E12 FF 61056 035400  780 119 1926     +190717    +48           7    +22   37 108  385 +186   77  -13   77  -13  25  0  0 L3E 25
E19 FF 61056 035400  780 393  786   -26393234   -355          -8    -16   14 108  127  +14   33  +10   33   10   9  0  0 L3E 1A
E21 FF 61056 035400  780 285  783    +7152184    +25         -12     +0   14 105  169  -12   39   -7   39   -7   9  0  0 L3E DE
E23 FF 61056 035400  780 172 1325     +221255    +41         -13    +29   31 108  273  -85   76  -16   76  -16  18  0  0 L3E 1D
E27 FF 61056 035400  780 117  269    +8811473    +48         -14    -57   25 106  387  +85   36  +44   36   44  16  0  0 L3E 2E
E36 FF 61056 035400  780 334 3057    +5096859    +52           4     -2   15 104  146   -8   16   -2   16   -2   9  0  0 L3E BE
E04 FF 61056 041000  780 846 3121     +433418   +109          -6     +1   13 110   81   -1   27   -2   27   -2   8  0  0 L3E 93
E06 FF 61056 041000  780 578 2714    +2200399    +52         -12     +3   14 110   96   -6   31   +3   31    3   9  0  0 L3E A2
E09 FF 61056 041000  780 323 2689    +1750024   +142          -3    -11   20 106  151  -21   32   -6   32   -6  12  0  0 L3E E7
E10 FF 61056 041000  780 214 2088    +7649136    +44          -3    +18   17 110  219  +60   74   -4   74   -4  11  0  0 L3E EC
E11 FF 61056 041000  780 360 2359   -36118216  -1712         -20    -11   17 110  137  +18   58  +11   58   11  10  0  0 L3E 3B
E19 FF 61056 041000  780 343  821   -26393560   -340          -3     +0   15 110  143  +19   37   +5   37    5  10  0  0 L3E D7
E21 FF 61056 041000  780 302  721    +7152209     +1         -11    -24   18 110  160   -6   33   +7   33    7  11  0  0 L3E 9C
E23 FF 61056 041000  780 226 1296     +221266    +31         -12    +20   21 110  210  -49   72  -19   72  -19  12  0  0 L3E FB
E36 FF 61056 041000  780 348 2993    +5096906    +47           3     -7   16 110  141   -3   16   +6   16    6   9  0  0 L3E B2
E04 FF 61056 042600  780 856  235     +433535    +78           7    -30   11 110   81   +0   20  +22   20   22   7  0  0 L3E 8C
E06 FF 61056 042600  780 631 2763    +2200451    +64          -8    +14   17 111   91   -4   28   -8   28   -8  10  0  0 L3E CC
E09 FF 61056 042600  780 373 2728    +1750169   +143          -5    -10   21 106  133  -16   29   -2   29   -2  13  0  0 L3E 03
E10 FF 61056 042600  780 155 2072    +7649163    +43          -1    +17   23 110  299 +112   82   +1   82    1  14  0  0 L3E EB
E11 FF 61056 042600  780 305 2318   -36119832  -1688          -5    +13   20 111  158  +27   57   +3   57    3  11  0  0 L3E 1F
E19 FF 61056 042600  780 294  858   -26393896   -258         -13    +82   25 110  164  +25   51  -33   51  -33  15  0  0 L3E 5B
E21 FF 61056 042600  780 309  657    +7152234    +56         -11    +31   23 111  157   -1   31  -18   31  -18  15  0  0 L3E F7
E23 FF 61056 042600  780 279 1262     +221277    +42         -13    +30   17 111  172  -31   66  -27   66  -27  10  0  0 L3E 0F
E36 FF 61056 042600  780 351 2924    +5096946    +62          -8     +8   16 111  140   +1   26   -3   26   -3  10  0  0 L3E CE
E04 FF 61056 044200  780 816  641     +433627    +99          -4     -9    8 110   82   +1   27   +5   27    5   5  0  0 L3E 72
E06 FF 61056 044200  780 685 2815    +2200496    +54         -10     +4   15 112   87   -3   29   -4   29   -4   9  0  0 L3E C6
E09 FF 61056 044200  780 423 2767    +1750310   +140         -11    -13   16 113  120  -12   29   +6   29    6   9  0  0 L3E E9
E11 FF 61056 044200  780 249 2285   -36121468  -1658         -10    +42   20 112  191  +42   67  -11   67  -11  12  0  0 L3E 5B
E19 FF 61056 044200  780 246  896   -26394218   -335          -8     +5   22 110  193  +36   59   +6   59    6  13  0  0 L3E 08
E21 FF 61056 044200  780 306  594    +7152276    +20           8     -5   18 113  158   +4   20   +5   20    5  11  0  0 L3E 94
E23 FF 61056 044200  780 331 1221     +221290    -33         -11    -44   15 113  148  -21   58  +24   58   24   9  0  0 L3E E6
E34 FF 61056 044200  780 123 3353    +2299762    +57         -25    +34   22 113  372 -103   44  -29   44  -29  13  0  0 L3E 42
E36 FF 61056 044200  780 342 2854    +5096995    +51         -13     -4   25 113  143   +5   31   +9   31    9  15  0  0 L3E DD
E04 FF 61056 051000  780 726  869     +433806    +99         -11     -9   13 116   85   +3   32   +5   32    5   7  0  0 L3E 98
E06 FF 61056 051000  780 780 2925    +2200581    +58          -9     +9    9 116   83   -2   30   -3   30   -3   5  0  0 L3E 98
E09 FF 61056 051000  780 514 2833    +1750559   +213         -17    +60   16 116  103   -8   32  -37   32  -37  10  0  0 L3E 22
E11 FF 61056 051000  780 150 2239   -36124333  -1726         -18    -26   30 116  308 +114   88  +29   88   29  18  0  0 L3E 73
E19 FF 61056 051000  780 163  962   -26394771   -341           9     -1   29 110  284  +79   68  +29   68   29  18  0  0 L3E 2D
E21 FF 61056 051000  780 277  494    +7152307    +47          -2    +21   17 116  173  +14   26  -12   26  -12  11  0  0 L3E F4
E23 FF 61056 051000  780 412 1129     +221314    +27          -7    +15   19 114  123  -10   44  -16   44  -16  11  0  0 L3E E4
E31 FF 61056 051000  780 162 1637    +1126201    +70          -8    +45   18 116  289 -104   70  -43   70  -43  12  0  0 L3E 1C
E34 FF 61056 051000  780 174 3279    +2299822    +16          -2     -6   20 115  268  -35   21   +6   21    6  13  0  0 L3E D4
E36 FF 61056 051000  780 302 2740    +5097094    +59          -6     +5   20 116  160  +15   31  -13   31  -13  12  0  0 L3E EF
E04 FF 61056 052600  780 673  943     +433910    +69         -11    -40   10 117   88   +4   36  +25   36   25   6  0  0 L3E CA
E06 FF 61056 052600  780 835 3038    +2200630    +46          -7     -3   11 117   81   -1   29   +2   29    2   6  0  0 L3E 95
E09 FF 61056 052600  780 568 2868    +1750712   +138         -10    -15   14 117   97   -6   25   +9   25    9   8  0  0 L3E F5
E21 FF 61056 052600  780 249  447    +7152345    +41          11    +16   19 117  191  +23   20   -8   20   -8  12  0  0 L3E DD
E23 FF 61056 052600  780 449 1061     +221327     -8          -5    -20   17 114  114   -7   39   +8   39    8  10  0  0 L3E AF
E31 FF 61056 052600  780 221 1626    +1126230     +1          -3    -25   20 117  214  -57   63   +7   63    7  12  0  0 L3E BE
E34 FF 61056 052600  780 192 3229    +2299823    +13         -23    -10   19 115  243  -18   32   +0   32    0  12  0  0 L3E EB
E36 FF 61056 052600  780 267 2684    +5097150    +45          -2    -10   19 116  179  +24   33   +7   33    7  12  0  0 L3E F2
E04 FF 61056 054200  780 619 1005     +434010    +91         -14    -17   17 119   92   +5   39  +15   39   15   9  0  0 L3E D4
E06 FF 61056 054200  780 882   33    +2200690    +58           6     +9   15 119   81   +0   21   -7   21   -7   9  0  0 L3E 7B
E09 FF 61056 054200  780 623 2899    +1750855   +167         -14    +14   13 119   91   -5   30   -5   30   -5   8  0  0 L3E F3
E21 FF 61056 054200  780 214  408    +7152356    -11          -1    -36   20 119  219  +38   28  +25   28   25  12  0  0 L3E F1
E23 FF 61056 054200  780 476  982     +221344    +71           0    +59   13 114  109   -4   31  -37   31  -37   8  0  0 L3E C4
E31 FF 61056 054200  780 282 1614    +1126250     -6          -7    -32   18 117  171  -35   62  +14   62   14  11  0  0 L3E E9
E34 FF 61056 054200  780 202 3175    +2299855   -103         -13   -126   29 115  232   -6   25  +84   25   84  17  0  0 L3E 3C
E36 FF 61056 054200  780 227 2634    +5097201    +10          -3    -44   27 116  208  +38   40  +38   40   38  17  0  0 L3E 0A
E04 FF 61056 055800  780 564 1059     +434109   +146         -19    +38   14 120   97   +6   46  -21   46  -21   8  0  0 L3E 02
E05 FF 61056 055800  780 151 2886      -55116   -106          -3    -78   41 120  307  -96   30  +54   30   54  26  0  0 L3E 04
E06 FF 61056 055800  780 846  984    +2200727    +32          -5    -17    8 120   81   +1   30  +16   30   16   4  0  0 L3E AE
E09 FF 61056 055800  780 679 2925    +1751008   +161          -7     +8   15 120   87   -4   27   -3   27   -3   8  0  0 L3E D7
E21 FF 61056 055800  780 174  377    +7152374    -13          -6    -39   24 120  267  +63   40  +32   40   32  15  0  0 L3E FC
E23 FF 61056 055800  780 491  894     +221363     -9           5    -21   13 120  107   -1   25   +8   25    8   6  0  0 L3E 83
E31 FF 61056 055800  780 344 1599    +1126279    +22          -3     -3   12 117  143  -24   54   -2   54   -2   8  0  0 L3E D4
E34 FF 61056 055800  780 202 3118    +2299862   +107         -26    +85   25 120  232   +5   32  -53   32  -53  14  0  0 L3E 2B
E36 FF 61056 055800  780 181 2590    +5097260    +37           3    -17   18 116  257  +65   45  +22   45   22  11  0  0 L3E 0C
E04 FF 61056 061400  780 510 1108     +434217   +107         -15     -1   16 122  104   +8   50   +7   50    7   9  0  0 L3E A9
E05 FF 61056 061400  780 200 2914      -55159    -38         -16     -9   23 122  235  -57   34  +10   34   10  13  0  0 L3E DC
E06 FF 61056 061400  780 789 1118    +2200772    +98          -6    +48   12 122   82   +2   34  -26   34  -26   7  0  0 L3E ED
E09 FF 61056 061400  780 736 2937    +1751167   +172           5    +18   13 120   84   -3   21   -8   21   -8   8  0  0 L3E CF
E21 FF 61056 061400  780 130  355    +7152384    -19         -21    -45   20 120  351 +119   57  +43   57   43  14  0  0 L3E 15
E23 FF 61056 061400  780 491  805     +221372    +16           2     +4    9 122  107   +1   28   +0   28    0   6  0  0 L3E 57
E31 FF 61056 061400  780 406 1580    +1126312    +23           4     -3   13 117  124  -16   50   -3   50   -3   8  0  0 L3E A6
E34 FF 61056 061400  780 193 3061    +2299905    +66          -5    +44   25 122  242  +17   22  -23   22  -23  15  0  0 L3E 13
E36 FF 61056 061400  780 134 2552    +5097310    +11           1    -43   22 122  343 +123   58  +34   58   34  15  0  0 L3E 03
E04 FF 61056 063000  780 456 1153     +434328   +105          -8     -3   12 124  113  +11   58  +21   58   21   7  0  0 L3E D3
E05 FF 61056 063000  780 249 2939      -55180     -7          -6    +22   23 124  191  -37   28  -12   28  -12  14  0  0 L3E E7
E06 FF 61056 063000  780 731 1187    +2200811    +55         -15     +5   16 123   84   +3   41   +5   41    5   9  0  0 L3E A1
E09 FF 61056 063000  780 793 2919    +1751305   +142          -1    -11   11 124   82   -2   25  +13   25   13   6  0  0 L3E D9
E23 FF 61056 063000  780 478  720     +221366    +24         -16    +12   18 123  109   +3   42   +0   42    0  11  0  0 L3E A2
E31 FF 61056 063000  780 468 1554    +1126329    +18          -4     -8   17 124  111  -12   52   +4   52    4  10  0  0 L3E C5
E34 FF 61056 063000  780 175 3007    +2299938    +34           4    +11   22 124  266  +33   17   -7   17   -7  12  0  0 L3E EA
E04 FF 61056 064600  780 401 1196     +434432   +114          -9     +6   12 125  125  +15   78  +20   78   20   7  0  0 L3E DF
E05 FF 61056 064600  780 301 2960      -55203    -55          -1    -26   28 125  161  -26   27  +26   27   26  18  0  0 L3E EB
E06 FF 61056 064600  780 672 1239    +2200867    +32          -6    -17   13 123   88   +4   48  +26   48   26   7  0  0 L3E E9
E09 FF 61056 064600  780 849 2767    +1751457   +174           4    +21    7 125   81   -1   29   -7   29   -7   4  0  0 L3E D4
E23 FF 61056 064600  780 453  648     +221393     -5           0    -18   15 123  113   +6   41  +22   41   22   9  0  0 L3E 98
E31 FF 61056 064600  780 527 1515    +1126353    +38          -4    +12   13 125  102   -8   55   -5   55   -5   7  0  0 L3E CC
E34 FF 61056 064600  780 149 2955    +2299967   +118          10    +95   28 125  309  +59   17  -59   17  -59  17  0  0 L3E 6B
E04 FF 61056 070200  780 347 1235     +434533    +97         -11    -12   17 126  141  +20  110  +43  110   43  10  0  0 L3E 09
E05 FF 61056 070200  780 353 2976      -55227    +22           5    +51   20   0  140  -19   26  -25   26  -25  13  0  0 L3E B8
E06 FF 61056 070200  780 613 1283    +2200912    +70          -8    +20   16   0   92   +5   61   +4   61    4  10  0  0 L3E 80
E09 FF 61056 070200  780 865 1915    +1751607   +158           6     +5   12   0   81   +0   35  +10   35   10   7  0  0 L3E 9B
E15 FF 61056 070200  780 105 3396    +2287937    -17          -1    -45   26   0  431  -22   36  +29   36   29  16  0  0 L3E F5
E23 FF 61056 070200  780 418  591     +221407     -4           2    -16   18 123  121   +9   50  +21   50   21  10  0  0 L3E 95
E31 FF 61056 070200  780 583 1457    +1126377    +16          -8    -10   14   0   95   -6   60  +10   60   10   8  0  0 L3E A6
E34 FF 61056 070200  780 117 2907    +2299972    +47          -9    +24   27   0  389 +113   31   -1   31   -1  16  0  0 L3E E9
E04 FF 61056 071800  780 293 1272     +434645   +124          -4    +16   17 126  164  +29  145  +36  145   36  10  0  0 L3E 32
E05 FF 61056 071800  780 406 2985      -55265    -36          -6     -7   11   1  124  -14   44  +15   44   15   7  0  0 L3E A8
E06 FF 61056 071800  780 553 1323    +2200959    +59          -9     +9   17   1   98   +7   79  +17   79   17   9  0  0 L3E CB
E09 FF 61056 071800  780 813 1584    +1751742   +165          -5    +12   14   1   82   +1   53   +2   53    2   9  0  0 L3E 9E
E15 FF 61056 071800  780 106 3345    +2287958   +120          -7    +92   34   0  426  +11   45  -47   45  -47  20  0  0 L3E 12
E23 FF 61056 071800  780 376  548     +221403    +17         -14     +4   19 123  132  +14   71  +18   71   18  11  0  0 L3E DC
E31 FF 61056 071800  780 631 1372    +1126397    +64         -13    +38   11   1   91   -4   67  -21   67  -21   7  0  0 L3E D4
E04 FF 61056 073400  780 239 1306     +434743   +135          -9    +27   21 126  198  +43  194  +41  194   41  12  0  0 L3E 36
E05 FF 61056 073400  780 460 2986      -55299    -15         -11    +14   17   3  112  -11   55   +1   55    1   9  0  0 L3E A1
E06 FF 61056 073400  780 494 1359    +2201017    +59           1     +9   18   3  106  +10   94  +11   94   11  11  0  0 L3E BD
E09 FF 61056 073400  780 751 1534    +1751894    +95           0    -58   12   3   84   +2   59  +49   59   49   7  0  0 L3E CF
E23 FF 61056 073400  780 330  519     +221424     +9          -7     -3   15   3  148  +20   82  +22   82   22   9  0  0 L3E 83
E31 FF 61056 073400  780 666 1249    +1126424    +13         -11    -13   12   1   88   -2   70  +14   70   14   7  0  0 L3E B5
E04 FF 61056 075000  780 185 1338     +434845    +92         -11    -16   24 126  252  +71  251  +74  251   74  14  0  0 L3E 34
E05 FF 61056 075000  780 514 2974      -55340    -36         -24     -7   14   5  103   -8   70  +12   70   12   9  0  0 L3E 9D
E06 FF 61056 075000  780 434 1392    +2201067    +83           2    +34   17   5  117  +13  112   +7  112    7  10  0  0 L3E C0
E09 FF 61056 075000  780 688 1531    +1752032   +154          -9     +1   10   5   87   +4   78  +17   78   17   6  0  0 L3E C4
E23 FF 61056 075000  780 281  501     +221431     +0         -11    -13   16   5  171  +29  105  +35  105   35  10  0  0 L3E BE
E31 FF 61056 075000  780 683 1094    +1126447    +47         -13    +21   12   1   87   +0   76   -8   76   -8   7  0  0 L3E B7
E04 FF 61056 080600  780 132 1366     +434966   +110           1     +2   32   6  348 +137  289  +33  289   33  21  0  0 L3E 04
E05 FF 61056 080600  780 566 2944      -55364    -46         -21    -17   13   6   97   -6   72  +12   72   12   8  0  0 L3E B5
E06 FF 61056 080600  780 375 1423    +2201113     +1           1    -48   16   6  132  +18  141  +70  141   70   9  0  0 L3E C3
E09 FF 61056 080600  780 624 1543    +1752190   +140           1    -13   13   6   91   +6   86  +22   86   22   7  0  0 L3E B7
E23 FF 61056 080600  780 231  493     +221453    -13           0    -25   18   6  205  +44  125  +33  125   33  11  0  0 L3E C2
E31 FF 61056 080600  780 676  934    +1126481    +17          -4    -10   14   1   87   +1   75   +9   75    9   8  0  0 L3E 8D
E03 FF 61056 082200  780 125 3105      -60325    +34           5    +11   18   8  369 -148   67   +5   67    5  11  0  0 L3E A5
E05 FF 61056 082200  780 615 2889      -55388    -42         -17    -13   14   8   92   -4   75   +9   75    9   8  0  0 L3E A7
E06 FF 61056 082200  780 316 1451    +2201160    +74           0    +24   14   8  154  +26  181  +19  181   19   9  0  0 L3E E1
E09 FF 61056 082200  780 559 1559    +1752336   +150          -1     -3   17   7   97   +8   98  +12   98   12   9  0  0 L3E D5
E23 FF 61056 082200  780 180  492     +221452     +8         -12     -4   18   8  259  +72  153  +18  153   18  12  0  0 L3E D5
E31 FF 61056 082200  780 650  804    +1126488    +46         -22    +20   21   8   89   +3   85   -8   85   -8  12  0  0 L3E BA
E03 FF 61056 083800  780 176 3111      -60308     -7          -1    -30   18   9  266  -77   89  +26   89   26  11  0  0 L3E CA
E05 FF 61056 083800  780 655 2798      -55413     -7         -15    +22   11   9   89   -3   80   -9   80   -9   6  0  0 L3E 9B
E06 FF 61056 083800  780 257 1476    +2201200    +53         -10     +4   23   9  185  +40  220  +39  220   39  14  0  0 L3E FC
E09 FF 61056 083800  780 495 1577    +1752489   +165           5    +12   11   7  106  +10  106   -2  106   -2   6  0  0 L3E EF
E23 FF 61056 083800  780 129  499     +221477   +113           1   +100   29   9  355 +136  167  -45  167  -45  20  0  0 L3E 2F
E31 FF 61056 083800  780 609  715    +1126529    +34          -6     +8   12   9   92   +4   80   -2   80   -2   7  0  0 L3E 81
E03 FF 61056 085400  780 227 3111      -60297    +38         -12    +14   21  11  209  -46  108   +1  108    1  12  0  0 L3E CF
E05 FF 61056 085400  780 682 2664      -55432     -9          -7    +20   14  11   87   -1   79  -11   79  -11   8  0  0 L3E AF
E06 FF 61056 085400  780 200 1499    +2201262    +20           3    -30   21  11  234  +66  254  +70  254   70  12  0  0 L3E F7
E09 FF 61056 085400  780 431 1595    +1752630   +143           0     -9   13   7  118  +14  118  +24  118   24   7  0  0 L3E EF
E25 FF 61056 085400  780 136 2232     -218501    +18         -14    +19   33  11  342 -133  260  -66  260  -66  22  0  0 L3E 35
E31 FF 61056 085400  780 561  661    +1126553    +53          -7    +27   18   9   97   +6   84   -8   84   -8  10  0  0 L3E B7
E03 FF 61056 091000  780 277 3104      -60258    +36           5    +13   24  13  173  -30  104   -2  104   -2  14  0  0 L3E B7
E05 FF 61056 091000  780 688 2499      -55463    -12         -12    +17   12  13   87   +0   83   -5   83   -5   7  0  0 L3E AC
E06 FF 61056 091000  780 143 1518    +2201305    +89          -2    +39   20  13  322 +124  309  +40  309   40  13  0  0 L3E 15
E09 FF 61056 091000  780 368 1613    +1752787   +158          10     +5   19   7  135  +20  132  +16  132   16  11  0  0 L3E 0D
E25 FF 61056 091000  780 189 2260     -218501     +1         -13     +2   24  13  249  -70  204  -38  204  -38  14  0  0 L3E F9
E31 FF 61056 091000  780 509  631    +1126563    +39         -21    +13   15   9  104   +8  101   +2  101    2   8  0  0 L3E A7
E03 FF 61056 092600  780 327 3086      -60243    +34          -3    +11   22  14  150  -20  114   -5  114   -5  14  0  0 L3E C5
E05 FF 61056 092600  780 670 2341      -55492    -50         -15    -21   16  14   88   +2   90  +21   90   21   9  0  0 L3E B3
E09 FF 61056 092600  780 305 1629    +1752937   +151           3     -2   11  14  158  +30  144  +17  144   17   7  0  0 L3E 02
E25 FF 61056 092600  780 243 2291     -218491     -5          -4     -4   28  14  196  -42  169  -15  169  -15  17  0  0 L3E 0F
E31 FF 61056 092600  780 456  619    +1126597    +61         -13    +35   16   9  113  +11  103  -14  103  -14   9  0  0 L3E 01
E03 FF 61056 094200  780 373 3058      -60222    -11          -4    -35   19  16  133  -14  119  +24  119   24  11  0  0 L3E EC
E05 FF 61056 094200  780 634 2218      -55516    -31         -14     -2   14  16   90   +4   96   +9   96    9   7  0  0 L3E 8F
E09 FF 61056 094200  780 244 1644    +1753091   +166           8    +13   13  16  194  +47  159  +18  159   18   8  0  0 L3E 2D
E25 FF 61056 094200  780 297 2325     -218505    +10         -21    +11   19  16  163  -28  164  -18  164  -18  11  0  0 L3E 2B
E26 FF 61056 094200  780 102  267    -1928019   -155          -6    -46   34  16  443  -21  212  +33  212   33  21  0  0 L3E 19
E31 FF 61056 094200  780 402  619    +1126619     +6         -12    -20   19  16  125  +14  119  +35  119   35  11  0  0 L3E 00
E03 FF 61056 095800  780 416 3016      -60195    +35           0    +12   12  17  122  -10  122   -4  122   -4   8  0  0 L3E A9
E05 FF 61056 095800  780 585 2133      -55532    -14          -3    +15   16  17   95   +6  103   +2  103    2   9  0  0 L3E 9E
E09 FF 61056 095800  780 184 1656    +1753235   +154           6     +1   19  17  254  +81  190  +39  190   39  12  0  0 L3E 2B
E25 FF 61056 095800  780 351 2361     -218510     -9         -26     -8   22  17  140  -20  161   +4  161    4  14  0  0 L3E CE
E26 FF 61056 095800  780 102  216    -1928118   -128           2    -18   24  17  440  +15  212   +1  212    1  16  0  0 L3E E0
E31 FF 61056 095800  780 349  628    +1126661    +49           6    +23   15  17  141  +19  136  +17  136   17   9  0  0 L3E 01
E33 FF 61056 095800  780 112  692      +17131    +25          -2    +14   34  17  408 -127  251   -4  251   -4  23  0  0 L3E D9
E03 FF 61056 101400  780 451 2960      -60177    +54          -4    +31   17  19  114   -6  126  -20  126  -20  10  0  0 L3E DC
E05 FF 61056 101400  780 528 2077      -55562    -25          -6     +4   10  18  101   +8  123  +19  123   19   6  0  0 L3E BA
E09 FF 61056 101400  780 125 1666    +1753385   +152           8     -1   21  19  366 +166  230  +62  230   62  12  0  0 L3E 20
E25 FF 61056 101400  780 406 2400     -218488    +17          -5    +18   21  19  124  -14  148   -9  148   -9  12  0  0 L3E F7
E31 FF 61056 101400  780 297  643    +1126693    +24          12     -2   18  19  162  +26  155  +21  155   21  11  0  0 L3E F1
E33 FF 61056 101400  780 144  645      +17136    +65          -5    +54   34  19  320  -65  256  -55  256  -55  20  0  0 L3E FB
E03 FF 61056 103000  780 477 2888      -60158    +24          -5     +1   19  21  109   -4  126   -2  126   -2  11  0  0 L3E B3
E05 FF 61056 103000  780 468 2040      -55590    -43          -7    -15   14  18  111  +12  146  +36  146   36   9  0  0 L3E E2
E25 FF 61056 103000  780 460 2442     -218494    +14         -11    +15   17  21  112  -11  144  -20  144  -20  10  0  0 L3E FF
E31 FF 61056 103000  780 246  664    +1126717     +3          11    -22   21  21  193  +38  185  +41  185   41  13  0  0 L3E ED
E33 FF 61056 103000  780 171  593      +17155    +27           0    +16   23  21  273  -36  244  -19  244  -19  14  0  0 L3E DF
E03 FF 61056 104600  780 491 2804      -60150    +40         -20    +16   18  22  107   -1  136   -8  136   -8  11  0  0 L3E CC
E05 FF 61056 104600  780 406 2014      -55608    -25           2     +3   14  18  124  +16  166  +24  166   24   9  0  0 L3E C1
E08 FF 61056 104600  780 133 3251     +744257    +85           8    +17   21  19  348 -120  196  -18  196  -18  14  0  0 L3E 33
E25 FF 61056 104600  780 515 2486     -218490    +11          -8    +12   16  22  103   -8  132  -13  132  -13   9  0  0 L3E E7
E31 FF 61056 104600  780 196  688    +1126730    +17           0     -9   19  22  238  +58  230  +58  230   58  12  0  0 L3E F8
E33 FF 61056 104600  780 189  539      +17171     +2           6     -9   25  22  247  -19  228  -25  228  -25  15  0  0 L3E D4
E03 FF 61056 110200  780 491 2715      -60113    +23          -6     +0   17  24  107   +1  129   +2  129    2  10  0  0 L3E 8A
E05 FF 61056 110200  780 343 1996      -55636     -3          -2    +25   14  24  143  +24  187   +2  187    2   8  0  0 L3E B4
E08 FF 61056 110200  780 177 3229     +744314     +3           0    -65   22  19  263  -63  199  +29  199   29  13  0  0 L3E 03
E12 FF 61056 110200  780 167 1030     +191399    +23          -8     -4   19  22  279  -79  279  -28  279  -28  13  0  0 L3E 23
E25 FF 61056 110200  780 570 2534     -218496     -7         -14     -7   16  24   96   -6  128   -4  128   -4   9  0  0 L3E C0
E31 FF 61056 110200  780 148  716    +1126752    +57          -3    +31   25  24  311  +98  279  +38  279   38  17  0  0 L3E 1D
E33 FF 61056 110200  780 199  482      +17178     +3           2     -8   23  24  235   -6  212  -27  212  -27  15  0  0 L3E AD
E03 FF 61056 111800  780 477 2626      -60091     -2          -6    -26   15  25  109   +4  131  +16  131   16   9  0  0 L3E BC
E05 FF 61056 111800  780 281 1983      -55668     +3          -7    +32   19  25  171  +35  210   -2  210   -2  11  0  0 L3E C6
E08 FF 61056 111800  780 218 3199     +744372    +56         -13    -13   24  25  216  -38  193   -1  193   -1  15  0  0 L3E 12
E10 FF 61056 111800  780 137 1215    +7649817    -21           3    -47   43  25  339 -131  286  +53  286   53  27  0  0 L3E 39
E12 FF 61056 111800  780 213  988     +191419    +22         -15     -5   19  22  221  -45  248  -42  248  -42  11  0  0 L3E 08
E25 FF 61056 111800  780 624 2587     -218489    -31          -7    -31   17  25   91   -5  114   +4  114    4  10  0  0 L3E C8
E33 FF 61056 111800  780 200  426      +17171    +28         -14    +17   21  25  234   +5  219   -8  219   -8  14  0  0 L3E C5
E02 FF 61056 113400  780 143 2593     -107930     +7         -10    +35   23  27  325 -105  261  -69  261  -69  14  0  0 L3E 2A
E03 FF 61056 113400  780 451 2546      -60077    +32         -15     +8   11  27  114   +7  136   +3  136    3   7  0  0 L3E A3
E05 FF 61056 113400  780 220 1971      -55698    -71          -9    -43   18  25  214  +57  242  +70  242   70  11  0  0 L3E 00
E08 FF 61056 113400  780 254 3160     +744451    +63          -3     -6   21  27  188  -23  177   -7  177   -7  12  0  0 L3E EF
E10 FF 61056 113400  780 190 1183    +7649837    +32           1     +5   29  27  247  -68  260  -59  260  -59  17  0  0 L3E 29
E12 FF 61056 113400  780 256  940     +191444     +5         -17    -23   20  22  187  -28  215  -28  215  -28  13  0  0 L3E 04
E25 FF 61056 113400  780 679 2647     -218498     -1         -15     +0   14  27   87   -3  110   -7  110   -7   8  0  0 L3E B9
E33 FF 61056 113400  780 191  372      +17175    +43         -17    +33   27  27  244  +17  219  -36  219  -36  18  0  0 L3E 10
E02 FF 61056 115000  780 190 2630     -107951    -53          -3    -24   19  29  247  -61  216  -12  216  -12  11  0  0 L3E 0A
E03 FF 61056 115000  780 414 2478      -60053    +25         -13     +2   17  29  122  +10  143  +12  143   12  10  0  0 L3E CF
E05 FF 61056 115000  780 160 1961      -55728    -58         -12    -30   19  25  289 +104  291  +71  291   71  12  0  0 L3E 26
E08 FF 61056 115000  780 283 3112     +744525    +72           6     +3   18  29  170  -14  159   -8  159   -8  11  0  0 L3E DF
E10 FF 61056 115000  780 242 1147    +7649860    +23          -1     -3   25  29  197  -41  224  -32  224  -32  16  0  0 L3E 14
E12 FF 61056 115000  780 293  886     +191462    +16         -21    -11   20  29  165  -18  195  -19  195  -19  11  0  0 L3E 24
E25 FF 61056 115000  780 732 2719     -218499    +11         -15    +11   14  29   84   -2  108   -5  108   -5   8  0  0 L3E D7
E33 FF 61056 115000  780 173  321      +17201     +9           0     -1   29  29  268  +33  209  +12  209   12  17  0  0 L3E A2
E02 FF 61056 120600  780 237 2667     -107977    -28          -2     +0   23  30  200  -39  188  -40  188  -40  14  0  0 L3E 0B
E03 FF 61056 120600  780 370 2421      -60025    +26          -8     +3   17  30  134  +15  152  +17  152   17  10  0  0 L3E C5
E05 FF 61056 120600  780 102 1950      -55748    -29          -5     -1   27  25  442 +236  339  +60  339   60  18  0  0 L3E 06
E08 FF 61056 120600  780 304 3057     +744584   +105          -1    +36   20  30  159   -8  158  -29  158  -29  12  0  0 L3E 23
E10 FF 61056 120600  780 292 1104    +7649877     +3         -10    -23   22  30  165  -26  203  -18  203  -18  13  0  0 L3E 1E
E11 FF 61056 120600  780 175 1375   -36166723  -1737          -3    -39   33  25  267  -87  272  -28  272  -28  20  0  0 L3E 83
E12 FF 61056 120600  780 323  825     +191492    +33         -16     +6   30  30  151  -11  170  -23  170  -23  18  0  0 L3E ED
E25 FF 61056 120600  780 785 2821     -218501     -4         -16     -4   12  30   82   -2  107   -3  107   -3   7  0  0 L3E A1
E33 FF 61056 120600  780 148  276      +17181    -51         -29    -61   27  30  311  +60  236  +45  236   45  16  0  0 L3E F9
E02 FF 61056 122200  780 285 2705     -107997    -22           4     +7   19  31  169  -27  163  -29  163  -29  12  0  0 L3E 0C
E03 FF 61056 122200  780 320 2374      -60009     +5         -15    -18   19  32  152  +22  176  +27  176   27  11  0  0 L3E EB
E08 FF 61056 122200  780 315 2995     +744648    +71          -6     +2   18  32  154   -3  153  -14  153  -14  10  0  0 L3E F5
E10 FF 61056 122200  780 338 1054    +7649905     +5          -7    -22   22  31  145  -17  173  -12  173  -12  15  0  0 L3E 11
E11 FF 61056 122200  780 233 1349   -36168361  -1723          -2    -25   30  32  204  -49  239  -10  239  -10  19  0  0 L3E 5E
E12 FF 61056 122200  780 343  758     +191501    +41         -30    +15   20  32  143   -6  166  -19  166  -19  12  0  0 L3E F8
E25 FF 61056 122200  780 835 3018     -218496    +15         -10    +16    9  31   81   -1  102  -14  102  -14   6  0  0 L3E D0
E33 FF 61056 122200  780 115  238      +17205    +61         -15    +51   24  32  393 +117  223  -30  223  -30  15  0  0 L3E F9
E02 FF 61056 123800  780 335 2742     -108031    -20          -2     +8   21  31  146  -20  153   -7  153   -7  13  0  0 L3E CA
E03 FF 61056 123800  780 268 2335      -59994    -13         -22    -36   27  33  178  +34  203  +41  203   41  17  0  0 L3E 15
E08 FF 61056 123800  780 315 2930     +744715   +115          -5    +46   16  33  154   +2  152  -28  152  -28   9  0  0 L3E 0E
E10 FF 61056 123800  780 378  995    +7649935    +42          -2    +16   17  31  132  -11  148  -24  148  -24  10  0  0 L3E 28
E11 FF 61056 123800  780 290 1319   -36169986  -1726           4    -28   22  33  166  -31  203  -20  203  -20  14  0  0 L3E 59
E12 FF 61056 123800  780 353  688     +191522    +53         -34    +26   22  33  140   -2  162  -28  162  -28  14  0  0 L3E 04
E25 FF 61056 123800  780 864   41     -218490     -5          -3     -4   14  33   81   +0   96   +4   96    4   8  0  0 L3E 52
E02 FF 61056 125400  780 385 2778     -108066    -41         -10    -13   19  31  130  -15  142   -2  142   -2  11  0  0 L3E F2
E03 FF 61056 125400  780 214 2302      -59957    +53          -7    +30   30  33  219  +54  223  +20  223   20  17  0  0 L3E E6
E07 FF 61056 125400  780 103 3356     +392034    +53           5    +30   29  35  441 -131  229  -16  229  -16  18  0  0 L3E 1D
E08 FF 61056 125400  780 306 2866     +744784   +102           0    +33   19  35  158   +7  149  -11  149  -11  12  0  0 L3E 14
E10 FF 61056 125400  780 409  925    +7649955    +10          -7    -16   21  31  123   -7  132   -1  132   -1  12  0  0 L3E D8
E11 FF 61056 125400  780 347 1283   -36171620  -1650          -2    +48   22  35  142  -21  174  -61  174  -61  13  0  0 L3E 5D
E12 FF 61056 125400  780 351  619     +191569    +44         -11    +18   29  35  140   +3  143   -4  143   -4  17  0  0 L3E DE
E25 FF 61056 125400  780 833  641     -218488     -7           0     -6    9  35   81   +1   94   +2   94    2   5  0  0 L3E 49
E02 FF 61056 131000  780 436 2812     -108099     -7         -15    +22   16  31  117  -12  127  -22  127  -22   9  0  0 L3E F8
E03 FF 61056 131000  780 160 2273      -59940    +11         -13    -13   18  33  289  +96  248  +25  248   25  10  0  0 L3E 0C
E07 FF 61056 131000  780 131 3316     +392040    +13         -10    -10   25  37  350  -66  233   -4  233   -4  15  0  0 L3E E6
E08 FF 61056 131000  780 286 2803     +744847   +116          -4    +47   18  37  168  +13  157  -30  157  -30  11  0  0 L3E 34
E10 FF 61056 131000  780 430  848    +7649974    +38         -14    +12   15  31  118   -3  131  -10  131  -10   8  0  0 L3E F8
E11 FF 61056 131000  780 400 1238   -36173253  -1725          -6    -26   18  37  126  -14  151   +1  151    1  10  0  0 L3E 18
E12 FF 61056 131000  780 338  553     +191598    -10          -6    -36   13  37  145   +7  137  +14  137   14   8  0  0 L3E D9
E25 FF 61056 131000  780 783  831     -218496    +19          -7    +19   12  37   82   +2   97  -14   97  -14   7  0  0 L3E C8
E02 FF 61056 132600  780 488 2844     -108132    -35         -17     -6   16  38  107   -9  116   -2  116   -2  10  0  0 L3E E2
E03 FF 61056 132600  780 106 2247      -59916    +36         -13    +13   22  38  426 +206  285  +46  285   46  14  0  0 L3E 2A
E07 FF 61056 132600  780 152 3270     +392079    +20           7     -3   25  38  304  -34  215   -8  215   -8  15  0  0 L3E D7
E08 FF 61056 132600  780 258 2746     +744907    +49          -9    -20   24  38  185  +22  169  +31  169   31  15  0  0 L3E 2A
E10 FF 61056 132600  780 439  766    +7650000    -15         -14    -41   19  38  116   +0  125  +19  125   19  11  0  0 L3E 03
E11 FF 61056 132600  780 449 1181   -36174882  -1714          -5    -15   16  38  114  -10  140   -9  140   -9  10  0  0 L3E 40
E12 FF 61056 132600  780 315  495     +191616     +7         -15    -19   22  38  154  +13  139  +15  139   15  13  0  0 L3E FC
E25 FF 61056 132600  780 730  930     -218503     +4         -12     +5   11  38   84   +3  101   -4  101   -4   6  0  0 L3E 81
E36 FF 61056 132600  780 172 1674    +5098721    +45          -4    -10   18  38  273  -96  252  -54  252  -54  12  0  0 L3E 42
E02 FF 61056 134200  780 542 2872     -108148    -23          -5     +6   12  40  100   -7  100  -17  100  -17   7  0  0 L3E C7
E07 FF 61056 134200  780 165 3221     +392097    +18           3     -5   20  38  280  -15  209   -4  209   -4  12  0  0 L3E D2
E08 FF 61056 134200  780 223 2694     +744989    +49           6    -20   18  38  212  +35  174  +28  174   28  11  0  0 L3E 1A
E10 FF 61056 134200  780 434  686    +7650024    +12         -14    -14   20  40  117   +3  117   +1  117    1  12  0  0 L3E C4
E11 FF 61056 134200  780 491 1109   -36176511  -1709          -4    -11   17  40  107   -6  125   -5  125   -5   9  0  0 L3E 18
E12 FF 61056 134200  780 283  447     +191647    +23          -7     -3   15  40  169  +20  133   -1  133   -1   9  0  0 L3E B4
E25 FF 61056 134200  780 675 1002     -218498    -37          -7    -36   12  40   87   +4   97  +17   97   17   7  0  0 L3E D1
E36 FF 61056 134200  780 234 1668    +5098777    +23           2    -31   17  40  204  -53  198  -24  198  -24  10  0  0 L3E 32
E02 FF 61056 135800  780 597 2895     -108185    -14         -14    +14   12  41   94   -6  101  -12  101  -12   7  0  0 L3E F1
E07 FF 61056 135800  780 170 3168     +392094    -35         -22    -58   31  38  273   -1  221  +29  221   29  20  0  0 L3E 14
E08 FF 61056 135800  780 182 2647     +745055    +53           6    -16   30  38  255  +58  203  +42  203   42  19  0  0 L3E 0C
E10 FF 61056 135800  780 416  612    +7650051    +43         -13    +17   16  41  121   +6  112  -10  112  -10   9  0  0 L3E E3
E11 FF 61056 135800  780 521 1022   -36178153  -1693         -15     +5   11  40  102   -4  115   -7  115   -7   6  0  0 L3E 0E
E12 FF 61056 135800  780 245  408     +191662     -4         -18    -29   21  41  194  +31  150  +25  150   25  12  0  0 L3E F1
E25 FF 61056 135800  780 620 1060     -218497    -31          -6    -31   16  40   91   +5   93  +20   93   20   9  0  0 L3E B3
E36 FF 61056 135800  780 297 1662    +5098820    +46          -7     -9   20  41  163  -33  176  -13  176  -13  13  0  0 L3E 31
E02 FF 61056 141400  780 653 2909     -108210    -27         -10     +2   12  43   89   -4   94   -6   94   -6   7  0  0 L3E A1
E07 FF 61056 141400  780 166 3114     +392128    -23         -11    -46   21  38  279  +14  212  +26  212   26  13  0  0 L3E 12
E08 FF 61056 141400  780 139 2606     +745117    +89           2    +20   23  38  331 +106  240  +22  240   22  14  0  0 L3E FF
E10 FF 61056 141400  780 388  550    +7650073    +46         -15    +20   13  43  129  +10  115  -11  115  -11   8  0  0 L3E 01
E11 FF 61056 141400  780 538  922   -36179767  -1671           1    +27   13  40  100   -1  100  -18  100  -18   8  0  0 L3E 18
E12 FF 61056 141400  780 201  379     +191682    -26         -22    -52   20  43  232  +51  156  +37  156   37  12  0  0 L3E 04
E25 FF 61056 141400  780 565 1112     -218500    +13          -9    +13   14  40   97   +6   98   -7   98   -7   8  0  0 L3E A9
E30 FF 61056 141400  780 127 2909    +6330684   +376          -4    -30   24  43  364 -135  242  -22  242  -22  16  0  0 L3E 4F
E36 FF 61056 141400  780 362 1654    +5098872    +67          -7    +13   21  43  137  -22  152  -28  152  -28  12  0  0 L3E 38
E02 FF 61056 143000  780 709 2905     -108237    -28          -8     +1    9  44   86   -3   86   -6   86   -6   5  0  0 L3E 90
E07 FF 61056 143000  780 153 3061     +392162    +68           1    +45   27  45  300  +32  213  -12  213  -12  16  0  0 L3E F0
E10 FF 61056 143000  780 351  500    +7650095     -5         -16    -31   18  44  140  +14  118  +13  118   13  10  0  0 L3E ED
E11 FF 61056 143000  780 539  819   -36181395  -1697           3     +1   17  40  100   +1   97   -4   97   -4  10  0  0 L3E E3
E12 FF 61056 143000  780 155  359     +191700    +47         -28    +21   21  45  298  +91  166  -15  166  -15  14  0  0 L3E 1E
E25 FF 61056 143000  780 510 1159     -218496    -21          -5    -21   16  40  104   +8  105  +20  105   20   9  0  0 L3E CF
E30 FF 61056 143000  780 175 2935    +6331083   +355           3    -51   25  44  267  -74  202  -14  202  -14  15  0  0 L3E 2A
E36 FF 61056 143000  780 427 1641    +5098924    +78          -6    +24   16  45  119  -15  130  -28  130  -28  10  0  0 L3E 33
E02 FF 61056 144600  780 765 2864     -108271    -29         -15     +0   11  44   83   -2   83   -7   83   -7   6  0  0 L3E AB
E07 FF 61056 144600  780 133 3010     +392182    -29          -1    -52   29  46  343  +60  236  +52  236   52  18  0  0 L3E 0D
E10 FF 61056 144600  780 308  463    +7650116    +47         -19    +21   19  44  157  +21  121   -8  121   -8  12  0  0 L3E 00
E11 FF 61056 144600  780 524  723   -36183032  -1697          -4     +1   15  40  102   +3   97   -6   97   -6   9  0  0 L3E E0
E12 FF 61056 144600  780 106  347     +191714    +22         -40     -4   28  46  427 +194  150  -65  150  -65  17  0  0 L3E 1E
E25 FF 61056 144600  780 454 1202     -218498    -19          -6    -19   16  40  113  +11  111  +17  111   17   9  0  0 L3E F3
E30 FF 61056 144600  780 225 2957    +6331454   +428         -16    +22   26  44  211  -46  178  -49  178  -49  17  0  0 L3E 70
E36 FF 61056 144600  780 492 1622    +5098980    +23          -2    -31   15  46  107  -11  110   +3  110    3   9  0  0 L3E DF
E02 FF 61056 150200  780 816 2713     -108284    -17           2    +12   10  48   82   -1   71  -10   71  -10   6  0  0 L3E 9C
E07 FF 61056 150200  780 106 2962     +392198    +17          -8     -7   24  48  425 +116  259  +26  259   26  15  0  0 L3E 27
E10 FF 61056 150200  780 261  438    +7650151    +34          -8     +8   20  48  183  +32  113   -8  113   -8  12  0  0 L3E D6
E11 FF 61056 150200  780 495  644   -36184669  -1713         -11    -14   17  48  106   +6   97   +4   97    4  10  0  0 L3E 12
E25 FF 61056 150200  780 399 1242     -218501     +5          -5     +5   18  48  126  +15  121   +9  121    9  11  0  0 L3E B9
E30 FF 61056 150200  780 276 2976    +6331849   +370         -11    -36   27  44  174  -31  142   -5  142   -5  16  0  0 L3E 36
E34 FF 61056 150200  780 131 1966    +2300657    +40         -10    +16   23  47  355 -159  243  -96  243  -96  18  0  0 L3E 5D
E36 FF 61056 150200  780 556 1591    +5099033    +66          -1    +12   17  47   98   -8   98  -19   98  -19   9  0  0 L3E 04
E02 FF 61056 151800  780 841 2260     -108310    -30           5     -1   10  49   81   +0   69   +2   69    2   6  0  0 L3E 60
E10 FF 61056 151800  780 211  423    +7650172     -4         -11    -30   18  49  222  +52  100   +0  100    0  11  0  0 L3E B7
E11 FF 61056 151800  780 457  583   -36186290  -1702          -1     -4   18  49  113   +8   89   +4   89    4  10  0  0 L3E F1
E25 FF 61056 151800  780 344 1279     -218506    -43          -9    -42   14  49  143  +21  138  +33  138   33   8  0  0 L3E 09
E30 FF 61056 151800  780 328 2989    +6332230   +385         -20    -21   21  44  149  -22  130   -3  130   -3  13  0  0 L3E 1F
E34 FF 61056 151800  780 190 1981    +2300692     +7           3    -16   21  49  248  -77  169  -27  169  -27  14  0  0 L3E 2D
E36 FF 61056 151800  780 617 1540    +5099094    +41           8    -13   12  47   92   -5   83   -5   83   -5   7  0  0 L3E BA
E02 FF 61056 153400  780 811 1834     -108354    -56         -12    -27   11  51   82   +1   78  +13   78   13   6  0  0 L3E C4
E10 FF 61056 153400  780 160  416    +7650189    +30         -17     +4   26  51  289  +91   67  -41   67  -41  16  0  0 L3E 02
E11 FF 61056 153400  780 412  540   -36187931  -1705         -11     -7   15  51  122  +12   89  -14   89  -14   9  0  0 L3E 23
E25 FF 61056 153400  780 289 1314     -218503    +28          -8    +28   20  50  166  +30  146   -8  146   -8  11  0  0 L3E F9
E30 FF 61056 153400  780 381 2996    +6332624   +384         -11    -22   17  51  131  -16  114   +4  114    4  11  0  0 L3E 13
E34 FF 61056 153400  780 250 1998    +2300717    +28           6     +5   21  51  191  -45  143  -14  143  -14  13  0  0 L3E 08
E36 FF 61056 153400  780 672 1454    +5099135    +41          -2    -13   10  47   88   -3   82   -1   82   -1   6  0  0 L3E B6
E02 FF 61056 155000  780 756 1694     -108375    -51          -6    -22    9  53   83   +2   76  +13   76   13   5  0  0 L3E B0
E10 FF 61056 155000  780 109  416    +7650239   +108           8    +82   31  53  417 +191   30  -44   30  -44  19  0  0 L3E 0B
E11 FF 61056 155000  780 362  513   -36189567  -1708         -18    -11   17  53  136  +17   79   +0   79    0   9  0  0 L3E 14
E25 FF 61056 155000  780 234 1346     -218505     -1         -10     +0   25  53  202  +46  151   -1  151   -1  14  0  0 L3E BF
E30 FF 61056 155000  780 434 2993    +6333005   +406         -17     +0   14  53  118  -12  103  -17  103  -17   8  0  0 L3E 1B
E34 FF 61056 155000  780 312 2018    +2300725    +29          -7     +5   23  53  156  -29  135  -24  135  -24  13  0  0 L3E 0E
E36 FF 61056 155000  780 713 1313    +5099188    +31          -4    -23   16  53   85   -2   78   +6   78    6   9  0  0 L3E BB
E02 FF 61056 160600  780 694 1650     -108402    -52          -6    -23   14  54   86   +4   80  +20   80   20   8  0  0 L3E AB
E11 FF 61056 160600  780 311  498   -36191186  -1707          -9     -9   21  54  156  +24   61   -6   61   -6  12  0  0 L3E 07
E25 FF 61056 160600  780 180 1375     -218506    -30         -10    -30   28  54  259  +77  165  +47  165   47  17  0  0 L3E 31
E30 FF 61056 160600  780 487 2979    +6333391   +394         -22    -12   16  54  108   -9   96   +1   96    1   9  0  0 L3E FA
E34 FF 61056 160600  780 375 2040    +2300745    -30         -10    -53   19  53  133  -20  127  +20  127   20  12  0  0 L3E 10
E36 FF 61056 160600  780 732 1113    +5099226    +77         -17    +24   15  54   84   +0   77  -19   77  -19   8  0  0 L3E 01
E02 FF 61056 162200  780 630 1638     -108436    -34         -14     -5   14  56   91   +5   87   +6   87    6   8  0  0 L3E A0
E11 FF 61056 162200  780 258  493   -36192825  -1704         -20     -6   22  56  184  +36   57   +3   57    3  13  0  0 L3E 0B
E25 FF 61056 162200  780 126 1401     -218523    -19         -26    -18   69  56  364 +152  199  +58  199   58  45  0  0 L3E 59
E30 FF 61056 162200  780 537 2947    +6333778   +428         -25    +22   13  54  100   -7   87  -22   87  -22   7  0  0 L3E 1E
E34 FF 61056 162200  780 438 2065    +2300773    +58          -4    +34   18  53  117  -14  108  -43  108  -43  11  0  0 L3E 28
E36 FF 61056 162200  780 722  907    +5099268    +66         -28    +12   11  56   85   +1   76  -13   76  -13   6  0  0 L3E EB
E02 FF 61056 163800  780 566 1640     -108464    -40         -14    -11   11  57   97   +7   91  +10   91   10   6  0  0 L3E C3
E11 FF 61056 163800  780 206  496   -36194459  -1652         -25    +45   17  57  228  +56   56  -31   56  -31  10  0  0 L3E 5D
E27 FF 61056 163800  780 117 3123    +8816295   +182          25    +78   19  54  393 -167   67  -67   67  -67  13  0  0 L3E 6B
E30 FF 61056 163800  780 584 2893    +6334177   +399         -15     -7   14  54   95   -5   69  -10   69  -10   8  0  0 L3E 13
E34 FF 61056 163800  780 502 2092    +2300790    +32          -9     +9   18  53  105  -10   93  -28   93  -28  12  0  0 L3E FB
E36 FF 61056 163800  780 689  755    +5099346    +55           0     +1   12  57   87   +3   52  -12   52  -12   7  0  0 L3E BA
E02 FF 61056 165400  780 501 1648     -108491    +15         -14    +44   16  59  105  +10   89  -34   89  -34   9  0  0 L3E 05
E11 FF 61056 165400  780 154  506   -36196083  -1721         -20    -24   22  58  300  +99   55  +15   55   15  13  0  0 L3E 38
E27 FF 61056 165400  780 168 3127    +8816374   +126           4    +22   21  54  279  -84   55  -48   55  -48  14  0  0 L3E 34
E30 FF 61056 165400  780 623 2808    +6334567   +370         -15    -36   13  54   91   -3   56   +8   56    8   7  0  0 L3E E0
E34 FF 61056 165400  780 565 2121    +2300822    +36          -1    +12   18  59   97   -7   68  -35   68  -35  11  0  0 L3E F2
E36 FF 61056 165400  780 642  666    +5099379    +43         -18    -10   14  59   90   +4   50   -5   50   -5   8  0  0 L3E C9
E02 FF 61056 171000  780 437 1658     -108510    +19          -5    +48   17  61  117  +14   84  -35   84  -35  10  0  0 L3E F8
E11 FF 61056 171000  780 103  521   -36197696  -1626          -4    +71   44  58  440 +208   50  -18   50  -18  29  0  0 L3E 4C
E15 FF 61056 171000  780 122 2271    +2288962    -21          -2    -50   14  61  378 -160  213  -39  213  -39   9  0  0 L3E 30
E27 FF 61056 171000  780 218 3124    +8816463   +174         -10    +69   18  61  217  -49   44  -49   44  -49  11  0  0 L3E 45
E30 FF 61056 171000  780 648 2691    +6334969   +397          -3     -9   12  61   89   -1   41   +0   41    0   7  0  0 L3E B2
E34 FF 61056 171000  780 629 2153    +2300841    +36          -5    +12   18  60   91   -5   50  -26   50  -26  11  0  0 L3E D4
E36 FF 61056 171000  780 588  619    +5099428    +49         -21     -5   13  60   94   +6   40  -10   40  -10   7  0  0 L3E CA
E02 FF 61056 172600  780 373 1669     -108545    -20         -12     +9   14  62  133  +20   86   -8   86   -8   9  0  0 L3E D2
E15 FF 61056 172600  780 175 2304    +2288974    +13         -18    -16   24  62  268  -80  148  -67  148  -67  14  0  0 L3E 64
E27 FF 61056 172600  780 268 3113    +8816579   +120           7    +16   16  62  179  -31   26  -17   26  -17   9  0  0 L3E 19
E30 FF 61056 172600  780 655 2549    +6335355   +427          -6    +21   14  62   89   +0   40  -16   40  -16   8  0  0 L3E F0
E34 FF 61056 172600  780 693 2188    +2300865    +24          -3     +0   12  60   86   -4   35  -12   35  -12   7  0  0 L3E C0
E36 FF 61056 172600  780 533  599    +5099475    +57         -25     +3   15  60  101   +8   37  -10   37  -10   9  0  0 L3E E6
E02 FF 61056 174200  780 310 1680     -108564    -37          -3     -8   14  64  156  +29   83  +12   83   12   8  0  0 L3E CA
E15 FF 61056 174200  780 227 2339    +2289033    +82          16    +54   27  64  209  -47   78  -65   78  -65  16  0  0 L3E 37
E27 FF 61056 174200  780 315 3093    +8816669   +116          -5    +12   20  64  154  -21   28   -8   28   -8  12  0  0 L3E 06
E30 FF 61056 174200  780 641 2408    +6335745   +411          -5     +6   15  64   90   +2   38   +2   38    2   8  0  0 L3E A3
E34 FF 61056 174200  780 756 2226    +2300874     -4         -17    -27   14  60   83   -2   32   +8   32    8   8  0  0 L3E AA
E36 FF 61056 174200  780 477  596    +5099540    +64         -12    +10   13  60  109  +10   28   -3   28   -3   8  0  0 L3E DB
E02 FF 61056 175800  780 249 1691     -108599    +21         -10    +50   16  65  191  +45   95  -21   95  -21  10  0  0 L3E 14
E06 FF 61056 175800  780 114  515    +2202862    +60           3    +11   32  65  399  -69   40  -13   40  -13  22  0  0 L3E E3
E15 FF 61056 175800  780 280 2378    +2289050     +1           7    -27   23  65  172  -31   66   +4   66    4  14  0  0 L3E C8
E27 FF 61056 175800  780 360 3061    +8816763    +92         -11    -12   19  65  137  -15   28   +9   28    9  12  0  0 L3E 05
E30 FF 61056 175800  780 609 2292    +6336133   +395          -7    -10   13  65   92   +4   40  +10   40   10   7  0  0 L3E D3
E34 FF 61056 175800  780 819 2274    +2300904    +10          -9    -13   13  60   82   -1   21   +1   21    1   7  0  0 L3E 8F
E36 FF 61056 175800  780 422  604    +5099603    +40          -1    -14   12  60  120  +13   24  +10   24   10   7  0  0 L3E BB
E02 FF 61056 181400  780 188 1699     -108626    -99          -9    -70   20  67  248  +77  100  +55  100   55  12  0  0 L3E 27
E06 FF 61056 181400  780 131  465    +2202924    +44          15     -5   30  67  351  -34   36   +4   36    4  20  0  0 L3E AD
E09 FF 61056 181400  780 134  704    +1757767   +135          -6    -17   40  67  344  -81   60   +1   60    1  24  0  0 L3E E0
E15 FF 61056 181400  780 333 2419    +2289081    +14          11    -14   16  67  147  -21   51   -5   51   -5  10  0  0 L3E E1
E27 FF 61056 181400  780 400 3017    +8816879   +107           5     +2   14  66  126  -10   22   +0   22    0   8  0  0 L3E AE
E30 FF 61056 181400  780 564 2205    +6336531   +389           2    -17   19  66   97   +6   39  +21   39   21  11  0  0 L3E ED
E34 FF 61056 181400  780 880 2394    +2300934    +21           1     -2   11  67   81   +0   14   -1   14   -1   7  0  0 L3E 7B
E36 FF 61056 181400  780 368  620    +5099645    +38         -10    -16   20  67  134  +17   33  +16   33   16  11  0  0 L3E 00
E02 FF 61056 183000  780 130 1706     -108648    -24          -2     +5   26  69  354 +155   96   -4   96   -4  16  0  0 L3E E0
E06 FF 61056 183000  780 139  413    +2202962    +67           6    +18   27  69  330  -11   45   -3   45   -3  16  0  0 L3E C7
E09 FF 61056 183000  780 163  655    +1757908   +200         -12    +47   28  67  286  -45   54  -35   54  -35  17  0  0 L3E 39
E15 FF 61056 183000  780 386 2463    +2289094    +29           0     +2   15  69  129  -16   48  -12   48  -12   9  0  0 L3E EE
E27 FF 61056 183000  780 432 2959    +8816964   +117         -10    +12   14  66  118   -6   30  -11   30  -11   8  0  0 L3E 0C
E30 FF 61056 183000  780 511 2144    +6336912   +431          -6    +26   17  66  104   +8   52   -3   52   -3  10  0  0 L3E D4
E34 FF 61056 183000  780 859  466    +2300948    +31          -6     +8   11  69   81   +1   28   -2   28   -2   6  0  0 L3E 97
E36 FF 61056 183000  780 315  642    +5099708    +65           2    +11   14  69  154  +23   31   -2   31   -2   8  0  0 L3E B2
E06 FF 61056 184600  780 139  361    +2203004    +50           2     +1   31  70  329   +9   55   +5   55    5  19  0  0 L3E 8A
E09 FF 61056 184600  780 185  602    +1758060   +155          -6     +2   23  67  253  -25   51   +5   51    5  13  0  0 L3E C9
E15 FF 61056 184600  780 439 2510    +2289106    +29         -14     +2   18  70  117  -12   46   -6   46   -6  11  0  0 L3E E8
E27 FF 61056 184600  780 455 2888    +8817077    +57           2    -47   11  66  113   -3   23  +34   23   34   7  0  0 L3E E9
E30 FF 61056 184600  780 453 2102    +6337309   +424           1    +19   12  66  113  +12   54   -3   54   -3   8  0  0 L3E CE
E34 FF 61056 184600  780 800  539    +2300960    -37         -15    -60   12  70   82   +2   35  +36   35   36   7  0  0 L3E CA
E36 FF 61056 184600  780 264  668    +5099754    +81          -4    +28   19  70  181  +33   43   -9   43   -9  11  0  0 L3E F6
E05 FF 61056 190200  780 157 1072      -56488     -9         -14    +20   35  72  296  -88  108  -16  108  -16  22  0  0 L3E 1C
E06 FF 61056 190200  780 131  311    +2203048    +96          -1    +47   22  72  348  +31   66  -16   66  -16  13  0  0 L3E ED
E09 FF 61056 190200  780 199  547    +1758214   +158           1     +6   31  67  236  -12   46   -6   46   -6  19  0  0 L3E E0
E15 FF 61056 190200  780 492 2560    +2289143     +7          -5    -20   17  72  107   -9   37  +14   37   14  10  0  0 L3E D8
E21 FF 61056 190200  780 117 3266    +7153569    +41          10    +17   18  69  391 -146   49  -12   49  -12  11  0  0 L3E 2B
E27 FF 61056 190200  780 465 2808    +8817176   +130          -1    +26   16  72  111   -1   27  -17   27  -17   9  0  0 L3E 03
E30 FF 61056 190200  780 393 2071    +6337690   +420          -7    +14   16  72  127  +17   67   +1   67    1  10  0  0 L3E E5
E34 FF 61056 190200  780 742  588    +2300987    +45          -9    +22   11  72   84   +2   31  -13   31  -13   6  0  0 L3E C0
E36 FF 61056 190200  780 214  698    +5099810   +118           0    +64   27  72  219  +49   50  -23   50  -23  17  0  0 L3E 0A
E05 FF 61056 191800  780 204 1032      -56527    -43         -25    -13   25  72  231  -50  105  -10  105  -10  16  0  0 L3E 00
E06 FF 61056 191800  780 115  264    +2203087    +35          -9    -14   27  73  394  +66   82  +24   82   24  18  0  0 L3E FC
E09 FF 61056 191800  780 204  491    +1758355   +161          -2     +8   22  73  230   -1   47   -8   47   -8  15  0  0 L3E CF
E15 FF 61056 191800  780 544 2615    +2289163    +31         -11     +3   17  72   99   -7   39   -6   39   -6  10  0  0 L3E D6
E21 FF 61056 191800  780 160 3242    +7153595    +27          13     +2   22  69  291  -74   36   +4   36    4  15  0  0 L3E D3
E27 FF 61056 191800  780 463 2723    +8817266   +121         -12    +16   14  73  112   +2   38   -6   38   -6   8  0  0 L3E F3
E30 FF 61056 191800  780 332 2049    +6338085   +415          -2    +10   20  73  147  +25   72   +2   72    2  11  0  0 L3E DC
E34 FF 61056 191800  780 686  633    +2301002    +75         -16    +52   13  73   87   +3   37  -30   37  -30   8  0  0 L3E D7
E36 FF 61056 191800  780 166  730    +5099865    +31           3    -23   21  73  279  +78   61  +25   61   25  13  0  0 L3E F6
E05 FF 61056 193400  780 247  987      -56537    -10          -6    +20   20  72  193  -31   85  -20   85  -20  12  0  0 L3E DA
E09 FF 61056 193400  780 200  435    +1758486   +196         -18    +43   21  75  234   +9   57  -26   57  -26  13  0  0 L3E 25
E15 FF 61056 193400  780 597 2675    +2289188    +26         -12     -1   13  72   94   -5   33   -3   33   -3   8  0  0 L3E C8
E21 FF 61056 193400  780 199 3210    +7153607     +2           1    -23   24  69  236  -43   43   +7   43    7  15  0  0 L3E BC
E27 FF 61056 193400  780 447 2641    +8817370    +88          -8    -16   14  75  115   +5   39  +19   39   19   8  0  0 L3E 04
E30 FF 61056 193400  780 272 2031    +6338476   +379          -1    -27   19  75  176  +37   79  +16   79   16  11  0  0 L3E 31
E34 FF 61056 193400  780 631  678    +2301015    +78         -26    +55   14  75   91   +5   44  -26   44  -26   8  0  0 L3E E5
E36 FF 61056 193400  780 119  764    +5099921    +71           9    +18   70  75  381 +144   67   -6   67   -6  58  0  0 L3E 0A
E05 FF 61056 195000  780 285  936      -56575    -21         -16     +9   19  72  169  -20   80  -15   80  -15  12  0  0 L3E E7
E09 FF 61056 195000  780 188  383    +1758633   +172         -17    +19   21  75  248  +22   57  -14   57  -14  13  0  0 L3E 34
E13 FF 61056 195000  780 125 2637     +465877    -19          11    -26   18  77  368 -133   65   -1   65   -1  11  0  0 L3E 01
E15 FF 61056 195000  780 649 2743    +2289212     -5         -14    -33   20  72   89   -4   31  +17   31   17  12  0  0 L3E DD
E21 FF 61056 195000  780 232 3171    +7153642    -14           9    -40   23  77  204  -26   31  +27   31   27  14  0  0 L3E E6
E27 FF 61056 195000  780 420 2567    +8817478   +125           0    +20   17  75  121   +8   38   -9   38   -9  10  0  0 L3E EC
E30 FF 61056 195000  780 212 2016    +6338870   +395           4    -11   15  75  222  +60   83  +20   83   20   9  0  0 L3E EA
E34 FF 61056 195000  780 577  723    +2301041    +54         -22    +32   12  77   96   +6   43  -15   43  -15   7  0  0 L3E D2
E03 FF 61056 200600  780 164 1410      -59366    +38          -6    +15   42  78  285  -96  101  -25  101  -25  26  0  0 L3E 0A
E05 FF 61056 200600  780 317  878      -56594    -17          -9    +12   25  78  154  -13   63  -18   63  -18  16  0  0 L3E EE
E09 FF 61056 200600  780 167  336    +1758769   +152         -27     -1   22  75  278  +41   72  +10   72   10  13  0  0 L3E 02
E13 FF 61056 200600  780 171 2677     +465867    -23          -6    -30   22  78  273  -73   62   +0   62    0  14  0  0 L3E CB
E15 FF 61056 200600  780 701 2824    +2289235    +12         -18    -16   10  72   86   -3   31   +8   31    8   5  0  0 L3E AE
E21 FF 61056 200600  780 259 3123    +7153652    +36          -7    +11   19  78  185  -16   39  -11   39  -11  12  0  0 L3E 0B
E27 FF 61056 200600  780 383 2502    +8817576   +108          -3     +3   18  75  130  +12   45   +6   45    6  11  0  0 L3E D7
E30 FF 61056 200600  780 153 2003    +6339260   +435           5    +30   22  75  301 +111   87  -19   87  -19  13  0  0 L3E 13
E34 FF 61056 200600  780 524  767    +2301068    +41         -17    +19   10  78  102   +7   42  -10   42  -10   6  0  0 L3E D0
E03 FF 61056 202200  780 220 1386      -59352     +8         -13    -15   32  80  215  -54   93   -2   93   -2  19  0  0 L3E BC
E05 FF 61056 202200  780 340  814      -56632    -40         -18    -11   14  80  144   -7   60   +1   60    1   8  0  0 L3E 79
E09 FF 61056 202200  780 138  294    +1758939   +172          -8    +19   28  80  331  +74   71   +3   71    3  16  0  0 L3E EB
E13 FF 61056 202200  780 218 2716     +465880     +0           0     -7   22  80  217  -46   49   +3   49    3  14  0  0 L3E 91
E15 FF 61056 202200  780 751 2930    +2289262    +31         -18     +3   10  80   84   -2   31   -3   31   -3   6  0  0 L3E 9C
E21 FF 61056 202200  780 277 3069    +7153691    +14           7    -11   25  78  173   -8   28   +5   28    5  14  0  0 L3E C6
E27 FF 61056 202200  780 340 2448    +8817667    +97         -12     -8   14  75  144  +18   61  +11   61   11   8  0  0 L3E F7
E34 FF 61056 202200  780 472  812    +2301095    +12         -12    -10   13  80  110   +9   40  +11   40   11   8  0  0 L3E A7
E03 FF 61056 203800  780 277 1358      -59337     +6         -19    -16   24  81  174  -34   87   +6   87    6  13  0  0 L3E D3
E05 FF 61056 203800  780 354  745      -56657    -19         -15    +11   18  81  139   -3   55   -4   55   -4  12  0  0 L3E BD
E09 FF 61056 203800  780 104  259    +1759082   +124         -13    -29   37  81  434 +149   84  +36   84   36  23  0  0 L3E 38
E13 FF 61056 203800  780 266 2756     +465881    +29          -6    +22   19  81  180  -31   47  -14   47  -14  12  0  0 L3E 06
E15 FF 61056 203800  780 798 3098    +2289286    +14         -20    -14   10  81   82   -1   31   +9   31    9   6  0  0 L3E C3
E21 FF 61056 203800  780 286 3010    +7153708    +15           0    -10   23  78  168   -2   34   +3   34    3  13  0  0 L3E A8
E27 FF 61056 203800  780 291 2402    +8817778   +124          -2    +19   16  75  165  +26   59   -1   59   -1  10  0  0 L3E 0A
E34 FF 61056 203800  780 421  857    +2301111    +26         -18     +3   11  81  120  +12   51   +2   51    2   7  0  0 L3E 8E
E03 FF 61056 205400  780 333 1324      -59307    +13         -11     -9   20  83  147  -22   71   -3   71   -3  11  0  0 L3E AC
E05 FF 61056 205400  780 357  676      -56684    -31         -16     -2   15  83  138   +1   53   +4   53    4   9  0  0 L3E 8B
E13 FF 61056 205400  780 314 2795     +465889     -3          -4    -10   18  83  155  -23   39   -2   39   -2  11  0  0 L3E CF
E15 FF 61056 205400  780 834 3432    +2289311    +27         -22     +0   10  83   81   +0   32   +4   32    4   6  0  0 L3E 8A
E21 FF 61056 205400  780 285 2948    +7153736    -26           4    -51   20  78  169   +3   32  +37   32   37  12  0  0 L3E EC
E27 FF 61056 205400  780 240 2364    +8817874   +132          -3    +27   23  83  197  +41   69   -4   69   -4  13  0  0 L3E 0F
E34 FF 61056 205400  780 371  901    +2301140    +70         -11    +47   18  83  133  +16   57  -15   57  -15  10  0  0 L3E F6
E03 FF 61056 211000  780 386 1283      -59291    -13         -17    -36   18  85  129  -15   67  +15   67   15  11  0  0 L3E F7
E05 FF 61056 211000  780 348  609      -56703     -6          -8    +24   20  85  141   +5   47  -15   47  -15  12  0  0 L3E AC
E13 FF 61056 211000  780 364 2833     +465902    +21           3    +14   17  85  136  -17   31   -5   31   -5  10  0  0 L3E B2
E15 FF 61056 211000  780 835  371    +2289342    +15         -17    -13   12  85   81   +0   31   +7   31    7   7  0  0 L3E 97
E21 FF 61056 211000  780 274 2886    +7153753    +68          -6    +42   18  85  175   +9   38  -16   38  -16  11  0  0 L3E 10
E27 FF 61056 211000  780 188 2331    +8817970    +98          -7     -7   26  85  248  +68   84  +19   84   19  16  0  0 L3E 1E
E34 FF 61056 211000  780 322  944    +2301160    +26         -14     +3   19  85  151  +21   67   +7   67    7  11  0  0 L3E B5
E03 FF 61056 212600  780 436 1231      -59275     -1         -22    -24   18  86  117  -11   64   +8   64    8  11  0  0 L3E B3
E05 FF 61056 212600  780 330  549      -56737    -74         -15    -44   16  86  148  +10   50  +26   50   26  10  0  0 L3E DB
E08 FF 61056 212600  780 139 1718     +746877    +64           1     -4   23  86  335 -141   91   +3   91    3  15  0  0 L3E CC
E13 FF 61056 212600  780 415 2869     +465897    +43          -9    +36   15  86  122  -13   34  -27   34  -27   9  0  0 L3E 03
E15 FF 61056 212600  780 799  713    +2289361     +7         -23    -20   10  86   82   +1   35   +9   35    9   5  0  0 L3E 9F
E21 FF 61056 212600  780 253 2827    +7153780    +60          -1    +34   15  86  188  +17   40  -10   40  -10   9  0  0 L3E F1
E23 FF 61056 212600  780 117 3336     +222030    +26           6    +15   28  86  390  -75   56  -13   56  -13  18  0  0 L3E EA
E27 FF 61056 212600  780 135 2301    +8818065   +142         -11    +37   19  86  339 +130  100   -4  100   -4  11  0  0 L3E 2A
E34 FF 61056 212600  780 273  987    +2301187    +39          -9    +17   21  86  175  +30   75   +5   75    5  13  0  0 L3E DA
E03 FF 61056 214200  780 480 1165      -59250    +41         -16    +19   13  88  109   -7   56  -19   56  -19   8  0  0 L3E E4
E05 FF 61056 214200  780 302  497      -56753    -35          -5     -6   17  88  160  +16   43   +5   43    5   9  0  0 L3E 8B
E08 FF 61056 214200  780 198 1713     +746937    +45          -3    -23   20  88  237  -72   87  +13   87   13  11  0  0 L3E 01
E13 FF 61056 214200  780 467 2902     +465910    +27          -1    +20   14  88  111  -10   29  -14   29  -14   9  0  0 L3E DD
E15 FF 61056 214200  780 750  882    +2289387     +6         -22    -21   14  88   84   +2   36  +14   36   14   8  0  0 L3E C4
E21 FF 61056 214200  780 226 2772    +7153810    +29           2     +3   23  88  209  +28   41   -1   41   -1  13  0  0 L3E B7
E23 FF 61056 214200  780 136 3291     +222042    +66           8    +54   21  88  338  -37   49  -42   49  -42  13  0  0 L3E F3
E34 FF 61056 214200  780 225 1029    +2301224    +23           5     +0   17  88  210  +44   74   +3   74    3  11  0  0 L3E 9B
E03 FF 61056 215800  780 514 1084      -59243    +23         -31     +0   16  89  103   -4   61   -5   61   -5   9  0  0 L3E 98
E05 FF 61056 215800  780 267  454      -56772    +37           4    +66   21  89  179  +24   37  -42   37  -42  13  0  0 L3E E3
E08 FF 61056 215800  780 260 1708     +746984    +45         -20    -23   22  89  184  -43   92   +7   92    7  14  0  0 L3E F6
E13 FF 61056 215800  780 521 2933     +465907    -32         -11    -39   12  89  102   -8   33  +26   33   26   7  0  0 L3E E1
E15 FF 61056 215800  780 698  987    +2289413    +39         -21    +12   10  89   86   +3   38   -3   38   -3   6  0  0 L3E D2
E21 FF 61056 215800  780 191 2722    +7153844    +53          10    +28   32  89  244  +46   45   -7   45   -7  20  0  0 L3E F6
E23 FF 61056 215800  780 147 3241     +222060     -4          15    -16   27  88  313  -15   35   +6   35    6  15  0  0 L3E B3
E34 FF 61056 215800  780 177 1070    +2301249    +39           7    +16   28  89  263  +70   82   +0   82    0  17  0  0 L3E D3
E03 FF 61056 221400  780 536  990      -59205    +49         -14    +26   14  91  100   -2   46  -22   46  -22   8  0  0 L3E BE
E05 FF 61056 221400  780 226  422      -56803    -42           0    -13   25  91  209  +38   39   +9   39    9  15  0  0 L3E 9A
E08 FF 61056 221400  780 323 1703     +747054    +81         -15    +14   16  91  151  -28   80  -22   80  -22   9  0  0 L3E F1
E13 FF 61056 221400  780 577 2958     +465911    +34         -12    +27   15  91   96   -6   31  -20   31  -20   9  0  0 L3E DA
E15 FF 61056 221400  780 644 1065    +2289446    +42         -14    +14   13  91   90   +4   36   -7   36   -7   7  0  0 L3E C7
E21 FF 61056 221400  780 152 2677    +7153868    +29          10     +3   26  91  303  +80   56   +7   56    7  16  0  0 L3E D7
E23 FF 61056 221400  780 150 3189     +222056     +5          -1     -7   26  91  308   +3   41   +2   41    2  13  0  0 L3E 75
E34 FF 61056 221400  780 129 1109    +2301270     +6           4    -17   57  91  355 +128   92  +23   92   23  33  0  0 L3E EB
E03 FF 61056 223000  780 543  888      -59179    +22         -10     -1   18  93   99   +0   40   -1   40   -1  10  0  0 L3E 82
E05 FF 61056 223000  780 181  398      -56843    -22         -12     +7   22  93  256  +64   57   +4   57    4  13  0  0 L3E AB
E08 FF 61056 223000  780 387 1696     +747124    +68         -10     +1   20  93  129  -19   66   -7   66   -7  12  0  0 L3E E8
E13 FF 61056 223000  780 633 2975     +465913    +11         -18     +4   12  91   90   -5   34   -3   34   -3   7  0  0 L3E 9A
E15 FF 61056 223000  780 588 1129    +2289466     -2         -21    -29   13  93   94   +6   46  +24   46   24   8  0  0 L3E DD
E21 FF 61056 223000  780 110 2637    +7153891    +16           7    -10   22  92  414 +160   67  +10   67   10  16  0  0 L3E F0
E23 FF 61056 223000  780 144 3137     +222081    +12          12     +0   30  93  319  +21   32   -5   32   -5  18  0  0 L3E A0
E26 FF 61056 223000  780 117 2953    -1933048    -23           7    +86   18  93  393 -160   33  -59   33  -59  12  0  0 L3E 29
E03 FF 61056 224600  780 535  789      -59166    +28         -19     +6   15  94  100   +2   43   -5   43   -5   8  0  0 L3E 9C
E05 FF 61056 224600  780 134  383      -56866    -39          -8    -10   21  94  341 +120   72  +31   72   31  14  0  0 L3E D7
E08 FF 61056 224600  780 452 1684     +747182    +12         -17    -56   22  94  114  -13   61  +26   61   26  13  0  0 L3E 02
E13 FF 61056 224600  780 691 2977     +465930    +22          -7    +15    8  91   87   -3   27   -8   27   -8   4  0  0 L3E AC
E15 FF 61056 224600  780 532 1184    +2289504    +12          -9    -15   17  94  101   +8   44  +19   44   19  10  0  0 L3E EC
E23 FF 61056 224600  780 130 3085     +222100     -9          18    -21   21  94  351  +47   27   +8   27    8  16  0  0 L3E B1
E26 FF 61056 224600  780 166 2979    -1933164   -107          -4     +2   26  94  282  -84   41  -12   41  -12  17  0  0 L3E 1B
E03 FF 61056 230200  780 512  704      -59140    +38         -15    +16   17  95  104   +4   41   -9   41   -9  10  0  0 L3E 9F
E08 FF 61056 230200  780 516 1665     +747239    +41         -26    -26   13  96  103   -9   63  +16   63   16   7  0  0 L3E E7
E13 FF 61056 230200  780 749 2949     +465933    -16         -11    -23    8  91   84   -2   30  +15   30   15   5  0  0 L3E BA
E15 FF 61056 230200  780 476 1233    +2289525    +10         -15    -17   14  96  109  +10   56  +15   56   15   8  0  0 L3E FC
E23 FF 61056 230200  780 109 3036     +222089    +71          -5    +59   26  96  415  +91   41  -39   41  -39  17  0  0 L3E 02
E26 FF 61056 230200  780 216 3002    -1933260   -131           8    -22   18  96  219  -51   31  +13   31   13  12  0  0 L3E E8
E03 FF 61056 231800  780 477  636      -59130    +43         -26    +21   13  95  109   +7   47  -15   47  -15   7  0  0 L3E CD
E07 FF 61056 231800  780 145 2011     +392897    +27           1     +4   19  97  321 -127   92   +0   92    0  14  0  0 L3E BB
E08 FF 61056 231800  780 579 1632     +747306    +55         -22    -13   13  97   95   -7   55   +2   55    2   7  0  0 L3E BA
E13 FF 61056 231800  780 804 2837     +465930    +33         -20    +26   13  91   82   -1   35  -15   35  -15   7  0  0 L3E D4
E15 FF 61056 231800  780 419 1278    +2289555    +35         -12     +8   22  97  121  +14   59  +12   59   12  13  0  0 L3E 08
E26 FF 61056 231800  780 268 3020    -1933387   -123         -13    -14   15  97  179  -34   44   +2   44    2   9  0  0 L3E F9
E03 FF 61056 233400  780 435  587      -59085    +21          -3     -2   17  95  117  +10   32   +5   32    5  10  0  0 L3E 85
E07 FF 61056 233400  780 203 2027     +392905    -14         -11    -37   22  99  232  -66   93  +17   93   17  15  0  0 L3E 07
E08 FF 61056 233400  780 638 1577     +747368    +92         -25    +24   13  99   90   -5   54  -18   54  -18   7  0  0 L3E FE
E13 FF 61056 233400  780 840 2459     +465944    -13          -6    -19   11  99   81   +0   30  +15   30   15   6  0  0 L3E B7
E15 FF 61056 233400  780 362 1318    +2289584    +58         -11    +30   15  99  136  +19   65  -16   65  -16   9  0  0 L3E 24
E26 FF 61056 233400  780 321 3033    -1933487   -137          -7    -27   29  99  152  -23   38  +15   38   15  16  0  0 L3E 26
E03 FF 61056 235000  780 389  554      -59080    +33         -23    +10   18 101  128  +14   42   -4   42   -4  11  0  0 L3E BD
E07 FF 61056 235000  780 262 2046     +392916    +19         -20     -4   22 101  183  -40   95   -6   95   -6  13  0  0 L3E E4
E08 FF 61056 235000  780 690 1483     +747434   +120         -24    +52   12 101   87   -3   52  -35   52  -35   8  0  0 L3E F6
E13 FF 61056 235000  780 820 1953     +465934     -8         -23    -15   10 101   82   +1   44  +11   44   11   6  0  0 L3E B2
E15 FF 61056 235000  780 305 1355    +2289610    +88         -12    +60   22 101  158  +27   72  -24   72  -24  14  0  0 L3E 24
E26 FF 61056 235000  780 374 3038    -1933601    -68         -15    +42   22 101  133  -17   42  -22   42  -22  14  0  0 L3E 1C
