CGGTTS     GENERIC DATA FORMAT VERSION = 2E
REV DATE = 2026-01-01                    
RCVR = POLARX5-TR                    R2CGGTTS v8.8    
CH = 99 
IMS = POLARX5-TR                    
LAB = PTB                           
X = +3844059.67 m 
Y =  +709661.67 m 
Z = +5023129.80 m 
FRAME = ITRF
COMMENTS =           IGS RINEX,AUSPOS XYZ          
INT DLY =   33.0 ns (BDS B1I),   32.5 ns (BDS B2I)
CAB DLY =  205.7 ns 
REF DLY =   56.2 ns
REF = UTC(PTB)                      
CKSUM = AF

SAT CL  MJD  STTIME TRKL ELV AZTH   REFSV      SRSV     REFSYS    SRSYS  DSG IOE MDTR SMDT MDIO SMDI MSIO SMSI ISG FR HC FRC CK
             hhmmss  s  .1dg .1dg    .1ns     .1ps/s     .1ns    .1ps/s .1ns     .1ns.1ps/s.1ns.1ps/s.1ns.1ps/s.1ns
C05 FF 61063 001400  780 184 1237    +6890453   -133         251    +68   14   0  253   +1  -82  -41  -82  -41  10  0  0 L3B 14
C06 FF 61063 001400  780 325  566     -324535   +130          95   -112   46   0  150   -1  -40  +64  -40   64  29  0  0 L3B E0
C09 FF 61063 001400  780 370  737    -2431342   -314         102    +16   35   0  134   -5  -32  -18  -32  -18  23  0  0 L3B F9
C14 FF 61063 001400  780 513  695    +3292299   +387         117    -35   40   0  103   +9  -66  +24  -66   24  25  0  0 L3B 0C
C16 FF 61063 001400  780 319  529    +8589356   -107          39    -27   48   0  152   +0    5  +28    5   28  31  0  0 L3B C2
C05 FF 61063 003000  780 183 1237    +6890306   -350         297   -150   17   0  255   +1 -117  +87 -117   87  12  0  0 L3B 4D
C06 FF 61063 003000  780 326  541     -324320   +240          78     -3   39   0  149   +1  -28   -4  -28   -4  25  0  0 L3B A5
C09 FF 61063 003000  780 384  709    -2431662   -285          99    +44   35   0  130   -4  -30  -26  -30  -26  21  0  0 L3B FA
C14 FF 61063 003000  780 452  726    +3292686   +366          99    -55   38   0  114  +12  -50  +37  -50   37  24  0  0 L3B 0B
C16 FF 61063 003000  780 317  505    +8589326    -90          85    -11   38   0  153   +2  -24   -2  -24   -2  23  0  0 L3B BE
C05 FF 61063 004600  780 182 1238    +6889989   -228         172    -28   16   0  256   +2  -39  +23  -39   23  11  0  0 L3B 2F
C06 FF 61063 004600  780 323  518     -324111   +181          54    -62   22   0  151   +2   -4  +45   -4   45  14  0  0 L3B 9D
C09 FF 61063 004600  780 394  680    -2431973   -288         104    +41   36   0  127   -2  -33  -18  -33  -18  23  0  0 L3B 17
C14 FF 61063 004600  780 392  761    +3293114   +386         123    -36   53   0  127  +17  -61  +27  -61   27  33  0  0 L3B 14
C16 FF 61063 004600  780 312  483    +8589269    -39         105    +41   34   0  155   +3  -34  -20  -34  -20  22  0  0 L3B F8
C05 FF 61063 010200  780 181 1239    +6889742   -265         117    -65   20   1  258   +2   15  +45   15   45  12  0  0 L3B FD
C06 FF 61063 010200  780 316  497     -323860   +249          80     +8   43   1  154   +4  -22   +0  -22    0  27  0  0 L3B 95
C09 FF 61063 010200  780 400  651    -2432280   -257         104    +72   44   1  125   -1  -40  -47  -40  -47  27  0  0 L3B FB
C14 FF 61063 010200  780 334  798    +3293540   +561         150   +140   57   1  146  +23  -65  -81  -65  -81  36  0  0 L3B 38
C16 FF 61063 010200  780 303  464    +8589177    -94          90    -14   37   1  159   +5  -24  +10  -24   10  23  0  0 L3B DC
C05 FF 61063 011800  780 179 1240    +6889533    -57         101   +144   20   1  259   +2   18  -83   18  -83  13  0  0 L3B 10
C06 FF 61063 011800  780 306  479     -323607   +273         101    +31   35   1  158   +5  -27  -15  -27  -15  21  0  0 L3B F2
C09 FF 61063 011800  780 402  622    -2432610   -330          90     -1   51   1  125   +0  -34   -9  -34   -9  32  0  0 L3B AE
C14 FF 61063 011800  780 278  835    +3293901   +588         106   +167   66   1  172  +33  -34 -106  -34 -106  41  0  0 L3B 62
C16 FF 61063 011800  780 292  448    +8589101    -55          91    +25   27   1  165   +7  -24  -12  -24  -12  17  0  0 L3B F1
C05 FF 61063 013400  780 178 1240    +6889437   -112         197    +88   30   1  261   +2  -48  -79  -48  -79  19  0  0 L3B 48
C06 FF 61063 013400  780 294  464     -323363   +270         114    +29   28   1  164   +7  -32   -9  -32   -9  19  0  0 L3B DD
C09 FF 61063 013400  780 400  595    -2432925   -190          90   +138   34   1  125   +1  -31  -86  -31  -86  23  0  0 L3B 0F
C14 FF 61063 013400  780 223  874    +3294348   +466         150    +45   60   1  211  +50  -56  -20  -56  -20  39  0  0 L3B 1C
C16 FF 61063 013400  780 278  435    +8589034   -182         101   -102   27   1  172   +9  -22  +71  -22   71  17  0  0 L3B 12
C05 FF 61063 015000  780 176 1241    +6889014   -317         -34   -117   21   1  263   +2   88  +67   88   67  15  0  0 L3B 18
C06 FF 61063 015000  780 279  453     -323136    +82         109   -160   36   1  172   +9  -22 +110  -22  110  23  0  0 L3B F9
C09 FF 61063 015000  780 395  571    -2433234   -402          96    -74   33   1  127   +2  -35  +47  -35   47  20  0  0 L3B F3
C14 FF 61063 015000  780 169  913    +3294750   +454         148    +33   79   1  274  +85  -45   -9  -45   -9  48  0  0 L3B 20
C16 FF 61063 015000  780 262  426    +8588960   -130         103    -50   22   1  182  +11  -15  +46  -15   46  15  0  0 L3B 08
C05 FF 61063 020600  780 175 1242    +6888975   -126         119    +74   37   2  266   +2  -14   -7  -14   -7  26  0  0 L3B 12
C06 FF 61063 020600  780 262  445     -322860   +187         155    -54   44   2  182  +12  -41  +49  -41   49  25  0  0 L3B 05
C14 FF 61063 020600  780 117  952    +3295245  +1065         232   +644  400   2  391 +170  -89 -377  -89 -377 244  0  0 L3B BD
C16 FF 61063 020600  780 244  420    +8588884   -232         104   -152   29   2  194  +14   -7 +108   -7  108  19  0  0 L3B 32
C05 FF 61063 022200  780 173 1244    +6888798   +162         135   +362   29   2  268   +3   -6 -266   -6 -266  18  0  0 L3B 54
C06 FF 61063 022200  780 244  441     -322649   +131         135   -110   31   2  194  +15  -18  +73  -18   73  20  0  0 L3B FF
C09 FF 61063 022200  780 374  533    -2433859   -433         117   -103   32   2  133   +4  -32  +71  -32   71  20  0  0 L3B 05
C16 FF 61063 022200  780 225  418    +8588768   -132          66    -52   38   2  210  +18   28  +41   28   41  24  0  0 L3B F5
C05 FF 61063 023800  780 171 1245    +6888581   -301         110   -101   56   2  271   +3  -17  +57  -17   57  36  0  0 L3B 2A
C06 FF 61063 023800  780 224  441     -322435   +333         117    +92   37   2  210  +18    1  -50    1  -50  24  0  0 L3B B5
C09 FF 61063 023800  780 360  519    -2434195   -326          97     +4   28   2  137   +5  -18   +0  -18    0  17  0  0 L3B C3
C16 FF 61063 023800  780 204  419    +8588706    -90          81    -10   46   2  229  +23   30  +13   30   13  30  0  0 L3B CE
C05 FF 61063 025400  780 169 1246    +6888487   -357         208   -156   28   2  273   +3  -53 +136  -53  136  20  0  0 L3B 68
C06 FF 61063 025400  780 204  443     -322203   +209         117    -32   36   2  230  +23   11  +35   11   35  22  0  0 L3B BE
C09 FF 61063 025400  780 344  510    -2434533   -317          76    +13   34   2  142   +6   -1   +1   -1    1  22  0  0 L3B 8B
C16 FF 61063 025400  780 183  424    +8588642    -69          93    +11   57   2  254  +29   23  -22   23  -22  38  0  0 L3B F6
C05 FF 61063 031000  780 168 1247    +6888137   -660          58   -459   35   3  276   +3   43 +250   43  250  24  0  0 L3B 33
C06 FF 61063 031000  780 183  449     -322015   +169          67    -73   51   3  254  +29   43  +52   43   52  35  0  0 L3B D8
C09 FF 61063 031000  780 327  505    -2434846   -407          78    -77   31   3  149   +8    0  +48    0   48  19  0  0 L3B C5
C16 FF 61063 031000  780 162  432    +8588565    -42          97    +38   52   3  286  +38   31  -28   31  -28  34  0  0 L3B FA
C05 FF 61063 032600  780 166 1248    +6887995    +89         110   +291   23   3  279   +3    7 -192    7 -192  16  0  0 L3B 2E
C06 FF 61063 032600  780 161  459     -321782   +428          68   +186   46   3  286  +37   45 -118   45 -118  28  0  0 L3B 3B
C09 FF 61063 032600  780 308  504    -2435113   -292         127    +37   18   3  157   +9  -31  -16  -31  -16  12  0  0 L3B 0A
C16 FF 61063 032600  780 140  442    +8588448   -157          57    -77   62   3  328  +50   58  +40   58   40  39  0  0 L3B 0A
C05 FF 61063 034200  780 164 1249    +6887896   -382         205   -180   23   3  282   +3  -50 +137  -50  137  17  0  0 L3B 5D
C06 FF 61063 034200  780 140  471     -321542   +199          75    -44   43   3  328  +49   36  +24   36   24  27  0  0 L3B DD
C09 FF 61063 034200  780 289  506    -2435465   -281          92    +49   56   3  166  +11   -4  -27   -4  -27  34  0  0 L3B 01
C16 FF 61063 034200  780 118  456    +8588358    -98          44    -17   52   3  385  +69   61  +12   61   12  36  0  0 L3B F7
C05 FF 61063 035800  780 162 1251    +6887597   -534          99   -333   46   3  286   +4   27 +217   27  217  31  0  0 L3B 45
C06 FF 61063 035800  780 118  485     -321299   +222          86    -20   73   3  383  +67   30   +6   30    6  47  0  0 L3B C0
C09 FF 61063 035800  780 269  512    -2435755   -338         119     -9   39   3  178  +13  -14   +3  -14    3  24  0  0 L3B F2
C05 FF 61063 041400  780 160 1252    +6887427   -249         125    -48   30   4  289   +4    7  +17    7   17  19  0  0 L3B EC
C09 FF 61063 041400  780 248  521    -2436070   -288         118    +41   39   4  191  +15  -18  -18  -18  -18  25  0  0 L3B 2E
C05 FF 61063 044200  780 156 1254    +6887057   -554          94   -352   45   4  295   +4   15 +182   15  182  28  0  0 L3B 3C
C09 FF 61063 044200  780 212  545    -2436615   -412         126    -83   47   4  221  +21  -23  +51  -23   51  30  0  0 L3B 02
C05 FF 61063 045800  780 154 1255    +6886968    -15         199   +186   39   4  299   +4  -62 -101  -62 -101  29  0  0 L3B 70
C09 FF 61063 045800  780 192  562    -2436954   -343         103    -14   56   4  243  +25   -6  +14   -6   14  37  0  0 L3B FC
C10 FF 61063 045800  780 106  897     -255769    +73         139   -135  158   4  429 -119   -9  +85   -9   85  95  0  0 L3B 3F
C05 FF 61063 051400  780 152 1257    +6886707   -653         131   -451   26   5  303   +4    5 +317    5  317  17  0  0 L3B 16
C07 FF 61063 051400  780 138  746    -4766163   -191          81    +52   80   5  332  -58  -15  -18  -15  -18  49  0  0 L3B 2C
C09 FF 61063 051400  780 172  582    -2437258   -311         111    +18   62   5  269  +30  -11  -16  -11  -16  39  0  0 L3B 1E
C10 FF 61063 051400  780 135  887     -255571   +177         104    -35   48   5  340  -72   -5  +36   -5   36  30  0  0 L3B E6
C05 FF 61063 053000  780 150 1258    +6886548     -3         164   +198   23   5  307   +4   -7  -99   -7  -99  14  0  0 L3B 10
C07 FF 61063 053000  780 162  732    -4766390   -224          88    +19   62   5  286  -40  -11  -13  -11  -13  40  0  0 L3B 0F
C09 FF 61063 053000  780 153  603    -2437583   -366         103    -37   59   5  302  +38   -2  +36   -2   36  38  0  0 L3B FA
C10 FF 61063 053000  780 164  876     -255374   +290          97    +78   54   5  283  -48    8  -47    8  -47  34  0  0 L3B EA
C05 FF 61063 054600  780 148 1259    +6886374   -312         184   -111   39   5  311   +4    4  +75    4   75  24  0  0 L3B FC
C07 FF 61063 054600  780 184  716    -4766632   -186          79    +57   60   5  254  -28    1  -12    1  -12  37  0  0 L3B EB
C09 FF 61063 054600  780 134  627    -2437924   -385          78    -56   67   5  342  +48   29  +54   29   54  41  0  0 L3B 18
C10 FF 61063 054600  780 192  864     -255135   +233         132    +21   40   5  244  -34  -21  -21  -21  -21  27  0  0 L3B F6
C05 FF 61063 060200  780 146 1260    +6886095   -139          96    +62   83   6  315   +4   68  -47   68  -47  53  0  0 L3B 1E
C07 FF 61063 060200  780 203  699    -4766835   -204         116    +40   66   6  231  -20   -6   -6   -6   -6  42  0  0 L3B E2
C09 FF 61063 060200  780 115  653    -2438226   -301          92    +28   61   6  394  +62   48  +34   48   34  41  0  0 L3B F4
C10 FF 61063 060200  780 218  850     -254963   +215          89     +2   49   6  217  -25    7  +28    7   28  30  0  0 L3B AC
C05 FF 61063 061800  780 144 1261    +6886113    -87         308   +114   31   6  318   +4  -70  -39  -70  -39  24  0  0 L3B 2F
C07 FF 61063 061800  780 220  681    -4767089   -259          96    -15   54   6  214  -15   16  +13   16   13  33  0  0 L3B FD
C10 FF 61063 061800  780 242  834     -254764   +201          83    -13   38   6  196  -18   23  +19   23   19  24  0  0 L3B DF
C05 FF 61063 063400  780 142 1262    +6885868   -313         255   -112   22   6  322   +4   29 +128   29  128  14  0  0 L3B 3C
C07 FF 61063 063400  780 235  662    -4767336   -201          83    +43   46   6  202  -11   38   -8   38   -8  28  0  0 L3B E6
C10 FF 61063 063400  780 264  817     -254555   +178          87    -35   51   6  181  -14   32  +34   32   34  31  0  0 L3B DE
C05 FF 61063 065000  780 141 1263    +6885537   -267         117    -66   18   6  326   +4  190  +95  190   95  13  0  0 L3B 3C
C07 FF 61063 065000  780 246  642    -4767520   -244         132     +0   99   6  193   -8   21  +25   21   25  60  0  0 L3B DC
C10 FF 61063 065000  780 284  799     -254334   +261         103    +47   62   6  169  -11   27  -29   27  -29  41  0  0 L3B 06
C05 FF 61063 070600  780 139 1264    +6885268    -42          44   +159   22   7  330   +4  263  -69  263  -69  14  0  0 L3B 39
C07 FF 61063 070600  780 255  622    -4767754   -274         118    -32   49   7  187   -5   37  +42   37   42  30  0  0 L3B 08
C10 FF 61063 070600  780 302  779     -254128   +113         116    -99   41   7  160   -8   36  +82   36   82  24  0  0 L3B E2
C11 FF 61063 070600  780 108  440    -8375684   -117         130    +31   99   7  418  -58   74  -34   74  -34  63  0  0 L3B 25
C05 FF 61063 072200  780 137 1265    +6885132   -149         101    +52   22   7  333   +4  254   -2  254   -2  14  0  0 L3B FF
C07 FF 61063 072200  780 261  603    -4767984   -135         120   +107   52   7  183   -3   47  -59   47  -59  32  0  0 L3B 24
C10 FF 61063 072200  780 317  758     -253920   +191         120    -21   42   7  153   -6   47  +26   47   26  27  0  0 L3B D8
C11 FF 61063 072200  780 119  383    -8375869   -111          87    +38   63   7  382  -20  101  -13  101  -13  40  0  0 L3B 1B
C05 FF 61063 073800  780 136 1266    +6885011    -75         174   +126   24   7  337   +4  222  -81  222  -81  17  0  0 L3B 39
C07 FF 61063 073800  780 263  583    -4768226   -206         110    +36   38   7  181   -1   67   -5   67   -5  24  0  0 L3B EC
C10 FF 61063 073800  780 329  736     -253717   +199         120    -13   34   7  148   -4   54  +25   54   25  22  0  0 L3B E3
C11 FF 61063 073800  780 121  325    -8375977   -252         122   -103   75   7  378  +10   90  +87   90   87  48  0  0 L3B 30
C05 FF 61063 075400  780 134 1266    +6884848   -286         204    -85   34   7  340   +3  220  +93  220   93  23  0  0 L3B 34
C07 FF 61063 075400  780 263  565    -4768422   -238         146     +4   44   7  181   +1   61  +17   61   17  27  0  0 L3B EA
C10 FF 61063 075400  780 338  714     -253506   +189         128    -23   31   7  145   -3   61  +28   61   28  20  0  0 L3B DA
C11 FF 61063 075400  780 112  268    -8376131   -208         110    -59   83   7  404  +45  110  +55  110   55  58  0  0 L3B 21
C05 FF 61063 081000  780 133 1267    +6884630   +164         176   +365   29   8  343   +3  265 -236  265 -236  23  0  0 L3B 79
C07 FF 61063 081000  780 260  549    -4768656   -339         136    -98   47   8  183   +3   84  +96   84   96  29  0  0 L3B 2D
C10 FF 61063 081000  780 344  691     -253308   +215         118     +2   38   8  143   -2   72  +22   72   22  23  0  0 L3B B4
C05 FF 61063 082600  780 132 1267    +6884562   -169         301    +32   25   8  346   +3  160  -32  160  -32  20  0  0 L3B 2B
C07 FF 61063 082600  780 254  534    -4768939   -160          84    +81   44   8  187   +5  143  -25  143  -25  27  0  0 L3B 2D
C10 FF 61063 082600  780 346  670     -253129   +173          94    -39   35   8  142   +0  107  +47  107   47  21  0  0 L3B EF
C05 FF 61063 084200  780 131 1268    +6884289   -387         221   -186   26   8  349   +3  250 +169  250  169  18  0  0 L3B 80
C07 FF 61063 084200  780 246  522    -4769108   -258         146    -17   41   8  193   +7  130  +36  130   36  25  0  0 L3B 1D
C10 FF 61063 084200  780 346  650     -252897   +352         122   +140   46   8  142   +1  110  -56  110  -56  28  0  0 L3B 11
C05 FF 61063 085800  780 130 1268    +6883972   -258          97    -57   27   8  351   +2  368  +49  368   49  20  0  0 L3B 49
C07 FF 61063 085800  780 235  512    -4769368   -221         117    +20   47   8  201   +9  184  +28  184   28  28  0  0 L3B 2A
C10 FF 61063 085800  780 342  631     -252703   +154         112    -59   64   8  143   +2  142  +63  142   63  38  0  0 L3B F9
C05 FF 61063 091400  780 129 1268    +6883766   -227          82    -26   23   9  353   +2  398  +68  398   68  17  0  0 L3B 4A
C07 FF 61063 091400  780 223  504    -4769623   -289         101    -47   51   9  211  +12  222  +69  222   69  32  0  0 L3B 2B
C10 FF 61063 091400  780 336  615     -252514   +350         101   +138   29   9  145   +3  164  -65  164  -65  18  0  0 L3B 1D
C05 FF 61063 093000  780 128 1269    +6883574   -191          82    +10   28   9  355   +2  450  +22  450   22  18  0  0 L3B 1A
C07 FF 61063 093000  780 209  500    -4769841   -325         116    -84   41   9  225  +15  245  +69  245   69  27  0  0 L3B 3E
C10 FF 61063 093000  780 328  602     -252275   +253         136    +41   30   9  149   +4  164  -16  164  -16  19  0  0 L3B 05
C05 FF 61063 094600  780 128 1269    +6883402   -174         103    +27   24   9  357   +1  453  +18  453   18  17  0  0 L3B 36
C07 FF 61063 094600  780 193  498    -4770036   -304         153    -62   30   9  241  +20  263  +82  263   82  20  0  0 L3B 2C
C10 FF 61063 094600  780 317  591     -252129   +262          78    +50   43   9  153   +5  219   -9  219   -9  27  0  0 L3B E9
C05 FF 61063 100200  780 127 1269    +6883206   -203         103     -2   34  10  358   +1  467   +2  467    2  22  0  0 L3B ED
C07 FF 61063 100200  780 177  499    -4770355   -305          64    -64   65  10  263  +25  358  +71  358   71  41  0  0 L3B 39
C10 FF 61063 100200  780 305  583     -251920   +250          88    +39   30  10  158   +6  238  +23  238   23  19  0  0 L3B F0
C05 FF 61063 101800  780 127 1269    +6883009   -202         100     -1   39  10  358   +1  499  +29  499   29  26  0  0 L3B 35
C07 FF 61063 101800  780 159  502    -4770505   -147         145    +94   40  10  289  +32  348  -13  348  -13  26  0  0 L3B 4A
C10 FF 61063 101800  780 291  579     -251693   +277         111    +65   33  10  165   +8  245  -25  245  -25  20  0  0 L3B 1C
C05 FF 61063 103400  780 127 1269    +6882839   -141         123    +60   43  10  359   +0  464  -72  464  -72  29  0  0 L3B 50
C07 FF 61063 103400  780 141  509    -4770761   -244         122     -3   75  10  324  +41  393  +44  393   44  48  0  0 L3B 26
C10 FF 61063 103400  780 276  578     -251525   +194          77    -17   35  10  173   +9  278  +25  278   25  22  0  0 L3B 0F
C05 FF 61063 105000  780 127 1268    +6882610   -274          87    -72   36  10  359   +0  476  +47  476   47  24  0  0 L3B 3D
C07 FF 61063 105000  780 123  518    -4770997    -47         117   +194   55  10  369  +54  379 -131  379 -131  38  0  0 L3B 88
C10 FF 61063 105000  780 260  579     -251318   +260          80    +48   43  10  183  +11  281  -21  281  -21  29  0  0 L3B 08
C05 FF 61063 110600  780 127 1268    +6882338   -246          11    -45   38  11  358   -1  537  +55  537   55  25  0  0 L3B 38
C07 FF 61063 110600  780 104  529    -4771199   -249         147     -8   43  11  431  +75  381  +45  381   45  29  0  0 L3B 3B
C10 FF 61063 110600  780 243  584     -251120   +260          74    +48   31  11  195  +13  301  -21  301  -21  20  0  0 L3B ED
C05 FF 61063 112200  780 128 1268    +6882130    -57          -4   +145   46  11  357   -1  558  -92  558  -92  32  0  0 L3B 3E
C10 FF 61063 112200  780 226  591     -250887   +130         103    -82   41  11  209  +16  305 +106  305  106  25  0  0 L3B 28
C05 FF 61063 113800  780 128 1267    +6882089   -160         148    +41   45  11  356   -1  444  -70  444  -70  30  0  0 L3B 4B
C10 FF 61063 113800  780 208  602     -250677   +207         110     -4   51  11  225  +19  323   +0  323    0  31  0  0 L3B C3
C05 FF 61063 115400  780 129 1267    +6881832   -379          85   -178   49  11  354   -2  458 +127  458  127  29  0  0 L3B 8A
C10 FF 61063 115400  780 190  614     -250478   +211         106     +0   34  11  245  +23  328   +6  328    6  23  0  0 L3B D2
C05 FF 61063 121000  780 129 1266    +6881722   -183         163    +18   47  12  352   -2  438  -26  438  -26  31  0  0 L3B 4A
C10 FF 61063 121000  780 172  629     -250260   +166         126    -45   55  12  269  +28  309   +8  309    8  38  0  0 L3B 03
C05 FF 61063 122600  780 130 1266    +6881501   -177         135    +24   37  12  350   -3  421  -58  421  -58  25  0  0 L3B 3E
C10 FF 61063 122600  780 154  646     -250069   +167         114    -44   62  12  299  +34  317  +32  317   32  39  0  0 L3B 24
C05 FF 61063 124200  780 131 1265    +6881396   -161         222    +40   44  12  348   -3  324  -64  324  -64  30  0  0 L3B 3B
C10 FF 61063 124200  780 136  665     -249902   +265          78    +54   71  12  335  +43  330  -58  330  -58  46  0  0 L3B 28
C05 FF 61063 125800  780 133 1264    +6881064   -255          83    -54   31  12  345   -3  420  +53  420   53  22  0  0 L3B 1C
C08 FF 61063 125800  780 116  821    +6321352   -258         125    -74   60  12  395 -131  306  -48  306  -48  44  0  0 L3B 5F
C10 FF 61063 125800  780 119  685     -249667   +153         111    -58   58  12  382  +55  282  +25  282   25  39  0  0 L3B 3D
C05 FF 61063 131400  780 134 1263    +6880911   -218         119    -18   45  13  342   -3  379  -40  379  -40  30  0  0 L3B 47
C08 FF 61063 131400  780 154  811    +6321144   -179          89     +5   76  13  301  -73  255  -54  255  -54  44  0  0 L3B 2B
C10 FF 61063 131400  780 101  707     -249466   +226         107    +15   60  13  443  +73  275   -3  275   -3  43  0  0 L3B 00
C13 FF 61063 131400  780 131  910    +2917335   +119          61    -46   48  13  351 -103  307  -75  307  -75  35  0  0 L3B 40
C05 FF 61063 133000  780 135 1262    +6880625    -22          26   +178   37  13  338   -4  396 -186  396 -186  27  0  0 L3B 73
C08 FF 61063 133000  780 192  798    +6320950   -165          72    +19   38  13  244  -46  224  -47  224  -47  26  0  0 L3B 45
C13 FF 61063 133000  780 170  901    +2917505   +144          72    -21   40  13  275  -61  249  -47  249  -47  26  0  0 L3B 31
C05 FF 61063 134600  780 137 1261    +6880541   -332         134   -131   42  13  335   -4  262  +26  262   26  30  0  0 L3B 39
C08 FF 61063 134600  780 228  783    +6320816   -180         115     +4   53  13  208  -31  156  -66  156  -66  35  0  0 L3B 3D
C13 FF 61063 134600  780 207  890    +2917651   +199          60    +34   42  13  227  -40  222  -73  222  -73  25  0  0 L3B 32
C05 FF 61063 140200  780 138 1261    +6880324   -279         112    -78   30  14  331   -4  263  +85  263   85  21  0  0 L3B 38
C08 FF 61063 140200  780 262  765    +6320631   -219         111    -34   46  14  183  -22  132  -21  132  -21  28  0  0 L3B 2C
C13 FF 61063 140200  780 244  877    +2917797   +172          40     +6   40  14  195  -28  179  -30  179  -30  28  0  0 L3B 34
C05 FF 61063 141800  780 140 1260    +6879982    +11         -37   +212   53  14  327   -4  353 -173  353 -173  38  0  0 L3B 6B
C08 FF 61063 141800  780 293  744    +6320464   -145         121    +39   52  14  165  -16  102  -55  102  -55  31  0  0 L3B 3C
C13 FF 61063 141800  780 279  861    +2917975   +171          58     +5   49  14  172  -20  141  -15  141  -15  31  0  0 L3B 27
C05 FF 61063 143400  780 142 1259    +6880048   -279         222    -78   49  14  324   -4  146  +48  146   48  34  0  0 L3B 52
C08 FF 61063 143400  780 322  720    +6320280   -209         115    -25   51  14  151  -12   86  +21   86   21  31  0  0 L3B F9
C13 FF 61063 143400  780 312  842    +2918122   +175          45     +9   90  14  156  -15  123  -37  123  -37  56  0  0 L3B 1E
C05 FF 61063 145000  780 144 1258    +6879717   -268          83    -67   42  14  320   -4  225  +47  225   47  26  0  0 L3B 3D
C08 FF 61063 145000  780 347  692    +6320111   -169         123    +16   37  14  142   -9   70  -19   70  -19  22  0  0 L3B 0A
C13 FF 61063 145000  780 342  820    +2918273   +264          37    +98   45  14  143  -11  111  -94  111  -94  28  0  0 L3B 31
C05 FF 61063 150600  780 146 1256    +6879504   -147          63    +54   28  15  316   -4  229  -61  229  -61  20  0  0 L3B 40
C08 FF 61063 150600  780 368  660    +6319943   -244         136    -59   49  15  135   -6   52  +26   52   26  31  0  0 L3B 16
C13 FF 61063 150600  780 370  794    +2918441   +163          65     -1   32  15  134   -8   91  -15   91  -15  20  0  0 L3B E7
C05 FF 61063 152200  780 148 1255    +6879376    -96         128   +104   34  15  312   -4  174  -82  174  -82  23  0  0 L3B 57
C08 FF 61063 152200  780 385  627    +6319771   -257         141    -72   69  15  129   -4   33  +32   33   32  41  0  0 L3B 0C
C13 FF 61063 152200  780 394  764    +2918589   +209          55    +45   39  15  127   -6   80  -47   80  -47  25  0  0 L3B 1D
C05 FF 61063 153800  780 150 1254    +6879262   -202         206     -1   35  15  308   -4   86  -18   86  -18  25  0  0 L3B 1A
C08 FF 61063 153800  780 397  591    +6319597   -189         146     -4   41  15  126   -3   16  -15   16  -15  25  0  0 L3B 17
C13 FF 61063 153800  780 414  732    +2918746   +128          55    -36   27  15  122   -5   71   +9   71    9  18  0  0 L3B DB
C05 FF 61063 155400  780 152 1253    +6879101    -93         238   +107   40  15  304   -4   53 -121   53 -121  24  0  0 L3B 34
C08 FF 61063 155400  780 404  554    +6319386   -251         112    -66   59  15  124   -1   23  +26   23   26  37  0  0 L3B 05
C13 FF 61063 155400  780 430  696    +2918906   +159          58     -5   40  15  118   -3   47  -15   47  -15  24  0  0 L3B FB
C05 FF 61063 161000  780 154 1252    +6878785   -339         111   -138   46  16  300   -4  111  +81  111   81  29  0  0 L3B 47
C08 FF 61063 161000  780 406  518    +6319210   -104         109    +80   48  16  124   +0   13  -69   13  -69  30  0  0 L3B FF
C13 FF 61063 161000  780 441  659    +2919072   +185          79    +23   25  16  116   -2   29  -18   29  -18  16  0  0 L3B 08
C05 FF 61063 162600  780 156 1251    +6878524   -156          43    +44   49  16  296   -4  135  -73  135  -73  31  0  0 L3B 48
C08 FF 61063 162600  780 402  484    +6319061   -162         137    +23   46  16  125   +2  -17  -18  -17  -18  28  0  0 L3B 28
C13 FF 61063 162600  780 447  621    +2919233   +117          83    -46   32  16  115   -1   17  +17   17   17  21  0  0 L3B E7
C05 FF 61063 164200  780 158 1250    +6878521   -213         232    -13   53  16  292   -4    1  +15    1   15  34  0  0 L3B DF
C08 FF 61063 164200  780 394  452    +6318896   -246         149    -61   35  16  127   +3  -38  +21  -38   21  23  0  0 L3B 2B
C13 FF 61063 164200  780 448  584    +2919387   +205          81    +43   40  16  115   +0    4  -31    4  -31  25  0  0 L3B CE
C05 FF 61063 165800  780 160 1249    +6878268   -164         171    +36   59  16  289   -4   37  -58   37  -58  36  0  0 L3B 56
C08 FF 61063 165800  780 382  425    +6318676   -252         106    -67   49  16  130   +4  -22  +29  -22   29  30  0  0 L3B 27
C13 FF 61063 165800  780 444  549    +2919551   +192          90    +29   34  16  115   +1  -12  -28  -12  -28  22  0  0 L3B 19
C05 FF 61063 171400  780 162 1248    +6878009   -386         102   -186   40  17  285   -4   52 +126   52  126  26  0  0 L3B 56
C08 FF 61063 171400  780 366  403    +6318552   -214         157    -29   32  17  135   +6  -62   +5  -62    5  21  0  0 L3B F5
C13 FF 61063 171400  780 435  518    +2919676   +174          51    +11   30  17  117   +2    2  -14    2  -14  18  0  0 L3B C9
C05 FF 61063 173000  780 164 1246    +6877816   -135         102    +65   40  17  282   -3   58  -26   58  -26  27  0  0 L3B 31
C08 FF 61063 173000  780 347  386    +6318392    -52         174   +132   38  17  141   +7  -77  -78  -77  -78  23  0  0 L3B 4B
C13 FF 61063 173000  780 423  492    +2919849   +190          67    +27   33  17  120   +3  -17  -15  -17  -15  22  0  0 L3B 14
C05 FF 61063 174600  780 166 1245    +6877721    -68         199   +132   35  17  278   -3   11 -110   11 -110  22  0  0 L3B 46
C08 FF 61063 174600  780 326  373    +6318187   -323         147   -138   44  17  149   +9  -55  +94  -55   94  28  0  0 L3B 57
C13 FF 61063 174600  780 408  470    +2920012   +162          73     -2   27  17  123   +4  -18   +9  -18    9  18  0  0 L3B CC
C05 FF 61063 180200  780 168 1244    +6877452   -321         122   -121   38  18  275   -3   16  +23   16   23  25  0  0 L3B 20
C08 FF 61063 180200  780 303  366    +6317997   -137         123    +47   41  18  159  +12  -49  -26  -49  -26  26  0  0 L3B 51
C13 FF 61063 180200  780 390  454    +2920180   +154          85    -10   38  18  128   +5  -24   +2  -24    2  25  0  0 L3B D3
C05 FF 61063 181800  780 170 1243    +6877317   -207         179     -7   60  18  272   -3  -28  +38  -28   38  36  0  0 L3B 37
C08 FF 61063 181800  780 279  364    +6317829   -100         131    +83   49  18  172  +14  -51  -55  -51  -55  30  0  0 L3B 47
C13 FF 61063 181800  780 370  443    +2920366   +263         113    +99   31  18  134   +7  -49  -62  -49  -62  20  0  0 L3B 30
C05 FF 61063 183400  780 172 1242    +6877176   -184         230    +16   30  18  270   -3  -43  -18  -43  -18  20  0  0 L3B 38
C08 FF 61063 183400  780 254  366    +6317626   -245         104    -62   36  18  187  +18  -32  +56  -32   56  23  0  0 L3B 3D
C13 FF 61063 183400  780 348  438    +2920498    +55          89   -108   28  18  141   +8  -28  +67  -28   67  18  0  0 L3B 32
C05 FF 61063 185000  780 174 1241    +6876798   -695          45   -495   27  18  267   -3   71 +340   71  340  19  0  0 L3B 61
C08 FF 61063 185000  780 229  372    +6317452   -182         106     +1   52  18  206  +22  -23   +7  -23    7  31  0  0 L3B E8
C13 FF 61063 185000  780 326  437    +2920667   +135         101    -29   33  18  149  +10  -34  +24  -34   24  21  0  0 L3B 1E
C05 FF 61063 190600  780 175 1241    +6876665   +342         101   +542   29  19  265   -2   36 -351   36 -351  20  0  0 L3B 5D
C08 FF 61063 190600  780 203  382    +6317309   -270         138    -87   52  19  230  +28  -32  +67  -32   67  33  0  0 L3B 39
C13 FF 61063 190600  780 302  440    +2920826   +196         105    +33   33  19  160  +11  -28  -15  -28  -15  22  0  0 L3B 26
C05 FF 61063 192200  780 177 1240    +6876580   -357         207   -157   37  19  262   -2  -27 +106  -27  106  24  0  0 L3B 72
C08 FF 61063 192200  780 178  396    +6317129   -220         133    -38   54  19  261  +36  -13  +29  -13   29  38  0  0 L3B 3D
C11 FF 61063 192200  780 150 2917    -8382253   -115         159    +35   64  19  311 -113  -48   +5  -48    5  41  0  0 L3B 31
C13 FF 61063 192200  780 279  448    +2921014   +153         135    -10   43  19  172  +14  -40  +11  -40   11  28  0  0 L3B 12
C05 FF 61063 193800  780 179 1239    +6876314   -140         134    +60   43  19  260   -2   14  -50   14  -50  27  0  0 L3B 21
C08 FF 61063 193800  780 153  412    +6316920   -104         100    +79   66  19  301  +48   19  -38   19  -38  42  0  0 L3B 2B
C11 FF 61063 193800  780 205 2944    -8382416    -99         140    +50   51  19  230  -62  -36  -46  -36  -46  32  0  0 L3B 4A
C13 FF 61063 193800  780 256  459    +2921169   +192         134    +29   37  19  186  +16  -34  -12  -34  -12  23  0  0 L3B 47
C05 FF 61063 195400  780 180 1238    +6876092   -201         103     -2   32  19  258   -2   29   +7   29    7  21  0  0 L3B E1
C08 FF 61063 195400  780 128  432    +6316758   -122         114    +61   86  19  355  +65   25  -30   25  -30  54  0  0 L3B 29
C11 FF 61063 195400  780 263 2966    -8382537   -212         161    -63   47  19  182  -39  -52  +38  -52   38  30  0  0 L3B 5C
C13 FF 61063 195400  780 232  474    +2921301   +246         109    +83   26  19  203  +19   -9  -40   -9  -40  17  0  0 L3B 12
C05 FF 61063 201000  780 181 1238    +6875957   -128         161    +72   22  20  257   -2  -15  -45  -15  -45  14  0  0 L3B 37
C08 FF 61063 201000  780 105  454    +6316581   -154         132    +32   95  20  430  +93   30   -6   30   -6  59  0  0 L3B EB
C11 FF 61063 201000  780 322 2984    -8382688    -89         154    +60   50  20  152  -26  -52  -37  -52  -37  32  0  0 L3B 42
C12 FF 61063 201000  780 858 2402     -275088   -356         -63    -56   28  20   81   +0  -33  +30  -33   30  18  0  0 L3B F6
C13 FF 61063 201000  780 210  492    +2921452   +262          93    +97   49  20  224  +23   -4  -72   -4  -72  32  0  0 L3B F2
C05 FF 61063 202600  780 182 1237    +6875814   -213         210    -13   39  20  255   -1  -41  +20  -41   20  27  0  0 L3B 13
C11 FF 61063 202600  780 382 2994    -8382834   -162         152    -13   41  20  131  -18  -51   +9  -51    9  25  0  0 L3B 1C
C12 FF 61063 202600  780 827 1723     -275389   -332         -77    -32   37  20   81   +1  -26  +21  -26   21  23  0  0 L3B FC
C13 FF 61063 202600  780 187  513    +2921613   +194          96    +30   36  20  248  +28   -7  -13   -7  -13  25  0  0 L3B FE
C05 FF 61063 204200  780 183 1236    +6875632   -171         219    +29   28  20  254   -1  -46  -21  -46  -21  18  0  0 L3B 38
C11 FF 61063 204200  780 444 2996    -8382994   -201         135    -51   47  20  116  -13  -41  +34  -41   34  29  0  0 L3B 41
C12 FF 61063 204200  780 761 1586     -275656   -353         -56    -53   28  20   83   +3  -42  +34  -42   34  17  0  0 L3B 09
C13 FF 61063 204200  780 166  536    +2921748   +145          73    -20   40  20  279  +35   -2   +7   -2    7  28  0  0 L3B CC
C05 FF 61063 205800  780 184 1236    +6875469   -224         248    -24   35  20  253   -1  -60  +37  -60   37  22  0  0 L3B 35
C11 FF 61063 205800  780 506 2984    -8383130   -123         143    +27   44  20  105  -10  -47  -14  -47  -14  27  0  0 L3B 43
C12 FF 61063 205800  780 690 1557     -275960   -295         -71     +5   42  20   87   +4  -31   -3  -31   -3  24  0  0 L3B DC
C13 FF 61063 205800  780 145  561    +2921903   +117          70    -48   63  20  317  +44    3  +36    3   36  43  0  0 L3B D4
C05 FF 61063 211400  780 185 1236    +6875180   -303         156   -103   35  21  252   -1   15  +59   15   59  23  0  0 L3B 1E
C06 FF 61063 211400  780 102  790     -306209    +29         131   -212   58  21  444 -138  -24 +150  -24  150  36  0  0 L3B 39
C11 FF 61063 211400  780 567 2952    -8383285   -183         131    -34   44  21   97   -7  -38  +18  -38   18  26  0  0 L3B 35
C12 FF 61063 211400  780 617 1557     -276229   -318          66    -18   38  21   92   +6  -37  +19  -37   19  23  0  0 L3B 0A
C13 FF 61063 211400  780 125  589    +2922093   +216          99    +52   48  21  364  +56  -18  -32  -18  -32  33  0  0 L3B 2F
C16 FF 61063 211400  780 113  756    +8583410   -292         112   -213  132  21  404 -113  -28 +138  -28  138  82  0  0 L3B 7C
C05 FF 61063 213000  780 186 1235    +6874948   -152         116    +48   39  21  251   -1   37  -31   37  -31  27  0  0 L3B 25
C06 FF 61063 213000  780 134  778     -305967   +284         142    +42  112  21  343  -79  -30  -50  -30  -50  69  0  0 L3B 36
C11 FF 61063 213000  780 623 2889    -8383435   -135         125    +14   42  21   91   -5  -34   -3  -34   -3  24  0  0 L3B FD
C12 FF 61063 213000  780 545 1567     -276531   -222          52    +78   45  21   99   +9  -23  -50  -23  -50  27  0  0 L3B 05
C13 FF 61063 213000  780 106  618    +2922257   +176         105    +11   98  21  426  +74  -33  -30  -33  -30  65  0  0 L3B 2A
C16 FF 61063 213000  780 144  743    +8583299    -65          76    +14   58  21  320  -67  -11   -6  -11   -6  41  0  0 L3B F7
C05 FF 61063 214600  780 186 1235    +6874752   -251         112    -50   45  21  250   -1   33  +18   33   18  28  0  0 L3B 0C
C06 FF 61063 214600  780 165  765     -305751   +166         125    -76   88  21  282  -51  -27  +56  -27   56  59  0  0 L3B 39
C09 FF 61063 214600  780 124  895    -2456858   -368         123    -37   58  21  370 -102    3   +1    3    1  37  0  0 L3B E7
C11 FF 61063 214600  780 669 2778    -8383604   -158          98     -8   42  21   88   -3  -16   +7  -16    7  26  0  0 L3B FB
C16 FF 61063 214600  780 174  729    +8583237    -46          91    +34   46  21  268  -44  -23  -20  -23  -20  28  0  0 L3B 21
C05 FF 61063 220200  780 186 1235    +6874555   -221         104    -21   33  22  250   +0   35   +6   35    6  21  0  0 L3B D4
C06 FF 61063 220200  780 194  749     -305508   +242         124     -2   55  22  242  -34  -41  -12  -41  -12  35  0  0 L3B FE
C09 FF 61063 220200  780 158  886    -2457157   -372         119    -44   45  22  293  -62  -13  +22  -13   22  28  0  0 L3B 36
C11 FF 61063 220200  780 697 2609    -8383734   -152         112     -3   28  22   86   -1  -29   -1  -29   -1  18  0  0 L3B F7
C16 FF 61063 220200  780 202  713    +8583165    -68         101    +12   42  22  232  -30  -30  -13  -30  -13  28  0  0 L3B 02
C05 FF 61063 221800  780 187 1235    +6874346   -228          86    -28   36  22  250   +0   41  +14   41   14  24  0  0 L3B FF
C06 FF 61063 221800  780 221  732     -305286   +253         112    +10   49  22  214  -24  -35   -1  -35   -1  30  0  0 L3B E1
C09 FF 61063 221800  780 191  874    -2457477   -350         114    -22   33  22  245  -41  -20   +0  -20    0  21  0  0 L3B F3
C11 FF 61063 221800  780 696 2408    -8383887   -186         102    -36   40  22   86   +1  -24  +22  -24   22  25  0  0 L3B 22
C16 FF 61063 221800  780 228  695    +8583068    -75          81     +5   58  22  208  -22  -20   -7  -20   -7  38  0  0 L3B F3
C05 FF 61063 223400  780 187 1235    +6874158   -140          90    +60   37  22  250   +0   37  -43   37  -43  25  0  0 L3B 0B
C06 FF 61063 223400  780 245  713     -305034   +276         130    +32   43  22  194  -18  -48  -13  -48  -13  26  0  0 L3B 1B
C09 FF 61063 223400  780 223  861    -2457776   -396         131    -67   44  22  211  -29  -32  +35  -32   35  29  0  0 L3B 3C
C11 FF 61063 223400  780 666 2235    -8384005   -108         128    +42   41  22   88   +3  -38  -21  -38  -21  25  0  0 L3B 23
C16 FF 61063 223400  780 251  675    +8582994    -96          83    -16   39  22  190  -16  -22  +13  -22   13  24  0  0 L3B 17
C05 FF 61063 225000  780 186 1235    +6873995   -171         119    +29   29  22  250   +0   15  -22   15  -22  17  0  0 L3B 1F
C06 FF 61063 225000  780 267  692     -304805   +226         125    -17   47  22  179  -13  -46   +5  -46    5  29  0  0 L3B 00
C09 FF 61063 225000  780 254  846    -2458082   -419         140    -91   40  22  188  -21  -45  +50  -45   50  25  0  0 L3B 30
C11 FF 61063 225000  780 616 2116    -8384142   -118         134    +31   37  22   92   +5  -35   -8  -35   -8  23  0  0 L3B FC
C16 FF 61063 225000  780 271  653    +8582907   -125          73    -46   48  22  177  -12  -15  +30  -15   30  30  0  0 L3B 18
C05 FF 61063 230600  780 186 1235    +6873837   -186         153    +14   36  23  250   +0   -4   +0   -4    0  24  0  0 L3B D6
C06 FF 61063 230600  780 286  669     -304578   +228         124    -15   54  23  168  -10  -43   +6  -43    6  33  0  0 L3B FE
C09 FF 61063 230600  780 282  829    -2458442   -300          94    +28   61  23  170  -16  -26  -25  -26  -25  38  0  0 L3B 33
C11 FF 61063 230600  780 554 2042    -8384285   -140         135     +9   47  23   98   +8  -30   -1  -30   -1  29  0  0 L3B EF
C16 FF 61063 230600  780 288  629    +8582840    -58          81    +22   48  23  167   -8  -27  -16  -27  -16  30  0  0 L3B 1F
C05 FF 61063 232200  780 186 1235    +6873627   -221         135    -21   35  23  251   +1   12  +18   12   18  22  0  0 L3B FC
C06 FF 61063 232200  780 301  644     -304355   +241         113     -2   70  23  160   -7  -34  -10  -34  -10  43  0  0 L3B D9
C09 FF 61063 232200  780 309  810    -2458748   -359         104    -31   67  23  157  -12  -36  +16  -36   16  41  0  0 L3B 36
C11 FF 61063 232200  780 487 1995    -8384420   -137         143    +12   46  23  107  +12  -29   +4  -29    4  30  0  0 L3B 18
C16 FF 61063 232200  780 301  604    +8582779    -65          96    +14   48  23  160   -6  -33   -5  -33   -5  30  0  0 L3B E5
C05 FF 61063 233800  780 185 1236    +6873473   -171         173    +29   34  23  251   +1  -13  -30  -13  -30  23  0  0 L3B 2D
C06 FF 61063 233800  780 313  619     -304135   +245         100     +2   42  23  155   -5  -29   +6  -29    6  26  0  0 L3B C4
C09 FF 61063 233800  780 332  788    -2459056   -371         111    -42   39  23  147   -9  -47  +29  -47   29  24  0  0 L3B 3B
C11 FF 61063 233800  780 418 1965    -8384561   -117         146    +33   38  23  121  +17  -21   -5  -21   -5  23  0  0 L3B 25
C16 FF 61063 233800  780 311  579    +8582707    -56         100    +23   35  23  156   -4  -38  -16  -38  -16  22  0  0 L3B 1F
C05 FF 61063 235400  780 185 1236    +6873346   -184         238    +16   35  23  252   +1  -66  -16  -66  -16  22  0  0 L3B 45
C06 FF 61063 235400  780 321  593     -303890   +245         112     +2   49  23  151   -3  -44   -9  -44   -9  30  0  0 L3B D7
C09 FF 61063 235400  780 353  763    -2459394   -362          88    -33   38  23  139   -7  -34  +25  -34   25  23  0  0 L3B 24
C11 FF 61063 235400  780 349 1945    -8384682   -147         168     +3   35  23  141  +25  -23   +1  -23    1  21  0  0 L3B 05
C16 FF 61063 235400  780 317  553    +8582630   -123          99    -44   36  23  153   -2  -32  +27  -32   27  23  0  0 L3B 0D
