CGGTTS     GENERIC DATA FORMAT VERSION = 2E
REV DATE = 2026-01-01                    
RCVR = POLARX5-TR                    R2CGGTTS v8.8    
CH = 99 
IMS = POLARX5-TR                    
LAB = PTB                           
X = +3844059.67 m 
Y =  +709661.67 m 
Z = +5023129.80 m 
FRAME = ITRF
COMMENTS =           IGS RINEX,AUSPOS XYZ          
INT DLY =   33.0 ns (BDS B1I),   32.5 ns (BDS B2I)
CAB DLY =  205.7 ns 
REF DLY =   56.2 ns
REF = UTC(PTB)                      
CKSUM = AF

SAT CL  MJD  STTIME TRKL ELV AZTH   REFSV      SRSV     REFSYS    SRSYS  DSG IOE MDTR SMDT MDIO SMDI MSIO SMSI ISG FR HC FRC CK
             hhmmss  s  .1dg .1dg    .1ns     .1ps/s     .1ns    .1ps/s .1ns     .1ns.1ps/s.1ns.1ps/s.1ns.1ps/s.1ns
C05 FF 61066 000200  780 184 1237    +6838635    -42         221   +157   21   0  253   +1  -36 -111  -36 -111  14  0  0 L3B 2F
C06 FF 61066 000200  780 326  568     -262007   +174          87    -69   38   0  149   -1  -42  +42  -42   42  23  0  0 L3B E1
C09 FF 61066 000200  780 370  737    -2516399   -313          87    +15   27   0  134   -5  -27  -16  -27  -16  17  0  0 L3B 0B
C11 FF 61066 000200  780 120 3269    -8410481   -119          80    +29   75   0  383 -158  -35  -34  -35  -34  49  0  0 L3B 3E
C12 FF 61066 000200  780 461 2811     -332038   -343          64    -38   33   0  112   -1  -41  +17  -41   17  20  0  0 L3B D0
C16 FF 61066 000200  780 318  526    +8568827   -101          44    -21   38   0  153   +0   -3   +8   -3    8  24  0  0 L3B A2
C05 FF 61066 001800  780 183 1237    +6838462   -377         239   -178   24   0  254   +1  -54 +107  -54  107  17  0  0 L3B 5E
C06 FF 61066 001800  780 327  543     -261780   +243          80     +0   38   0  149   +1  -39   -1  -39   -1  27  0  0 L3B B1
C09 FF 61066 001800  780 384  709    -2516726   -258          75    +70   42   0  130   -4  -19  -47  -19  -47  25  0  0 L3B 17
C11 FF 61066 001800  780 168 3240    -8410597   -226         106    -78   56   0  277  -76  -51  +58  -51   58  36  0  0 L3B 47
C12 FF 61066 001800  780 460 2715     -332314   -304          81     +1   54   0  112   +2  -52  +11  -52   11  33  0  0 L3B B4
C16 FF 61066 001800  780 316  503    +8568772    -49          66    +31   42   0  154   +2  -18  -26  -18  -26  26  0  0 L3B FA
C05 FF 61066 003400  780 182 1238    +6838189   -163         158    +37   23   0  256   +2    0  -11    0  -11  16  0  0 L3B DB
C06 FF 61066 003400  780 324  520     -261601   +217          26    -26   38   0  150   +2   -1  +14   -1   14  24  0  0 L3B 93
C09 FF 61066 003400  780 394  680    -2517039   -258          77    +71   39   0  127   -2  -21  -40  -21  -40  24  0  0 L3B 02
C11 FF 61066 003400  780 212 3202    -8410754   -117          91    +30   62   0  223  -42  -49  -18  -49  -18  39  0  0 L3B 1D
C12 FF 61066 003400  780 442 2622     -332603   -296          86     +9   39   0  116   +5  -54   +2  -54    2  25  0  0 L3B B6
C16 FF 61066 003400  780 311  481    +8568722    -53          93    +27   30   0  156   +3  -33   -9  -33   -9  19  0  0 L3B D1
C05 FF 61066 005000  780 181 1239    +6837977   -343         137   -143   26   0  257   +2   31  +84   31   84  14  0  0 L3B 19
C06 FF 61066 005000  780 317  499     -261359   +290          34    +47   35   0  153   +4  -14  -31  -14  -31  21  0  0 L3B E1
C09 FF 61066 005000  780 400  651    -2517342   -367          89    -39   40   0  125   -1  -31  +14  -31   14  25  0  0 L3B E4
C11 FF 61066 005000  780 249 3154    -8410935    -28          52   +120   74   0  191  -25  -22  -72  -22  -72  45  0  0 L3B 1D
C12 FF 61066 005000  780 410 2539     -332908   -329          73    -23   43   0  123  +10  -41   +9  -41    9  28  0  0 L3B D3
C16 FF 61066 005000  780 302  462    +8568620    -91          66    -11   37   0  160   +5  -17   +7  -17    7  23  0  0 L3B B8
C05 FF 61066 010600  780 179 1240    +6837748   -122         102    +78   24   1  259   +2   43  -49   43  -49  14  0  0 L3B 16
C06 FF 61066 010600  780 307  481     -261086   +235          97     -5   31   1  157   +5  -35  +10  -35   10  21  0  0 L3B BD
C09 FF 61066 010600  780 402  623    -2517676   -399          68    -71   54   1  125   +0  -22  +38  -22   38  33  0  0 L3B FD
C11 FF 61066 010600  780 277 3096    -8411043   -172          85    -24   60   1  173  -14  -46  +23  -46   23  37  0  0 L3B 17
C12 FF 61066 010600  780 368 2468     -333195   -404          79    -99   41   1  134  +15  -41  +72  -41   72  25  0  0 L3B 11
C16 FF 61066 010600  780 290  446    +8568580     +2          99    +81   23   1  166   +7  -40  -53  -40  -53  14  0  0 L3B E5
C05 FF 61066 012200  780 178 1241    +6837614   -259         159    -60   45   1  261   +2    3  +36    3   36  30  0  0 L3B D7
C06 FF 61066 012200  780 295  466     -260845   +265         107    +25   28   1  163   +7  -42  -15  -42  -15  20  0  0 L3B FA
C09 FF 61066 012200  780 400  596    -2517987   -230          71    +97   28   1  125   +1  -22  -66  -22  -66  17  0  0 L3B 0C
C11 FF 61066 012200  780 295 3031    -8411175   -160          96    -12   78   1  163   -7  -49   +2  -49    2  49  0  0 L3B E9
C12 FF 61066 012200  780 318 2410     -333493   -311          75     -6   45   1  153  +23  -23  +15  -23   15  28  0  0 L3B DC
C16 FF 61066 012200  780 276  433    +8568505    -70         101    +10   34   1  173   +9  -39   -4  -39   -4  21  0  0 L3B D7
C05 FF 61066 013800  780 176 1242    +6837237   -219         -27    -19   25   1  263   +2  115   +1  115    1  15  0  0 L3B F0
C06 FF 61066 013800  780 280  454     -260623   +185          98    -56   43   1  171   +9  -41  +42  -41   42  26  0  0 L3B E5
C09 FF 61066 013800  780 395  572    -2518292   -356          81    -28   42   1  127   +2  -33  +13  -33   13  26  0  0 L3B FA
C11 FF 61066 013800  780 301 2960    -8411257     -2         156   +146   57   1  160   +0  -88  -90  -88  -90  37  0  0 L3B 1E
C12 FF 61066 013800  780 264 2361     -333807   -383          54    -77   75   1  181  +36    6  +63    6   63  46  0  0 L3B DB
C16 FF 61066 013800  780 260  424    +8568453    -83         125     -4   31   1  183  +12  -56   +4  -56    4  20  0  0 L3B CE
C05 FF 61066 015400  780 175 1243    +6837091   -140          19    +59   25   1  265   +2   93   -3   93   -3  15  0  0 L3B DA
C06 FF 61066 015400  780 263  446     -260349   +304         141    +63   44   1  181  +12  -66  -30  -66  -30  26  0  0 L3B 07
C09 FF 61066 015400  780 386  551    -2518605   -233          83    +95   32   1  129   +3  -35  -60  -35  -60  20  0  0 L3B 04
C11 FF 61066 015400  780 296 2887    -8411457   -133          97    +15   64   1  163   +6  -48   +9  -48    9  41  0  0 L3B 02
C12 FF 61066 015400  780 207 2320     -334088   -379          65    -74   67   1  226  +61   15  +51   15   51  41  0  0 L3B EB
C16 FF 61066 015400  780 242  419    +8568347   -254          96   -175   35   1  196  +15  -36 +112  -36  112  23  0  0 L3B 4C
C05 FF 61066 021000  780 173 1244    +6837065   +124         185   +324   47   2  268   +3   -3 -241   -3 -241  30  0  0 L3B 28
C06 FF 61066 021000  780 245  442     -260183   +171          72    -70   41   2  193  +14  -22  +44  -22   44  25  0  0 L3B DA
C09 FF 61066 021000  780 374  533    -2518908   -490         104   -161   27   2  132   +4  -42 +105  -42  105  16  0  0 L3B 2D
C11 FF 61066 021000  780 278 2817    -8411629    -62          67    +86   49   2  172  +13  -29  -64  -29  -64  31  0  0 L3B 2B
C12 FF 61066 021000  780 150 2285     -334394   -378          52    -72   79   2  308 +116   35  +57   35   57  49  0  0 L3B 12
C16 FF 61066 021000  780 223  417    +8568234    -83          57     -4   41   2  211  +18  -14   +3  -14    3  26  0  0 L3B AF
C05 FF 61066 022600  780 171 1245    +6836809    +75         121   +275   45   2  270   +3   24 -194   24 -194  30  0  0 L3B 34
C06 FF 61066 022600  780 226  441     -259947   +365          77   +125   31   2  209  +18  -19  -75  -19  -75  19  0  0 L3B 2F
C09 FF 61066 022600  780 361  520    -2519239   -324          89     +5   32   2  137   +5  -31   -7  -31   -7  20  0  0 L3B C7
C11 FF 61066 022600  780 250 2751    -8411769    -40          70   +108   59   2  190  +23  -28  -56  -28  -56  38  0  0 L3B 34
C16 FF 61066 022600  780 202  418    +8568182   -152          81    -73   39   2  231  +23  -26  +58  -26   58  29  0  0 L3B 18
C05 FF 61066 024200  780 170 1246    +6836673   -360         177   -161   19   2  273   +3    2 +150    2  150  13  0  0 L3B 05
C06 FF 61066 024200  780 205  444     -259721   +187          71    -53   41   2  228  +23  -15  +46  -15   46  25  0  0 L3B F1
C09 FF 61066 024200  780 345  510    -2519599   -282          44    +47   24   2  142   +6   -2  -23   -2  -23  15  0  0 L3B D9
C11 FF 61066 024200  780 214 2692    -8411904   -187          75    -39   58   2  219  +39  -28  +23  -28   23  35  0  0 L3B 2D
C16 FF 61066 024200  780 181  423    +8568129   -185         104   -106   43   2  257  +30  -37  +62  -37   62  30  0  0 L3B 2B
C05 FF 61066 025800  780 168 1247    +6836357   -355          53   -155   30   2  276   +3   74  +43   74   43  20  0  0 L3B 11
C06 FF 61066 025800  780 184  450     -259480   +264          82    +23   53   2  253  +29  -22  -10  -22  -10  29  0  0 L3B FA
C09 FF 61066 025800  780 327  505    -2519872   -409          87    -81   29   2  149   +8  -30  +50  -30   50  18  0  0 L3B 0A
C11 FF 61066 025800  780 172 2639    -8412045   -135          76    +13   77   2  270  +68  -14  +14  -14   14  45  0  0 L3B 1C
C16 FF 61066 025800  780 160  431    +8567991   -222          42   -143   58   2  289  +39    2  +94    2   94  35  0  0 L3B F7
C05 FF 61066 031400  780 166 1248    +6836206   +279         103   +480   23   3  279   +3   45 -303   45 -303  14  0  0 L3B 42
C06 FF 61066 031400  780 163  459     -259222   +308         119    +68   57   3  284  +37  -36  -42  -36  -42  37  0  0 L3B 27
C09 FF 61066 031400  780 309  504    -2520174   -333         105     -4   37   3  157   +9  -41  +16  -41   16  22  0  0 L3B E6
C11 FF 61066 031400  780 126 2591    -8412196   -127          67    +21   87   3  363 +135   14  +17   14   17  53  0  0 L3B 13
C16 FF 61066 031400  780 138  442    +8567942   -106          78    -26   41   3  332  +52  -13  +21  -13   21  27  0  0 L3B 01
C05 FF 61066 033000  780 164 1250    +6836054   -240         145    -40   35   3  282   +3   31  +41   31   41  25  0  0 L3B E2
C06 FF 61066 033000  780 141  471     -258988   +254         123    +14   59   3  324  +48  -40   +8  -40    8  37  0  0 L3B E9
C09 FF 61066 033000  780 289  506    -2520501   -348          93    -19   52   3  166  +11  -28  +12  -28   12  32  0  0 L3B 02
C16 FF 61066 033000  780 116  455    +8567855   -107          68    -27   51   3  391  +72   -6  +26   -6   26  33  0  0 L3B F6
C05 FF 61066 034600  780 162 1251    +6835848   -285         131    -84   24   3  286   +4   35  +50   35   50  18  0  0 L3B 0B
C06 FF 61066 034600  780 120  485     -258757   +324         124    +84   61   3  379  +66  -37  -61  -37  -61  39  0  0 L3B 30
C09 FF 61066 034600  780 269  512    -2520806   -363         104    -34   25   3  178  +13  -35  +13  -35   13  16  0  0 L3B 14
C05 FF 61066 040200  780 160 1252    +6835613   -340          88   -140   23   4  289   +4   54  +79   54   79  16  0  0 L3B 0E
C09 FF 61066 040200  780 249  521    -2521135   -425          91    -95   37   4  191  +15  -29  +63  -29   63  24  0  0 L3B 12
C05 FF 61066 043000  780 156 1254    +6835321   -295         133    -94   26   4  295   +4   20  +14   20   14  16  0  0 L3B F6
C09 FF 61066 043000  780 213  545    -2521698   -455          80   -126   50   4  221  +21  -21  +80  -21   80  33  0  0 L3B 0A
C05 FF 61066 044600  780 154 1256    +6835272   -204         277     -3   35   4  299   +4  -65  +42  -65   42  24  0  0 L3B 18
C07 FF 61066 044600  780 113  760    -4828501   -382         148   -139  207   4  402  -91  -34  +93  -34   93 127  0  0 L3B 62
C09 FF 61066 044600  780 193  562    -2522009   -287          85    +42   41   4  242  +25  -17  -17  -17  -17  27  0  0 L3B 20
C05 FF 61066 050200  780 152 1257    +6835038   -515         233   -315   32   5  303   +4  -10 +234  -10  234  20  0  0 L3B 31
C07 FF 61066 050200  780 138  746    -4828799   -146          76    +96   99   5  332  -58   -2  -60   -2  -60  60  0  0 L3B 1B
C09 FF 61066 050200  780 173  582    -2522319   -248          94    +81   56   5  269  +30  -19  -55  -19  -55  37  0  0 L3B 32
C10 FF 61066 050200  780 135  887     -200835   +146          96    -68   45   5  340  -72   -5  +42   -5   42  30  0  0 L3B D2
C05 FF 61066 051800  780 150 1258    +6834814   -203         202     -2   37   5  307   +4   12  +38   12   38  27  0  0 L3B E5
C07 FF 61066 051800  780 162  732    -4829006   -240         101     +2   43   5  286  -40  -16   -7  -16   -7  27  0  0 L3B EE
C09 FF 61066 051800  780 153  603    -2522625   -381         105    -52   48   5  301  +37  -20  +41  -20   41  33  0  0 L3B 06
C10 FF 61066 051800  780 164  875     -200673   +314          53   +100   61   5  283  -48   21  -75   21  -75  39  0  0 L3B FC
C14 FF 61066 051800  780 601 2920    +3409376   +405         112    -16   53   5   93   -5  -43  +11  -43   11  32  0  0 L3B F7
C05 FF 61066 053400  780 148 1259    +6834558   -169         138    +31   19   5  310   +4   69  -24   69  -24  12  0  0 L3B 24
C07 FF 61066 053400  780 184  716    -4829250   -213          89    +29   64   5  254  -28   -7   -4   -7   -4  42  0  0 L3B E6
C09 FF 61066 053400  780 134  627    -2522966   -297          79    +32   63   5  341  +47   12   -5   12   -5  38  0  0 L3B EB
C10 FF 61066 053400  780 192  863     -200404   +229         116    +14   42   5  244  -34  -22  -14  -22  -14  29  0  0 L3B FD
C14 FF 61066 053400  780 650 2822    +3409785   +320         117   -102   41   5   89   -3  -47  +66  -47   66  25  0  0 L3B 29
C05 FF 61066 055000  780 146 1260    +6834388     +6         161   +206   30   5  314   +4   61 -119   61 -119  20  0  0 L3B 13
C07 FF 61066 055000  780 203  699    -4829478   -270          94    -28   61   5  231  -20   -6  +32   -6   32  40  0  0 L3B F1
C09 FF 61066 055000  780 115  653    -2523279   -402          83    -73   83   5  393  +61   29  +76   29   76  56  0  0 L3B 11
C10 FF 61066 055000  780 218  849     -200254   +215          60     +1   52   5  217  -25   18   +8   18    8  32  0  0 L3B 98
C14 FF 61066 055000  780 683 2670    +3410160   +418          87     -4   49   5   87   -1  -28   +4  -28    4  30  0  0 L3B C6
C05 FF 61066 060600  780 144 1261    +6834265    -55         231   +145   36   6  318   +4   45  -35   45  -35  24  0  0 L3B 11
C07 FF 61066 060600  780 220  681    -4829714   -195          93    +47   52   6  214  -15    6  -21    6  -21  32  0  0 L3B DE
C10 FF 61066 060600  780 242  833     -200026   +108          96   -105   38   6  196  -18   10  +72   10   72  24  0  0 L3B DE
C14 FF 61066 060600  780 689 2478    +3410569   +479          90    +57   59   6   87   +1  -27  -26  -27  -26  36  0  0 L3B 33
C05 FF 61066 062200  780 142 1262    +6834077   -233         236    -32   18   6  322   +4   78  +28   78   28  14  0  0 L3B 0A
C07 FF 61066 062200  780 235  662    -4829953   -156          86    +86   64   6  202  -11   17  -36   17  -36  38  0  0 L3B 1A
C10 FF 61066 062200  780 264  816     -199814   +272         103    +59   62   6  181  -14   17  -29   17  -29  38  0  0 L3B 0D
C14 FF 61066 062200  780 665 2300    +3410998   +454         114    +32   47   6   88   +2  -32   -4  -32   -4  28  0  0 L3B F0
C05 FF 61066 063800  780 141 1263    +6833837   -232         189    -32   35   6  326   +4  147  +39  147   39  22  0  0 L3B 3A
C07 FF 61066 063800  780 246  643    -4830150   -275         123    -33   58   6  193   -8   10  +37   10   37  34  0  0 L3B F6
C10 FF 61066 063800  780 284  798     -199577   +297         137    +84   50   6  169  -11    6  -55    6  -55  33  0  0 L3B 06
C14 FF 61066 063800  780 619 2171    +3411403   +424         115     +2   32   6   91   +5  -18  +20  -18   20  19  0  0 L3B E1
C05 FF 61066 065400  780 139 1264    +6833595   -219         139    -19   22   6  330   +4  187  +27  187   27  14  0  0 L3B 40
C07 FF 61066 065400  780 255  623    -4830382   -224         123    +18   48   6  187   -5   26  +16   26   16  31  0  0 L3B F8
C10 FF 61066 065400  780 302  778     -199414    +45          95   -167   44   6  160   -8   44 +124   44  124  27  0  0 L3B FF
C14 FF 61066 065400  780 560 2087    +3411819   +411         125    -10   51   6   97   +7   -4  +30   -4   30  32  0  0 L3B D5
C05 FF 61066 071000  780 137 1265    +6833278   -324          15   -123   21   7  333   +4  290  +81  290   81  16  0  0 L3B 23
C07 FF 61066 071000  780 261  603    -4830620   -274         116    -32   55   7  183   -3   41  +43   41   43  33  0  0 L3B E1
C10 FF 61066 071000  780 317  757     -199193   +179         109    -35   45   7  153   -6   52  +34   52   34  28  0  0 L3B EE
C14 FF 61066 071000  780 495 2034    +3412222   +428         124     +6   47   7  106  +11   23  +23   23   23  31  0  0 L3B DF
C05 FF 61066 072600  780 136 1266    +6833173   +103         103   +303   20   7  337   +4  228 -186  228 -186  14  0  0 L3B 67
C07 FF 61066 072600  780 263  584    -4830865   -233         103     +9   39   7  181   -1   66   +3   66    3  22  0  0 L3B C8
C10 FF 61066 072600  780 329  735     -198994   +209         104     -4   50   7  148   -4   62  +17   62   17  32  0  0 L3B DA
C14 FF 61066 072600  780 426 1999    +3412624   +319         121   -103   52   7  119  +16   58  +94   58   94  32  0  0 L3B 3B
C05 FF 61066 074200  780 134 1266    +6833081   -317         204   -117   18   7  340   +3  196 +142  196  142  12  0  0 L3B 58
C07 FF 61066 074200  780 263  566    -4831056   -244         145     -2   55   7  181   +1   51  +10   51   10  33  0  0 L3B D0
C10 FF 61066 074200  780 337  713     -198772   +178         121    -35   26   7  145   -3   57  +31   57   31  17  0  0 L3B E7
C14 FF 61066 074200  780 357 1976    +3413035   +349         127    -73   53   7  138  +24   87  +94   87   94  32  0  0 L3B 38
C05 FF 61066 075800  780 133 1267    +6832972    -20         288   +181   28   7  343   +3  183 -129  183 -129  17  0  0 L3B 73
C07 FF 61066 075800  780 260  549    -4831303   -281         130    -39   36   7  183   +3   79  +32   79   32  22  0  0 L3B 02
C10 FF 61066 075800  780 343  691     -198558   +166         130    -47   48   7  143   -2   58  +41   58   41  29  0  0 L3B FA
C14 FF 61066 075800  780 288 1959    +3413468   +466         155    +44   50   7  167  +37  121  +32  121   32  30  0  0 L3B 45
C05 FF 61066 081400  780 132 1268    +6832802   -272         311    -71   20   8  346   +3  155  +62  155   62  15  0  0 L3B 21
C07 FF 61066 081400  780 254  534    -4831555   -155         107    +87   54   8  187   +5  108  -32  108  -32  33  0  0 L3B 30
C10 FF 61066 081400  780 346  669     -198389   +215          67     -1   33   8  142   +0   90   +3   90    3  20  0  0 L3B 98
C14 FF 61066 081400  780 220 1945    +3413843   +394         125    -28   37   8  214  +63  191  +72  191   72  23  0  0 L3B 3F
C05 FF 61066 083000  780 131 1268    +6832398   -542          99   -341   15   8  349   +3  354 +271  354  271  10  0  0 L3B 5D
C07 FF 61066 083000  780 246  522    -4831775   -288         119    -47   52   8  193   +7  121  +42  121   42  32  0  0 L3B 1D
C10 FF 61066 083000  780 345  649     -198201   +240          46    +24   42   8  142   +1  111  +14  111   14  26  0  0 L3B CF
C12 FF 61066 083000  780 118 1330     -341365   -362          42    -57   94   8  392 -189  322  +15  322   15  60  0  0 L3B 28
C14 FF 61066 083000  780 154 1932    +3414273   +450         149    +28   57   8  300 +124  243  +62  243   62  36  0  0 L3B 44
C05 FF 61066 084600  780 130 1268    +6832065   -168         -41    +33   18   8  351   +2  458  -19  458  -19  12  0  0 L3B 40
C07 FF 61066 084600  780 235  512    -4832004   -154         122    +87   58   8  201   +9  135  -43  135  -43  36  0  0 L3B 24
C10 FF 61066 084600  780 342  631     -197958   +199          82    -17   39   8  143   +2   97  +34   97   34  23  0  0 L3B F0
C12 FF 61066 084600  780 175 1297     -341645   -268          55    +38   56   8  268  -87  261  -23  261  -23  37  0  0 L3B 47
C05 FF 61066 090200  780 129 1269    +6831936   -121          21    +80   20   9  353   +2  446  +19  446   19  15  0  0 L3B 1A
C07 FF 61066 090200  780 223  505    -4832236   -116         113   +125   37   9  211  +12  157  -51  157  -51  22  0  0 L3B 34
C10 FF 61066 090200  780 336  615     -197748   +227         117    +15   40   9  146   +3  112  -14  112  -14  25  0  0 L3B 00
C12 FF 61066 090200  780 232 1259     -341947   -279          95    +17   69   9  205  -49  216  -17  216  -17  43  0  0 L3B 3D
C05 FF 61066 091800  780 128 1269    +6831835    -89         112   +111   22   9  355   +2  430 -120  430 -120  15  0  0 L3B 4E
C07 FF 61066 091800  780 209  500    -4832460   -335         120    -94   43   9  224  +15  164  +66  164   66  27  0  0 L3B 33
C10 FF 61066 091800  780 327  601     -197555   +209         106     -3   25   9  149   +4  122   +7  122    7  16  0  0 L3B C9
C12 FF 61066 091800  780 288 1214     -342239   -308          87    -12   49   9  168  -30  183  -17  183  -17  31  0  0 L3B 37
C05 FF 61066 093400  780 128 1269    +6831687   -205         157     -5   24   9  357   +1  355   -6  355   -6  17  0  0 L3B 1B
C07 FF 61066 093400  780 194  498    -4832668   -319         143    -79   25   9  241  +19  166  +55  166   55  18  0  0 L3B 5B
C10 FF 61066 093400  780 317  591     -197390   +262          67    +50   50   9  153   +5  152  -10  152  -10  29  0  0 L3B F7
C12 FF 61066 093400  780 340 1161     -342526   -273          84    +23   50   9  144  -19  158  -29  158  -29  31  0  0 L3B 2B
C05 FF 61066 095000  780 128 1269    +6831482   -208         145     -7   23   9  358   +1  409  +76  409   76  16  0  0 L3B 32
C07 FF 61066 095000  780 177  499    -4832974   -539          68   -299   80   9  262  +25  231 +232  231  232  49  0  0 L3B 7A
C10 FF 61066 095000  780 304  583     -197203   +260          50    +47   34   9  159   +6  180  -12  180  -12  20  0  0 L3B ED
C11 FF 61066 095000  780 134 1605    -8415712    -54          56    +94   47   9  347 -163  355 -249  355 -249  38  0  0 L3B 7E
C12 FF 61066 095000  780 387 1097     -342828   -309          67    -12   54   9  129  -12  129  -15  129  -15  34  0  0 L3B 37
C05 FF 61066 100600  780 127 1269    +6831251   -232          97    -33   19  10  358   +1  419  -30  419  -30  14  0  0 L3B 2E
C07 FF 61066 100600  780 160  503    -4833176   -136          97   +105   36  10  289  +31  252  -37  252  -37  25  0  0 L3B 47
C10 FF 61066 100600  780 290  579     -196927   +156         128    -55   19  10  166   +8  148  +46  148   46  13  0  0 L3B 2A
C11 FF 61066 100600  780 198 1587    -8415868   -169          42    -21   44  10  238  -77  306 -113  306 -113  24  0  0 L3B 77
C12 FF 61066 100600  780 424 1020     -343129   -303          98     +0   46  10  120   -8  126  -16  126  -16  27  0  0 L3B F1
C05 FF 61066 102200  780 127 1269    +6831004   -265          41    -65   20  10  359   +0  455  +73  455   73  14  0  0 L3B 1F
C07 FF 61066 102200  780 142  509    -4833405   -112          99   +129   79  10  323  +41  268  -49  268  -49  52  0  0 L3B 59
C10 FF 61066 102200  780 275  577     -196729   +134         123    -77   27  10  174   +9  159  +58  159   58  17  0  0 L3B 31
C11 FF 61066 102200  780 264 1568    -8415994   -197          57    -50   44  10  182  -44  224  -27  224  -27  25  0  0 L3B 56
C12 FF 61066 102200  780 450  932     -343423   -311          94     -8   44  10  114   -4  120   +5  120    5  27  0  0 L3B A9
C05 FF 61066 103800  780 127 1269    +6830770   -213          -1    -13   26  10  358   +0  474  -14  474  -14  17  0  0 L3B 29
C07 FF 61066 103800  780 123  518    -4833632    -33         103   +208   66  10  369  +54  292  -84  292  -84  42  0  0 L3B 54
C10 FF 61066 103800  780 259  579     -196569   +171          80    -41   36  10  184  +11  207  +49  207   49  23  0  0 L3B 23
C11 FF 61066 103800  780 330 1544    -8416167    -95          26    +53   57  10  148  -28  200  -55  200  -55  35  0  0 L3B 33
C12 FF 61066 103800  780 460  837     -343732   -289          76    +14   55  10  112   -1  132   -7  132   -7  34  0  0 L3B E5
C05 FF 61066 105400  780 127 1268    +6830596   -168          17    +31   25  10  358   -1  481  +24  481   24  16  0  0 L3B 2D
C07 FF 61066 105400  780 105  529    -4833840   -165         126    +76   60  10  430  +74  298  -11  298  -11  38  0  0 L3B 51
C10 FF 61066 105400  780 242  584     -196404   +145          42    -66   46  10  195  +13  255  +59  255   59  29  0  0 L3B 22
C11 FF 61066 105400  780 397 1514    -8416267   -134          67    +13   39  10  127  -18  151  -38  151  -38  23  0  0 L3B 4C
C12 FF 61066 105400  780 454  743     -344000   -221          98    +82   61  10  113   +3  119  -46  119  -46  37  0  0 L3B 03
C05 FF 61066 111000  780 128 1268    +6830406   -254          25    -54   18  11  357   -1  458  -20  458  -20  13  0  0 L3B 2D
C10 FF 61066 111000  780 225  591     -196143   +309          97    +98   39  11  209  +16  219  -30  219  -30  28  0  0 L3B 23
C11 FF 61066 111000  780 462 1472    -8416444   -184          32    -37   60  11  112  -12  142   -7  142   -7  38  0  0 L3B 10
C12 FF 61066 111000  780 433  658     -344309   -255          97    +49   53  11  117   +6  136  -34  136  -34  32  0  0 L3B 0F
C05 FF 61066 112600  780 128 1267    +6830275     +9          86   +209   21  11  356   -1  426 -132  426 -132  15  0  0 L3B 43
C10 FF 61066 112600  780 207  601     -195933   +160         104    -52   52  11  226  +19  245  +64  245   64  34  0  0 L3B 17
C11 FF 61066 112600  780 524 1413    -8416603   -170          14    -23   55  11  102   -8  127  -23  127  -23  33  0  0 L3B 19
C12 FF 61066 112600  780 400  587     -344580   -295         118    +10   47  11  125  +10  137  +20  137   20  29  0  0 L3B 10
C05 FF 61066 114200  780 129 1267    +6830188   -303         191   -103   25  11  354   -2  335  +49  335   49  17  0  0 L3B 4E
C10 FF 61066 114200  780 189  614     -195773   +237          61    +25   66  11  246  +23  297   +6  297    6  41  0  0 L3B FF
C11 FF 61066 114200  780 577 1329    -8416762   -112          -4    +36   45  11   96   -5  131  -36  131  -36  28  0  0 L3B 1F
C12 FF 61066 114200  780 357  532     -344902   -314          88    -10   53  11  138  +16  173  +24  173   24  33  0  0 L3B 07
C05 FF 61066 115800  780 130 1266    +6829867   -192          62     +8   23  11  352   -2  442  +28  442   28  16  0  0 L3B 20
C10 FF 61066 115800  780 171  629     -195522   +264         108    +52   61  11  270  +28  273  -30  273  -30  41  0  0 L3B 27
C11 FF 61066 115800  780 618 1212    -8416928   -190         -28    -43   43  11   92   -3  132  +20  132   20  26  0  0 L3B 14
C12 FF 61066 115800  780 307  493     -345196   -278          87    +27   50  11  158  +25  195  +10  195   10  32  0  0 L3B 1F
C05 FF 61066 121400  780 130 1266    +6829727   -125         110    +75   20  12  350   -3  407  -38  407  -38  12  0  0 L3B 3A
C10 FF 61066 121400  780 153  646     -195326   +207          96     -6   62  12  300  +34  289   +9  289    9  39  0  0 L3B F0
C11 FF 61066 121400  780 638 1064    -8417071   -133          55    +18   55  12   90   -1  130   -5  130   -5  35  0  0 L3B EB
C12 FF 61066 121400  780 253  467     -345466   -397         113    -92   56  12  188  +39  207  +80  207   80  32  0  0 L3B 36
C05 FF 61066 123000  780 131 1265    +6829609   -239         184    -39   26  12  347   -3  357   +3  357    3  18  0  0 L3B 25
C10 FF 61066 123000  780 136  664     -195159   +250          58    +38   67  12  337  +43  309  -50  309  -50  41  0  0 L3B 23
C11 FF 61066 123000  780 634  909    -8417193   -106          78    +45   38  12   90   +1  116  -27  116  -27  23  0  0 L3B 12
C12 FF 61066 123000  780 197  452     -345741   -281         130    +24   46  12  237  +66  217   -4  217   -4  31  0  0 L3B 03
C05 FF 61066 124600  780 133 1264    +6829387   -260         154    -60   17  12  345   -3  358  +39  358   39  11  0  0 L3B 4C
C08 FF 61066 124600  780 115  823    +6273839   -133          56    +48   49  12  398 -133  318 -122  318 -122  30  0  0 L3B 79
C10 FF 61066 124600  780 118  685     -194915   +201          99    -11   62  12  384  +55  279   +6  279    6  39  0  0 L3B 0C
C11 FF 61066 124600  780 607  778    -8417328   -113          89    +38   36  12   93   +3  107  -27  107  -27  22  0  0 L3B 21
C12 FF 61066 124600  780 141  446     -346075   -304          90     +0   48  12  327 +130  261  +11  261   11  30  0  0 L3B F2
C05 FF 61066 130200  780 134 1263    +6829142   -265         102    -65   16  13  342   -3  380   +6  380    6  12  0  0 L3B 05
C08 FF 61066 130200  780 154  812    +6273671    -90          85    +94   81  13  302  -74  258 -120  258 -120  50  0  0 L3B 48
C10 FF 61066 130200  780 101  707     -194695   +179         118    -33   59  13  446  +74  262  +23  262   23  40  0  0 L3B 24
C11 FF 61066 130200  780 563  683    -8417444   -219          97    -70   34  13   97   +6   98  +38   98   38  21  0  0 L3B 05
C13 FF 61066 130200  780 131  909    +2959720   +163          24     -2   55  13  351 -103  323  -71  323  -71  36  0  0 L3B 25
C05 FF 61066 131800  780 135 1263    +6828885   -247          36    -47   20  13  338   -4  390  +25  390   25  14  0  0 L3B 37
C08 FF 61066 131800  780 191  800    +6273505   -164          96    +21   48  13  245  -47  208  -52  208  -52  29  0  0 L3B 40
C11 FF 61066 131800  780 510  623    -8417586   -162          98    -13   50  13  104   +9   94   +6   94    6  30  0  0 L3B D4
C13 FF 61066 131800  780 170  900    +2959901   +244          47    +79   42  13  274  -61  258 -121  258 -121  31  0  0 L3B 5C
C05 FF 61066 133400  780 137 1262    +6828848   -164         192    +36   30  13  335   -4  283  -47  283  -47  19  0  0 L3B 5E
C08 FF 61066 133400  780 227  785    +6273306   -236          73    -52   59  13  208  -31  183  -11  183  -11  38  0  0 L3B 3E
C11 FF 61066 133400  780 452  589    -8417726   -147         100     +1   45  13  114  +12   91   -2   91   -2  27  0  0 L3B E2
C13 FF 61066 133400  780 207  889    +2960043   +201          31    +37   44  13  227  -40  224  -74  224  -74  28  0  0 L3B 2F
C05 FF 61066 135000  780 138 1261    +6828601   -256         137    -56   24  13  331   -4  275  -10  275  -10  18  0  0 L3B 40
C08 FF 61066 135000  780 261  767    +6273134   -182          79     +3   57  13  183  -22  136  -31  136  -31  35  0  0 L3B 26
C11 FF 61066 135000  780 392  572    -8417866   -160         103    -11   33  13  127  +17   96  +25   96   25  21  0  0 L3B 16
C13 FF 61066 135000  780 244  876    +2960199   +112          29    -52   33  13  195  -28  179  -25  179  -25  21  0  0 L3B 48
C05 FF 61066 140600  780 140 1260    +6828172   -249         -98    -48   56  14  327   -4  387  +47  387   47  36  0  0 L3B 5B
C08 FF 61066 140600  780 293  746    +6272992   -159         120    +26   51  14  165  -16   93  -41   93  -41  32  0  0 L3B 32
C11 FF 61066 140600  780 332  568    -8417993   -200         112    -52   50  14  147  +24   96  +48   96   48  32  0  0 L3B 24
C13 FF 61066 140600  780 279  860    +2960368   +164          43     +0   36  14  172  -20  147  -21  147  -21  22  0  0 L3B 19
C05 FF 61066 142200  780 142 1259    +6828276    -25         199   +175   57  14  323   -4  183 -121  183 -121  39  0  0 L3B 79
C08 FF 61066 142200  780 322  722    +6272776   -136          82    +49   45  14  151  -12  101  -31  101  -31  28  0  0 L3B 23
C11 FF 61066 142200  780 272  574    -8418099   -164         147    -16   44  14  176  +36   85  +25   85   25  28  0  0 L3B 30
C13 FF 61066 142200  780 312  841    +2960495   +136          12    -28   41  14  156  -15  141  -10  141  -10  27  0  0 L3B 19
C05 FF 61066 143800  780 144 1258    +6828034   -571         148   -371   32  14  319   -4  208 +196  208  196  20  0  0 L3B 82
C08 FF 61066 143800  780 347  694    +6272633   -144         116    +41   45  14  142   -9   69  -31   69  -31  28  0  0 L3B 26
C11 FF 61066 143800  780 213  587    -8418269   -100         119    +48   50  14  220  +58  107  -13  107  -13  33  0  0 L3B 3F
C13 FF 61066 143800  780 342  818    +2960678   +297          37   +132   42  14  143  -11  108 -106  108 -106  26  0  0 L3B 6D
C05 FF 61066 145400  780 146 1257    +6827740     -6          46   +194   27  14  315   -4  262 -152  262 -152  20  0  0 L3B 4A
C08 FF 61066 145400  780 369  663    +6272476   -284         137    -99   58  14  134   -6   50  +54   50   54  35  0  0 L3B 27
C11 FF 61066 145400  780 156  606    -8418414   -158         116    -11   73  14  296 +105  121  +26  121   26  48  0  0 L3B 47
C13 FF 61066 145400  780 370  793    +2960841   +124          42    -41   29  14  134   -8   96  +14   96   14  18  0  0 L3B FD
C05 FF 61066 151000  780 148 1256    +6827607   -121         105    +79   19  15  311   -4  205  -40  205  -40  14  0  0 L3B 35
C08 FF 61066 151000  780 386  629    +6272279   -155         105    +29   61  15  129   -4   56  -24   56  -24  39  0  0 L3B 27
C11 FF 61066 151000  780 101  629    -8418554   -114         114    +33   83  15  449 +235  119  -49  119  -49  57  0  0 L3B 65
C13 FF 61066 151000  780 394  763    +2960986   +173          48    +11   26  15  127   -6   92  -15   92  -15  16  0  0 L3B 0D
C05 FF 61066 152600  780 150 1254    +6827457    -71         148   +129   19  15  307   -4  161 -130  161 -130  12  0  0 L3B 62
C08 FF 61066 152600  780 398  593    +6272104   -172         106    +12   59  15  126   -3   50  -16   50  -16  36  0  0 L3B 12
C13 FF 61066 152600  780 414  730    +2961149   +112          55    -50   37  15  122   -5   84  +19   84   19  23  0  0 L3B F0
C14 FF 61066 152600  780 139  911    +3424789   +566          90   +143   97  15  334 -106  145 -129  145 -129  59  0  0 L3B 9D
C05 FF 61066 154200  780 152 1253    +6827317   -166         200    +34   24  15  304   -4  115  -52  115  -52  16  0  0 L3B 32
C08 FF 61066 154200  780 405  556    +6271911   -209          90    -25   62  15  124   -1   46  +10   46   10  37  0  0 L3B E8
C13 FF 61066 154200  780 430  695    +2961306   +166          57     +4   33  15  118   -3   65  -17   65  -17  21  0  0 L3B EF
C14 FF 61066 154200  780 180  859    +3425206   +431         101     +9   60  15  259  -56  108  -39  108  -39  37  0  0 L3B 3E
C05 FF 61066 155800  780 154 1252    +6826980   -277          56    -76   42  15  300   -4  178  +30  178   30  22  0  0 L3B 37
C08 FF 61066 155800  780 407  520    +6271748   -118         104    +66   53  15  124   +0   31  -52   31  -52  34  0  0 L3B 07
C13 FF 61066 155800  780 440  658    +2961461   +209          56    +47   31  15  116   -2   53  -34   53  -34  19  0  0 L3B 06
C14 FF 61066 155800  780 216  801    +3425616   +450         106    +27   83  15  218  -32   72  -50   72  -50  53  0  0 L3B 1D
C05 FF 61066 161400  780 156 1251    +6826813   -129          84    +72   26  16  296   -4  152  -71  152  -71  19  0  0 L3B 43
C08 FF 61066 161400  780 404  486    +6271574   -101          99    +82   36  16  125   +1   22  -46   22  -46  23  0  0 L3B 00
C13 FF 61066 161400  780 446  620    +2961634    +64          63    -99   24  16  115   -1   35  +58   35   58  16  0  0 L3B ED
C14 FF 61066 161400  780 244  738    +3426035   +498         119    +75   58  16  194  -18   31  -75   31  -75  37  0  0 L3B 3F
C05 FF 61066 163000  780 158 1250    +6826856   -110         320    +90   58  16  292   -4   -7  -69   -7  -69  37  0  0 L3B 2F
C08 FF 61066 163000  780 396  454    +6271423   -194         123    -11   29  16  127   +3   -1   -8   -1   -8  18  0  0 L3B E0
C13 FF 61066 163000  780 447  583    +2961764   +186          36    +22   39  16  115   +0   46  -22   46  -22  27  0  0 L3B 03
C14 FF 61066 163000  780 263  670    +3426432   +369         110    -53   58  16  182   -9   24  +12   24   12  34  0  0 L3B F9
C05 FF 61066 164600  780 160 1249    +6826558   -291         214    -90   26  16  288   -4   40  +20   40   20  19  0  0 L3B 1B
C08 FF 61066 164600  780 384  427    +6271216   -113          92    +70   42  16  130   +4    7  -59    7  -59  26  0  0 L3B E6
C13 FF 61066 164600  780 443  548    +2961933   +283          49   +120   33  16  115   +1   25  -83   25  -83  21  0  0 L3B 13
C14 FF 61066 164600  780 270  600    +3426831   +522         103   +100   87  16  177   -1   12  -81   12  -81  52  0  0 L3B 0D
C05 FF 61066 170200  780 162 1248    +6826318   -267         161    -67   30  17  285   -4   55  +52   55   52  21  0  0 L3B 1F
C08 FF 61066 170200  780 368  404    +6271085   -279         136    -97   38  17  135   +6  -25  +63  -25   63  23  0  0 L3B 32
C13 FF 61066 170200  780 435  517    +2962076   +200          40    +37   25  17  117   +2   26  -25   26  -25  15  0  0 L3B ED
C14 FF 61066 170200  780 265  531    +3427250   +386         131    -34   60  17  180   +7   -2  +19   -2   19  37  0  0 L3B EE
C05 FF 61066 171800  780 164 1247    +6826055   -412          91   -212   26  17  282   -3   92 +128   92  128  17  0  0 L3B 47
C08 FF 61066 171800  780 349  387    +6270901   -172         128    +11   43  17  141   +7  -21  -18  -21  -18  28  0  0 L3B 2D
C13 FF 61066 171800  780 422  491    +2962221   +160          30     -3   27  17  120   +3   28   -4   28   -4  17  0  0 L3B B5
C14 FF 61066 171800  780 249  466    +3427642   +346         119    -75   53  17  191  +16    1  +42    1   42  33  0  0 L3B F6
C05 FF 61066 173400  780 166 1246    +6825875    +24         103   +224   29  17  278   -3   96 -159   96 -159  20  0  0 L3B 68
C08 FF 61066 173400  780 328  374    +6270738   -241         140    -58   48  17  149   +9  -33  +22  -33   22  30  0  0 L3B 25
C13 FF 61066 173400  780 407  469    +2962432   +225          85    +62   24  17  124   +4   -9  -42   -9  -42  15  0  0 L3B FA
C14 FF 61066 173400  780 222  409    +3428064   +433         137    +13   75  17  212  +29  -16  -15  -16  -15  49  0  0 L3B 38
C05 FF 61066 175000  780 168 1244    +6825706   -643         125   -443   39  17  275   -3   49 +255   49  255  26  0  0 L3B 6C
C08 FF 61066 175000  780 305  367    +6270504   -122          81    +61   45  17  158  +11   -3  -36   -3  -36  28  0  0 L3B 01
C13 FF 61066 175000  780 389  453    +2962577   +112          73    -51   30  17  128   +5   -5  +35   -5   35  20  0  0 L3B E7
C14 FF 61066 175000  780 187  360    +3428479   +410         149    -10   87  17  249  +51  -36  -18  -36  -18  53  0  0 L3B 50
C05 FF 61066 180600  780 170 1243    +6825392    -69           1   +130   28  18  272   -3  121  -58  121  -58  16  0  0 L3B 23
C08 FF 61066 180600  780 281  364    +6270368   -114         116    +68   40  18  171  +14  -26  -57  -26  -57  24  0  0 L3B 48
C13 FF 61066 180600  780 369  443    +2962763   +227         103    +65   25  18  134   +7  -26  -44  -26  -44  16  0  0 L3B 35
C14 FF 61066 180600  780 145  321    +3428891   +397         156    -23   61  18  317  +96  -48   +5  -48    5  37  0  0 L3B 26
C05 FF 61066 182200  780 172 1243    +6825342    +53         144   +253   22  18  270   -3   35 -175   35 -175  14  0  0 L3B 41
C08 FF 61066 182200  780 256  366    +6270161   -239          85    -57   55  18  186  +18  -10  +32  -10   32  35  0  0 L3B 25
C13 FF 61066 182200  780 347  437    +2962885    +45          69   -118   31  18  141   +8   -2  +65   -2   65  19  0  0 L3B FB
C05 FF 61066 183800  780 174 1242    +6825099   -595          92   -396   24  18  267   -3   66 +261   66  261  16  0  0 L3B 66
C08 FF 61066 183800  780 231  372    +6269988   -145          87    +38   53  18  205  +22  -20  -35  -20  -35  33  0  0 L3B 3C
C13 FF 61066 183800  780 325  436    +2963042   +203          70    +40   35  18  150  +10   -3  -17   -3  -17  21  0  0 L3B EC
C05 FF 61066 185400  780 176 1241    +6824787    +57         -28   +257   34  18  264   -2  138 -170  138 -170  22  0  0 L3B 7C
C08 FF 61066 185400  780 205  382    +6269895   -314         169   -131   59  18  228  +28  -72  +69  -72   69  37  0  0 L3B 76
C13 FF 61066 185400  780 302  440    +2963201   +176          74    +14   34  18  160  +12   -6   -2   -6   -2  22  0  0 L3B C8
C05 FF 61066 191000  780 177 1240    +6824744   -176         119    +24   45  19  262   -2   48   -6   48   -6  29  0  0 L3B 12
C08 FF 61066 191000  780 180  396    +6269661   -220         109    -38   60  19  258  +36  -34   +8  -34    8  37  0  0 L3B 22
C13 FF 61066 191000  780 278  448    +2963361   +134          64    -30   37  19  172  +14  -10  +20  -10   20  22  0  0 L3B 05
C05 FF 61066 192600  780 179 1239    +6824634    -80         200   +120   23  19  260   -2   -5  -88   -5  -88  14  0  0 L3B 23
C08 FF 61066 192600  780 155  412    +6269457   -118          79    +64   55  19  298  +47  -22  -31  -22  -31  35  0  0 L3B 45
C13 FF 61066 192600  780 255  459    +2963529   +130          74    -34   22  19  187  +16  -17  +21  -17   21  17  0  0 L3B 26
C05 FF 61066 194200  780 180 1238    +6824388   -442         146   -242   22  19  258   -2   19 +138   19  138  14  0  0 L3B 5F
C08 FF 61066 194200  780 130  432    +6269284   -220          81    -38   94  19  350  +63  -25  +14  -25   14  59  0  0 L3B 27
C13 FF 61066 194200  780 232  474    +2963644   +317          32   +153   28  19  204  +20    9  -93    9  -93  18  0  0 L3B 0C
C05 FF 61066 195800  780 181 1238    +6824167    -51         116   +149   27  19  257   -2   26  -95   26  -95  18  0  0 L3B 46
C08 FF 61066 195800  780 107  454    +6269157   -216         129    -34   86  19  423  +90  -62  +11  -62   11  56  0  0 L3B 44
C13 FF 61066 195800  780 209  492    +2963836   +199          66    +35   44  19  224  +24  -14  -35  -14  -35  30  0  0 L3B 40
C05 FF 61066 201400  780 182 1237    +6824011   -215         149    -16   29  20  255   -1    8  +16    8   16  19  0  0 L3B E8
C13 FF 61066 201400  780 187  513    +2964023   +145          89    -20   45  20  250  +29  -33  +12  -33   12  30  0  0 L3B 02
C05 FF 61066 203000  780 183 1237    +6823838   -116         167    +83   30  20  254   -1    1  -54    1  -54  19  0  0 L3B F5
C13 FF 61066 203000  780 165  536    +2964152   +164          60     -1   47  20  280  +35  -18   +2  -18    2  34  0  0 L3B D3
C05 FF 61066 204600  780 184 1236    +6823730   -231         251    -32   25  20  253   -1  -51  +17  -51   17  15  0  0 L3B 19
C13 FF 61066 204600  780 144  561    +2964303   +152          53    -13   42  20  318  +44  -12   +4  -12    4  29  0  0 L3B DE
C05 FF 61066 210200  780 185 1236    +6823490   -188         203    +11   26  21  252   -1  -15   +9  -15    9  19  0  0 L3B 00
C06 FF 61066 210200  780 102  791     -243698   +270         107    +28   56  21  446 -140  -18   +5  -18    5  36  0  0 L3B 07
C13 FF 61066 210200  780 124  589    +2964488   +191          89    +27   67  21  367  +57  -36  -16  -36  -16  47  0  0 L3B 4D
C16 FF 61066 210200  780 113  754    +8562938   -431         112   -352  463  21  404 -112  -20 +187  -20  187 282  0  0 L3B 95
C05 FF 61066 211800  780 186 1235    +6823334   -109         238    +90   30  21  251   -1  -33  -54  -33  -54  21  0  0 L3B 2E
C06 FF 61066 211800  780 134  779     -243471   +284         101    +41  142  21  344  -80  -12  -49  -12  -49  99  0  0 L3B 40
C13 FF 61066 211800  780 105  618    +2964666   +241         110    +77   81  21  430  +75  -45  -53  -45  -53  57  0  0 L3B 42
C16 FF 61066 211800  780 144  741    +8562841   -157          90    -78   57  21  320  -67  -21  +53  -21   53  38  0  0 L3B 2A
C05 FF 61066 213400  780 186 1235    +6823205   -125         301    +74   28  21  250   -1  -69  -51  -69  -51  19  0  0 L3B 39
C06 FF 61066 213400  780 164  766     -243200   +145         140    -98   68  21  283  -51  -45  +61  -45   61  43  0  0 L3B 1D
C09 FF 61066 213400  780 124  896    -2541880   -406          90    -76   87  21  371 -102   10  +45   10   45  54  0  0 L3B 1B
C16 FF 61066 213400  780 174  727    +8562770    -76          94     +2   58  21  268  -44  -27   -7  -27   -7  38  0  0 L3B 05
C05 FF 61066 215000  780 186 1235    +6823017   -229         304    -30   27  21  250   +0  -74  +15  -74   15  18  0  0 L3B 1E
C06 FF 61066 215000  780 193  751     -242995   +184         112    -59   37  21  242  -35  -34  +38  -34   38  25  0  0 L3B 27
C09 FF 61066 215000  780 158  886    -2542207   -340          80    -11   45  21  294  -62   20   -4   20   -4  29  0  0 L3B E6
C16 FF 61066 215000  780 202  711    +8562688   -130          88    -51   37  21  233  -30  -31  +26  -31   26  22  0  0 L3B 0E
C05 FF 61066 220600  780 187 1235    +6822815   -189         292    +10   20  22  250   +0  -66   -9  -66   -9  12  0  0 L3B 18
C06 FF 61066 220600  780 220  734     -242785   +200          94    -42   62  22  214  -25  -22  +31  -22   31  40  0  0 L3B EA
C09 FF 61066 220600  780 191  875    -2542491   -314          93    +13   41  22  245  -41  -14  -14  -14  -14  27  0  0 L3B 23
C16 FF 61066 220600  780 227  693    +8562585   -143          65    -64   64  22  208  -22  -16  +34  -16   34  40  0  0 L3B 27
C05 FF 61066 222200  780 187 1235    +6822621   -195         290     +4   28  22  250   +0  -63   -5  -63   -5  18  0  0 L3B FF
C06 FF 61066 222200  780 245  714     -242542   +233         104     -9   52  22  194  -18  -28  +10  -28   10  31  0  0 L3B F3
C09 FF 61066 222200  780 223  862    -2542812   -394          86    -67   53  22  212  -29  -10  +36  -10   36  34  0  0 L3B 1D
C16 FF 61066 222200  780 250  672    +8562526    -19          82    +60   47  22  190  -16  -27  -39  -27  -39  29  0  0 L3B 2C
C05 FF 61066 223800  780 187 1235    +6822454   -186         314    +13   18  22  250   +0  -75   -1  -75   -1  12  0  0 L3B 0E
C06 FF 61066 223800  780 267  693     -242323   +217          91    -25   71  22  179  -13  -22  +10  -22   10  44  0  0 L3B FD
C09 FF 61066 223800  780 254  847    -2543111   -410         101    -83   39  22  188  -21  -27  +37  -27   37  25  0  0 L3B 35
C16 FF 61066 223800  780 270  650    +8562435   -117          67    -38   52  22  177  -12  -18  +21  -18   21  32  0  0 L3B 1F
C05 FF 61066 225400  780 186 1235    +6822245   -257         296    -57   30  22  250   +0  -59  +38  -59   38  21  0  0 L3B 3E
C06 FF 61066 225400  780 286  670     -242081   +304         101    +62   55  22  168  -10  -27  -34  -27  -34  36  0  0 L3B 1F
C09 FF 61066 225400  780 282  829    -2543458   -308          68    +19   46  22  170  -16  -12  -13  -12  -13  29  0  0 L3B 35
C16 FF 61066 225400  780 287  627    +8562377   -117          84    -38   49  22  168   -8  -32  +28  -32   28  32  0  0 L3B 2E
C05 FF 61066 231000  780 186 1236    +6822001   -241         242    -42   27  23  250   +1  -20  +31  -20   31  18  0  0 L3B 00
C06 FF 61066 231000  780 302  646     -241864   +307          79    +64   41  23  160   -7  -23  -45  -23  -45  26  0  0 L3B 00
C09 FF 61066 231000  780 308  810    -2543768   -280          86    +49   52  23  157  -12  -18  -38  -18  -38  32  0  0 L3B 3C
C16 FF 61066 231000  780 300  602    +8562295   -126          80    -47   31  23  161   -6  -27  +23  -27   23  18  0  0 L3B FE
C05 FF 61066 232600  780 185 1236    +6821824   -222         256    -23   26  23  251   +1  -30  +12  -30   12  18  0  0 L3B 15
C06 FF 61066 232600  780 314  620     -241608   +275         103    +33   52  23  155   -5  -39  -24  -39  -24  32  0  0 L3B 0B
C09 FF 61066 232600  780 332  788    -2544064   -386         105    -57   38  23  147   -9  -35  +37  -35   37  25  0  0 L3B 3C
C16 FF 61066 232600  780 310  576    +8562214    -33          74    +46   44  23  156   -4  -24  -32  -24  -32  27  0  0 L3B 03
C05 FF 61066 234200  780 185 1236    +6821624   -253         248    -54   33  23  252   +1  -29  +33  -29   33  22  0  0 L3B 2A
C06 FF 61066 234200  780 322  594     -241398   +212          80    -30   32  23  151   -3  -31  +15  -31   15  22  0  0 L3B DA
C09 FF 61066 234200  780 353  763    -2544395   -327          89     +1   27  23  140   -7  -29  -10  -29  -10  16  0  0 L3B 0E
C16 FF 61066 234200  780 316  551    +8562127   -142          63    -62   38  23  154   -2  -18  +33  -18   33  24  0  0 L3B 07
C05 FF 61066 235800  780 184 1237    +6821318   -296         133    -97   23  23  253   +1   34  +41   34   41  15  0  0 L3B 16
C06 FF 61066 235800  780 326  568     -241147   +243          98     +1   49  23  149   -1  -44   -4  -44   -4  29  0  0 L3B DE
C09 FF 61066 235800  780 370  737    -2544715   -333          85     -4   36  23  134   -5  -26   -5  -26   -5  22  0  0 L3B EF
C16 FF 61066 235800  780 317  526    +8562023    -71          35     +8   50  23  153   +0   -2   -5   -2   -5  31  0  0 L3B 9C
