CGGTTS     GENERIC DATA FORMAT VERSION = 2E
REV DATE = 2026-01-01                    
RCVR = POLARX5-TR                    R2CGGTTS v8.8    
CH = 99 
IMS = POLARX5-TR                    
LAB = PTB                           
X = +3844059.67 m 
Y =  +709661.67 m 
Z = +5023129.80 m 
FRAME = ITRF
COMMENTS =           IGS RINEX,AUSPOS XYZ          
INT DLY =   33.0 ns (BDS B1I),   32.5 ns (BDS B2I)
CAB DLY =  205.7 ns 
REF DLY =   56.2 ns
REF = UTC(PTB)                      
CKSUM = AF

SAT CL  MJD  STTIME TRKL ELV AZTH   REFSV      SRSV     REFSYS    SRSYS  DSG IOE MDTR SMDT MDIO SMDI MSIO SMSI ISG FR HC FRC CK
             hhmmss  s  .1dg .1dg    .1ns     .1ps/s     .1ns    .1ps/s .1ns     .1ns.1ps/s.1ns.1ps/s.1ns.1ps/s.1ns
C05 FF 61040 001000  780 186 1235    +1798878   -238         175    -33   18   0  250   +0    6  +20    6   20  13  0  0 L3B C9
C06 FF 61040 001000  780 246  706     -693678   +221          48    -42   50   0  193  -17   -5  +23   -5   23  30  0  0 L3B C0
C09 FF 61040 001000  780 224  864    -1774561   -357          53    -25   27   0  211  -29    6   +8    6    8  17  0  0 L3B A6
C16 FF 61040 001000  780 252  682    +8752279    -97          30    -13   44   0  189  -16    6   +8    6    8  28  0  0 L3B 9E
C05 FF 61040 002600  780 186 1235    +1798659   -219         153    -14   21   0  251   +0   20   +8   20    8  14  0  0 L3B C7
C06 FF 61040 002600  780 267  685     -693421   +200          51    -63   44   0  179  -13   -8  +34   -8   34  27  0  0 L3B CF
C09 FF 61040 002600  780 255  849    -1774886   -285          47    +47   45   0  187  -21    4  -40    4  -40  28  0  0 L3B EC
C16 FF 61040 002600  780 272  660    +8752180   -117          11    -32   36   0  176  -12   12  +10   12   10  22  0  0 L3B C2
C05 FF 61040 004200  780 186 1236    +1798469   -196         160     +9   23   0  251   +0   13   -5   13   -5  15  0  0 L3B C9
C06 FF 61040 004200  780 285  661     -693179   +184          42    -79   51   0  169   -9  -11  +46  -11   46  32  0  0 L3B EB
C09 FF 61040 004200  780 283  831    -1775216   -339          35     -8   57   0  170  -16    5   -5    5   -5  35  0  0 L3B A3
C16 FF 61040 004200  780 290  637    +8752116    -90          28     -6   70   0  166   -8   -4   -5   -4   -5  42  0  0 L3B 93
C05 FF 61040 005800  780 185 1236    +1798258   -228         145    -23   20   0  251   +1   21   +5   21    5  13  0  0 L3B C3
C06 FF 61040 005800  780 300  637     -692909   +260          59     -3   75   0  161   -7  -26   -7  -26   -7  47  0  0 L3B C6
C09 FF 61040 005800  780 310  812    -1775528   -264          42    +68   69   0  157  -12   -2  -53   -2  -53  42  0  0 L3B F1
C16 FF 61040 005800  780 303  612    +8752042    -76          35     +9   43   0  159   -6  -10   -7  -10   -7  26  0  0 L3B AF
C05 FF 61040 011400  780 185 1236    +1798077   -225         167    -19   25   1  252   +1    7  +13    7   13  16  0  0 L3B D1
C06 FF 61040 011400  780 311  611     -692682   +238          38    -25   47   1  156   -4   -7  +16   -7   16  30  0  0 L3B B5
C09 FF 61040 011400  780 333  790    -1775831   -419          68    -86   41   1  147   -9  -16  +59  -16   59  26  0  0 L3B 12
C16 FF 61040 011400  780 313  586    +8751935    -80          17     +5   39   1  155   -4    7   -7    7   -7  24  0  0 L3B 84
C05 FF 61040 013000  780 184 1237    +1797854   -172         142    +34   25   1  253   +1   22  -29   22  -29  17  0  0 L3B FF
C06 FF 61040 013000  780 319  586     -692440   +265          27     +3   27   1  152   -3   -4   -3   -4   -3  17  0  0 L3B 85
C09 FF 61040 013000  780 354  765    -1776168   -357          51    -24   43   1  139   -7  -10  +10  -10   10  26  0  0 L3B E5
C16 FF 61040 013000  780 320  560    +8751882    -81          44     +4   44   1  152   -2  -13   -3  -13   -3  28  0  0 L3B A0
C05 FF 61040 014600  780 183 1237    +1797708   -246         193    -40   25   1  254   +1  -10  +31  -10   31  16  0  0 L3B 01
C06 FF 61040 014600  780 323  560     -692174   +276          42    +14   46   1  151   -1  -16   -4  -16   -4  29  0  0 L3B BD
C09 FF 61040 014600  780 371  739    -1776480   -319          59    +14   40   1  134   -5  -17  -19  -17  -19  25  0  0 L3B 10
C16 FF 61040 014600  780 322  535    +8751759   -119           3    -34   45   1  151   +0   13  +29   13   29  27  0  0 L3B C2
C05 FF 61040 020200  780 182 1238    +1797437   -108         119    +97   24   2  255   +1   44  -57   44  -57  15  0  0 L3B 11
C06 FF 61040 020200  780 323  535     -691945   +165          17    -98   61   2  151   +1   -4  +65   -4   65  37  0  0 L3B BE
C09 FF 61040 020200  780 385  711    -1776814   -334          36     -2   30   2  130   -4   -7   +3   -7    3  18  0  0 L3B 8A
C16 FF 61040 020200  780 320  511    +8751675    -76          -1     +9   38   2  152   +1   16  -11   16  -11  24  0  0 L3B A2
C05 FF 61040 021800  780 181 1239    +1797295   -201         175     +5   27   2  257   +2   23  +12   23   12  17  0  0 L3B DC
C06 FF 61040 021800  780 319  513     -691683   +335          27    +72   33   2  152   +2  -10  -63  -10  -63  22  0  0 L3B DB
C09 FF 61040 021800  780 395  682    -1777134   -284          35    +48   39   2  127   -2   -9  -28   -9  -28  24  0  0 L3B FB
C16 FF 61040 021800  780 315  489    +8751626    -89          31     -4   29   2  154   +3   -5   +4   -5    4  19  0  0 L3B 91
C05 FF 61040 023400  780 180 1239    +1797002   -321          79   -116   31   2  258   +2   71  +40   71   40  20  0  0 L3B E4
C06 FF 61040 023400  780 312  492     -691424   +210          34    -52   38   2  155   +4  -17  +42  -17   42  24  0  0 L3B CC
C09 FF 61040 023400  780 401  653    -1777442   -390          45    -58   46   2  125   -1  -16  +25  -16   25  28  0  0 L3B F5
C16 FF 61040 023400  780 307  469    +8751536    -64          23    +20   46   2  157   +5    5  -18    5  -18  28  0  0 L3B B7
C05 FF 61040 025000  780 179 1240    +1796835   -124         109    +81   38   2  260   +2   48  -44   48  -44  25  0  0 L3B 0D
C06 FF 61040 025000  780 302  475     -691164   +323          42    +60   24   2  160   +6  -21  -42  -21  -42  16  0  0 L3B CB
C09 FF 61040 025000  780 403  624    -1777766   -387          40    -55   42   2  125   +0  -16  +23  -16   23  26  0  0 L3B ED
C16 FF 61040 025000  780 296  453    +8751462    -57          30    +28   32   2  163   +6   -3  -19   -3  -19  20  0  0 L3B C4
C05 FF 61040 030600  780 177 1241    +1796571   -531          42   -325   29   3  262   +2   86 +201   86  201  19  0  0 L3B 1D
C06 FF 61040 030600  780 289  461     -690884   +264          74     +1   38   3  166   +8  -42   +2  -42    2  24  0  0 L3B AE
C09 FF 61040 030600  780 401  597    -1778082   -318          53    +15   46   3  125   +1  -15   -2  -15   -2  29  0  0 L3B D6
C16 FF 61040 030600  780 282  440    +8751424     +2          78    +87   36   3  170   +8  -32  -52  -32  -52  23  0  0 L3B D6
C05 FF 61040 032200  780 176 1242    +1796349    +64          17   +269   32   3  264   +2   97 -177   97 -177  20  0  0 L3B 33
C06 FF 61040 032200  780 274  450     -690682   +338          25    +76   42   3  175  +10  -17  -51  -17  -51  24  0  0 L3B F9
C09 FF 61040 032200  780 396  573    -1778388   -363          67    -30   37   3  127   +2  -22  +17  -22   17  22  0  0 L3B FD
C16 FF 61040 032200  780 266  430    +8751344   -117          80    -31   49   3  179  +11  -36  +12  -36   12  29  0  0 L3B FD
C05 FF 61040 033800  780 174 1243    +1796190   -199          56     +6   24   3  266   +2   85  +14   85   14  16  0  0 L3B E5
C06 FF 61040 033800  780 257  443     -690411   +188          44    -74   31   3  185  +12  -31  +35  -31   35  21  0  0 L3B E8
C09 FF 61040 033800  780 387  552    -1778726   -294          49    +39   27   3  129   +3  -13  -31  -13  -31  16  0  0 L3B 13
C16 FF 61040 033800  780 248  424    +8751230   -185          49    -99   26   3  191  +14  -16  +71  -16   71  16  0  0 L3B 13
C05 FF 61040 035400  780 172 1244    +1796114   -234         176    -29   29   3  269   +3    4   +3    4    3  19  0  0 L3B B4
C06 FF 61040 035400  780 238  439     -690230   +231         -27    -31   45   3  199  +15   12  +15   12   15  29  0  0 L3B DA
C09 FF 61040 035400  780 375  535    -1779015   -362          80    -29   35   3  132   +4  -31  +20  -31   20  22  0  0 L3B E3
C16 FF 61040 035400  780 229  422    +8751135   -116          36    -30   41   3  206  +17   -3  +23   -3   23  26  0  0 L3B C9
C05 FF 61040 041000  780 171 1245    +1795960   -178         222    +28   37   4  271   +3  -32  -17  -32  -17  27  0  0 L3B 1E
C06 FF 61040 041000  780 218  439     -689944   +197          28    -63   38   4  215  +19   -7  +49   -7   49  24  0  0 L3B F0
C09 FF 61040 041000  780 361  521    -1779385   -365          29    -32   36   4  137   +5    1  +23    1   23  22  0  0 L3B AA
C16 FF 61040 041000  780 209  423    +8751089   -203          73   -117   28   4  224  +22  -25  +82  -25   82  19  0  0 L3B 13
C05 FF 61040 042600  780 169 1246    +1795663   -254         122    -48   31   4  274   +3   51  +53   51   53  18  0  0 L3B 01
C06 FF 61040 042600  780 198  442     -689709   +209          14    -51   56   4  236  +24   -4  +38   -4   38  37  0  0 L3B E2
C09 FF 61040 042600  780 346  512    -1779685   -395          50    -62   30   4  142   +6  -13  +35  -13   35  18  0  0 L3B F9
C16 FF 61040 042600  780 188  427    +8750973   -220          38   -135   44   4  248  +28   -4  +78   -4   78  29  0  0 L3B 14
C05 FF 61040 044200  780 167 1247    +1795287   -357         -56   -152   49   4  277   +3  159  +79  159   79  31  0  0 L3B 5C
C06 FF 61040 044200  780 177  449     -689430   +338          42    +78   29   4  263  +31  -21  -48  -21  -48  21  0  0 L3B 0C
C09 FF 61040 044200  780 328  507    -1780025   -420          29    -86   45   4  149   +8    1  +56    1   56  28  0  0 L3B BE
C12 FF 61040 044200  780 128 3295    -1518530   -240         146    +52   85   4  357  -38  -45  -27  -45  -27  57  0  0 L3B 45
C16 FF 61040 044200  780 166  435    +8750887     -9          35    +76   63   4  278  +36    9  -39    9  -39  40  0  0 L3B DA
C05 FF 61040 045800  780 165 1249    +1795345   +211         200   +417   47   4  280   +3   -9 -279   -9 -279  32  0  0 L3B 47
C06 FF 61040 045800  780 155  458     -689176   +215          47    -45   62   4  297  +40  -18  +24  -18   24  40  0  0 L3B 07
C09 FF 61040 045800  780 309  505    -1780301   -312          73    +21   34   4  156   +9  -27   -3  -27   -3  22  0  0 L3B D1
C12 FF 61040 045800  780 137 3237    -1518852   -286         104     +6   61   4  335  -10  -16   +2  -16    2  40  0  0 L3B E5
C16 FF 61040 045800  780 145  446    +8750809    -81          39     +4   58   4  317  +47    6  +12    6   12  37  0  0 L3B B4
C05 FF 61040 051400  780 163 1250    +1795104   -281         161    -74   32   5  283   +3   29  +63   29   63  23  0  0 L3B F6
C06 FF 61040 051400  780 134  470     -688945   +162          41    -97   60   5  342  +54   -3  +60   -3   60  41  0  0 L3B CC
C09 FF 61040 051400  780 290  508    -1780655   -415          35    -82   45   5  166  +11   -3  +48   -3   48  28  0  0 L3B ED
C12 FF 61040 051400  780 136 3178    -1519153   -321          82    -29   55   5  337  +14    0  +16    0   16  35  0  0 L3B CC
C16 FF 61040 051400  780 123  459    +8750737    -44          41    +41   62   5  370  +64    4   -5    4   -5  38  0  0 L3B A0
C05 FF 61040 053000  780 161 1251    +1794908   -418         163   -212   47   5  287   +3   34 +137   34  137  30  0  0 L3B 30
C06 FF 61040 053000  780 112  485     -688685   +206          52    -53   68   5  402  +74    3  +39    3   39  50  0  0 L3B BF
C09 FF 61040 053000  780 270  514    -1780939   -346          71    -14   37   5  177  +13  -22  +20  -22   20  25  0  0 L3B F9
C12 FF 61040 053000  780 125 3119    -1519361   -267         155    +25   71   5  364  +43  -44  -27  -44  -27  45  0  0 L3B 36
C16 FF 61040 053000  780 101  475    +8750671    -45          56    +40   97   5  443  +91    5  -23    5  -23  62  0  0 L3B C3
C05 FF 61040 054600  780 159 1252    +1794634   -402          87   -196   33   5  290   +4   86 +136   86  136  23  0  0 L3B 38
C09 FF 61040 054600  780 250  523    -1781260   -346          70    -13   49   5  190  +15  -18  +14  -18   14  30  0  0 L3B FC
C12 FF 61040 054600  780 106 3062    -1519657   -237         139    +55   75   5  427  +92  -29  -30  -29  -30  48  0  0 L3B 48
C05 FF 61040 061400  780 156 1254    +1794349   -623         143   -418   51   6  296   +4   81 +282   81  282  32  0  0 L3B 42
C09 FF 61040 061400  780 214  547    -1781797   -375         100    -42   66   6  220  +20   -7  +45   -7   45  40  0  0 L3B F6
C05 FF 61040 063000  780 154 1255    +1794203    -26         194   +180   57   6  300   +4   75  -89   75  -89  41  0  0 L3B 18
C07 FF 61040 063000  780 115  760    -4280812   -495         104   -249  194   6  398  -89  106 +143  106  143 125  0  0 L3B 8B
C09 FF 61040 063000  780 194  564    -1782156   -372          62    -38   65   6  241  +24   45  +50   45   50  41  0  0 L3B F2
C05 FF 61040 064600  780 152 1257    +1793945   -383         134   -178   40   6  304   +4  147 +129  147  129  25  0  0 L3B 69
C07 FF 61040 064600  780 140  747    -4281049   -258         103    -12   69   6  329  -57  100  +31  100   31  46  0  0 L3B 1C
C09 FF 61040 064600  780 174  583    -1782445   -390          93    -56   50   6  267  +30   61  +68   61   68  32  0  0 L3B 0A
C10 FF 61040 064600  780 136  896    +3774202   +227          73    +16   60   6  338  -72  140   -5  140   -5  38  0  0 L3B FB
C05 FF 61040 070200  780 150 1258    +1793781   -174         169    +31   45   7  307   +4  155  +23  155   23  29  0  0 L3B 24
C07 FF 61040 070200  780 164  733    -4281311   -259          69    -14   69   7  284  -39  134  +27  134   27  43  0  0 L3B 22
C09 FF 61040 070200  780 154  605    -1782755   -317          91    +15   68   7  299  +37  105  +43  105   43  44  0  0 L3B 1F
C10 FF 61040 070200  780 165  884    +3774398   +293          64    +82   58   7  281  -48  166  -44  166  -44  36  0  0 L3B 45
C05 FF 61040 071800  780 148 1259    +1793548   -203         134     +3   46   7  311   +4  213  +33  213   33  30  0  0 L3B 00
C07 FF 61040 071800  780 185  717    -4281536   -233          80    +11   53   7  252  -28  135  +14  135   14  30  0  0 L3B 0B
C09 FF 61040 071800  780 135  629    -1783102   -328          63     +4   71   7  339  +47  171  +54  171   54  43  0  0 L3B 0C
C10 FF 61040 071800  780 193  872    +3774607   +159          71    -52   69   7  243  -34  156  +30  156   30  42  0  0 L3B 1E
C05 FF 61040 073400  780 146 1260    +1793349    -30         132   +176   52   7  315   +4  252  -79  252  -79  31  0  0 L3B 35
C07 FF 61040 073400  780 205  700    -4281741   -235         110    +10   61   7  229  -20  129   -3  129   -3  39  0  0 L3B F8
C09 FF 61040 073400  780 116  655    -1783400   -344          84    -12   78   7  390  +60  212  +66  212   66  52  0  0 L3B 18
C10 FF 61040 073400  780 219  858    +3774811   +229          72    +18   49   7  215  -25  163  -10  163  -10  30  0  0 L3B 1C
C05 FF 61040 075000  780 144 1261    +1793285   -404         266   -199   38   7  319   +4  210 +189  210  189  27  0  0 L3B 6B
C07 FF 61040 075000  780 222  682    -4282008   -185          78    +60   54   7  212  -15  153  -29  153  -29  34  0  0 L3B 24
C10 FF 61040 075000  780 244  843    +3775033   +315          92   +104   45   7  195  -18  151  -37  151  -37  29  0  0 L3B 32
C05 FF 61040 080600  780 142 1262    +1792969   -414         148   -208   42   8  323   +4  329 +164  329  164  30  0  0 L3B 64
C07 FF 61040 080600  780 236  662    -4282223   -357         103   -112   66   8  200  -11  149  +77  149   77  43  0  0 L3B 3C
C10 FF 61040 080600  780 267  826    +3775213   +105          71   -106   55   8  179  -14  174  +63  174   63  36  0  0 L3B 2F
C05 FF 61040 082200  780 141 1263    +1792740   -239         117    -33   52   8  326   +4  403  +49  403   49  33  0  0 L3B 1F
C07 FF 61040 082200  780 248  643    -4282440   -215         122    +30   78   8  192   -8  144  -10  144  -10  47  0  0 L3B 16
C10 FF 61040 082200  780 287  808    +3775410   +200          66    -11   48   8  168  -11  169   +7  169    7  31  0  0 L3B F5
C05 FF 61040 083800  780 139 1264    +1792522    -74          96   +131   40   8  330   +4  399  -94  399  -94  25  0  0 L3B 40
C07 FF 61040 083800  780 257  623    -4282706   -272          91    -26   51   8  186   -5  168  +10  168   10  31  0  0 L3B 0C
C10 FF 61040 083800  780 305  788    +3775613   +259          66    +49   55   8  159   -8  165  -38  165  -38  33  0  0 L3B 3B
C05 FF 61040 085400  780 137 1265    +1792368   -330         140   -124   51   8  333   +4  374  +63  374   63  32  0  0 L3B 38
C07 FF 61040 085400  780 262  603    -4282942   -178          90    +67   52   8  182   -3  181  -29  181  -29  33  0  0 L3B 23
C10 FF 61040 085400  780 321  767    +3775835   +211          86     +0   46   8  152   -6  149  +17  149   17  28  0  0 L3B FD
C05 FF 61040 091000  780 136 1265    +1792184   -105         152   +101   49   9  337   +3  356  -87  356  -87  32  0  0 L3B 4E
C07 FF 61040 091000  780 265  584    -4283168   -276         103    -30   55   9  180   -1  186  +23  186   23  33  0  0 L3B 19
C10 FF 61040 091000  780 333  744    +3776007   +222          55    +11   41   9  147   -4  172  -13  172  -13  27  0  0 L3B F8
C05 FF 61040 092600  780 134 1266    +1792047   -173         213    +32   47   9  340   +3  312  -24  312  -24  29  0  0 L3B 24
C07 FF 61040 092600  780 264  566    -4283378   -361         129   -116   56   9  180   +1  173  +89  173   89  36  0  0 L3B 4C
C10 FF 61040 092600  780 342  722    +3776205   +162          51    -49   39   9  143   -3  177  +32  177   32  24  0  0 L3B 03
C05 FF 61040 094200  780 133 1266    +1791703   -358          66   -152   58   9  343   +3  397  +77  397   77  38  0  0 L3B 4F
C07 FF 61040 094200  780 261  549    -4283612   -216         131    +30   35   9  182   +3  185   -8  185   -8  22  0  0 L3B FF
C10 FF 61040 094200  780 349  700    +3776427   +295          70    +84   31   9  141   -2  166  -54  166  -54  20  0  0 L3B 13
C14 FF 61040 094200  780 104 3290    +7073284   +350          89    -74  103   9  439 -211  156  +87  156   87  65  0  0 L3B 61
C05 FF 61040 095800  780 132 1267    +1791550    -66         111   +140   43   9  346   +3  347  -99  347  -99  25  0  0 L3B 4A
C07 FF 61040 095800  780 255  534    -4283881   -316          98    -70   47   9  186   +5  211  +52  211   52  28  0  0 L3B 18
C10 FF 61040 095800  780 352  678    +3776635   +143          76    -68   40   9  140   -1  162  +36  162   36  24  0  0 L3B 10
C14 FF 61040 095800  780 154 3262    +7073663   +483          61    +59   67   9  303  -93  192  -38  192  -38  43  0  0 L3B 55
C05 FF 61040 101400  780 131 1267    +1791452   -194         216    +13   67  10  348   +3  281  -10  281  -10  41  0  0 L3B 27
C07 FF 61040 101400  780 247  522    -4284089   -163         120    +82   49  10  192   +7  206  -35  206  -35  30  0  0 L3B 25
C10 FF 61040 101400  780 352  657    +3776810   +188          60    -22   44  10  140   +1  178  +13  178   13  28  0  0 L3B 02
C14 FF 61040 101400  780 198 3225    +7074094   +398          85    -26   61  10  237  -49  173   +3  173    3  38  0  0 L3B 1E
C05 FF 61040 103000  780 130 1268    +1791165   -291         127    -84   44  10  351   +2  349  +63  349   63  29  0  0 L3B 34
C07 FF 61040 103000  780 236  512    -4284301   -171         144    +75   41  10  200   +9  196  -34  196  -34  27  0  0 L3B 1E
C10 FF 61040 103000  780 349  638    +3777015   +205          64     -5   58  10  141   +2  187  +16  187   16  37  0  0 L3B FB
C14 FF 61040 103000  780 237 3178    +7074498   +474          82    +50   62  10  201  -29  168  -40  168  -40  39  0  0 L3B 48
C05 FF 61040 104600  780 129 1268    +1790881   -240          41    -33   43  10  353   +2  416  +56  416   56  28  0  0 L3B 20
C07 FF 61040 104600  780 224  504    -4284544    +33         136   +278   52  10  210  +12  212 -169  212 -169  33  0  0 L3B 53
C10 FF 61040 104600  780 343  621    +3777248   +216          97     +6   51  10  143   +3  169  -12  169  -12  32  0  0 L3B 01
C14 FF 61040 104600  780 267 3122    +7074897   +351          74    -73   50  10  179  -16  165  +37  165   37  31  0  0 L3B 42
C05 FF 61040 110200  780 129 1268    +1790664   -206          22     +1   62  11  354   +2  450   -2  450   -2  38  0  0 L3B DF
C07 FF 61040 110200  780 210  500    -4284760   -301         155    -55   56  11  223  +15  214  +54  214   54  34  0  0 L3B 13
C10 FF 61040 110200  780 335  607    +3777461   +256         118    +48   39  11  146   +4  169  -21  169  -21  24  0  0 L3B 2C
C14 FF 61040 110200  780 287 3057    +7075313   +439          84    +15   54  11  168   -8  155   -9  155   -9  33  0  0 L3B 17
C05 FF 61040 111800  780 128 1268    +1790404   -299         -40    -93   51  11  356   +1  478  +37  478   37  33  0  0 L3B 42
C07 FF 61040 111800  780 194  498    -4284988   -219         163    +26   35  11  240  +19  222  -15  222  -15  20  0  0 L3B 46
C10 FF 61040 111800  780 325  596    +3777648   +227         105    +19   43  11  150   +5  179  -17  179  -17  28  0  0 L3B 3F
C14 FF 61040 111800  780 295 2987    +7075721   +564          84   +140   50  11  164   -1  154 -109  154 -109  33  0  0 L3B 6A
C05 FF 61040 113400  780 128 1268    +1790170   -197         -76     +9   75  11  356   +1  512  +17  512   17  46  0  0 L3B 21
C07 FF 61040 113400  780 178  499    -4285286   -590         100   -345   54  11  261  +24  268 +226  268  226  35  0  0 L3B 81
C10 FF 61040 113400  780 312  588    +3777844   +248         101    +40   32  11  155   +6  186  -18  186  -18  20  0  0 L3B 2B
C14 FF 61040 113400  780 291 2915    +7076100   +468          57    +44   89  11  166   +5  173  -20  173  -20  58  0  0 L3B 32
C05 FF 61040 115000  780 128 1268    +1789991   -166         -57    +40   58  11  357   +0  492  -53  492  -53  40  0  0 L3B 50
C07 FF 61040 115000  780 161  503    -4285518   -236         103     +9   42  11  288  +31  278   +0  278    0  27  0  0 L3B F5
C10 FF 61040 115000  780 299  583    +3778039   +166          96    -43   39  11  161   +7  201  +30  201   30  26  0  0 L3B 08
C14 FF 61040 115000  780 275 2844    +7076534   +390          83    -34   57  11  174  +13  176  +34  176   34  34  0  0 L3B 3C
C05 FF 61040 120600  780 128 1268    +1789794   -210         -58     -4   51  12  357   +0  480   +5  480    5  31  0  0 L3B FB
C07 FF 61040 120600  780 143  509    -4285750   -236         103     +9   87  12  322  +40  277   +0  277    0  54  0  0 L3B F8
C10 FF 61040 120600  780 284  581    +3778273   +115         124    -94   40  12  169   +9  178  +36  178   36  25  0  0 L3B 32
C14 FF 61040 120600  780 248 2778    +7076925   +301          67   -123   58  12  191  +23  194 +112  194  112  38  0  0 L3B 71
C05 FF 61040 122200  780 128 1268    +1789590   -162         -65    +44   57  12  357   +0  478  -35  478  -35  37  0  0 L3B 58
C07 FF 61040 122200  780 124  518    -4285963    -78         125   +166   62  12  367  +54  258 -112  258 -112  40  0  0 L3B 6E
C10 FF 61040 122200  780 268  583    +3778468   +176         118    -33   32  12  178  +10  186  +24  186   24  22  0  0 L3B 3B
C14 FF 61040 122200  780 213 2717    +7077364   +564          99   +140   73  12  220  +39  206  -49  206  -49  45  0  0 L3B 5B
C05 FF 61040 123800  780 128 1268    +1789374   -183         -83    +23   55  12  357   -1  468  -56  468  -56  35  0  0 L3B 62
C07 FF 61040 123800  780 105  529    -4286208   -185         115    +60   57  12  427  +73  258  -36  258  -36  37  0  0 L3B 58
C10 FF 61040 123800  780 251  587    +3778624   +224          73    +15   28  12  189  +12  220   +1  220    1  18  0  0 L3B EE
C14 FF 61040 123800  780 172 2664    +7077743   +404          72    -20   71  12  270  +68  266  +66  266   66  44  0  0 L3B 46
C05 FF 61040 125400  780 128 1267    +1789238   -164         -21    +42   50  12  356   -1  400  -39  400  -39  31  0  0 L3B 32
C10 FF 61040 125400  780 233  594    +3778862    +75         111   -134   48  12  202  +15  201 +102  201  102  30  0  0 L3B 32
C14 FF 61040 125400  780 126 2615    +7078162   +587          83   +163   62  12  363 +134  314  -31  314  -31  41  0  0 L3B 5C
C05 FF 61040 131000  780 129 1267    +1788995   -295         -69    -89   54  13  354   -2  409  +30  409   30  35  0  0 L3B 4C
C10 FF 61040 131000  780 216  604    +3779062   +142         103    -68   46  13  218  +17  198  +31  198   31  27  0  0 L3B 2D
C05 FF 61040 132600  780 129 1266    +1788834    -10         -33   +195   58  13  353   -2  363 -151  363 -151  36  0  0 L3B 67
C10 FF 61040 132600  780 198  616    +3779230    +94          69   -115   44  13  236  +21  213  +69  213   69  28  0  0 L3B 2F
C05 FF 61040 134200  780 130 1266    +1788801   -224         132    -19   57  13  351   -2  243   -5  243   -5  38  0  0 L3B 13
C10 FF 61040 134200  780 180  631    +3779459   +198          97    -12   43  13  258  +25  194  -19  194  -19  28  0  0 L3B 4C
C12 FF 61040 134200  780 160 1954    -1528007   -301         132     -8   58  13  293 -119  330  -80  330  -80  37  0  0 L3B 48
C05 FF 61040 135800  780 131 1265    +1788530   -307          58   -102   50  13  348   -3  288  +60  288   60  32  0  0 L3B 3A
C10 FF 61040 135800  780 162  648    +3779681   +204         117     -6   51  13  285  +31  172   -4  172   -4  34  0  0 L3B 0D
C12 FF 61040 135800  780 226 1964    -1528268   -287         151     +6   49  13  210  -61  247  -53  247  -53  32  0  0 L3B 50
C05 FF 61040 141400  780 132 1264    +1788297   -165          18    +40   56  14  346   -3  307  -28  307  -28  40  0  0 L3B 35
C10 FF 61040 141400  780 144  666    +3779848    +85          74   -126   53  14  318  +38  188  +69  188   69  36  0  0 L3B 55
C12 FF 61040 141400  780 294 1975    -1528581   -321         120    -29   65  14  165  -36  216  -44  216  -44  40  0  0 L3B 57
C05 FF 61040 143000  780 133 1264    +1788138   -150          57    +55   52  14  343   -3  268  -59  268  -59  34  0  0 L3B 41
C08 FF 61040 143000  780 121  810    +6703732    -43          17   +157   96  14  379 -120  216 -119  216 -119  56  0  0 L3B 66
C10 FF 61040 143000  780 127  687    +3780063   +242          87    +31   66  14  360  +49  176  -26  176  -26  42  0  0 L3B 37
C12 FF 61040 143000  780 364 1988    -1528866   -296         116     -4   50  14  136  -24  172  -35  172  -35  31  0  0 L3B 4D
C05 FF 61040 144600  780 135 1263    +1787913   -442          28   -237   44  14  340   -3  263 +147  263  147  30  0  0 L3B 5C
C08 FF 61040 144600  780 159  799    +6703554   -141          31    +59   53  14  292  -69  176  -80  176  -80  34  0  0 L3B 55
C10 FF 61040 144600  780 109  709    +3780263   +200          85    -11   67  14  413  +63  161  -24  161  -24  47  0  0 L3B 24
C12 FF 61040 144600  780 434 2002    -1529133   -283         129    +10   66  14  118  -16  121  -27  121  -27  41  0  0 L3B 3A
C13 FF 61040 144600  780 129  920    +2598377    +20          37   -140   63  14  356 -106  193  +55  193   55  40  0  0 L3B 3E
C05 FF 61040 150200  780 136 1262    +1787729    +68          44   +273   45  15  337   -4  233 -207  233 -207  31  0  0 L3B 55
C08 FF 61040 150200  780 196  786    +6703358   -288          32    -87   66  15  239  -44  147  +38  147   38  41  0  0 L3B 4D
C12 FF 61040 150200  780 506 2015    -1529417   -312         125    -20   30  15  105  -11   99  -19   99  -19  19  0  0 L3B 26
C13 FF 61040 150200  780 168  911    +2598481   +160          -5     +1   48  15  277  -63  186  -22  186  -22  33  0  0 L3B 1E
C05 FF 61040 151800  780 137 1261    +1787577   -250          88    -45   50  15  333   -4  183  +14  183   14  35  0  0 L3B 2C
C08 FF 61040 151800  780 231  770    +6703196   -185          62    +15   42  15  205  -30  100  -30  100  -30  27  0  0 L3B 12
C12 FF 61040 151800  780 579 2026    -1529717   -277         106    +15   40  15   95   -8   93  -24   93  -24  25  0  0 L3B 1F
C13 FF 61040 151800  780 206  900    +2598643   +101           4    -58   39  15  229  -41  156   +1  156    1  23  0  0 L3B E4
C05 FF 61040 153400  780 139 1260    +1787378   -515          87   -310   47  15  330   -4  172 +173  172  173  30  0  0 L3B 5E
C08 FF 61040 153400  780 265  752    +6702979   -215          38    -14   38  15  181  -21   99   -9   99   -9  24  0  0 L3B 10
C11 FF 61040 153400  780 141 2226    -8082175   -232          78    -81   86  15  329 -140  264  -52  264  -52  53  0  0 L3B 5C
C12 FF 61040 153400  780 651 2029    -1530002   -317         102    -24   57  15   89   -5   79   +4   79    4  34  0  0 L3B D8
C13 FF 61040 153400  780 243  887    +2598806   +117          14    -42   38  15  196  -28  126  +14  126   14  25  0  0 L3B 2E
C05 FF 61040 155000  780 141 1259    +1787031     -3         -63   +202   51  15  326   -4  241 -168  241 -168  34  0  0 L3B 41
C08 FF 61040 155000  780 295  730    +6702780   -158          31    +43   49  15  163  -15   87  -47   87  -47  32  0  0 L3B 24
C11 FF 61040 155000  780 202 2254    -8082320   -159          78     -8   80  15  233  -70  213  -20  213  -20  48  0  0 L3B 1C
C12 FF 61040 155000  780 723 2016    -1530300   -269          85    +24   57  15   85   -4   78  -22   78  -22  35  0  0 L3B FA
C13 FF 61040 155000  780 278  872    +2598974   +142          29    -18   41  15  173  -20   94  -13   94  -13  26  0  0 L3B 1E
C05 FF 61040 160600  780 142 1258    +1787014    -35         120   +171   51  16  322   -4  115  -87  115  -87  33  0  0 L3B 37
C08 FF 61040 160600  780 323  705    +6702590   -113          44    +88   44  16  151  -11   68  -68   68  -68  28  0  0 L3B 21
C11 FF 61040 160600  780 264 2286    -8082452   -198          92    -47   60  16  182  -41  154   -8  154   -8  38  0  0 L3B 36
C12 FF 61040 160600  780 793 1948    -1530580   -358          87    -65   50  16   82   -2   68  +29   68   29  30  0  0 L3B 0F
C13 FF 61040 160600  780 311  853    +2599119   +200          13    +40   69  16  156  -15   76  -54   76  -54  42  0  0 L3B 10
C05 FF 61040 162200  780 144 1257    +1786790   -383          93   -177   51  16  318   -4  123  +98  123   98  33  0  0 L3B 4F
C08 FF 61040 162200  780 347  676    +6702388   -207          35     -6   63  16  142   -8   57  -22   57  -22  40  0  0 L3B F6
C11 FF 61040 162200  780 326 2321    -8082597    -83          92    +68   48  16  150  -27  119  -89  119  -89  31  0  0 L3B 4F
C12 FF 61040 162200  780 849 1621    -1530841   -230         106    +63   30  16   81   +0   42  -56   42  -56  20  0  0 L3B F3
C13 FF 61040 162200  780 342  831    +2599246   +141         -13    -19   31  16  143  -11   74   -3   74   -3  18  0  0 L3B E8
C05 FF 61040 163800  780 146 1256    +1786567   -190          68    +15   33  16  314   -4  130  -60  130  -60  23  0  0 L3B 2C
C08 FF 61040 163800  780 367  645    +6702258   -190          99    +12   65  16  135   -6    6  -21    6  -21  40  0  0 L3B E1
C11 FF 61040 163800  780 389 2359    -8082759   -130          75    +22   43  16  129  -18   97  -35   97  -35  26  0  0 L3B 47
C12 FF 61040 163800  780 836  898    -1531096   -264         132    +28   26  16   81   +1   15  -26   15  -26  15  0  0 L3B 03
C13 FF 61040 163800  780 371  806    +2599408   +184          -6    +23   36  16  134   -9   52  -21   52  -21  21  0  0 L3B F3
C05 FF 61040 165400  780 148 1255    +1786331   -310          28   -104   51  16  310   -4  107  +27  107   27  34  0  0 L3B 24
C08 FF 61040 165400  780 383  611    +6702040   -236          75    -34   64  16  130   -4   11  +10   11   10  40  0  0 L3B C9
C11 FF 61040 165400  780 452 2400    -8082907   -129          72    +22   53  16  114  -13   72  -68   72  -68  34  0  0 L3B 22
C12 FF 61040 165400  780 775  704    -1531381   -279         129    +14   45  16   83   +2   11  -15   11  -15  27  0  0 L3B F4
C13 FF 61040 165400  780 396  777    +2599574   +190           6    +30   28  16  127   -6   38  -26   38  -26  18  0  0 L3B 09
C05 FF 61040 171000  780 150 1254    +1786203    +56         100   +262   43  17  307   -4   39 -188   39 -188  30  0  0 L3B 3D
C08 FF 61040 171000  780 394  575    +6701864   -303          79   -103   43  17  127   -2   -9  +49   -9   49  26  0  0 L3B 0C
C11 FF 61040 171000  780 516 2446    -8083067   -133          57    +18   51  17  103   -9   49  -37   49  -37  30  0  0 L3B 15
C12 FF 61040 171000  780 709  668    -1531627   -279          89    +13   30  17   85   +4   -4  -15   -4  -15  19  0  0 L3B E8
C13 FF 61040 171000  780 417  745    +2599716   +169           9    +10   28  17  121   -5   31  -25   31  -25  17  0  0 L3B E5
C05 FF 61040 172600  780 152 1253    +1786060   -231         155    -25   33  17  303   -4    9  +15    9   15  24  0  0 L3B DF
C08 FF 61040 172600  780 399  539    +6701647   -204          55     -4   53  17  126   -1   -2   -5   -2   -5  33  0  0 L3B BF
C11 FF 61040 172600  780 580 2497    -8083190   -212          79    -60   47  17   95   -7   22  +21   22   21  29  0  0 L3B F7
C12 FF 61040 172600  780 644  671    -1531900   -242          96    +50   38  17   90   +5  -15  -40  -15  -40  23  0  0 L3B F6
C13 FF 61040 172600  780 433  709    +2599874    +93          15    -66   28  17  118   -3   17  +24   17   24  19  0  0 L3B F2
C05 FF 61040 174200  780 154 1252    +1785743   -250          37    -44   61  17  299   -4   56  +19   56   19  39  0  0 L3B 17
C08 FF 61040 174200  780 400  503    +6701468   -154          68    +46   55  17  126   +1  -13  -29  -13  -29  32  0  0 L3B 0F
C11 FF 61040 174200  780 643 2556    -8083361   -120          53    +31   56  17   90   -5   17  -36   17  -36  34  0  0 L3B FB
C12 FF 61040 174200  780 580  690    -1532181   -254          96    +38   37  17   95   +7  -14  -23  -14  -23  22  0  0 L3B 04
C13 FF 61040 174200  780 445  672    +2600026   +183          15    +24   35  17  115   -2   11  -19   11  -19  22  0  0 L3B DD
C05 FF 61040 175800  780 156 1251    +1785429   -183         -80    +23   61  17  295   -4  127  -19  127  -19  40  0  0 L3B 4C
C08 FF 61040 175800  780 395  470    +6701262   -184          54    +17   50  17  127   +2  -13  -20  -13  -20  31  0  0 L3B 04
C11 FF 61040 175800  780 706 2629    -8083516   -151          43     +1   42  17   86   -3   13  -15   13  -15  25  0  0 L3B E5
C12 FF 61040 175800  780 517  717    -1532454   -305         103    -13   39  17  103   +9  -20   -5  -20   -5  23  0  0 L3B F0
C13 FF 61040 175800  780 452  633    +2600179   +215          15    +57   46  17  114   -1    8  -36    8  -36  29  0  0 L3B DB
C05 FF 61040 181400  780 158 1250    +1785464   -179         143    +25   53  18  291   -4  -10  -30  -10  -30  34  0  0 L3B 2A
C08 FF 61040 181400  780 386  440    +6701070   -239          53    -39   30  18  129   +3  -22  +12  -22   12  18  0  0 L3B F7
C11 FF 61040 181400  780 768 2735    -8083672   -139          33    +12   37  18   83   -2    9  -18    9  -18  23  0  0 L3B ED
C12 FF 61040 181400  780 456  748    -1532717   -273         125    +20   44  18  113  +12  -31  -12  -31  -12  27  0  0 L3B 21
C13 FF 61040 181400  780 453  595    +2600332   +144          16    -14   25  18  113   +0    2   +1    2    1  17  0  0 L3B 7C
C05 FF 61040 183000  780 160 1249    +1785255   -195         131    +10   41  18  288   -4  -15  -44  -15  -44  29  0  0 L3B 37
C08 FF 61040 183000  780 373  414    +6700886   -168          61    +32   48  18  133   +5  -33  -25  -33  -25  28  0  0 L3B 19
C11 FF 61040 183000  780 825 2945    -8083817   -133          33    +18   36  18   82   -1    2  -17    2  -17  23  0  0 L3B D6
C12 FF 61040 183000  780 396  783    -1533000   -293         122     -1   40  18  126  +16  -30   +2  -30    2  24  0  0 L3B D1
C13 FF 61040 183000  780 450  560    +2600484   +120          16    -38   34  18  114   +1    1  +25    1   25  20  0  0 L3B 9D
C05 FF 61040 184600  780 163 1248    +1784989   -376          62   -171   33  18  284   -4   22  +99   22   99  20  0  0 L3B 36
C08 FF 61040 184600  780 356  393    +6700705   -250          71    -50   46  18  138   +6  -40  +31  -40   31  29  0  0 L3B 04
C11 FF 61040 184600  780 855 3566    -8083941   -150          55     +2   42  18   81   +0  -17  -13  -17  -13  26  0  0 L3B 04
C12 FF 61040 184600  780 338  819    -1533290   -317         114    -24   82  18  145  +22  -19  +34  -19   34  51  0  0 L3B 2E
C13 FF 61040 184600  780 443  528    +2600642    +78          22    -81   34  18  116   +2   -4  +41   -4   41  21  0  0 L3B BD
C05 FF 61040 190200  780 165 1247    +1784647   -317         -87   -112   62  19  281   -3  100  +66  100   66  40  0  0 L3B 40
C08 FF 61040 190200  780 337  377    +6700496   -175          69    +27   57  19  145   +8  -30  -15  -30  -15  35  0  0 L3B 25
C11 FF 61040 190200  780 819  525    -8084075   -205          87    -51   29  19   82   +1  -26  +36  -26   36  17  0  0 L3B 03
C12 FF 61040 190200  780 282  857    -1533570   -365         115    -73   61  19  170  +32  -13  +57  -13   57  39  0  0 L3B 31
C13 FF 61040 190200  780 431  500    +2600799   +235          20    +75   37  19  118   +3  -13  -39  -13  -39  23  0  0 L3B 06
C05 FF 61040 191800  780 167 1246    +1784611   +173          73   +378   40  19  278   -3   10 -262   10 -262  26  0  0 L3B 48
C08 FF 61040 191800  780 315  366    +6700265   -257          32    -56   52  19  154  +10   -4  +21   -4   21  31  0  0 L3B E8
C11 FF 61040 191800  780 762  716    -8084221    -98          90    +56   46  19   83   +2  -22  -32  -22  -32  28  0  0 L3B FB
C12 FF 61040 191800  780 227  895    -1533858   -290         108     +2   52  19  208  +48    0  +15    0   15  35  0  0 L3B DE
C13 FF 61040 191800  780 416  478    +2600982   +172          50    +12   24  19  121   +4  -27   -2  -27   -2  16  0  0 L3B E1
C05 FF 61040 193400  780 168 1245    +1784381   -534          40   -329   36  19  275   -3   12 +215   12  215  23  0  0 L3B 35
C08 FF 61040 193400  780 292  360    +6700126   -172          86    +29   34  19  165  +13  -37  -11  -37  -11  23  0  0 L3B 22
C11 FF 61040 193400  780 702  817    -8084348    -59         111    +95   32  19   86   +3  -30  -52  -30  -52  20  0  0 L3B 02
C12 FF 61040 193400  780 173  933    -1534127   -261         120    +32   71  19  269  +82   10   -8   10   -8  47  0  0 L3B F4
C13 FF 61040 193400  780 398  460    +2601138   +114          53    -45   22  19  126   +5  -28  +28  -28   28  15  0  0 L3B 06
C14 FF 61040 193400  780 136 1627    +7088281   +306          25   -118   59  19  342 -160   27  +60   27   60  38  0  0 L3B 42
C05 FF 61040 195000  780 170 1244    +1784085    -43         -60   +162   53  19  272   -3   78  -79   78  -79  35  0  0 L3B 35
C08 FF 61040 195000  780 267  359    +6699927   -338          80   -136   42  19  178  +16  -30  +73  -30   73  27  0  0 L3B 50
C11 FF 61040 195000  780 641  891    -8084498   -173         108    -20   34  19   90   +5  -25  +14  -25   14  20  0  0 L3B 07
C13 FF 61040 195000  780 379  449    +2601287   +171          48    +12   37  19  131   +6  -25  -10  -25  -10  25  0  0 L3B 09
C14 FF 61040 195000  780 201 1611    +7088657   +447          -7    +23   59  19  235  -76   34  -13   34  -13  36  0  0 L3B 21
C05 FF 61040 200600  780 172 1243    +1784080   -124         135    +81   49  20  269   -3  -34  -65  -34  -65  35  0  0 L3B 33
C08 FF 61040 200600  780 242  362    +6699689   -163          35    +38   55  20  195  +20   -3  -18   -3  -18  35  0  0 L3B 0E
C11 FF 61040 200600  780 579  952    -8084631   -149          94     +1   43  20   95   +7  -28  +14  -28   14  27  0  0 L3B ED
C13 FF 61040 200600  780 357  442    +2601468   +147          78    -12   27  20  138   +8  -41  +18  -41   18  18  0  0 L3B FF
C14 FF 61040 200600  780 268 1594    +7089051   +441         -18    +17   52  20  179  -43   33  -12   33  -12  31  0  0 L3B 1E
C05 FF 61040 202200  780 174 1242    +1783783   -560          34   -355   58  20  267   -3   22 +230   22  230  38  0  0 L3B 29
C08 FF 61040 202200  780 217  369    +6699511   -152          51    +49   48  20  217  +25  -11  -21  -11  -21  30  0  0 L3B 12
C11 FF 61040 202200  780 518 1006    -8084766   -203         102    -53   38  20  103   +9  -25  +49  -25   49  23  0  0 L3B 1C
C13 FF 61040 202200  780 335  441    +2601606   +168          63     +9   32  20  146   +9  -32  -21  -32  -21  20  0  0 L3B DB
C14 FF 61040 202200  780 336 1573    +7089462   +416         -15     -8   49  20  146  -27   21  -15   21  -15  30  0  0 L3B 0D
C05 FF 61040 203800  780 175 1241    +1783451    +34        -101   +239   73  20  265   -2  114 -162  114 -162  48  0  0 L3B 5F
C08 FF 61040 203800  780 191  380    +6699344   -211          77    -10   61  20  244  +32  -25   +5  -25    5  40  0  0 L3B EA
C11 FF 61040 203800  780 458 1055    -8084935   -187          78    -37   48  20  113  +12    2  +43    2   43  30  0  0 L3B EB
C13 FF 61040 203800  780 312  444    +2601748   +134          52    -25   30  20  155  +11  -22  +10  -22   10  18  0  0 L3B E7
C14 FF 61040 203800  780 404 1545    +7089859   +461         -25    +37   42  20  125  -18   18  -30   18  -30  26  0  0 L3B 2B
C05 FF 61040 205400  780 177 1240    +1783400   -233          45    -28   53  20  262   -2   18  +19   18   19  33  0  0 L3B F1
C08 FF 61040 205400  780 166  394    +6699127   -260          53    -59   81  20  279  +42  -13  +38  -13   38  50  0  0 L3B 2B
C11 FF 61040 205400  780 397 1101    -8085078   -166          80    -16   40  20  126  +16   17  +23   17   23  25  0  0 L3B 01
C13 FF 61040 205400  780 288  451    +2601919   +158          71     -1   35  20  167  +13  -36   -1  -36   -1  22  0  0 L3B DE
C14 FF 61040 205400  780 471 1506    +7090279   +430         -12     +6   51  20  110  -12    4   -3    4   -3  31  0  0 L3B A8
C05 FF 61040 211000  780 178 1239    +1783207   -173          47    +32   55  21  260   -2   21  -11   21  -11  35  0  0 L3B EC
C08 FF 61040 211000  780 141  412    +6698943   -210          53    -10   54  21  326  +56  -16  +15  -16   15  37  0  0 L3B 07
C11 FF 61040 211000  780 337 1144    -8085266   -134          27    +15   46  21  145  +23   21   -9   21   -9  27  0  0 L3B E8
C13 FF 61040 211000  780 265  462    +2602052   +107          56    -52   57  21  180  +15  -18  +43  -18   43  37  0  0 L3B 01
C14 FF 61040 211000  780 535 1450    +7090684   +503          97    +91   59  21  101   -8   -3  -58   -3  -58  36  0  0 L3B 04
C05 FF 61040 212600  780 180 1239    +1783113   -200         149     +5   45  21  259   -2  -32   +1  -32    1  31  0  0 L3B D2
C08 FF 61040 212600  780 116  432    +6698745   -301          47   -101   57  21  389  +78  -14  +58  -14   58  36  0  0 L3B 40
C11 FF 61040 212600  780 278 1184    -8085409    -80          28    +70   38  21  172  +35   21  -45   21  -45  23  0  0 L3B 08
C13 FF 61040 212600  780 242  476    +2602192   +230          44    +72   51  21  196  +18  -14  -55  -14  -55  33  0  0 L3B 14
C14 FF 61040 212600  780 592 1366    +7091070   +420          88     +8   41  21   94   -5    2   -8    2   -8  25  0  0 L3B 9D
C05 FF 61040 214200  780 181 1238    +1782858   -234          90    -29   44  21  257   -2    1  +20    1   20  30  0  0 L3B C5
C11 FF 61040 214200  780 219 1221    -8085539    -94          41    +55   57  21  215  +56   24  -20   24  -20  34  0  0 L3B FC
C13 FF 61040 214200  780 219  494    +2602375   +247          75    +88   45  21  215  +21  -34  -51  -34  -51  29  0  0 L3B 22
C14 FF 61040 214200  780 635 1245    +7091465   +396          87    -17   44  21   90   -3   -3   +4   -3    4  27  0  0 L3B BE
C05 FF 61040 215800  780 182 1237    +1782657   -310          86   -106   48  21  255   -1    3  +69    3   69  32  0  0 L3B F6
C11 FF 61040 215800  780 161 1255    -8085687   -197          37    -48   79  21  288 +102   39  +41   39   41  49  0  0 L3B 46
C13 FF 61040 215800  780 197  514    +2602538   +133          86    -26   31  21  237  +26  -35  +19  -35   19  21  0  0 L3B 15
C14 FF 61040 215800  780 658 1086    +7091865   +434          91    +22   32  21   89   -1   -6  -13   -6  -13  19  0  0 L3B F8
C05 FF 61040 221400  780 183 1237    +1782420   -278          44    -73   45  22  254   -1   42  +62   42   62  31  0  0 L3B F2
C11 FF 61040 221400  780 103 1287    -8085815   -209          35    -61   68  22  441 +238   35  +16   35   16  48  0  0 L3B 27
C13 FF 61040 221400  780 175  537    +2602637   +127          30    -32   53  22  265  +32    5  +12    5   12  34  0  0 L3B BD
C14 FF 61040 221400  780 653  917    +7092297   +417          65     -4   40  22   89   +1  -25   +4  -25    4  24  0  0 L3B BF
C05 FF 61040 223000  780 184 1236    +1782252    -28          73   +177   35  22  253   -1   35 -113   35 -113  24  0  0 L3B 1E
C13 FF 61040 223000  780 154  562    +2602833   +120          74    -39   46  22  299  +39  -18  +25  -18   25  34  0  0 L3B 16
C14 FF 61040 223000  780 624  776    +7092689   +368          53    -53   47  22   91   +3  -14  +32  -14   32  27  0  0 L3B FC
C05 FF 61040 224600  780 185 1236    +1782168   -168         185    +37   42  22  252   -1  -32  -21  -32  -21  30  0  0 L3B 2A
C06 FF 61040 224600  780 104  784     -672466   +356          86    +95  106  22  435 -132   20  -52   20  -52  70  0  0 L3B 1F
C13 FF 61040 224600  780 134  590    +2602984    +66          72    -93   71  22  341  +49  -10  +70  -10   70  48  0  0 L3B 02
C14 FF 61040 224600  780 579  678    +7093090   +551          50   +130   40  22   95   +6   -8  -67   -8  -67  24  0  0 L3B 03
C05 FF 61040 230200  780 185 1236    +1782029   -172         241    +33   43  23  251   -1  -66  -20  -66  -20  27  0  0 L3B 22
C13 FF 61040 230200  780 115  619    +2603122   +228          65    +70   66  23  395  +64   11  -35   11  -35  43  0  0 L3B F7
C14 FF 61040 230200  780 524  618    +7093517   +473          44    +48   42  23  102   +8  -17  -25  -17  -25  26  0  0 L3B 0E
C16 FF 61040 230200  780 144  751    +8745322    -39          14    +45   92  23  320  -68   34  -30   34  -30  56  0  0 L3B F3
C05 FF 61040 231800  780 186 1235    +1781804   -187         213    +17   41  23  251   +0  -45   -1  -45   -1  29  0  0 L3B 05
C06 FF 61040 231800  780 166  758     -671968   +216          55    -47   60  23  279  -49   12  +37   12   37  40  0  0 L3B 07
C09 FF 61040 231800  780 125  897    -1802225   -339          93     -3   71  23  367 -100   40   -3   40   -3  47  0  0 L3B E8
C14 FF 61040 231800  780 464  586    +7093959   +471          78    +46   53  23  111  +12  -32  -20  -32  -20  33  0  0 L3B 24
C16 FF 61040 231800  780 174  737    +8745279    -50          51    +34   55  23  267  -44   -1  -23   -1  -23  37  0  0 L3B F8
C05 FF 61040 233400  780 186 1235    +1781606   -139         211    +66   48  23  251   +0  -43  -33  -43  -33  32  0  0 L3B 29
C06 FF 61040 233400  780 195  743     -671736   +257          34     -6   41  23  240  -34   13   +5   13    5  29  0  0 L3B B3
C09 FF 61040 233400  780 159  888    -1802572   -240          70    +96   56  23  292  -61   55  -74   55  -74  36  0  0 L3B 2E
C14 FF 61040 233400  780 403  571    +7094368   +342          79    -82   43  23  125  +16  -29  +51  -29   51  27  0  0 L3B 20
C16 FF 61040 233400  780 202  721    +8745176   -143          29    -59   35  23  232  -31   10  +30   10   30  23  0  0 L3B E4
C05 FF 61040 235000  780 186 1235    +1781419   -139         220    +65   45  23  250   +0  -48  -38  -48  -38  29  0  0 L3B 3E
C06 FF 61040 235000  780 221  725     -671467   +299          50    +35   47  23  213  -24    0  -37    0  -37  30  0  0 L3B CA
C09 FF 61040 235000  780 192  876    -1802860   -255         104    +82   60  23  244  -41   23  -53   23  -53  38  0  0 L3B 1D
C14 FF 61040 235000  780 341  570    +7094767   +425          71     +1   43  23  144  +23  -19   -1  -19   -1  27  0  0 L3B E2
C16 FF 61040 235000  780 228  703    +8745098   -131          31    -47   33  23  207  -22    6  +25    6   25  23  0  0 L3B D2
