CGGTTS     GENERIC DATA FORMAT VERSION = 2E
REV DATE = 2026-01-01                    
RCVR = POLARX5-TR                    R2CGGTTS v8.8    
CH = 99 
IMS = POLARX5-TR                    
LAB = PTB                           
X = +3844059.67 m 
Y =  +709661.67 m 
Z = +5023129.80 m 
FRAME = ITRF
COMMENTS =           IGS RINEX,AUSPOS XYZ          
INT DLY =   33.0 ns (BDS B1I),   32.5 ns (BDS B2I)
CAB DLY =  205.7 ns 
REF DLY =   56.2 ns
REF = UTC(PTB)                      
CKSUM = AF

SAT CL  MJD  STTIME TRKL ELV AZTH   REFSV      SRSV     REFSYS    SRSYS  DSG IOE MDTR SMDT MDIO SMDI MSIO SMSI ISG FR HC FRC CK
             hhmmss  s  .1dg .1dg    .1ns     .1ps/s     .1ns    .1ps/s .1ns     .1ns.1ps/s.1ns.1ps/s.1ns.1ps/s.1ns
C05 FF 61065 000600  780 184 1237    +6855859    -60         208   +140   29   0  253   +1  -34  -94  -34  -94  19  0  0 L3B 33
C06 FF 61065 000600  780 326  567     -282869   +152         114    -87   46   0  149   -1  -50  +49  -50   49  28  0  0 L3B 08
C09 FF 61065 000600  780 370  737    -2488064   -297          86    +32   29   0  134   -5  -28  -29  -28  -29  17  0  0 L3B 20
C11 FF 61065 000600  780 491 2709    -8397691   -112          55    +36   54   0  107   +1  -39  -16  -39  -16  33  0  0 L3B 1D
C16 FF 61065 000600  780 318  527    +8575646   -119          33    -40   37   0  153   +0   -7  +15   -7   15  24  0  0 L3B CE
C05 FF 61065 002200  780 183 1237    +6855687   -437         227   -237   25   0  254   +1  -54 +143  -54  143  17  0  0 L3B 57
C06 FF 61065 002200  780 326  542     -282661   +223          93    -16   37   0  149   +1  -37  +10  -37   10  23  0  0 L3B CD
C09 FF 61065 002200  780 384  709    -2488390   -270          76    +58   39   0  130   -4  -22  -39  -22  -39  23  0  0 L3B 11
C11 FF 61065 002200  780 476 2608    -8397848   -236          40    -89   47   0  109   +4  -27  +63  -27   63  29  0  0 L3B 26
C16 FF 61065 002200  780 316  503    +8575597    -64          60    +16   35   0  153   +2  -25  -15  -25  -15  21  0  0 L3B E5
C05 FF 61065 003800  780 182 1238    +6855418   -138         150    +62   26   0  256   +2    2  -28    2  -28  18  0  0 L3B E9
C06 FF 61065 003800  780 323  519     -282464   +198          61    -41   27   0  151   +2   -8  +29   -8   29  16  0  0 L3B C5
C09 FF 61065 003800  780 394  680    -2488707   -255          74    +73   34   0  127   -2  -23  -42  -23  -42  22  0  0 L3B 0B
C11 FF 61065 003800  780 446 2518    -8397994   -219          36    -71   60   0  115   +8  -18  +64  -18   64  37  0  0 L3B 26
C14 FF 61065 003800  780 148 2622    +3365811   +424          85     +2   83   0  314 -113   -4  -13   -4  -13  52  0  0 L3B EF
C16 FF 61065 003800  780 311  482    +8575540    -14          79    +65   26   0  156   +3  -32  -34  -32  -34  17  0  0 L3B F1
C05 FF 61065 005400  780 181 1239    +6855225   -156         150    +44   25   0  257   +2   15  -23   15  -23  15  0  0 L3B FE
C06 FF 61065 005400  780 317  498     -282220   +294          75    +55   47   0  153   +4  -19  -26  -19  -26  30  0  0 L3B F6
C09 FF 61065 005400  780 400  651    -2489011   -336          86     -7   48   0  125   -1  -33   -3  -33   -3  29  0  0 L3B C7
C11 FF 61065 005400  780 405 2442    -8398102   -112          70    +36   59   0  124  +12  -30  -13  -30  -13  34  0  0 L3B 05
C14 FF 61065 005400  780 202 2661    +3366244   +415         112     -7   58   0  234  -62  -33  -13  -33  -13  36  0  0 L3B 12
C16 FF 61065 005400  780 303  463    +8575450   -105          65    -26   30   0  160   +5  -21  +16  -21   16  19  0  0 L3B E1
C05 FF 61065 011000  780 179 1240    +6855025   -100         144   +101   31   1  259   +2   15  -58   15  -58  19  0  0 L3B 0A
C06 FF 61065 011000  780 307  480     -281945   +280         102    +38   26   1  158   +5  -35  -19  -35  -19  16  0  0 L3B FD
C09 FF 61065 011000  780 402  622    -2489326   -353          83    -25   48   1  125   +0  -34  +14  -34   14  29  0  0 L3B EA
C11 FF 61065 011000  780 355 2380    -8398272   -151          42     -3   45   1  139  +19   -5  +16   -5   16  29  0  0 L3B E1
C14 FF 61065 011000  780 257 2701    +3366621   +441          86    +19   70   1  186  -39  -26  -17  -26  -17  44  0  0 L3B 29
C16 FF 61065 011000  780 291  447    +8575385    -36          79    +43   32   1  165   +7  -30  -25  -30  -25  22  0  0 L3B F1
C05 FF 61065 012600  780 178 1241    +6854855   -348         165   -148   43   1  261   +2   -4  +78   -4   78  29  0  0 L3B 21
C06 FF 61065 012600  780 295  465     -281696   +270         120    +29   34   1  163   +7  -43  -14  -43  -14  23  0  0 L3B FE
C09 FF 61065 012600  780 400  596    -2489657   -194          68   +134   43   1  125   +1  -21  -88  -21  -88  26  0  0 L3B 2B
C11 FF 61065 012600  780 299 2330    -8398379    +45          76   +192   71   1  161  +29  -17 -105  -17 -105  45  0  0 L3B 5C
C14 FF 61065 012600  780 313 2741    +3367029   +437          88    +15   72   1  156  -26  -32  -20  -32  -20  44  0  0 L3B 1C
C16 FF 61065 012600  780 277  434    +8575326   -133          96    -53   32   1  173   +9  -38  +33  -38   33  21  0  0 L3B 02
C05 FF 61065 014200  780 176 1242    +6854442    -38         -55   +162   53   1  263   +2  126 -118  126 -118  34  0  0 L3B 4B
C06 FF 61065 014200  780 280  454     -281465   +177         119    -64   43   1  171   +9  -43  +46  -43   46  27  0  0 L3B FD
C09 FF 61065 014200  780 395  572    -2489955   -376          84    -47   32   1  127   +2  -33  +31  -33   31  22  0  0 L3B 02
C11 FF 61065 014200  780 241 2288    -8398510   -162          87    -14   51   1  196  +46  -15  +16  -15   16  30  0  0 L3B 19
C14 FF 61065 014200  780 370 2781    +3367454   +338         108    -84   62   1  134  -19  -53  +44  -53   44  38  0  0 L3B 37
C16 FF 61065 014200  780 261  425    +8575256    -67         103    +13   29   1  183  +11  -41   -4  -41   -4  18  0  0 L3B E5
C05 FF 61065 015800  780 175 1243    +6854418   -164         113    +36   52   1  265   +2   17   +6   17    6  34  0  0 L3B DB
C06 FF 61065 015800  780 263  446     -281182   +236         170     -5   38   1  181  +12  -71   +8  -71    8  23  0  0 L3B CF
C09 FF 61065 015800  780 386  550    -2490274   -266          80    +63   41   1  129   +3  -30  -46  -30  -46  25  0  0 L3B 08
C11 FF 61065 015800  780 182 2253    -8398685   -253          54   -105   47   1  256  +81   26  +82   26   82  32  0  0 L3B 28
C14 FF 61065 015800  780 429 2820    +3367849   +377          99    -45   47   1  119  -14  -49  +29  -49   29  28  0  0 L3B 4E
C16 FF 61065 015800  780 243  419    +8575169   -190          92   -111   48   1  195  +14  -30  +76  -30   76  30  0  0 L3B 27
C05 FF 61065 021400  780 173 1244    +6854289    +82         180   +282   51   2  268   +3   -8 -210   -8 -210  31  0  0 L3B 21
C06 FF 61065 021400  780 245  442     -281038   +161          73    -81   41   2  194  +14  -16  +47  -16   47  26  0  0 L3B EF
C09 FF 61065 021400  780 374  533    -2490568   -439         112   -110   27   2  132   +4  -45  +69  -45   69  17  0  0 L3B 26
C11 FF 61065 021400  780 123 2222    -8398793   -145          88     +2   76   2  371 +171   17  +12   17   12  50  0  0 L3B FC
C14 FF 61065 021400  780 489 2858    +3368254   +419          98     -2   47   2  107  -10  -53   -8  -53   -8  29  0  0 L3B 0E
C16 FF 61065 021400  780 223  417    +8575068   -158          67    -79   32   2  211  +18  -10  +54  -10   54  21  0  0 L3B 04
C05 FF 61065 023000  780 171 1245    +6853997   -128          81    +73   42   2  270   +3   37  -57   37  -57  27  0  0 L3B 0E
C06 FF 61065 023000  780 225  441     -280812   +400          66   +157   49   2  209  +18   -6  -93   -6  -93  30  0  0 L3B EC
C09 FF 61065 023000  780 361  520    -2490918   -369          78    -39   32   2  137   +5  -23  +23  -23   23  19  0  0 L3B FA
C14 FF 61065 023000  780 551 2894    +3368639   +411          78    -11   51   2   99   -8  -43   +2  -43    2  31  0  0 L3B D7
C16 FF 61065 023000  780 203  418    +8574999    -76          75     +4   34   2  231  +23   -2   +5   -2    5  23  0  0 L3B 99
C05 FF 61065 024600  780 170 1246    +6853902   -233         179    -33   41   2  273   +3  -12  +41  -12   41  26  0  0 L3B 0A
C06 FF 61065 024600  780 205  444     -280577   +208          68    -35   45   2  229  +23    1  +32    1   32  28  0  0 L3B B1
C09 FF 61065 024600  780 345  510    -2491263   -345          50    -15   35   2  142   +6   -5  +13   -5   13  23  0  0 L3B BF
C14 FF 61065 024600  780 614 2926    +3369038   +452          72    +30   40   2   92   -6  -46  -17  -46  -17  24  0  0 L3B 0A
C16 FF 61065 024600  780 182  423    +8574932   -162          84    -82   25   2  256  +30   -1  +54   -1   54  19  0  0 L3B E9
C05 FF 61065 030200  780 168 1247    +6853593   -518          60   -318   29   3  276   +3   56 +147   56  147  19  0  0 L3B 42
C06 FF 61065 030200  780 184  450     -280340   +270          69    +27   69   3  253  +29    9   +2    9    2  41  0  0 L3B 8F
C09 FF 61065 030200  780 327  505    -2491567   -394          62    -65   34   3  149   +8  -11  +41  -11   41  22  0  0 L3B F3
C14 FF 61065 030200  780 679 2952    +3369435   +427          64     +6   31   3   87   -4  -44   -8  -44   -8  18  0  0 L3B E6
C16 FF 61065 030200  780 160  431    +8574788    -75          20     +5   52   3  288  +38   59  +13   59   13  32  0  0 L3B D7
C05 FF 61065 031800  780 166 1248    +6853448   +107         108   +307   28   3  279   +3   11 -199   11 -199  19  0  0 L3B 5B
C06 FF 61065 031800  780 162  459     -280086   +236          89     -7   49   3  285  +37   11  +25   11   25  30  0  0 L3B D2
C09 FF 61065 031800  780 308  504    -2491850   -305          95    +25   32   3  157   +9  -29   +0  -29    0  20  0  0 L3B CF
C14 FF 61065 031800  780 746 2963    +3369828   +460          53    +39   41   3   84   -3  -41  -28  -41  -28  25  0  0 L3B 1A
C16 FF 61065 031800  780 138  442    +8574741    -95          50    -15   51   3  331  +51   59  +26   59   26  32  0  0 L3B E9
C05 FF 61065 033400  780 164 1250    +6853374   -202         227     -1   39   3  282   +3  -59   +7  -59    7  29  0  0 L3B EF
C06 FF 61065 033400  780 141  471     -279876   +107          65   -136   49   3  325  +49   34  +94   34   94  32  0  0 L3B 06
C09 FF 61065 033400  780 289  506    -2492182   -336          78     -7   49   3  166  +11  -13   +6  -13    6  31  0  0 L3B DE
C14 FF 61065 033400  780 813 2931    +3370219   +374          38    -47   31   3   82   -2  -38  +25  -38   25  19  0  0 L3B FE
C16 FF 61065 033400  780 117  455    +8574646   -114          32    -34   63   3  389  +71   72  +26   72   26  44  0  0 L3B 00
C05 FF 61065 035000  780 162 1251    +6853138   -467         183   -266   27   3  286   +4  -30 +179  -30  179  19  0  0 L3B 64
C06 FF 61065 035000  780 119  485     -279622   +350          86   +107   55   3  380  +66   22  -79   22  -79  33  0  0 L3B 0F
C09 FF 61065 035000  780 269  512    -2492486   -341          90    -12   37   3  178  +13  -14   +9  -14    9  23  0  0 L3B EB
C14 FF 61065 035000  780 873 2519    +3370622   +437          36    +15   33   3   81   +0  -38  -13  -38  -13  21  0  0 L3B F8
C05 FF 61065 040600  780 160 1252    +6852875   -406         111   -206   36   4  289   +4   16 +121   16  121  24  0  0 L3B 2A
C09 FF 61065 040600  780 248  521    -2492795   -309         105    +22   36   4  191  +15  -18   +0  -18    0  23  0  0 L3B F0
C14 FF 61065 040600  780 837 1587    +3370999   +393           9    -29   32   4   81   +1  -23  +20  -23   20  19  0  0 L3B F0
C05 FF 61065 043400  780 156 1254    +6852555   -484         128   -284   26   4  295   +4    4 +142    4  142  19  0  0 L3B 21
C09 FF 61065 043400  780 213  545    -2493350   -390         105    -60   68   4  221  +21   -5  +48   -5   48  43  0  0 L3B F5
C14 FF 61065 043400  780 714 1494    +3371715   +442          17    +20   40   4   85   +4  -22  -12  -22  -12  25  0  0 L3B EC
C05 FF 61065 045000  780 154 1256    +6852425   -177         190    +23   42   4  299   +4  -45   +6  -45    6  29  0  0 L3B 03
C09 FF 61065 045000  780 192  562    -2493690   -318          82    +12   59   4  242  +25   20   +7   20    7  37  0  0 L3B CE
C14 FF 61065 045000  780 642 1503    +3372132   +440          29    +18   32   4   90   +6  -25   -7  -25   -7  19  0  0 L3B D3
C05 FF 61065 050600  780 152 1257    +6852194   -422         154   -222   38   5  303   +4   11 +176   11  176  24  0  0 L3B 2E
C07 FF 61065 050600  780 138  746    -4807902   -198          87    +45   68   5  332  -58   -6   -4   -6   -4  46  0  0 L3B F4
C09 FF 61065 050600  780 172  582    -2493983   -282          96    +47   66   5  269  +30   16  -30   16  -30  44  0  0 L3B 15
C10 FF 61065 050600  780 135  887     -219080   +110          95   -102   39   5  340  -72   -9  +67   -9   67  25  0  0 L3B EF
C14 FF 61065 050600  780 569 1520    +3372559   +380          63    -39   47   5   96   +8  -33  +29  -33   29  31  0  0 L3B 0F
C05 FF 61065 052200  780 150 1258    +6852033    -74         185   +127   40   5  307   +4   -8  -44   -8  -44  30  0  0 L3B FF
C07 FF 61065 052200  780 162  732    -4808131   -180          90    +63   70   5  286  -40    3  -38    3  -38  45  0  0 L3B DB
C09 FF 61065 052200  780 153  603    -2494311   -399          85    -70   56   5  301  +37   29  +53   29   53  39  0  0 L3B 03
C10 FF 61065 052200  780 164  876     -218898   +296          74    +85   49   5  283  -48    5  -53    5  -53  33  0  0 L3B ED
C14 FF 61065 052200  780 497 1539    +3372975   +479          77    +61   45   5  106  +12  -30  -29  -30  -29  28  0  0 L3B 40
C05 FF 61065 053800  780 148 1259    +6851830   -247         174    -47   36   5  310   +4   29  +55   29   55  22  0  0 L3B 16
C07 FF 61065 053800  780 184  716    -4808379   -153          76    +89   62   5  254  -28   18  -43   18  -43  40  0  0 L3B 23
C09 FF 61065 053800  780 134  627    -2494638   -332          74     -3   63   5  342  +47   50  +13   50   13  38  0  0 L3B E7
C10 FF 61065 053800  780 192  863     -218647   +173         122    -39   38   5  244  -34  -28  +28  -28   28  25  0  0 L3B 1E
C14 FF 61065 053800  780 426 1558    +3373400   +375         101    -43   50   5  119  +17  -34  +31  -34   31  32  0  0 L3B 1C
C05 FF 61065 055400  780 146 1260    +6851594    -69         131   +132   38   5  314   +4   76  -93   76  -93  25  0  0 L3B 25
C07 FF 61065 055400  780 203  699    -4808588   -236          99     +6   63   5  231  -20    7  +17    7   17  42  0  0 L3B D6
C09 FF 61065 055400  780 115  653    -2494954   -399          74    -70   62   5  394  +62   63  +72   63   72  43  0  0 L3B 16
C10 FF 61065 055400  780 218  849     -218478   +115          87    -97   48   5  217  -25    3  +84    3   84  29  0  0 L3B DC
C14 FF 61065 055400  780 356 1577    +3373811   +389         110    -29   44   5  138  +24  -25  +30  -25   30  27  0  0 L3B 30
C05 FF 61065 061000  780 144 1261    +6851525   -117         257    +84   43   6  318   +4    0  -10    0  -10  31  0  0 L3B CE
C07 FF 61065 061000  780 220  681    -4808830   -160          82    +82   62   6  214  -15   24  -48   24  -48  38  0  0 L3B 02
C10 FF 61065 061000  780 242  834     -218279   +110          82   -102   37   6  196  -18   19  +68   19   68  23  0  0 L3B F7
C14 FF 61065 061000  780 287 1594    +3374213   +502          91    +81   47   6  168  +38    5  -24    5  -24  29  0  0 L3B F4
C05 FF 61065 062600  780 142 1262    +6851356   -319         281   -118   22   6  322   +4   40 +116   40  116  15  0  0 L3B 28
C07 FF 61065 062600  780 235  662    -4809086   -223          58    +19   42   6  202  -11   46   +8   46    8  26  0  0 L3B DA
C10 FF 61065 062600  780 264  817     -218065   +277          94    +66   40   6  181  -14   18  -32   18  -32  24  0  0 L3B F0
C14 FF 61065 062600  780 219 1609    +3374617   +399          91    -22   45   6  215  +64   46  +73   46   73  30  0  0 L3B 17
C05 FF 61065 064200  780 141 1263    +6851033   -237         150    -37   27   6  326   +4  178  +31  178   31  18  0  0 L3B 24
C07 FF 61065 064200  780 246  642    -4809271   -266         105    -24   98   6  193   -8   32  +42   32   42  60  0  0 L3B FC
C10 FF 61065 064200  780 284  798     -217837   +266         118    +55   47   6  169  -11   16  -31   16  -31  30  0  0 L3B 08
C14 FF 61065 064200  780 153 1621    +3375027   +479          97    +58   64   6  302 +126  111  +58  111   58  40  0  0 L3B 3A
C05 FF 61065 065800  780 139 1264    +6850775   -183          85    +18   24   6  330   +4  218   -2  218   -2  15  0  0 L3B 09
C07 FF 61065 065800  780 255  622    -4809496   -293         112    -52   52   6  187   -5   44  +52   44   52  31  0  0 L3B 05
C10 FF 61065 065800  780 302  778     -217645   +111         107   -101   42   6  160   -8   35  +86   35   86  27  0  0 L3B F3
C05 FF 61065 071400  780 137 1265    +6850610   -177         109    +23   34   7  333   +4  209   -6  209   -6  22  0  0 L3B 0C
C07 FF 61065 071400  780 261  603    -4809729   -201         118    +41   54   7  183   -3   59   -8   59   -8  33  0  0 L3B EC
C10 FF 61065 071400  780 317  757     -217445   +221         105    +10   40   7  153   -6   52  +16   52   16  25  0  0 L3B C7
C05 FF 61065 073000  780 136 1266    +6850444    -61         136   +140   27   7  337   +4  197  -74  197  -74  18  0  0 L3B 48
C07 FF 61065 073000  780 263  584    -4809963   -213         116    +29   43   7  181   -1   78   -3   78   -3  26  0  0 L3B EF
C10 FF 61065 073000  780 329  735     -217233   +203         115     -8   51   7  148   -4   62  +21   62   21  32  0  0 L3B B5
C05 FF 61065 074600  780 134 1266    +6850258   -363         142   -163   34   7  340   +3  212 +136  212  136  25  0  0 L3B 55
C07 FF 61065 074600  780 263  566    -4810166   -262         146    -20   55   7  181   +1   71  +29   71   29  31  0  0 L3B F9
C10 FF 61065 074600  780 338  713     -217024   +190         120    -22   35   7  145   -3   67  +27   67   27  21  0  0 L3B D5
C12 FF 61065 074600  780 154  915     -314133   -316         123     -6   81   7  301  -83  178  -34  178  -34  50  0  0 L3B 13
C05 FF 61065 080200  780 133 1267    +6850097   +118         167   +318   39   8  343   +3  236 -179  236 -179  26  0  0 L3B 85
C07 FF 61065 080200  780 260  549    -4810410   -295         126    -53   38   8  183   +3   98  +50   98   50  23  0  0 L3B FF
C10 FF 61065 080200  780 343  691     -216815   +193         113    -20   39   8  143   -2   71  +28   71   28  24  0  0 L3B D6
C12 FF 61065 080200  780 195  862     -314397   -283         117    +21   65   8  241  -46  142  -28  142  -28  41  0  0 L3B 28
C05 FF 61065 081800  780 132 1267    +6850008   -204         269     -4   39   8  346   +3  164   +4  164    4  28  0  0 L3B FA
C07 FF 61065 081800  780 254  534    -4810666   -201         103    +40   49   8  187   +5  127   -9  127   -9  30  0  0 L3B 07
C10 FF 61065 081800  780 346  669     -216652   +183          71    -30   41   8  142   +0  106  +18  106   18  26  0  0 L3B E9
C12 FF 61065 081800  780 229  803     -314709   -313          96    -10   47   8  207  -27  138  -14  138  -14  31  0  0 L3B 15
C05 FF 61065 083400  780 131 1268    +6849720   -375         173   -176   35   8  349   +3  247 +148  247  148  22  0  0 L3B 7D
C07 FF 61065 083400  780 246  522    -4810862   -273         138    -31   55   8  193   +7  117  +29  117   29  34  0  0 L3B 27
C10 FF 61065 083400  780 345  649     -216415   +229         104    +16   49   8  142   +1   89   +0   89    0  31  0  0 L3B B8
C11 FF 61065 083400  780 143 1264    -8402203   -159          46    -12   89   8  325 -127  252  -56  252  -56  57  0  0 L3B 55
C12 FF 61065 083400  780 254  739     -314994   -261         102    +43   59   8  187  -15  125  -38  125  -38  38  0  0 L3B 3B
C05 FF 61065 085000  780 130 1268    +6849415   -240          60    -40   30   8  351   +2  333  +40  333   40  21  0  0 L3B FB
C07 FF 61065 085000  780 235  512    -4811096   -143         136    +99   52   8  201   +9  131  -49  131  -49  30  0  0 L3B 24
C10 FF 61065 085000  780 342  631     -216220   +158          94    -55   60   8  143   +2  103  +46  103   46  36  0  0 L3B DC
C11 FF 61065 085000  780 199 1226    -8402354   -112          36    +35   51   8  237  -65  211  -74  211  -74  31  0  0 L3B 30
C12 FF 61065 085000  780 270  670     -315315   -361          72    -58   89   8  177   -6  143  +49  143   49  54  0  0 L3B 09
C05 FF 61065 090600  780 129 1269    +6849203   -159          50    +41   29   9  353   +2  371   -8  371   -8  20  0  0 L3B 0D
C07 FF 61065 090600  780 223  504    -4811355   -243         105     -1   43   9  211  +12  157  +22  157   22  26  0  0 L3B 00
C10 FF 61065 090600  780 336  615     -216018   +342          98   +130   27   9  145   +3  110  -75  110  -75  17  0  0 L3B 04
C11 FF 61065 090600  780 253 1183    -8402519   -140         105     +7   68   9  188  -38  191  -47  191  -47  42  0  0 L3B 49
C12 FF 61065 090600  780 275  600     -315575   -286         116    +19   61   9  174   +1  122   -3  122   -3  36  0  0 L3B E3
C05 FF 61065 092200  780 128 1269    +6849052   -141          91    +60   23   9  355   +2  354  -33  354  -33  15  0  0 L3B 27
C07 FF 61065 092200  780 209  500    -4811555   -263         137    -22   41   9  224  +15  162  +29  162   29  24  0  0 L3B 23
C10 FF 61065 092200  780 328  601     -215792   +245         120    +33   31   9  149   +4  109  -20  109  -20  20  0  0 L3B F2
C11 FF 61065 092200  780 305 1132    -8402657   -148         108     -1   65   9  159  -24  157  -22  157  -22  40  0  0 L3B 33
C12 FF 61065 092200  780 267  532     -315877   -339         106    -34   46   9  179   +8  137  +34  137   34  29  0  0 L3B 1E
C05 FF 61065 093800  780 128 1269    +6848900   -171         132    +29   31   9  357   +1  352   +4  352    4  23  0  0 L3B 0B
C07 FF 61065 093800  780 193  498    -4811776   -319         148    -78   28   9  241  +19  171  +75  171   75  18  0  0 L3B 5D
C10 FF 61065 093800  780 317  591     -215647   +297          61    +84   38   9  153   +5  152  -33  152  -33  24  0  0 L3B 0A
C11 FF 61065 093800  780 352 1072    -8402782   -221         125    -73   48   9  140  -16  134  +21  134   21  31  0  0 L3B 2B
C12 FF 61065 093800  780 249  469     -316178   -324          99    -20   59   9  191  +17  157  +38  157   38  38  0  0 L3B 33
C05 FF 61065 095400  780 128 1269    +6848681   -192         105     +9   31   9  358   +1  363   -3  363   -3  20  0  0 L3B 0F
C07 FF 61065 095400  780 177  499    -4812089   -396          66   -155   76   9  262  +25  242 +121  242  121  46  0  0 L3B 6E
C10 FF 61065 095400  780 305  583     -215446   +199          58    -13   37   9  159   +6  167  +35  167   35  24  0  0 L3B 0B
C11 FF 61065 095400  780 390 1000    -8402917   -145         132     +2   47   9  128  -10  113   -1  113   -1  29  0  0 L3B F6
C12 FF 61065 095400  780 220  414     -316468   -208         101    +97   62   9  214  +31  180  -44  180  -44  40  0  0 L3B 17
C05 FF 61065 101000  780 127 1269    +6848482   -280          97    -79   33  10  358   +1  387  +72  387   72  20  0  0 L3B 41
C07 FF 61065 101000  780 160  503    -4812241    -87         139   +153   53  10  289  +31  215  -62  215  -62  33  0  0 L3B 34
C10 FF 61065 101000  780 291  579     -215203   +176         101    -36   29  10  165   +8  151  +17  151   17  19  0  0 L3B FE
C11 FF 61065 101000  780 418  918    -8403069   -205          89    -61   43  10  121   -5  113  +19  113   19  28  0  0 L3B 09
C12 FF 61065 101000  780 183  367     -316738   -287         141    +20   79  10  254  +55  189  +19  189   19  49  0  0 L3B 3D
C05 FF 61065 102600  780 127 1269    +6848269   -201          77     -1   35  10  359   +0  407   +0  407    0  24  0  0 L3B E9
C07 FF 61065 102600  780 142  509    -4812489   -168         122    +73   67  10  324  +41  238  -12  238  -12  42  0  0 L3B 44
C10 FF 61065 102600  780 276  577     -215022   +142          79    -71   29  10  174   +9  179  +50  179   50  19  0  0 L3B 0A
C11 FF 61065 102600  780 432  829    -8403235    -33          61   +111   42  10  118   -2  122  -76  122  -76  26  0  0 L3B 0C
C12 FF 61065 102600  780 140  330     -317088   -442          86   -135   88  10  327 +105  254  +94  254   94  56  0  0 L3B 3F
C05 FF 61065 104200  780 127 1268    +6848056   -229          56    -29   37  10  358   +0  405   -7  405   -7  25  0  0 L3B 1C
C07 FF 61065 104200  780 123  518    -4812697    -69         145   +171   59  10  369  +54  247  -66  247  -66  39  0  0 L3B 6C
C10 FF 61065 104200  780 259  579     -214835   +103          62   -109   43  10  184  +11  200  +76  200   76  27  0  0 L3B 14
C11 FF 61065 104200  780 430  739    -8403372   -123          61    +20   50  10  118   +2  126   -5  126   -5  30  0  0 L3B D9
C05 FF 61065 105800  780 127 1268    +6847801   -353          -7   -153   47  10  358   -1  442 +125  442  125  31  0  0 L3B 5B
C07 FF 61065 105800  780 105  529    -4812943   -156         130    +84   64  10  430  +74  279  -45  279  -45  45  0  0 L3B 5D
C10 FF 61065 105800  780 242  584     -214634   +222          59    +10   42  10  195  +13  219   +5  219    5  25  0  0 L3B DE
C11 FF 61065 105800  780 414  655    -8403511   -107          61    +37   55  10  122   +6  131  -19  131  -19  32  0  0 L3B 0C
C05 FF 61065 111400  780 128 1268    +6847596   -226         -16    -25   47  11  357   -1  467   +0  467    0  32  0  0 L3B 1C
C10 FF 61065 111400  780 225  591     -214393   +259          99    +47   36  11  209  +16  203  -22  203  -22  26  0  0 L3B 13
C11 FF 61065 111400  780 385  583    -8403628   -156          93    -11   48  11  130  +10  130  +20  130   20  29  0  0 L3B 0A
C05 FF 61065 113000  780 128 1267    +6847541   -133         121    +68   35  11  356   -1  366  -37  366  -37  23  0  0 L3B 4C
C10 FF 61065 113000  780 207  601     -214198    +84          91   -128   45  11  226  +19  226  +88  226   88  28  0  0 L3B 19
C11 FF 61065 113000  780 345  526    -8403785   -173          76    -28   44  11  142  +16  147  +20  147   20  28  0  0 L3B 21
C05 FF 61065 114600  780 129 1267    +6847306   -464          79   -263   43  11  354   -2  391 +166  391  166  28  0  0 L3B 7B
C10 FF 61065 114600  780 189  614     -214006   +264          80    +52   58  11  246  +23  234  -16  234  -16  37  0  0 L3B 15
C11 FF 61065 114600  780 299  482    -8403917   -160          83    -14   54  11  162  +25  158  +40  158   40  35  0  0 L3B 2C
C05 FF 61065 120200  780 130 1266    +6847138    -25          97   +176   32  12  352   -2  377 -118  377 -118  20  0  0 L3B 5E
C10 FF 61065 120200  780 171  629     -213762   +226         123    +14   71  12  270  +28  219   +0  219    0  47  0  0 L3B E5
C11 FF 61065 120200  780 247  452    -8404054   -159         109    -11   43  12  192  +40  180  +32  180   32  28  0  0 L3B 21
C05 FF 61065 121800  780 130 1266    +6846991   -113         143    +87   27  12  350   -3  352  -40  352  -40  21  0  0 L3B 3C
C10 FF 61065 121800  780 154  646     -213595   +191          87    -21   45  12  300  +34  254  +10  254   10  30  0  0 L3B FA
C11 FF 61065 121800  780 193  433    -8404178   -134         127    +14   50  12  243  +68  195  +16  195   16  31  0  0 L3B 37
C05 FF 61065 123400  780 131 1265    +6846876    -86         220   +114   34  12  347   -3  279 -134  279 -134  22  0  0 L3B 75
C10 FF 61065 123400  780 136  665     -213399   +242          80    +31   70  12  337  +43  252   -6  252   -6  46  0  0 L3B F4
C11 FF 61065 123400  780 137  423    -8404356   -169          91    -21   56  12  336 +136  237  +13  237   13  37  0  0 L3B 37
C05 FF 61065 125000  780 133 1264    +6846528   -271          64    -71   53  12  345   -3  374  +92  374   92  34  0  0 L3B 35
C08 FF 61065 125000  780 115  822    +6289645   -173          89     +8   42  12  397 -132  266  -83  266  -83  27  0  0 L3B 57
C10 FF 61065 125000  780 118  685     -213198   +191          78    -21   56  12  384  +55  262  +18  262   18  38  0  0 L3B 1F
C05 FF 61065 130600  780 134 1263    +6846319    -89          49   +111   37  13  342   -3  396 -121  396 -121  25  0  0 L3B 61
C08 FF 61065 130600  780 154  812    +6289475   -136         103    +47   60  13  301  -74  214  -89  214  -89  37  0  0 L3B 57
C10 FF 61065 130600  780 101  707     -212992   +221          75     +9   69  13  445  +73  259  -17  259  -17  46  0  0 L3B 1B
C05 FF 61065 132200  780 135 1263    +6846080   -102           2    +98   42  13  338   -4  396  -82  396  -82  28  0  0 L3B 31
C08 FF 61065 132200  780 191  799    +6289280    -72          84   +111   60  13  245  -46  196 -105  196 -105  37  0  0 L3B 6F
C13 FF 61065 132200  780 170  900    +2945745   +143          45    -21   56  13  274  -61  242  -26  242  -26  37  0  0 L3B 2D
C05 FF 61065 133800  780 137 1262    +6846010   -371         125   -171   39  13  335   -4  268  +42  268   42  27  0  0 L3B 51
C08 FF 61065 133800  780 227  784    +6289113   -187          92     -4   68  13  208  -31  162  -31  162  -31  43  0  0 L3B 30
C13 FF 61065 133800  780 207  889    +2945894   +192          36    +28   59  13  227  -40  215  -57  215  -57  38  0  0 L3B 5A
C05 FF 61065 135400  780 138 1261    +6845776   -237          82    -37   33  13  331   -4  287  +90  287   90  22  0  0 L3B 3E
C08 FF 61065 135400  780 261  767    +6288918   -169          73    +14   56  13  183  -22  151  -31  151  -31  35  0  0 L3B 43
C13 FF 61065 135400  780 244  876    +2946061   +108          45    -56   34  13  195  -28  176   +8  176    8  22  0  0 L3B 19
C05 FF 61065 141000  780 140 1260    +6845478    -72         -25   +128   45  14  327   -4  380 -108  380 -108  32  0  0 L3B 61
C08 FF 61065 141000  780 293  746    +6288746   -190          77     -7   42  14  165  -16  130  -15  130  -15  25  0  0 L3B 2B
C13 FF 61065 141000  780 279  860    +2946220   +186          36    +21   49  14  172  -20  162  -43  162  -43  31  0  0 L3B 29
C05 FF 61065 142600  780 142 1259    +6845504   -292         193    -92   55  14  323   -4  216  +58  216   58  37  0  0 L3B 4E
C08 FF 61065 142600  780 322  721    +6288579   -310          86   -127   52  14  151  -12  110  +69  110   69  32  0  0 L3B 3A
C13 FF 61065 142600  780 312  841    +2946378   +164          35     -1   77  14  156  -15  144  -12  144  -12  47  0  0 L3B 22
C05 FF 61065 144200  780 144 1258    +6845150   -302          32   -102   45  14  319   -4  309  +50  309   50  27  0  0 L3B 2B
C08 FF 61065 144200  780 347  693    +6288413    -80          95   +103   56  14  142   -9   89  -66   89  -66  35  0  0 L3B 2A
C13 FF 61065 144200  780 342  819    +2946525   +252          22    +86   32  14  143  -11  129  -74  129  -74  20  0  0 L3B 33
C14 FF 61065 144200  780 105  508    +3387171   +386          64    -38  133  14  432  -93  164   -4  164   -4  80  0  0 L3B 29
C05 FF 61065 145800  780 146 1257    +6844962   -133          36    +67   32  14  316   -4  302  -74  302  -74  20  0  0 L3B 3A
C08 FF 61065 145800  780 369  662    +6288246   -243         104    -60   49  14  134   -6   68  +18   68   18  30  0  0 L3B 21
C13 FF 61065 145800  780 370  793    +2946688   +186          27    +20   39  14  134   -8  108  -33  108  -33  25  0  0 L3B 37
C14 FF 61065 145800  780 124  450    +3387603   +584          89   +160   81  14  370  -42  114 -134  114 -134  53  0  0 L3B 69
C05 FF 61065 151400  780 148 1255    +6844862   -235         128    -35   31  15  312   -4  224   -4  224   -4  20  0  0 L3B 18
C08 FF 61065 151400  780 385  628    +6288067   -198         106    -14   73  15  129   -4   54   -3   54   -3  45  0  0 L3B 04
C13 FF 61065 151400  780 394  764    +2946844   +193          48    +30   33  15  127   -6   95  -29   95  -29  21  0  0 L3B 1B
C14 FF 61065 151400  780 133  391    +3388017   +324         109    -99   77  15  345  -12   81  +38   81   38  49  0  0 L3B 2B
C05 FF 61065 153000  780 150 1254    +6844712    -92         170   +108   29  15  308   -4  154 -113  154 -113  21  0  0 L3B 58
C08 FF 61065 153000  780 398  592    +6287900   -124         115    +60   50  15  126   -3   37  -43   37  -43  30  0  0 L3B 10
C13 FF 61065 153000  780 414  731    +2946999    +71          46    -92   36  15  122   -5   81  +44   81   44  22  0  0 L3B E9
C14 FF 61065 153000  780 133  331    +3388408   +412          94    -11   77  15  345  +13   58  -25   58  -25  51  0  0 L3B 0F
C05 FF 61065 154600  780 152 1253    +6844527   -126         178    +74   21  15  304   -4  124  -80  124  -80  14  0  0 L3B 42
C08 FF 61065 154600  780 405  556    +6287688   -228          80    -45   74  15  124   -1   47  +15   47   15  45  0  0 L3B 0D
C13 FF 61065 154600  780 430  695    +2947156   +145          47    -18   34  15  118   -3   64  -10   64  -10  22  0  0 L3B FE
C14 FF 61065 154600  780 122  274    +3388821   +566         101   +143   71  15  372  +45   30 -104   30 -104  44  0  0 L3B 45
C05 FF 61065 160200  780 154 1252    +6844291   -315         137   -115   34  16  300   -4  143  +46  143   46  25  0  0 L3B 3D
C08 FF 61065 160200  780 406  519    +6287512   -111          82    +73   50  16  124   +0   40  -49   40  -49  31  0  0 L3B F2
C13 FF 61065 160200  780 440  658    +2947315   +216          45    +53   30  16  116   -2   51  -36   51  -36  19  0  0 L3B F6
C14 FF 61065 160200  780 103  221    +3389269   +510         157    +89  107  16  438  +99   -8  -60   -8  -60  65  0  0 L3B 3B
C05 FF 61065 161800  780 156 1251    +6843999   -178          38    +22   61  16  296   -4  180  -60  180  -60  39  0  0 L3B 51
C08 FF 61065 161800  780 403  485    +6287367   -151         113    +33   47  16  125   +1   14  -20   14  -20  30  0  0 L3B FE
C13 FF 61065 161800  780 446  620    +2947477   +135          50    -29   28  16  115   -1   44  +10   44   10  18  0  0 L3B EB
C05 FF 61065 163400  780 158 1250    +6843992    -95         223   +106   30  16  292   -4   50  -88   50  -88  21  0  0 L3B 31
C08 FF 61065 163400  780 395  454    +6287204   -221         126    -37   35  16  127   +3   -3   +8   -3    8  22  0  0 L3B D5
C13 FF 61065 163400  780 447  583    +2947626   +197          43    +34   37  16  115   +0   39  -20   39  -20  25  0  0 L3B 06
C05 FF 61065 165000  780 160 1249    +6843757    -75         181   +126   34  16  288   -4   70 -118   70 -118  23  0  0 L3B 55
C08 FF 61065 165000  780 383  426    +6286991   -198          89    -14   38  16  130   +4    4   -9    4   -9  23  0  0 L3B D3
C13 FF 61065 165000  780 443  549    +2947788   +190          48    +26   29  16  115   +1   24  -23   24  -23  19  0  0 L3B 09
C05 FF 61065 170600  780 162 1248    +6843537   -361         148   -161   28  17  285   -4   72 +105   72  105  20  0  0 L3B 51
C08 FF 61065 170600  780 367  404    +6286854   -181         127     +3   34  17  135   +6  -28   -3  -28   -3  22  0  0 L3B FB
C13 FF 61065 170600  780 435  518    +2947926   +173          36    +11   33  17  117   +2   30  -12   30  -12  19  0  0 L3B EF
C05 FF 61065 172200  780 164 1247    +6843294   -220          97    -20   32  17  282   -3  103  +29  103   29  22  0  0 L3B 20
C08 FF 61065 172200  780 349  386    +6286687   -130         137    +54   40  17  141   +7  -38  -42  -38  -42  26  0  0 L3B 3E
C13 FF 61065 172200  780 423  491    +2948104   +191          58    +29   27  17  120   +3   10  -14   10  -14  18  0  0 L3B E9
C05 FF 61065 173800  780 166 1246    +6843178    +15         173   +215   31  17  278   -3   64 -174   64 -174  19  0  0 L3B 5F
C08 FF 61065 173800  780 327  374    +6286487   -315         113   -132   52  17  149   +9  -25  +79  -25   79  31  0  0 L3B 50
C13 FF 61065 173800  780 407  470    +2948268   +188          66    +26   27  17  124   +4    6  -13    6  -13  17  0  0 L3B E8
C05 FF 61065 175400  780 168 1244    +6842879   -399          66   -199   34  17  275   -3   89  +68   89   68  21  0  0 L3B 5F
C08 FF 61065 175400  780 305  367    +6286278   -210          80    -27   38  17  159  +11   -9  +18   -9   18  23  0  0 L3B 0F
C13 FF 61065 175400  780 389  454    +2948423   +159          66     -3   29  17  128   +5    3   -6    3   -6  19  0  0 L3B BC
C05 FF 61065 181000  780 170 1243    +6842766   -221         140    -22   33  18  272   -3   36  +52   36   52  21  0  0 L3B 04
C08 FF 61065 181000  780 280  364    +6286142    -73         121   +111   35  18  171  +14  -29  -73  -29  -73  21  0  0 L3B 36
C13 FF 61065 181000  780 369  443    +2948606   +222          85    +58   28  18  134   +7  -19  -40  -19  -40  18  0  0 L3B 26
C05 FF 61065 182600  780 172 1243    +6842626    -78         192   +121   33  18  270   -3   15  -89   15  -89  22  0  0 L3B 33
C08 FF 61065 182600  780 255  366    +6285918   -269          73    -86   45  18  186  +18   -4  +54   -4   54  30  0  0 L3B 21
C13 FF 61065 182600  780 348  437    +2948737    +72          59    -92   19  18  141   +8   -2  +45   -2   45  14  0  0 L3B EC
C05 FF 61065 184200  780 174 1242    +6842278   -724          36   -525   30  18  267   -3  118 +365  118  365  20  0  0 L3B 6E
C08 FF 61065 184200  780 230  372    +6285751   -213          82    -29   52  18  205  +22  -13  +20  -13   20  32  0  0 L3B 07
C13 FF 61065 184200  780 325  436    +2948906   +181          71    +18   30  18  150  +10  -15  -12  -15  -12  20  0  0 L3B 13
C05 FF 61065 185800  780 176 1241    +6842108   +398          57   +598   38  18  265   -2  102 -402  102 -402  25  0  0 L3B 79
C08 FF 61065 185800  780 204  382    +6285623   -193         131    -10   47  18  229  +28  -50   +1  -50    1  30  0  0 L3B 04
C13 FF 61065 185800  780 302  440    +2949055   +186          64    +22   31  18  160  +12  -12  -15  -12  -15  21  0  0 L3B 13
C05 FF 61065 191400  780 177 1240    +6842171   -247         311    -47   28  19  262   -2  -52  +35  -52   35  18  0  0 L3B 33
C08 FF 61065 191400  780 179  396    +6285430   -260         120    -75   36  19  259  +36  -33  +40  -33   40  20  0  0 L3B 35
C13 FF 61065 191400  780 278  448    +2949232   +111          87    -51   43  19  172  +14  -24  +33  -24   33  28  0  0 L3B 21
C05 FF 61065 193000  780 179 1239    +6841892   -286         224    -87   32  19  260   -2   -9  +49   -9   49  20  0  0 L3B 2E
C08 FF 61065 193000  780 154  412    +6285250   -118         116    +66   59  19  299  +47  -34  -39  -34  -39  38  0  0 L3B 5B
C13 FF 61065 193000  780 255  459    +2949373   +191          73    +28   40  19  186  +16  -16  -15  -16  -15  27  0  0 L3B 3B
C05 FF 61065 194600  780 180 1238    +6841598   -330         122   -130   20  19  258   -2   44  +59   44   59  12  0  0 L3B 32
C08 FF 61065 194600  780 130  432    +6285073   -210         116    -26   86  19  352  +64  -33   +5  -33    5  51  0  0 L3B 09
C13 FF 61065 194600  780 232  474    +2949522   +216          65    +53   23  19  204  +20  -11  -36  -11  -36  16  0  0 L3B 20
C05 FF 61065 200200  780 181 1238    +6841422    -67         136   +132   24  20  257   -2   21  -91   21  -91  16  0  0 L3B 0D
C08 FF 61065 200200  780 106  454    +6284895   -247         112    -64   86  20  425  +91  -42  +36  -42   36  52  0  0 L3B 35
C13 FF 61065 200200  780 209  492    +2949697   +228          95    +66   38  20  224  +24  -23  -48  -23  -48  26  0  0 L3B 3C
C05 FF 61065 201800  780 182 1237    +6841304   -261         209    -62   18  20  255   -1  -18  +50  -18   50  13  0  0 L3B 1E
C13 FF 61065 201800  780 187  513    +2949842   +113          85    -49   39  20  249  +29  -14  +43  -14   43  26  0  0 L3B 29
C05 FF 61065 203400  780 183 1237    +6841088   -246         184    -47   25  20  254   -1    0  +19    0   19  16  0  0 L3B EC
C13 FF 61065 203400  780 165  536    +2949980   +167          69     +5   58  20  280  +35  -10   +3  -10    3  41  0  0 L3B E2
C05 FF 61065 205000  780 184 1236    +6840957   -222         245    -23   26  20  253   -1  -38  +22  -38   22  17  0  0 L3B 25
C13 FF 61065 205000  780 144  561    +2950150   +202          84    +40   51  20  318  +44  -16  -16  -16  -16  36  0  0 L3B 0C
C05 FF 61065 210600  780 185 1236    +6840685   -253         165    -54   24  21  252   -1   19  +37   19   37  16  0  0 L3B 1C
C06 FF 61065 210600  780 102  791     -264577   +283          92    +41  116  21  445 -139    6   -6    6   -6  68  0  0 L3B E5
C13 FF 61065 210600  780 124  589    +2950330   +186          95    +22   64  21  366  +57  -33  -11  -33  -11  43  0  0 L3B 21
C05 FF 61065 212200  780 186 1235    +6840470    -84         141   +115   32  21  251   -1   33  -72   33  -72  20  0  0 L3B 08
C06 FF 61065 212200  780 134  779     -264354   +360          84   +119   91  21  344  -80   11 -101   11 -101  64  0  0 L3B 21
C13 FF 61065 212200  780 105  618    +2950473   +206          82    +43   93  21  429  +75  -24  -36  -24  -36  56  0  0 L3B 2B
C05 FF 61065 213800  780 186 1235    +6840261   -179         124    +21   42  21  250   -1   39  -18   39  -18  26  0  0 L3B 21
C06 FF 61065 213800  780 164  766     -264113   +205          93    -36   81  21  282  -51   -3  +27   -3   27  54  0  0 L3B E6
C09 FF 61065 213800  780 124  896    -2513565   -339         102     -8   56  21  370 -102   13   -8   13   -8  36  0  0 L3B 05
C05 FF 61065 215400  780 186 1235    +6840111   -200         165     -1   28  21  250   +0   12   -3   12   -3  18  0  0 L3B C3
C06 FF 61065 215400  780 193  750     -263866   +211         108    -30   58  21  242  -35  -17  +13  -17   13  40  0  0 L3B 0E
C09 FF 61065 215400  780 158  886    -2513865   -327         120     +4   43  21  294  -62   -2  -12   -2  -12  27  0  0 L3B 05
C12 FF 61065 215400  780 112 3152     -329648   -249         111    +56   44  21  412 -207  -60  -27  -60  -27  28  0  0 L3B 45
C16 FF 61065 215400  780 202  712    +8569496   -101          91    -22   51  21  232  -30  -24  +12  -24   12  35  0  0 L3B 05
C05 FF 61065 221000  780 187 1235    +6839959   -169         206    +30   25  22  250   +0  -16  -18  -16  -18  16  0  0 L3B 3D
C06 FF 61065 221000  780 220  733     -263630   +155          99    -88   55  22  214  -25  -24  +57  -24   57  35  0  0 L3B 0D
C09 FF 61065 221000  780 191  875    -2514183   -321          97     +7   35  22  245  -41  -12  -14  -12  -14  23  0  0 L3B 0A
C12 FF 61065 221000  780 169 3151     -329972   -467          80   -162   57  22  277  -93  -41  +89  -41   89  37  0  0 L3B 50
C16 FF 61065 221000  780 227  693    +8569370   -133          48    -53   35  22  208  -22    1  +25    1   25  21  0  0 L3B D5
C05 FF 61065 222600  780 187 1235    +6839770   -139         208    +61   28  22  250   +0  -17  -33  -17  -33  17  0  0 L3B 3E
C06 FF 61065 222600  780 245  714     -263396   +266         100    +23   47  22  194  -18  -28  -11  -28  -11  29  0  0 L3B 28
C09 FF 61065 222600  780 223  862    -2514483   -317         112    +12   50  22  212  -29  -22  -12  -22  -12  33  0  0 L3B 1D
C12 FF 61065 222600  780 225 3141     -330243   -154         102   +151   69  22  210  -51  -57 -101  -57 -101  44  0  0 L3B 4B
C16 FF 61065 222600  780 250  673    +8569317    -48          72    +32   51  22  190  -16  -15  -19  -15  -19  32  0  0 L3B 20
C05 FF 61065 224200  780 187 1235    +6839579   -189         209    +11   46  22  250   +0  -17   -6  -17   -6  29  0  0 L3B 27
C06 FF 61065 224200  780 267  693     -263166   +264          97    +21   47  22  179  -13  -30  -19  -30  -19  31  0  0 L3B 1F
C09 FF 61065 224200  780 254  847    -2514790   -418         121    -90   37  22  188  -21  -33  +48  -33   48  22  0  0 L3B 3B
C12 FF 61065 224200  780 281 3121     -330539   -370          99    -65   46  22  172  -31  -50  +42  -50   42  29  0  0 L3B 14
C16 FF 61065 224200  780 271  651    +8569243   -101          74    -21   58  22  177  -12  -16  +14  -16   14  36  0  0 L3B 18
C05 FF 61065 225800  780 186 1235    +6839369   -305         189   -106   48  22  250   +0   -2  +66   -2   66  31  0  0 L3B 2A
C06 FF 61065 225800  780 286  670     -262924   +228         106    -15   51  22  168  -10  -37   +2  -37    2  32  0  0 L3B F5
C09 FF 61065 225800  780 282  829    -2515138   -377          88    -48   52  22  170  -16  -18  +24  -18   24  32  0  0 L3B 36
C12 FF 61065 225800  780 333 3089     -330846   -272          85    +33   60  22  147  -20  -44  -30  -44  -30  37  0  0 L3B 26
C16 FF 61065 225800  780 287  628    +8569170    -33          78    +46   47  22  167   -8  -26  -37  -26  -37  30  0  0 L3B 2D
C05 FF 61065 231400  780 186 1236    +6839152   -204         163     -5   38  23  251   +1   14   +0   14    0  24  0  0 L3B C6
C06 FF 61065 231400  780 301  645     -262712   +197          80    -46   58  23  160   -7  -25  +17  -25   17  36  0  0 L3B F9
C09 FF 61065 231400  780 309  810    -2515457   -319          84     +9   57  23  157  -12  -18   -7  -18   -7  35  0  0 L3B 07
C12 FF 61065 231400  780 380 3043     -331106   -294         119    +11   56  23  131  -13  -69   -5  -69   -5  34  0  0 L3B 0B
C16 FF 61065 231400  780 301  603    +8569106    -63          94    +17   48  23  161   -6  -31  -14  -31  -14  29  0  0 L3B 00
C05 FF 61065 233000  780 185 1236    +6838985   -204         187     -5   27  23  251   +1   -5   -3   -5   -3  16  0  0 L3B E4
C06 FF 61065 233000  780 313  620     -262482   +268          77    +25   54  23  155   -5  -26  -14  -26  -14  35  0  0 L3B FF
C09 FF 61065 233000  780 332  788    -2515756   -381          99    -53   32  23  147   -9  -33  +38  -33   38  20  0  0 L3B 22
C12 FF 61065 233000  780 419 2980     -331429   -328          88    -23   42  23  121   -8  -52   +4  -52    4  25  0  0 L3B E2
C16 FF 61065 233000  780 310  577    +8569027    -47          92    +33   38  23  156   -4  -33  -22  -33  -22  24  0  0 L3B 06
C05 FF 61065 234600  780 185 1236    +6838822   -206         216     -7   27  23  252   +1  -29   +5  -29    5  18  0  0 L3B 02
C06 FF 61065 234600  780 322  594     -262241   +244          83     +0   43  23  151   -3  -39  -10  -39  -10  27  0  0 L3B E2
C09 FF 61065 234600  780 353  763    -2516083   -356          88    -28   30  23  140   -7  -28  +22  -28   22  19  0  0 L3B 18
C12 FF 61065 234600  780 447 2902     -331711   -394         100    -89   45  23  115   -5  -58  +58  -58   58  28  0  0 L3B 32
C16 FF 61065 234600  780 316  551    +8568943   -150          85    -70   36  23  154   -2  -28  +41  -28   41  23  0  0 L3B 15
