CGGTTS     GENERIC DATA FORMAT VERSION = 2E
REV DATE = 2026-01-01                    
RCVR = POLARX5-TR                    R2CGGTTS v8.8    
CH = 99 
IMS = POLARX5-TR                    
LAB = PTB                           
X = +3844059.67 m 
Y =  +709661.67 m 
Z = +5023129.80 m 
FRAME = ITRF
COMMENTS =           IGS RINEX,AUSPOS XYZ          
INT DLY =   33.0 ns (BDS B1I),   32.5 ns (BDS B2I)
CAB DLY =  205.7 ns 
REF DLY =   56.2 ns
REF = UTC(PTB)                      
CKSUM = AF

SAT CL  MJD  STTIME TRKL ELV AZTH   REFSV      SRSV     REFSYS    SRSYS  DSG IOE MDTR SMDT MDIO SMDI MSIO SMSI ISG FR HC FRC CK
             hhmmss  s  .1dg .1dg    .1ns     .1ps/s     .1ns    .1ps/s .1ns     .1ns.1ps/s.1ns.1ps/s.1ns.1ps/s.1ns
C05 FF 61059 001400  780 184 1236    +6959807   -112          91    +89   35   0  253   +1   25  -81   25  -81  25  0  0 L3B 04
C06 FF 61059 001400  780 321  590     -408023   +223          54    -18   48   0  152   -3  -33   +9  -33    9  29  0  0 L3B B4
C09 FF 61059 001400  780 353  763    -2317533   -382          77    -52   38   0  139   -7  -38  +29  -38   29  24  0  0 L3B 11
C12 FF 61059 001400  780 448 2903    -1999918   -365         131    -62   47   0  115   -5  -44  +45  -44   45  29  0  0 L3B 30
C16 FF 61059 001400  780 318  557    +8617159     -9          61    +73   45   0  153   -2  -30  -56  -30  -56  28  0  0 L3B EA
C05 FF 61059 003000  780 183 1236    +6959597   -244          74    -42   38   0  254   +1   18  +26   18   26  26  0  0 L3B FD
C06 FF 61059 003000  780 325  564     -407785   +148          61    -93   44   0  150   -1  -40  +54  -40   54  27  0  0 L3B DE
C09 FF 61059 003000  780 370  736    -2317868   -322          58     +8   40   0  134   -5  -24   -7  -24   -7  25  0  0 L3B D1
C11 FF 61059 003000  780 120 3269    -8320680    -44          54   +105   72   0  384 -159   15  -74   15  -74  47  0  0 L3B 22
C12 FF 61059 003000  780 462 2812    -2000217   -288         122    +15   34   0  112   -1  -38   -5  -38   -5  21  0  0 L3B E1
C16 FF 61059 003000  780 320  532    +8617042    -51          23    +30   46   0  152   +0   -5  -20   -5  -20  30  0  0 L3B 9C
C05 FF 61059 004600  780 182 1237    +6959400   -149          70    +52   37   0  255   +1   29  -30   29  -30  24  0  0 L3B F9
C06 FF 61059 004600  780 325  540     -407567   +182          48    -58   62   0  150   +1  -33  +36  -33   36  41  0  0 L3B DF
C09 FF 61059 004600  780 384  708    -2318196   -277          47    +53   35   0  130   -4  -16  -29  -16  -29  21  0  0 L3B 13
C11 FF 61059 004600  780 168 3240    -8320787   -224          90    -76   49   0  277  -76  -20  +36  -20   36  32  0  0 L3B 27
C12 FF 61059 004600  780 460 2716    -2000484   -330         146    -28   73   0  112   +2  -47  +30  -47   30  44  0  0 L3B 03
C16 FF 61059 004600  780 319  508    +8616955   -104          14    -23   50   0  152   +1    0  +11    0   11  31  0  0 L3B 97
C05 FF 61059 010200  780 181 1238    +6959245   -353         109   -152   35   1  256   +2   -4  +96   -4   96  24  0  0 L3B 12
C06 FF 61059 010200  780 322  517     -407374   +244           7     +3   41   1  151   +2   -3   -9   -3   -9  25  0  0 L3B 6E
C09 FF 61059 010200  780 394  679    -2318497   -281          59    +48   44   1  127   -2  -28  -22  -28  -22  29  0  0 L3B 1F
C11 FF 61059 010200  780 212 3202    -8320941   -110          78    +39   66   1  223  -42  -34  -29  -34  -29  42  0  0 L3B 17
C12 FF 61059 010200  780 443 2622    -2000785   -339         134    -37   58   1  116   +5  -37  +33  -37   33  36  0  0 L3B 13
C16 FF 61059 010200  780 314  486    +8616907    -73          41     +8   33   1  155   +3  -19   -3  -19   -3  21  0  0 L3B B8
C05 FF 61059 011800  780 180 1238    +6959028   -133          85    +68   41   1  258   +2   20  -37   20  -37  26  0  0 L3B 02
C06 FF 61059 011800  780 315  496     -407119   +274          31    +33   34   1  154   +4  -24  -19  -24  -19  21  0  0 L3B E8
C09 FF 61059 011800  780 400  650    -2318792   -381          80    -52   44   1  126   -1  -41  +24  -41   24  26  0  0 L3B EB
C11 FF 61059 011800  780 249 3154    -8321124    -55          38    +94   53   1  191  -25  -13  -58  -13  -58  33  0  0 L3B 1C
C12 FF 61059 011800  780 411 2539    -2001079   -332         131    -30   53   1  123   +9  -26  +25  -26   25  33  0  0 L3B 00
C16 FF 61059 011800  780 305  467    +8616835    -98          47    -17   33   1  158   +5  -20   +9  -20    9  21  0  0 L3B CF
C05 FF 61059 013400  780 179 1239    +6958886   -162         137    +39   58   1  260   +2   -4  -18   -4  -18  37  0  0 L3B 21
C06 FF 61059 013400  780 305  478     -406879   +241          39     +0   30   1  159   +5  -28   +0  -28    0  19  0  0 L3B AB
C09 FF 61059 013400  780 402  622    -2319133   -397          56    -67   51   1  125   +0  -27  +41  -27   41  31  0  0 L3B EC
C11 FF 61059 013400  780 277 3097    -8321222   -216          83    -68   49   1  173  -14  -47  +45  -47   45  31  0  0 L3B 2A
C12 FF 61059 013400  780 369 2468    -2001373   -352         128    -50   66   1  134  +15  -15  +38  -15   38  42  0  0 L3B 29
C16 FF 61059 013400  780 294  450    +8616785    +43          76   +124   40   1  164   +7  -39  -87  -39  -87  25  0  0 L3B 23
C05 FF 61059 015000  780 178 1240    +6958711   -223         154    -22   51   1  262   +2  -17   +7  -17    7  33  0  0 L3B EC
C06 FF 61059 015000  780 292  463     -406627   +186          60    -54   35   1  165   +7  -43  +29  -43   29  23  0  0 L3B EB
C09 FF 61059 015000  780 400  595    -2319452   -198          53   +132   50   1  125   +1  -20  -80  -20  -80  32  0  0 L3B 00
C11 FF 61059 015000  780 296 3031    -8321376   -183          72    -34   78   1  163   -7  -35  +26  -35   26  47  0  0 L3B 13
C12 FF 61059 015000  780 319 2409    -2001655   -378         136    -75   75   1  152  +23  -15  +54  -15   54  47  0  0 L3B 2E
C16 FF 61059 015000  780 280  437    +8616709   -133          77    -52   47   1  171   +9  -42  +33  -42   33  29  0  0 L3B 00
C05 FF 61059 020600  780 176 1241    +6958342   -386         -25   -185   56   2  264   +2   71 +109   71  109  36  0  0 L3B 42
C06 FF 61059 020600  780 277  452     -406390   +210          85    -29   38   2  173   +9  -51  +23  -51   23  24  0  0 L3B E0
C09 FF 61059 020600  780 394  571    -2319755   -370          60    -41   39   2  127   +2  -30  +23  -30   23  26  0  0 L3B F0
C11 FF 61059 020600  780 302 2960    -8321449    -14         141   +134   58   2  160   +0  -76  -83  -76  -83  36  0  0 L3B 29
C12 FF 61059 020600  780 265 2361    -2001978   -381         103    -78   73   2  180  +36   18  +46   18   46  42  0  0 L3B 19
C16 FF 61059 020600  780 264  428    +8616619    -78          64     +3   33   2  181  +11  -34   +2  -34    2  21  0  0 L3B BA
C05 FF 61059 022200  780 174 1242    +6958242    +18          68   +218   42   2  266   +2    7 -120    7 -120  26  0  0 L3B F4
C06 FF 61059 022200  780 261  444     -406156   +145          90    -93   38   2  183  +12  -52  +61  -52   61  23  0  0 L3B EC
C09 FF 61059 022200  780 385  550    -2320072   -284          58    +44   40   2  129   +3  -29  -32  -29  -32  24  0  0 L3B FF
C11 FF 61059 022200  780 296 2888    -8321659   -181          74    -33   55   2  163   +6  -26  +42  -26   42  34  0  0 L3B 1A
C12 FF 61059 022200  780 208 2320    -2002266   -326         106    -23   79   2  225  +60   21   +3   21    3  48  0  0 L3B CD
C16 FF 61059 022200  780 246  422    +8616516   -200          38   -119   32   2  192  +14  -16  +86  -16   86  21  0  0 L3B 18
C05 FF 61059 023800  780 173 1243    +6958102   -322         120   -121   48   2  268   +3  -18  +86  -18   86  34  0  0 L3B 33
C06 FF 61059 023800  780 242  440     -405927   +182          89    -57   41   2  196  +15  -47  +42  -47   42  25  0  0 L3B 05
C09 FF 61059 023800  780 374  533    -2320370   -476          76   -147   43   2  133   +4  -40 +100  -40  100  27  0  0 L3B 1C
C11 FF 61059 023800  780 279 2817    -8321817    -75          58    +74   55   2  172  +13  -11  -55  -11  -55  36  0  0 L3B 28
C12 FF 61059 023800  780 151 2284    -2002575   -253          88    +50   79   2  306 +115   39  -30   39  -30  50  0  0 L3B 1E
C16 FF 61059 023800  780 227  420    +8616465    -22          65    +59   36   2  208  +18  -32  -37  -32  -37  21  0  0 L3B 0B
C05 FF 61059 025400  780 171 1244    +6957847   -563          58   -362   42   2  271   +3   15 +250   15  250  26  0  0 L3B 2E
C06 FF 61059 025400  780 223  440     -405729   +236          59     -3   45   2  211  +19  -27   +8  -27    8  29  0  0 L3B C6
C09 FF 61059 025400  780 360  519    -2320689   -296          73    +33   37   2  137   +5  -38  -18  -38  -18  21  0  0 L3B 1A
C11 FF 61059 025400  780 251 2751    -8321944   -113          73    +36   73   2  189  +23  -18  -22  -18  -22  45  0  0 L3B 29
C16 FF 61059 025400  780 207  421    +8616366    -97          44    -16   39   2  227  +22  -16  +20  -16   20  25  0  0 L3B F4
C05 FF 61059 031000  780 169 1246    +6957694     +9          98   +210   28   3  274   +3   -7 -132   -7 -132  20  0  0 L3B 0E
C06 FF 61059 031000  780 202  443     -405489   +122          73   -116   60   3  231  +23  -35  +80  -35   80  39  0  0 L3B F7
C09 FF 61059 031000  780 344  510    -2321043   -336          35     -7   36   3  142   +6  -14   +7  -14    7  23  0  0 L3B A9
C11 FF 61059 031000  780 215 2692    -8322090   -288          71   -139   53   3  218  +39   -9  +96   -9   96  31  0  0 L3B 21
C16 FF 61059 031000  780 186  425    +8616285   -122          39    -41   42   3  251  +28  -18  +23  -18   23  27  0  0 L3B 08
C05 FF 61059 032600  780 167 1247    +6957454   -617          50   -416   39   3  277   +3   21 +226   21  226  27  0  0 L3B 36
C06 FF 61059 032600  780 181  449     -405273   +194          59    -45   60   3  257  +30  -26  +27  -26   27  41  0  0 L3B 00
C09 FF 61059 032600  780 327  505    -2321363   -357          31    -28   39   3  149   +8  -13  +16  -13   16  24  0  0 L3B F7
C11 FF 61059 032600  780 173 2639    -8322211   -214          92    -66   65   3  268  +68  -10  +67  -10   67  39  0  0 L3B 2C
C16 FF 61059 032600  780 164  433    +8616178    -57           9    +23   32   3  282  +37    1  -19    1  -19  19  0  0 L3B C0
C05 FF 61059 034200  780 165 1248    +6957248   -159          37    +42   43   3  280   +3   17  -28   17  -28  24  0  0 L3B 0E
C06 FF 61059 034200  780 160  458     -405054   +328          50    +89   41   3  289  +38  -21  -60  -21  -60  25  0  0 L3B 01
C09 FF 61059 034200  780 308  504    -2321651   -289          58    +39   35   3  157   +9  -33  -20  -33  -20  22  0  0 L3B 03
C11 FF 61059 034200  780 127 2591    -8322365   -161          81    -13   61   3  361 +133    6   +6    6    6  38  0  0 L3B C7
C14 FF 61059 034200  780 138 2936    +3151422   +412         105    -10   80   3  336 -134  -23   +7  -23    7  52  0  0 L3B 05
C16 FF 61059 034200  780 142  443    +8616125   -177          34    -96   56   3  322  +48  -11  +65  -11   65  36  0  0 L3B 11
C05 FF 61059 035800  780 163 1249    +6957214   -117         196    +84   57   3  283   +3  -92  -62  -92  -62  38  0  0 L3B 4C
C06 FF 61059 035800  780 138  470     -404822   +200          52    -39   55   3  331  +51  -24  +20  -24   20  35  0  0 L3B E1
C09 FF 61059 035800  780 288  506    -2322012   -397          13    -68   48   3  167  +11   -7  +33   -7   33  29  0  0 L3B F6
C14 FF 61059 035800  780 194 2963    +3151856   +415         133     -8   65   3  242  -70  -41   +1  -41    1  42  0  0 L3B F5
C16 FF 61059 035800  780 121  457    +8616027    +52          14   +133   49   3  377  +66   -4  -96   -4  -96  36  0  0 L3B 0C
C05 FF 61059 041400  780 161 1250    +6957038   -444         230   -241   85   4  286   +4  -99 +181  -99  181  51  0  0 L3B 68
C06 FF 61059 041400  780 117  485     -404590   +253          63    +15   78   4  389  +69  -25   +0  -25    0  52  0  0 L3B DA
C09 FF 61059 041400  780 268  512    -2322289   -311          61    +19   39   4  178  +13  -31  -11  -31  -11  24  0  0 L3B 0A
C14 FF 61059 041400  780 252 2985    +3152227   +312          98   -111   65   4  190  -43  -18  +68  -18   68  39  0  0 L3B 42
C05 FF 61059 043000  780 159 1252    +6956600   -136         -14    +66   38   4  290   +4   62  -25   62  -25  24  0  0 L3B 0B
C09 FF 61059 043000  780 248  522    -2322598   -325          69     +5   50   4  191  +15  -43   -3  -43   -3  31  0  0 L3B DE
C14 FF 61059 043000  780 312 3002    +3152650   +420         116     -3   54   4  156  -28  -38   +2  -38    2  32  0  0 L3B D9
C05 FF 61059 045800  780 156 1254    +6956525   -447         251   -245   63   4  296   +4 -107 +160 -107  160  41  0  0 L3B 84
C09 FF 61059 045800  780 212  545    -2323142   -345          79    -15   50   4  221  +21  -52   +5  -52    5  32  0  0 L3B D9
C14 FF 61059 045800  780 419 3013    +3153354   +414         109     -8   60   4  121  -15  -44   -2  -44   -2  37  0  0 L3B F8
C05 FF 61059 051400  780 154 1255    +6956185    -54         108   +149   34   5  300   +4  -20 -119  -20 -119  24  0  0 L3B 47
C09 FF 61059 051400  780 192  562    -2323468   -418          77    -88   44   5  243  +25  -41  +69  -41   69  27  0  0 L3B 2C
C10 FF 61059 051400  780 106  899    +4117990   +307          -8    +95  293   5  429 -119   42  -29   42  -29 178  0  0 L3B 53
C14 FF 61059 051400  780 482 3004    +3153742   +521          91    +98   62   5  109  -11  -35  -62  -35  -62  37  0  0 L3B 29
C05 FF 61059 053000  780 152 1256    +6955985   -339         102   -136   42   5  303   +4    6 +132    6  132  27  0  0 L3B 13
C07 FF 61059 053000  780 139  746    -4682387   -179          49    +64   90   5  332  -58    1  -53    1  -53  58  0  0 L3B FD
C09 FF 61059 053000  780 172  582    -2323781   -239          81    +91   63   5  270  +30  -39  -55  -39  -55  41  0  0 L3B 28
C10 FF 61059 053000  780 135  889    +4118261   +215          60     +3   48   5  339  -72    9  +15    9   15  32  0  0 L3B BC
C14 FF 61059 053000  780 543 2976    +3154159   +317         103   -106   55   5  100   -8  -47  +63  -47   63  32  0  0 L3B 31
C05 FF 61059 054600  780 150 1257    +6955781   -101          93   +102   37   5  307   +4   32  -91   32  -91  25  0  0 L3B 11
C07 FF 61059 054600  780 162  731    -4682620   -184          50    +59   89   5  286  -40   -2  -35   -2  -35  55  0  0 L3B 08
C09 FF 61059 054600  780 152  604    -2324117   -438          62   -108   48   5  302  +38  -13  +83  -13   83  35  0  0 L3B 20
C10 FF 61059 054600  780 164  877    +4118460   +226          56    +15   51   5  283  -48   15  -11   15  -11  32  0  0 L3B F9
C14 FF 61059 054600  780 601 2921    +3154526   +326          64    -97   62   5   93   -5  -27  +56  -27   56  38  0  0 L3B 12
C05 FF 61059 060200  780 148 1259    +6955580   -224          79    -22   50   6  311   +4   54  +45   54   45  33  0  0 L3B FA
C07 FF 61059 060200  780 184  716    -4682842   -258          66    -14   52   6  254  -28   -4  +21   -4   21  32  0  0 L3B EE
C09 FF 61059 060200  780 133  628    -2324453   -310          39    +20   58   6  343  +48   17   +9   17    9  36  0  0 L3B D4
C10 FF 61059 060200  780 192  865    +4118715   +175          99    -38   42   6  244  -34  -20  +37  -20   37  26  0  0 L3B 13
C14 FF 61059 060200  780 650 2823    +3154930   +338          63    -85   40   6   89   -3  -26  +49  -26   49  24  0  0 L3B 0B
C05 FF 61059 061800  780 146 1260    +6955418    -81         111   +121   43   6  315   +4   50  -76   50  -76  27  0  0 L3B 11
C07 FF 61059 061800  780 203  699    -4683056   -204          86    +40   47   6  231  -20   -5   -2   -5   -2  30  0  0 L3B CF
C09 FF 61059 061800  780 114  653    -2324760   -303          49    +27   56   6  395  +62   41  +29   41   29  44  0  0 L3B 01
C10 FF 61059 061800  780 218  851    +4118881   +265          61    +52   46   6  216  -25   16  -11   16  -11  28  0  0 L3B FB
C14 FF 61059 061800  780 683 2672    +3155337   +435          64    +12   56   6   87   -1  -28   -3  -28   -3  35  0  0 L3B F3
C05 FF 61059 063400  780 144 1261    +6955372   -194         258     +8   32   6  319   +4  -56   +9  -56    9  22  0  0 L3B FE
C07 FF 61059 063400  780 221  681    -4683294   -270          82    -27   56   6  214  -15    9  +34    9   34  34  0  0 L3B E0
C10 FF 61059 063400  780 242  835    +4119089   +165          65    -47   36   6  196  -18   24  +35   24   35  23  0  0 L3B 00
C14 FF 61059 063400  780 689 2480    +3155744   +542          65   +120   46   6   87   +1  -26  -67  -26  -67  28  0  0 L3B 35
C05 FF 61059 065000  780 142 1262    +6955121   -335         201   -133   49   6  323   +4   25 +143   25  143  32  0  0 L3B 25
C07 FF 61059 065000  780 235  662    -4683551   -240          60     +3   74   6  201  -11   37  +24   37   24  46  0  0 L3B DA
C10 FF 61059 065000  780 265  818    +4119278   +216          51     +3   60   6  180  -14   45  +15   45   15  37  0  0 L3B DB
C14 FF 61059 065000  780 666 2301    +3156165   +379          80    -44   43   6   88   +2  -28  +38  -28   38  27  0  0 L3B 0F
C05 FF 61059 070600  780 140 1263    +6954829   -222         103    -20   37   7  327   +4  127  +47  127   47  24  0  0 L3B 2A
C07 FF 61059 070600  780 247  642    -4683752   -159          89    +84   86   7  193   -8   31  -23   31  -23  53  0  0 L3B 10
C10 FF 61059 070600  780 285  800    +4119504   +146          62    -68   57   7  169  -11   42  +52   42   52  36  0  0 L3B F5
C14 FF 61059 070600  780 620 2171    +3156560   +499          69    +77   34   7   91   +5   -9  -25   -9  -25  20  0  0 L3B F5
C05 FF 61059 072200  780 139 1264    +6954626   -305          93   -103   50   7  330   +4  132  +77  132   77  32  0  0 L3B 2A
C07 FF 61059 072200  780 255  622    -4683996   -241          78     +2   53   7  186   -5   58  +23   58   23  33  0  0 L3B EB
C10 FF 61059 072200  780 303  780    +4119705   +200          58    -14   42   7  160   -8   56  +30   56   30  26  0  0 L3B CF
C14 FF 61059 072200  780 562 2087    +3156973   +402          76    -21   64   7   97   +7    2  +27    2   27  39  0  0 L3B CD
C05 FF 61059 073800  780 137 1264    +6954482   -274         143    -72   38   7  334   +4  139  +76  139   76  25  0  0 L3B 4D
C07 FF 61059 073800  780 261  602    -4684224   -222          83    +21   68   7  183   -3   68   +5   68    5  43  0  0 L3B CE
C10 FF 61059 073800  780 318  759    +4119909   +211          58     -2   39   7  153   -6   68   +8   68    8  25  0  0 L3B CC
C14 FF 61059 073800  780 496 2034    +3157383   +530          81   +108   45   7  106  +11   20  -42   20  -42  30  0  0 L3B 11
C05 FF 61059 075400  780 136 1265    +6954257   -227         112    -25   34   7  338   +4  178  +30  178   30  22  0  0 L3B 32
C07 FF 61059 075400  780 263  583    -4684462   -200          79    +43   38   7  181   -1   95  -11   95  -11  23  0  0 L3B FF
C10 FF 61059 075400  780 330  737    +4120129   +261          73    +47   46   7  148   -4   71  -16   71  -16  29  0  0 L3B F0
C14 FF 61059 075400  780 427 1999    +3157790   +344          83    -79   58   7  119  +16   40  +69   40   69  38  0  0 L3B 38
C05 FF 61059 081000  780 134 1266    +6954041    -26          92   +176   36   8  341   +3  203  -90  203  -90  21  0  0 L3B 1A
C07 FF 61059 081000  780 263  565    -4684665   -164         105    +79   59   8  181   +1   88  -31   88  -31  34  0  0 L3B 21
C10 FF 61059 081000  780 339  715    +4120343   +143          73    -72   51   8  145   -3   89  +56   89   56  31  0  0 L3B E8
C14 FF 61059 081000  780 358 1975    +3158167   +405          54    -18   54   8  138  +24   74  +49   74   49  33  0  0 L3B 24
C05 FF 61059 082600  780 133 1266    +6953885   -416         129   -213   49   8  344   +3  212 +213  212  213  33  0  0 L3B 62
C07 FF 61059 082600  780 260  548    -4684899   -264         104    -21   44   8  183   +3   90   +8   90    8  27  0  0 L3B EF
C10 FF 61059 082600  780 344  693    +4120555   +222          79     +7   37   8  142   -2   72   -8   72   -8  23  0  0 L3B BF
C14 FF 61059 082600  780 289 1958    +3158583   +498          64    +75   51   8  167  +37  101  -10  101  -10  31  0  0 L3B 45
C05 FF 61059 084200  780 132 1267    +6953657   -209          95     -7   47   8  347   +3  269   +5  269    5  31  0  0 L3B 05
C07 FF 61059 084200  780 254  534    -4685168   -262          69    -19   50   8  187   +5  135  +49  135   49  30  0  0 L3B 27
C10 FF 61059 084200  780 347  671    +4120748   +214          66     -1   39   8  141   +0   91  +16   91   16  23  0  0 L3B C7
C14 FF 61059 084200  780 221 1944    +3158978   +469          53    +46   49   8  213  +63  149  +27  149   27  32  0  0 L3B 4A
C05 FF 61059 085800  780 131 1267    +6953522   -192         154    +10   36   8  350   +3  224   +3  224    3  24  0  0 L3B FB
C07 FF 61059 085800  780 246  521    -4685369   -318         102    -75   38   8  193   +7  138  +58  138   58  23  0  0 L3B 43
C10 FF 61059 085800  780 347  651    +4120958   +345          70   +131   47   8  142   +1  104  -67  104  -67  30  0  0 L3B 21
C12 FF 61059 085800  780 117 1330    -2009406   -202         161   +101   82   8  395 -191  252 -113  252 -113  53  0  0 L3B 7D
C14 FF 61059 085800  780 155 1932    +3159388   +397          57    -25   69   8  298 +123  198  +56  198   56  43  0  0 L3B 7D
C05 FF 61059 091400  780 130 1268    +6953232   -353          62   -150   40   9  352   +2  294 +104  294  104  27  0  0 L3B 48
C07 FF 61059 091400  780 235  511    -4685579    -46         115   +196   75   9  201   +9  129 -102  129 -102  45  0  0 L3B 59
C10 FF 61059 091400  780 343  632    +4121173   +141         103    -71   50   9  143   +2  111  +61  111   61  30  0  0 L3B E5
C12 FF 61059 091400  780 174 1296    -2009734   -324         124    -21   68   9  269  -88  218  -46  218  -46  43  0  0 L3B 66
C05 FF 61059 093000  780 129 1268    +6952967    -94          -9   +108   44   9  354   +2  341  -52  341  -52  28  0  0 L3B 39
C07 FF 61059 093000  780 223  504    -4685848    -58          78   +183   38   9  211  +12  167  -99  167  -99  25  0  0 L3B 56
C10 FF 61059 093000  780 338  616    +4121379   +291         106    +79   42   9  145   +3  116  -48  116  -48  26  0  0 L3B 2C
C12 FF 61059 093000  780 231 1258    -2010015   -209         134    +94   60   9  205  -49  182  -74  182  -74  37  0  0 L3B 47
C05 FF 61059 094600  780 128 1268    +6952792   -231          11    -29   57   9  356   +2  343  +33  343   33  37  0  0 L3B 2D
C07 FF 61059 094600  780 209  499    -4686041   -334         117    -92   39   9  225  +15  143  +58  143   58  23  0  0 L3B 4A
C10 FF 61059 094600  780 329  603    +4121598   +218         121     +6   47   9  148   +4  119  +45  119   45  30  0  0 L3B 09
C12 FF 61059 094600  780 287 1214    -2010304   -251         136    +52   62   9  168  -30  172  -16  172  -16  38  0  0 L3B 42
C05 FF 61059 100200  780 128 1268    +6952584   -218          -5    -16   42  10  357   +1  351  +14  351   14  26  0  0 L3B 19
C07 FF 61059 100200  780 193  498    -4686254    -77         132   +164   46  10  241  +20  131 -120  131 -120  28  0  0 L3B 5A
C10 FF 61059 100200  780 319  592    +4121762    +96          82   -116   36  10  152   +5  133  +26  133   26  22  0  0 L3B FF
C12 FF 61059 100200  780 339 1161    -2010598   -365          69    -66   42  10  145  -19  140   +2  140    2  24  0  0 L3B 02
C05 FF 61059 101800  780 127 1268    +6952371   -204         -25     -2   44  10  358   +1  389  +28  389   28  26  0  0 L3B 34
C07 FF 61059 101800  780 177  499    -4686525   -619          94   -378   56  10  263  +25  144 +261  144  261  35  0  0 L3B 84
C10 FF 61059 101800  780 306  584    +4121951   +160          67    -52   40  10  158   +6  136  +32  136   32  25  0  0 L3B 02
C11 FF 61059 101800  780 133 1604    -8325947    -82          28    +67   52  10  349 -164  282  -56  282  -56  31  0  0 L3B 5A
C12 FF 61059 101800  780 386 1097    -2010880   -338          73    -39   51  10  130  -13  123  +19  123   19  31  0  0 L3B 2C
C05 FF 61059 103400  780 127 1268    +6952198   -150          -3    +52   55  10  359   +0  389  -21  389  -21  35  0  0 L3B 3B
C07 FF 61059 103400  780 159  502    -4686737   -140         113   +102   51  10  289  +32  149  -64  149  -64  32  0  0 L3B 5D
C10 FF 61059 103400  780 292  580    +4122146   +200          58    -12   36  10  165   +8  121   +6  121    6  24  0  0 L3B CE
C11 FF 61059 103400  780 197 1586    -8326124    -60          -6    +88   57  10  239  -78  288 -102  288 -102  36  0  0 L3B 6F
C12 FF 61059 103400  780 423 1020    -2011171   -306          69     -7   42  10  120   -8   89  -37   89  -37  27  0  0 L3B F6
C05 FF 61059 105000  780 127 1268    +6951977   -183         -30    +19   59  10  359   +0  403  -19  403  -19  39  0  0 L3B 52
C07 FF 61059 105000  780 141  509    -4686978   -168         104    +74   50  10  324  +41  157   -3  157   -3  30  0  0 L3B 25
C10 FF 61059 105000  780 277  578    +4122370    +44          80   -168   35  10  173   +9  117 +114  117  114  24  0  0 L3B 2B
C11 FF 61059 105000  780 263 1567    -8326237   -124          23    +24   53  10  183  -44  207 -115  207 -115  33  0  0 L3B 5A
C12 FF 61059 105000  780 449  932    -2011476   -234          50    +65   47  10  114   -4   75  -42   75  -42  28  0  0 L3B FA
C05 FF 61059 110600  780 127 1268    +6951713   -291        -101    -89   43  11  359   +0  434  +32  434   32  29  0  0 L3B 48
C07 FF 61059 110600  780 123  517    -4687231   -114          88   +128   73  11  370  +54  210  -26  210  -26  45  0  0 L3B 3E
C11 FF 61059 110600  780 330 1543    -8326395   -183           7    -34   58  11  149  -28  136  -26  136  -26  36  0  0 L3B 41
C12 FF 61059 110600  780 460  837    -2011747   -336          71    -36   51  11  112   -1   64  +21   64   21  31  0  0 L3B D8
C05 FF 61059 112200  780 127 1268    +6951597    -29         -24   +174   44  11  358   -1  357 -130  357 -130  28  0  0 L3B 73
C07 FF 61059 112200  780 104  529    -4687446   -240         106     +2   75  11  431  +75  214  +14  214   14  51  0  0 L3B 17
C11 FF 61059 112200  780 396 1513    -8326517   -132          28    +16   42  11  127  -18   93  -29   93  -29  26  0  0 L3B 2C
C12 FF 61059 112200  780 454  743    -2012037   -368          68    -69   54  11  113   +3   73  +56   73   56  34  0  0 L3B F6
C05 FF 61059 113800  780 128 1267    +6951451   -181          25    +21   52  11  358   -1  308  -56  308  -56  33  0  0 L3B 3A
C11 FF 61059 113800  780 461 1471    -8326677   -215          10    -66   46  11  112  -12   84  +28   84   28  28  0  0 L3B 1F
C12 FF 61059 113800  780 433  658    -2012334   -276          59    +23   61  11  118   +6   90   -6   90   -6  36  0  0 L3B DC
C05 FF 61059 115400  780 128 1267    +6951276   -329          43   -126   47  11  356   -2  270  +70  270   70  31  0  0 L3B 3F
C11 FF 61059 115400  780 523 1413    -8326829    -98           1    +51   50  11  102   -8   84  -47   84  -47  30  0  0 L3B F1
C12 FF 61059 115400  780 400  587    -2012600   -262          80    +37   56  11  125  +10   80  -30   80  -30  34  0  0 L3B EE
C05 FF 61059 121000  780 129 1266    +6951088    -41          51   +161   50  12  355   -2  241 -120  241 -120  33  0  0 L3B 3B
C11 FF 61059 121000  780 577 1329    -8326971    -86          63    +65   44  12   96   -5   71  -57   71  -57  27  0  0 L3B 0E
C12 FF 61059 121000  780 357  532    -2012881   -315          95    -15   60  12  138  +16   88  +31   88   31  36  0  0 L3B 01
C05 FF 61059 122600  780 129 1266    +6950935   -218          92    -16   30  12  353   -2  230  +76  230   76  23  0  0 L3B 2A
C11 FF 61059 122600  780 617 1212    -8327120   -211          59    -59   46  12   92   -3   74  +36   74   36  29  0  0 L3B F9
C12 FF 61059 122600  780 307  493    -2013185   -264          80    +36   57  12  158  +25  125  +16  125   16  35  0  0 L3B 22
C05 FF 61059 124200  780 130 1265    +6950795     +2         146   +204   34  12  350   -3  233 -133  233 -133  22  0  0 L3B 3F
C11 FF 61059 124200  780 638 1064    -8327252   -177          73    -25   50  12   90   -1   77  +24   77   24  29  0  0 L3B FC
C12 FF 61059 124200  780 253  466    -2013440   -356         113    -56   48  12  188  +39  130  +59  130   59  31  0  0 L3B 37
C05 FF 61059 125800  780 131 1264    +6950671   -195         216     +7   34  12  348   -3  184   -7  184   -7  22  0  0 L3B 1E
C11 FF 61059 125800  780 633  909    -8327390    -77          81    +75   51  12   90   +1   78  -40   78  -40  31  0  0 L3B EE
C12 FF 61059 125800  780 198  451    -2013715   -228         126    +72   47  12  237  +66  137  -29  137  -29  31  0  0 L3B 54
C05 FF 61059 131400  780 132 1264    +6950318   -316          51   -114   39  13  345   -3  274  +36  274   36  27  0  0 L3B 3C
C08 FF 61059 131400  780 117  819    +6385616   -187         109     -1   53  13  392 -129  168  -50  168  -50  36  0  0 L3B 61
C11 FF 61059 131400  780 606  778    -8327535   -170          37    -24   48  13   93   +3   77   +5   77    5  29  0  0 L3B D7
C12 FF 61059 131400  780 141  445    -2014065   -188          88   +115   54  13  327 +130  176  -79  176  -79  34  0  0 L3B 67
C05 FF 61059 133000  780 134 1263    +6950060   -335         -13   -134   38  13  342   -3  294  +90  294   90  25  0  0 L3B 41
C08 FF 61059 133000  780 155  808    +6385398   -156          71    +30   92  13  299  -73  181  -76  181  -76  59  0  0 L3B 62
C11 FF 61059 133000  780 563  684    -8327644   -144          69     +3   35  13   97   +6   54   -6   54   -6  22  0  0 L3B C8
C13 FF 61059 133000  780 131  912    +2861192   +185          99    +23   46  13  352 -104  179  -15  179  -15  33  0  0 L3B 4B
C05 FF 61059 134600  780 135 1262    +6949911    -32          32   +169   43  13  339   -4  256 -140  256 -140  29  0  0 L3B 63
C08 FF 61059 134600  780 192  796    +6385249   -239         101    -53   53  13  244  -46  124   -5  124   -5  31  0  0 L3B 31
C11 FF 61059 134600  780 510  623    -8327786   -172          67    -26   44  13  104   +8   54  +13   54   13  27  0  0 L3B F6
C13 FF 61059 134600  780 169  903    +2861290   +199          42    +37   34  13  275  -61  185  -75  185  -75  23  0  0 L3B 52
C05 FF 61059 140200  780 137 1261    +6949839   -120         153    +82   44  14  335   -4  170  -60  170  -60  29  0  0 L3B 48
C08 FF 61059 140200  780 228  781    +6385072   -225         103    -38   68  14  207  -31   75  -16   75  -16  42  0  0 L3B 2E
C11 FF 61059 140200  780 452  588    -8327908   -110          95    +37   39  14  114  +12   44  -25   44  -25  25  0  0 L3B 15
C13 FF 61059 140200  780 207  892    +2861464   +165          45     +1   42  14  227  -40  127  -67  127  -67  27  0  0 L3B 29
C05 FF 61059 141800  780 138 1260    +6949472   -589         -21   -387   37  14  331   -4  287 +221  287  221  24  0  0 L3B 86
C08 FF 61059 141800  780 262  763    +6384856   -259          66    -72   59  14  182  -22   81  +29   81   29  38  0  0 L3B 33
C11 FF 61059 141800  780 392  572    -8328057   -196          88    -48   47  14  127  +17   53  +32   53   32  29  0  0 L3B 21
C13 FF 61059 141800  780 244  878    +2861602   +152          26    -11   37  14  195  -28  107   +1  107    1  25  0  0 L3B FE
C05 FF 61059 143400  780 140 1259    +6949312   +177          13   +378   42  14  328   -4  208 -324  208 -324  27  0  0 L3B 75
C08 FF 61059 143400  780 293  741    +6384705   -156          94    +30   45  14  164  -16   51  -42   51  -42  27  0  0 L3B 1A
C11 FF 61059 143400  780 332  568    -8328197   -154          89     -6   37  14  147  +24   52   +9   52    9  22  0  0 L3B E6
C13 FF 61059 143400  780 279  863    +2861784   +153          51    -11   43  14  172  -20   76  -12   76  -12  27  0  0 L3B 17
C05 FF 61059 145000  780 142 1258    +6949260   -276         155    -75   43  14  324   -4   70  +25   70   25  28  0  0 L3B 20
C08 FF 61059 145000  780 322  717    +6384521   -294          90   -107   69  14  151  -12   38  +60   38   60  42  0  0 L3B 1C
C11 FF 61059 145000  780 272  574    -8328320   -170         108    -23   49  14  176  +36   46  +19   46   19  30  0  0 L3B 1C
C13 FF 61059 145000  780 312  844    +2861909   +135          18    -29   83  14  156  -15   81   +9   81    9  51  0  0 L3B EF
C05 FF 61059 150600  780 144 1257    +6948895    -22         -13   +180   42  15  320   -4  180  -87  180  -87  28  0  0 L3B 55
C08 FF 61059 150600  780 347  689    +6384350   -234         112    -46   54  15  142   -9   20  +20   20   20  33  0  0 L3B FB
C11 FF 61059 150600  780 213  587    -8328484   -149          94     -1   54  15  220  +58   58   +5   58    5  33  0  0 L3B E4
C13 FF 61059 150600  780 342  821    +2862079   +205          41    +42   46  15  143  -11   60  -38   60  -38  29  0  0 L3B 0B
C05 FF 61059 152200  780 146 1256    +6948743   -151          28    +51   29  15  316   -4  161  -39  161  -39  20  0  0 L3B 3F
C08 FF 61059 152200  780 368  658    +6384191   -187         133     +1   50  15  135   -6   -4   -6   -4   -6  31  0  0 L3B D8
C11 FF 61059 152200  780 156  605    -8328611   -142         110     +7   63  15  296 +105   45  -12   45  -12  40  0  0 L3B 10
C13 FF 61059 152200  780 370  796    +2862234   +147          39    -16   35  15  134   -8   43   +1   43    1  22  0  0 L3B C9
C05 FF 61059 153800  780 147 1255    +6948573    -39          52   +163   36  15  312   -4  116 -161  116 -161  25  0  0 L3B 64
C08 FF 61059 153800  780 385  624    +6384002   -226         125    -37   70  15  130   -4   -6  +17   -6   17  43  0  0 L3B FB
C11 FF 61059 153800  780 101  628    -8328755    -33         109   +116  104  15  449 +235   30  -89   30  -89  69  0  0 L3B 5E
C13 FF 61059 153800  780 394  766    +2862376   +185          25    +22   43  15  127   -6   44   -9   44   -9  27  0  0 L3B F7
C05 FF 61059 155400  780 150 1254    +6948458   -166         130    +36   31  15  308   -4   44  -14   44  -14  22  0  0 L3B 21
C08 FF 61059 155400  780 396  588    +6383803   -126         106    +62   49  15  126   -3   -2  -51   -2  -51  30  0  0 L3B 0F
C13 FF 61059 155400  780 414  734    +2862546   +153          38    -10   34  15  122   -5   28   +0   28    0  22  0  0 L3B BE
C14 FF 61059 155400  780 137  911    +3169969   +498          83    +73   90  15  336 -108   62  -90   62  -90  59  0  0 L3B 4F
C05 FF 61059 161000  780 152 1253    +6948276   -320         137   -119   34  16  304   -4   54  +67   54   67  21  0  0 L3B 2E
C08 FF 61059 161000  780 403  551    +6383620   -207         106    -18   50  16  125   -1  -10   +4  -10    4  30  0  0 L3B D4
C13 FF 61059 161000  780 430  698    +2862688   +189          24    +26   35  16  118   -3   21  -35   21  -35  22  0  0 L3B 04
C14 FF 61059 161000  780 179  859    +3170356   +582          82   +160   71  16  261  -57   38 -119   38 -119  43  0  0 L3B 60
C05 FF 61059 162600  780 154 1252    +6947988   -328          42   -127   60  16  300   -4   90  +97   90   97  40  0  0 L3B 33
C08 FF 61059 162600  780 404  515    +6383451   -172         119    +17   45  16  124   +0  -21  -16  -21  -16  28  0  0 L3B 20
C13 FF 61059 162600  780 441  661    +2862854   +150          33    -13   24  16  116   -2    8   +0    8    0  15  0  0 L3B 98
C14 FF 61059 162600  780 215  802    +3170785   +525         105   +102   73  16  219  -32    4  -66    4  -66  45  0  0 L3B 11
C05 FF 61059 164200  780 156 1251    +6947806   +370          53   +571   33  16  296   -4   58 -409   58 -409  22  0  0 L3B 64
C08 FF 61059 164200  780 401  481    +6383278   -208         127    -20   40  16  125   +2  -30  +14  -30   14  25  0  0 L3B 07
C13 FF 61059 164200  780 447  623    +2863008   +144          31    -19   33  16  115   -1    3   +4    3    4  20  0  0 L3B 91
C14 FF 61059 164200  780 244  738    +3171222   +495         137    +72   72  16  195  -18  -29  -56  -29  -56  44  0  0 L3B 58
C05 FF 61059 165800  780 158 1249    +6947750   -500         190   -299   27  16  292   -4  -34 +223  -34  223  17  0  0 L3B 80
C08 FF 61059 165800  780 393  450    +6383073   -194         103     -5   36  16  127   +3  -25   -5  -25   -5  23  0  0 L3B FB
C13 FF 61059 165800  780 448  586    +2863147   +142          14    -21   39  16  114   +0    1  +11    1   11  27  0  0 L3B BE
C14 FF 61059 165800  780 262  671    +3171609   +476         118    +53   69  16  182   -9  -21  -38  -21  -38  41  0  0 L3B 40
C05 FF 61059 171400  780 160 1248    +6947461    -70          97   +132   34  17  289   -4   25  -84   25  -84  19  0  0 L3B 2E
C08 FF 61059 171400  780 380  423    +6382870    -67          74   +121   50  17  131   +4  -17  -89  -17  -89  32  0  0 L3B 2A
C13 FF 61059 171400  780 445  551    +2863310   +186          30    +25   29  17  115   +1   -8  -24   -8  -24  19  0  0 L3B EE
C14 FF 61059 171400  780 270  601    +3172000   +442         113    +21   61  17  177   -1  -23  -27  -23  -27  38  0  0 L3B 0D
C05 FF 61059 173000  780 162 1247    +6947210   -327          39   -126   28  17  285   -4   54  +56   54   56  20  0  0 L3B 25
C08 FF 61059 173000  780 364  401    +6382745   -213         130    -25   35  17  136   +6  -60   +7  -60    7  22  0  0 L3B F0
C13 FF 61059 173000  780 436  520    +2863447   +171          12     +9   33  17  117   +2   -6  -18   -6  -18  19  0  0 L3B DF
C14 FF 61059 173000  780 265  532    +3172415   +373         123    -49   58  17  180   +7  -35  +13  -35   13  35  0  0 L3B 1A
C05 FF 61059 174600  780 164 1246    +6946988   -136          11    +66   18  17  282   -3   79  +23   79   23  13  0  0 L3B 26
C08 FF 61059 174600  780 345  384    +6382555   -139         120    +49   52  17  142   +7  -60  -35  -60  -35  34  0  0 L3B 3A
C13 FF 61059 174600  780 424  493    +2863606   +153          16     -9   25  17  119   +3  -19   +0  -19    0  18  0  0 L3B D9
C14 FF 61059 174600  780 249  467    +3172823   +382         127    -39   48  17  191  +16  -43  +20  -43   20  32  0  0 L3B 38
C05 FF 61059 180200  780 166 1245    +6946948   -119         162    +82   27  18  279   -3   -3 -101   -3 -101  16  0  0 L3B 45
C08 FF 61059 180200  780 324  372    +6382360   -426          97   -239   43  18  150   +9  -54 +146  -54  146  25  0  0 L3B 55
C13 FF 61059 180200  780 409  472    +2863792   +203          60    +43   29  18  123   +4  -35  -25  -35  -25  20  0  0 L3B 12
C14 FF 61059 180200  780 223  409    +3173259   +407         159    -14   75  18  212  +29  -71   +7  -71    7  47  0  0 L3B 16
C05 FF 61059 181800  780 168 1244    +6946636    -81          43   +120   27  18  276   -3   18 -105   18 -105  17  0  0 L3B 44
C08 FF 61059 181800  780 301  365    +6382203   -157         119    +30   48  18  160  +12  -70  -15  -70  -15  28  0  0 L3B 38
C13 FF 61059 181800  780 391  455    +2863933    +78          48    -82   33  18  128   +5  -29  +49  -29   49  20  0  0 L3B 20
C14 FF 61059 181800  780 187  361    +3173632   +474         127    +52   91  18  249  +51  -55  -48  -55  -48  58  0  0 L3B 5F
C05 FF 61059 183400  780 170 1243    +6946488   -136          89    +65   30  18  273   -3  -24  -12  -24  -12  17  0  0 L3B 37
C08 FF 61059 183400  780 277  363    +6382026    -34         122   +153   53  18  173  +15  -72 -105  -72 -105  34  0  0 L3B 61
C13 FF 61059 183400  780 371  444    +2864111   +285          72   +125   32  18  133   +7  -48  -77  -48  -77  20  0  0 L3B 38
C14 FF 61059 183400  780 145  321    +3174073   +393         163    -29   65  18  316  +96  -77  +20  -77   20  40  0  0 L3B 3A
C05 FF 61059 185000  780 172 1242    +6946385   -219         179    -17   25  18  270   -3  -59  +22  -59   22  18  0  0 L3B 48
C08 FF 61059 185000  780 252  365    +6381792   -117          67    +70   59  18  189  +18  -46  -52  -46  -52  35  0  0 L3B 50
C13 FF 61059 185000  780 350  439    +2864237   +124          45    -36   36  18  140   +8  -27  +18  -27   18  21  0  0 L3B 10
C05 FF 61059 190600  780 174 1241    +6945960   -304         -57   -104   37  19  267   -3  104  +58  104   58  25  0  0 L3B 57
C08 FF 61059 190600  780 226  372    +6381658   -204         120    -16   53  19  208  +23  -72  +12  -72   12  34  0  0 L3B 2C
C13 FF 61059 190600  780 327  438    +2864412   +196          63    +36   33  19  149  +10  -39  -14  -39  -14  21  0  0 L3B 34
C05 FF 61059 192200  780 175 1240    +6945997   -117         173    +84   32  19  265   -2  -51  -57  -51  -57  20  0  0 L3B 54
C08 FF 61059 192200  780 201  382    +6381467   -204         109    -16   61  19  233  +29  -62  +15  -62   15  40  0  0 L3B 2D
C13 FF 61059 192200  780 304  441    +2864574   +172          70    +12   24  19  159  +11  -42   -5  -42   -5  15  0  0 L3B FB
C05 FF 61059 193800  780 177 1239    +6945843   -146         212    +55   30  19  263   -2  -61  -19  -61  -19  18  0  0 L3B 56
C08 FF 61059 193800  780 176  395    +6381256   -302          79   -115   50  19  264  +37  -39  +56  -39   56  34  0  0 L3B 5A
C13 FF 61059 193800  780 281  449    +2864734    +97          76    -64   40  19  171  +13  -45  +36  -45   36  25  0  0 L3B 2B
C05 FF 61059 195400  780 178 1239    +6945623   -379         185   -178   24  19  261   -2  -64  +84  -64   84  17  0  0 L3B 75
C08 FF 61059 195400  780 151  412    +6381071    -72          74   +115   77  19  306  +49  -29  -68  -29  -68  48  0  0 L3B 50
C13 FF 61059 195400  780 257  460    +2864884   +208          72    +47   36  19  185  +16  -40  -31  -40  -31  22  0  0 L3B 35
C05 FF 61059 201000  780 180 1238    +6945309    -89          70   +112   19  20  259   -2    6  -75    6  -75  12  0  0 L3B F2
C08 FF 61059 201000  780 126  432    +6380894   -180          86     +9  100  20  361  +67  -14  +14  -14   14  61  0  0 L3B 0F
C13 FF 61059 201000  780 234  475    +2865039   +219          52    +57   29  20  202  +19  -35  -24  -35  -24  21  0  0 L3B 1E
C05 FF 61059 202600  780 181 1237    +6945208   -184         162    +18   21  20  257   -2  -49   -5  -49   -5  14  0  0 L3B 1D
C08 FF 61059 202600  780 102  454    +6380748   -213         121    -24   97  20  439  +97    6  +76    6   76  63  0  0 L3B 06
C13 FF 61059 202600  780 211  492    +2865196   +158          53     -5   41  20  222  +23  -23  +27  -23   27  29  0  0 L3B 01
C05 FF 61059 204200  780 182 1237    +6944936   -176          83    +26   12  20  255   -1   12  -32   12  -32   8  0  0 L3B F7
C13 FF 61059 204200  780 189  513    +2865362   +153          62    -10   50  20  247  +28   19  +63   19   63  34  0  0 L3B 01
C05 FF 61059 205800  780 183 1236    +6944754   -148          95    +53   18  20  254   -1    2  -13    2  -13  13  0  0 L3B EB
C13 FF 61059 205800  780 167  536    +2865465   +197           9    +34   54  20  276  +34  150 +104  150  104  35  0  0 L3B 3E
C05 FF 61059 211400  780 184 1236    +6944543   -315          72   -114   14  21  253   -1   12  +67   12   67  11  0  0 L3B 07
C13 FF 61059 211400  780 147  562    +2865640   +131          33    -31   39  21  313  +43  232  +26  232   26  29  0  0 L3B 16
C05 FF 61059 213000  780 185 1235    +6944336   -127          58    +74   17  21  252   -1   27  -29   27  -29  12  0  0 L3B 17
C06 FF 61059 213000  780 103  788     -389746   +128          71   -112   72  21  442 -137  205 +151  205  151  45  0  0 L3B 5A
C13 FF 61059 213000  780 126  589    +2865798   +163          34     +1   61  21  360  +55  386 +210  386  210  47  0  0 L3B 43
C16 FF 61059 213000  780 112  759    +8610949    -42          23    +39  136  21  405 -114  317 +172  317  172 100  0  0 L3B 68
C05 FF 61059 214600  780 185 1235    +6944176   -228          91    -27   22  21  251   -1    0  +13    0   13  15  0  0 L3B CE
C06 FF 61059 214600  780 135  776     -389452   +427         135   +187  105  21  342  -79  141 -120  141 -120  72  0  0 L3B 80
C13 FF 61059 214600  780 107  618    +2865951   +195          32    +32   93  21  421  +72  420 -138  420 -138  63  0  0 L3B 5B
C16 FF 61059 214600  780 144  746    +8610867    -92          19    -12   53  21  321  -68  259  -78  259  -78  36  0  0 L3B 50
C05 FF 61059 220200  780 186 1235    +6943984   -184          89    +17   21  22  251   -1   -7  -16   -7  -16  15  0  0 L3B 10
C06 FF 61059 220200  780 165  763     -389258    +43          91   -199   64  22  281  -50  138  +87  138   87  38  0  0 L3B 3F
C09 FF 61059 220200  780 124  895    -2343372   -390          78    -60   56  22  369 -101   18  +49   18   49  37  0  0 L3B 31
C16 FF 61059 220200  780 174  732    +8610802   -137          36    -56   59  22  268  -44  200  -27  200  -27  40  0  0 L3B 31
C05 FF 61059 221800  780 186 1234    +6943790   -185          87    +16   20  22  250   +0  -13   -3  -13   -3  13  0  0 L3B FA
C06 FF 61059 221800  780 194  747     -389060   +298          58    +56   43  22  241  -34  129  -72  129  -72  27  0  0 L3B 42
C09 FF 61059 221800  780 158  885    -2343677   -312          89    +17   47  22  293  -62   34   +1   34    1  29  0  0 L3B F9
C16 FF 61059 221800  780 202  716    +8610755    -51          66    +30   47  22  232  -31  125  -34  125  -34  31  0  0 L3B 15
C05 FF 61059 223400  780 186 1234    +6943595   -222          85    -22   23  22  250   +0   -8  +22   -8   22  15  0  0 L3B F0
C06 FF 61059 223400  780 221  730     -388829   +218          56    -23   52  22  214  -24  110   -9  110   -9  34  0  0 L3B F6
C09 FF 61059 223400  780 192  874    -2344007   -319          76    +10   40  22  244  -41   42  -16   42  -16  26  0  0 L3B 0B
C16 FF 61059 223400  780 228  698    +8610621    -71           9    +10   31  22  208  -22  143  -14  143  -14  20  0  0 L3B FF
C05 FF 61059 225000  780 186 1234    +6943405   -217          87    -16   26  22  250   +0   -6   +9   -6    9  18  0  0 L3B D9
C06 FF 61059 225000  780 245  711     -388577   +265          77    +23   39  22  194  -18   83  -30   83  -30  24  0  0 L3B 10
C09 FF 61059 225000  780 224  861    -2344306   -322          93     +7   52  22  211  -29   52  +17   52   17  34  0  0 L3B E9
C16 FF 61059 225000  780 251  678    +8610566   -162          32    -81   39  22  190  -16  124  +44  124   44  24  0  0 L3B 2A
C05 FF 61059 230600  780 186 1235    +6943214   -203          89     -3   19  23  250   +0   -3   +4   -3    4  13  0  0 L3B B1
C06 FF 61059 230600  780 267  690     -388371   +264          75    +25   46  23  179  -13   93  -13   93  -13  29  0  0 L3B 19
C09 FF 61059 230600  780 254  846    -2344615   -416          91    -88   44  23  188  -21   50  +57   50   57  27  0  0 L3B 1E
C16 FF 61059 230600  780 271  656    +8610481    -75          29     +7   62  23  176  -12  123   +7  123    7  38  0  0 L3B E9
C05 FF 61059 232200  780 186 1235    +6943044   -163         112    +38   21  23  251   +0  -15  -19  -15  -19  14  0  0 L3B 2A
C06 FF 61059 232200  780 286  667     -388157   +217          60    -22   46  23  168  -10  101   +6  101    6  30  0  0 L3B E9
C09 FF 61059 232200  780 283  829    -2344965   -294          55    +34   49  23  170  -16   76   -9   76   -9  30  0  0 L3B 13
C16 FF 61059 232200  780 288  632    +8610440   -125          66    -43   57  23  167   -8   96  +25   96   25  34  0  0 L3B 0A
C05 FF 61059 233800  780 186 1235    +6942866   -230         126    -29   24  23  251   +1  -17  +29  -17   29  18  0  0 L3B 3D
C06 FF 61059 233800  780 301  642     -387905   +219          83    -19   83  23  161   -7   91  +13   91   13  49  0  0 L3B F0
C09 FF 61059 233800  780 309  809    -2345268   -339          67    -11   54  23  157  -12   75   +0   75    0  33  0  0 L3B F1
C16 FF 61059 233800  780 302  607    +8610353    -91          57     -9   38  23  160   -6  108  +11  108   11  23  0  0 L3B EB
C05 FF 61059 235400  780 185 1235    +6942629   -241          81    -40   30  23  252   +1   15  +32   15   32  20  0  0 L3B EF
C06 FF 61059 235400  780 313  617     -387701   +165          58    -73   44  23  155   -5  105  +53  105   53  27  0  0 L3B 09
C09 FF 61059 235400  780 332  787    -2345577   -357          74    -28   45  23  147   -9   59  +18   59   18  30  0  0 L3B 21
C16 FF 61059 235400  780 312  582    +8610255   -116          37    -34   45  23  156   -4  117  +12  117   12  28  0  0 L3B 0F
