CGGTTS     GENERIC DATA FORMAT VERSION = 2E
REV DATE = 2026-01-01                    
RCVR = POLARX5-TR                    R2CGGTTS v8.8    
CH = 99 
IMS = POLARX5-TR                    
LAB = PTB                           
X = +3844059.67 m 
Y =  +709661.67 m 
Z = +5023129.80 m 
FRAME = ITRF
COMMENTS =           IGS RINEX,AUSPOS XYZ          
INT DLY =   33.2 ns (GAL E1),   33.0 ns (GAL E5a)
CAB DLY =  205.7 ns 
REF DLY =   56.2 ns
REF = UTC(PTB)                      
CKSUM = 7B

SAT CL  MJD  STTIME TRKL ELV AZTH   REFSV      SRSV     REFSYS    SRSYS  DSG IOE MDTR SMDT MDIO SMDI MSIO SMSI ISG FR HC FRC CK
             hhmmss  s  .1dg .1dg    .1ns     .1ps/s     .1ns    .1ps/s .1ns     .1ns.1ps/s.1ns.1ps/s.1ns.1ps/s.1ns
E04 FF 61065 000600  780 339  553     +515974    +66          -6    -42   14   0  144  +20   18  +29   18   29   9  0  0 L3E BA
E05 FF 61065 000600  780 342 2154      -76771    -18           2    +11   17   0  144  -23   71  -20   71  -20  11  0  0 L3E A7
E06 FF 61065 000600  780 590  692    +2238041    +34         -12    -16   13 116   94   +5   30   +6   30    6   8  0  0 L3E A4
E09 FF 61065 000600  780 774 1309    +1866882   +181           6    +28    9   0   83   -1   28  -19   28  -19   6  0  0 L3E D0
E11 FF 61065 000600  780 252 1475   -37396650  -1625         -14    +26   17 118  189  +42   72   -3   72   -3  11  0  0 L3E 45
E34 FF 61065 000600  780 444 3044    +2317552    +58         -11    +35   11   0  116  -11   32  -22   32  -22   8  0  0 L3E D5
E36 FF 61065 000600  780 717 1877    +5138343    +30         -12    -24   11 118   85   +3   36  +16   36   16   6  0  0 L3E EA
E04 FF 61065 002200  780 287  553     +516058   +104         -25     -4   15   2  168  +29   31   +8   31    8   8  0  0 L3E 9D
E05 FF 61065 002200  780 401 2183      -76797    -40           1    -11   17   2  125  -16   64   -2   64   -2  10  0  0 L3E 8D
E06 FF 61065 002200  780 541  648    +2238093     -1          -7    -51   13 116  100   +7   29  +32   29   32   8  0  0 L3E B9
E09 FF 61065 002200  780 773 1027    +1867033   +159          11     +5    9   2   83   +1   23   -6   23   -6   6  0  0 L3E 89
E11 FF 61065 002200  780 194 1500   -37398229  -1642          -9     +9   19 118  241  +70   76   +0   76    0  12  0  0 L3E 11
E34 FF 61065 002200  780 495 3012    +2317579     +8          -6    -15   16   2  106   -8   30  +11   30   11   9  0  0 L3E A2
E36 FF 61065 002200  780 654 1822    +5138399    +59          -9     +5   10   2   89   +5   39   -1   39   -1   6  0  0 L3E 9D
E04 FF 61065 003800  780 235  559     +516164   +129         -23    +21   20   3  201  +43   31  -14   31  -14  13  0  0 L3E D5
E05 FF 61065 003800  780 461 2215      -76833    -35          -6     -6   17   2  112  -12   63   -1   63   -1  10  0  0 L3E 8B
E06 FF 61065 003800  780 488  625    +2238140    +40          -7     -9   13 116  107   +9   29   +6   29    6   8  0  0 L3E AD
E09 FF 61065 003800  780 741  822    +1867166   +132          -4    -22    9   3   84   +2   31  +12   31   12   5  0  0 L3E 96
E11 FF 61065 003800  780 137 1522   -37399825  -1670         -20    -19   20 118  337 +137   92  +23   92   23  13  0  0 L3E 72
E34 FF 61065 003800  780 541 2960    +2317587    +32         -20     +9   10   2  100   -6   39   -7   39   -7   6  0  0 L3E AF
E36 FF 61065 003800  780 589 1799    +5138447    +69         -13    +15   11   3   94   +7   48   -2   48   -2   7  0  0 L3E D2
E04 FF 61065 005400  780 184  572     +516265   +125         -26    +17   20   4  254  +69   36  -11   36  -11  13  0  0 L3E EC
E05 FF 61065 005400  780 521 2250      -76856    -40          -3    -11   14   5  102   -9   57   +6   57    6   8  0  0 L3E 7C
E06 FF 61065 005400  780 434  617    +2238190    +35          -5    -15   15   5  117  +12   25  +12   25   12   9  0  0 L3E B4
E09 FF 61065 005400  780 693  715    +1867309   +176          -9    +22   10   5   86   +3   33  -13   33  -13   6  0  0 L3E C8
E15 FF 61065 005400  780 126 3198    +2308967    +35          -7     +7   22   5  366 -148   99  -38   99  -38  14  0  0 L3E 25
E34 FF 61065 005400  780 580 2883    +2317618     -6         -11    -29   11   2   95   -4   33  +17   33   17   7  0  0 L3E BA
E36 FF 61065 005400  780 522 1790    +5138504    +41          -8    -12   17   4  102  +10   48   +6   48    6  10  0  0 L3E B7
E04 FF 61065 011000  780 134  590     +516364    +93         -30    -15   29   4  343 +124   41   +9   41    9  20  0  0 L3E B4
E05 FF 61065 011000  780 581 2288      -76886     -1          -6    +28   16   7   95   -6   54  -26   54  -26   9  0  0 L3E A9
E06 FF 61065 011000  780 381  620    +2238230    +35         -14    -15   11   7  131  +16   31  +15   31   15   7  0  0 L3E AF
E09 FF 61065 011000  780 639  668    +1867452   +154         -14     +0   12   7   90   +4   38   +4   38    4   7  0  0 L3E 97
E15 FF 61065 011000  780 177 3194    +2308984    +51         -16    +23   24   7  264  -75   68  -41   68  -41  14  0  0 L3E 17
E34 FF 61065 011000  780 606 2778    +2317636    +32         -15     +9   14   2   93   -2   38   -3   38   -3   8  0  0 L3E A1
E36 FF 61065 011000  780 455 1789    +5138549    +48         -15     -6   13   4  113  +13   58  +11   58   11   8  0  0 L3E E0
E03 FF 61065 012600  780 126 2390      -43082    +60          -6    +38   50   8  365 -142  100  -40  100  -40  30  0  0 L3E E7
E05 FF 61065 012600  780 641 2331      -76916    -41          -8    -13   14   8   90   -5   51   +7   51    7   8  0  0 L3E 6F
E06 FF 61065 012600  780 328  632    +2238292   +110           0    +60   16   8  149  +22   24  -32   24  -32   9  0  0 L3E C7
E09 FF 61065 012600  780 584  651    +1867608   +147          -8     -7   13   8   95   +6   33   +1   33    1   7  0  0 L3E 8F
E15 FF 61065 012600  780 227 3181    +2309011    +39         -13    +12   26   8  209  -44   45  -30   45  -30  15  0  0 L3E F6
E23 FF 61065 012600  780 114  432     +230529    -14         -10    -26   28   8  398  -46   94  +14   94   14  18  0  0 L3E DD
E34 FF 61065 012600  780 614 2654    +2317671    +23          -1     +0    9   8   92   +0   31   +0   31    0   6  0  0 L3E 51
E36 FF 61065 012600  780 389 1792    +5138601    +41         -14    -13   13   4  128  +19   63  +14   63   14   8  0  0 L3E EC
E03 FF 61065 014200  780 176 2425      -43062     -2          -8    -24   29  10  266  -74   81   -1   81   -1  18  0  0 L3E A7
E05 FF 61065 014200  780 700 2380      -76942    -36          -7     -8   12  10   86   -3   46   +3   46    3   7  0  0 L3E 6C
E06 FF 61065 014200  780 276  649    +2238345    +67           5    +17   17   8  173  +30   23   -9   23   -9  10  0  0 L3E BB
E09 FF 61065 014200  780 528  652    +1867745   +174         -18    +20   17   8  101   +8   40  -13   40  -13  10  0  0 L3E ED
E15 FF 61065 014200  780 275 3160    +2309042     +6          -8    -22   16  10  175  -28   33  +11   33   11  10  0  0 L3E C9
E23 FF 61065 014200  780 124  381     +230537    -72         -12    -84   28  10  369  -16   94  +52   94   52  17  0  0 L3E EF
E31 FF 61065 014200  780 107  864    +1146095    +96          -1    +69   59  10  427 -158   55  -44   55  -44  36  0  0 L3E 20
E34 FF 61065 014200  780 604 2527    +2317686     +2          -8    -21   11  10   93   +2   38  +15   38   15   6  0  0 L3E AB
E36 FF 61065 014200  780 324 1796    +5138664    +48          -6     -6   17  10  150  +28   65  +14   65   14  10  0  0 L3E EF
E03 FF 61065 015800  780 226 2462      -43044    +69         -10    +47   27  11  210  -45   76  -40   76  -40  18  0  0 L3E F2
E05 FF 61065 015800  780 759 2441      -76966    -29          -4     +0   11  11   83   -2   43   -4   43   -4   7  0  0 L3E 81
E06 FF 61065 015800  780 226  671    +2238380    +82          -8    +33   19   8  209  +45   30  -18   30  -18  11  0  0 L3E E7
E09 FF 61065 015800  780 473  665    +1867900   +206         -11    +52   13   8  110  +10   36  -36   36  -36   8  0  0 L3E FA
E15 FF 61065 015800  780 319 3128    +2309071    +40          -7    +12   14  11  153  -19   29  -10   29  -10   8  0  0 L3E E8
E23 FF 61065 015800  780 125  330     +230541    -36         -19    -48   32  11  366   +8  106  +44  106   44  19  0  0 L3E F3
E31 FF 61065 015800  780 145  820    +1146129    +20           7     -6   31  11  318  -79   41   -8   41   -8  19  0  0 L3E B3
E34 FF 61065 015800  780 575 2415    +2317709     +8          -7    -15   11  11   96   +4   41  +12   41   12   6  0  0 L3E AD
E36 FF 61065 015800  780 260 1800    +5138722    +51          -1     -2   14  11  184  +43   69   +3   69    3   9  0  0 L3E B1
E03 FF 61065 021400  780 276 2500      -43012    -30          -2    -53   21  13  174  -30   60  +29   60   29  12  0  0 L3E B4
E05 FF 61065 021400  780 816 2536      -76986    -21           3     +8    9  12   82   -1   37   -8   37   -8   5  0  0 L3E 6F
E06 FF 61065 021400  780 177  696    +2238428    +33          -7    -17   23   8  263  +71   30   +6   30    6  14  0  0 L3E B6
E09 FF 61065 021400  780 419  685    +1868049   +192         -10    +38   14   8  121  +13   35  -26   35  -26   8  0  0 L3E 03
E15 FF 61065 021400  780 358 3085    +2309097     +7          -8    -21   15  13  138  -12   27  +10   27   10   9  0  0 L3E D1
E23 FF 61065 021400  780 118  280     +230560    -50         -12    -63   32  13  386  +36  101  +33  101   33  20  0  0 L3E E4
E31 FF 61065 021400  780 179  773    +1146151    +38           3    +12   34  13  260  -45   37  -23   37  -23  22  0  0 L3E DD
E34 FF 61065 021400  780 533 2328    +2317729    +20         -10     -3   12  13  101   +6   46   +6   46    6   7  0  0 L3E 9F
E36 FF 61065 021400  780 197 1804    +5138779    +76           1    +22   21  13  238  +73   77  -10   77  -10  13  0  0 L3E 04
E03 FF 61065 023000  780 327 2540      -42995    +27          -7     +4   19  15  150  -21   55  -11   55  -11  12  0  0 L3E C1
E05 FF 61065 023000  780 869 2839      -77016    -40          -2    -12    9  15   81   +0   38   +5   38    5   5  0  0 L3E 72
E06 FF 61065 023000  780 129  725    +2238466    +23         -14    -26   36  15  355 +127   37  +16   37   16  22  0  0 L3E 0E
E09 FF 61065 023000  780 367  710    +1868190   +146         -12     -7   19  15  135  +17   37  +12   37   12  11  0  0 L3E F5
E15 FF 61065 023000  780 390 3029    +2309122    +35          -9     +8   18  14  128   -8   30   -2   30   -2  10  0  0 L3E A8
E23 FF 61065 023000  780 102  234     +230576    +29          -9    +17   24  14  439  +78  102  -28  102  -28  16  0  0 L3E FD
E31 FF 61065 023000  780 208  721    +1146176    +38           4    +11   23  15  227  -27   30  -16   30  -16  14  0  0 L3E CE
E34 FF 61065 023000  780 482 2263    +2317759    +31          -4     +8   16  15  108   +9   47   +1   47    1   9  0  0 L3E A3
E36 FF 61065 023000  780 136 1806    +5138828    +79          -4    +25   25  14  338 +146   89   -9   89   -9  15  0  0 L3E 1D
E03 FF 61065 024600  780 377 2582      -42980    +58         -13    +35   18  16  132  -16   50  -31   50  -31  10  0  0 L3E EE
E05 FF 61065 024600  780 861  374      -77041    -28          -1     +0   10  16   81   +0   36   +3   36    3   6  0  0 L3E 49
E09 FF 61065 024600  780 316  739    +1868338   +143         -11    -11   20  16  153  +23   36   +1   36    1  12  0  0 L3E DD
E15 FF 61065 024600  780 412 2962    +2309153    +63          -5    +35   13  14  123   -4   29  -24   29  -24   7  0  0 L3E E0
E31 FF 61065 024600  780 228  666    +1146180    +28         -17     +1   32  15  207  -15   41   -4   41   -4  19  0  0 L3E C7
E34 FF 61065 024600  780 426 2215    +2317782    +27          -4     +4   15  16  119  +14   53   +3   53    3   9  0  0 L3E AE
E03 FF 61065 030200  780 428 2625      -42949    +49          -3    +26   16  18  119  -12   39  -18   39  -18   9  0  0 L3E E7
E05 FF 61065 030200  780 808  598      -77079    -46         -11    -18   10  18   82   +1   44   +9   44    9   6  0  0 L3E 90
E09 FF 61065 030200  780 266  770    +1868482   +185         -15    +31   17  18  179  +31   42  -17   42  -17  12  0  0 L3E 25
E15 FF 61065 030200  780 422 2886    +2309177     +4          -6    -23   15  14  120   -1   30  +15   30   15   9  0  0 L3E AF
E31 FF 61065 030200  780 241  608    +1146210    +38         -13    +12   21  15  197   -6   40   -2   40   -2  13  0  0 L3E AA
E34 FF 61065 030200  780 366 2180    +2317804    +34          -6    +11   13  18  135  +20   62   -3   62   -3   8  0  0 L3E BD
E03 FF 61065 031800  780 480 2669      -42922    +38           2    +15   12  19  109   -9   32  -12   32  -12   7  0  0 L3E AF
E05 FF 61065 031800  780 753  687      -77100    -10          -4    +18   11  19   83   +2   38  -10   38  -10   6  0  0 L3E 96
E09 FF 61065 031800  780 218  804    +1868636   +134          -8    -19   23  19  216  +46   40  +24   40   24  14  0  0 L3E 03
E13 FF 61065 031800  780 136 3313     +470913    +11           4     +4   19  19  339 -100   69   +0   69    0  12  0  0 L3E AA
E15 FF 61065 031800  780 420 2806    +2309203    +37          -7    +10   14  14  121   +2   31   -7   31   -7   9  0  0 L3E A5
E31 FF 61065 031800  780 244  549    +1146223     +6         -24    -21   23  15  194   +1   54  +21   54   21  15  0  0 L3E C2
E34 FF 61065 031800  780 306 2153    +2317835    +44           4    +21   15  19  158  +29   63   -5   63   -5   9  0  0 L3E CD
E03 FF 61065 033400  780 532 2714      -42902    +19           0     -4   22  21  101   -7   32   +3   32    3  13  0  0 L3E 5B
E05 FF 61065 033400  780 699  751      -77127     -5          -5    +24    9  21   86   +3   39  -16   39  -16   5  0  0 L3E 91
E09 FF 61065 033400  780 171  839    +1868780    +99         -12    -55   21  21  271  +73   49  +40   49   40  14  0  0 L3E 12
E13 FF 61065 033400  780 174 3279     +470926     -9           9    -16   25  21  267  -54   65   +1   65    1  15  0  0 L3E B7
E15 FF 61065 033400  780 405 2729    +2309236    +42          -3    +14   13  21  124   +5   31   -9   31   -9   8  0  0 L3E B2
E31 FF 61065 033400  780 238  492    +1146263    +42          -9    +16   17  21  199   +9   56   +1   56    1  10  0  0 L3E B1
E34 FF 61065 033400  780 245 2131    +2317851    +13          -4    -10   18  21  194  +46   73  +18   73   18  11  0  0 L3E EF
E03 FF 61065 035000  780 585 2760      -42884    +18          -4     -4   13  21   95   -6   34   +2   34    2   7  0  0 L3E 6B
E05 FF 61065 035000  780 645  806      -77165    -21         -15     +7   14  23   89   +4   45   -3   45   -3   8  0  0 L3E 80
E09 FF 61065 035000  780 125  875    +1868922   +136         -19    -17   28  23  365 +131   62  +18   62   18  18  0  0 L3E 36
E13 FF 61065 035000  780 207 3238     +470924     +9          -1     +2   23  23  227  -31   59   -5   59   -5  14  0  0 L3E AA
E15 FF 61065 035000  780 378 2658    +2309254    +38         -12    +10   24  23  131  +10   38   +0   38    0  14  0  0 L3E D3
E25 FF 61065 035000  780 135 1519     -218907     -8         -14     -8   23  23  344 -142   86   -8   86   -8  16  0  0 L3E E8
E31 FF 61065 035000  780 223  439    +1146292    +22          -6     -4   23  23  212  +18   65  +21   65   21  14  0  0 L3E BF
E34 FF 61065 035000  780 185 2112    +2317869     -7          -9    -30   21  23  252  +80   84  +24   84   24  14  0  0 L3E EA
E03 FF 61065 040600  780 638 2808      -42868    +33         -12    +10   12  24   90   -4   36   -5   36   -5   7  0  0 L3E 9C
E05 FF 61065 040600  780 592  856      -77198    -31         -19     -3   14  24   94   +5   49   +4   49    4   8  0  0 L3E 8A
E08 FF 61065 040600  780 124 2740     +795843    +26          -3    -42   34  19  371 -136   34  +29   34   29  22  0  0 L3E 07
E13 FF 61065 040600  780 232 3189     +470916     +4         -16     -3   26  24  204  -18   61   -8   61   -8  16  0  0 L3E C2
E15 FF 61065 040600  780 343 2595    +2309291    +29          -2     +1   17  24  143  +15   34   +3   34    3  10  0  0 L3E B2
E25 FF 61065 040600  780 192 1500     -218896     +3          -3     +3   14  24  245  -73   69   -8   69   -8   9  0  0 L3E B2
E31 FF 61065 040600  780 199  392    +1146320     +8          -3    -18   20  24  235  +31   80  +24   80   24  12  0  0 L3E C5
E34 FF 61065 040600  780 126 2095    +2317902    +84           1    +61   20  24  363 +163   88  -27   88  -27  13  0  0 L3E 16
E03 FF 61065 043400  780 733 2901      -42819     +9          -2    -13   10  27   84   -3   31   +8   31    8   6  0  0 L3E 65
E05 FF 61065 043400  780 500  939      -77236    +13          -8    +41   12  27  105   +8   45  -24   45  -24   7  0  0 L3E AE
E08 FF 61065 043400  780 206 2802     +795969    +47           3    -22   13  27  229  -52   26   +9   26    9   9  0  0 L3E C3
E13 FF 61065 043400  780 254 3091     +470938    -76          -7    -83   18  27  187   -3   51  +45   51   45  11  0  0 L3E EA
E15 FF 61065 043400  780 265 2506    +2309328    +31         -12     +4   18  27  180  +31   52  +10   52   10  11  0  0 L3E DC
E25 FF 61065 043400  780 294 1463     -218901     +4          -7     +5   20  27  164  -31   56   -8   56   -8  12  0  0 L3E B4
E31 FF 61065 043400  780 142  325    +1146355    +31         -12     +5   18  27  324  +84   99  -15   99  -15  13  0  0 L3E F9
E03 FF 61065 045000  780 789 2967      -42805    +20          -9     -3    9  29   82   -2   35   +5   35    5   6  0  0 L3E 6D
E05 FF 61065 045000  780 448  984      -77276    -23         -20     +6   13  29  114  +11   55   +0   55    0   8  0  0 L3E 8E
E08 FF 61065 045000  780 254 2835     +796026    +68          -5     -1   20  29  188  -35   33   -5   33   -5  12  0  0 L3E CC
E13 FF 61065 045000  780 254 3030     +470937    +50         -15    +42   20  29  188   +4   54  -28   54  -28  12  0  0 L3E F1
E15 FF 61065 045000  780 215 2465    +2309356    +36         -11     +8   24  28  219  +51   61   -3   61   -3  16  0  0 L3E DD
E25 FF 61065 045000  780 353 1436     -218895     +8          -1     +9   14  29  140  -21   48   -9   48   -9   9  0  0 L3E B4
E31 FF 61065 045000  780 102  297    +1146349    +51         -44    +25   23  29  442 +174  117  -19  117  -19  14  0  0 L3E 3D
E03 FF 61065 050600  780 844 3081      -42783    +38          -8    +15   10  30   81   -1   35   -7   35   -7   5  0  0 L3E 89
E05 FF 61065 050600  780 397 1028      -77290     -6          -6    +22   17  30  126  +14   51   -7   51   -7  10  0  0 L3E A8
E08 FF 61065 050600  780 303 2866     +796089    +60          -8     -9   21  30  160  -25   35   +5   35    5  13  0  0 L3E BD
E13 FF 61065 050600  780 243 2970     +470962    -43           3    -51   24  30  195  +12   35  +32   35   32  14  0  0 L3E D1
E15 FF 61065 050600  780 163 2430    +2309369    +21         -25     -7   36  28  284  +90   75  +21   75   21  22  0  0 L3E FD
E25 FF 61065 050600  780 411 1402     -218908     -8         -14     -7   17  30  123  -15   50   +5   50    5  10  0  0 L3E 9D
E02 FF 61065 052200  780 113 1818     -129703    -82         -27    -53   20  32  408 -206   95  +28   95   28  13  0  0 L3E 14
E03 FF 61065 052200  780 886  411      -42746    +15           9     -7   11  32   81   +0   24   +6   24    6   7  0  0 L3E 45
E05 FF 61065 052200  780 346 1070      -77320    +15         -10    +44   17  32  142  +19   61  -14   61  -14  10  0  0 L3E D7
E08 FF 61065 052200  780 354 2895     +796151    +76         -12     +7   23  32  139  -18   40   +0   40    0  13  0  0 L3E C1
E13 FF 61065 052200  780 223 2912     +470955    -21         -11    -28   26  32  211  +22   43  +20   43   20  17  0  0 L3E DC
E15 FF 61065 052200  780 110 2398    +2309406    +45         -15    +17   45  28  411 +190   79   -2   79   -2  26  0  0 L3E 0E
E25 FF 61065 052200  780 465 1356     -218900    -16          -6    -15   19  32  111  -10   41   +7   41    7  11  0  0 L3E B4
E26 FF 61065 052200  780 101 3411    -2011270   -102          -5     +8   19  32  446  -96   57   -7   57   -7  13  0  0 L3E DE
E02 FF 61065 053800  780 172 1819     -129735    -19         -30    +10   24  33  273  -94   87  -13   87  -13  15  0  0 L3E 18
E03 FF 61065 053800  780 837 1088      -42742     -8          -9    -31   10  33   81   +1   42  +21   42   21   6  0  0 L3E 87
E05 FF 61065 053800  780 295 1111      -77349    -27         -11     +1   22  33  163  +26   77  +17   77   17  14  0  0 L3E DE
E08 FF 61065 053800  780 406 2919     +796228   +106          -1    +37   13  33  124  -14   30  -22   30  -22   8  0  0 L3E F2
E13 FF 61065 053800  780 195 2858     +470972     +3          -1     -5   22  32  239  +37   30   +6   30    6  14  0  0 L3E A4
E25 FF 61065 053800  780 515 1296     -218895    +33           0    +34   15  33  103   -7   33  -19   33  -19   9  0  0 L3E D2
E26 FF 61065 053800  780 120 3365    -2011391    -49         -22    +61   17  33  380  -46   62  -35   62  -35  10  0  0 L3E 18
E02 FF 61065 055400  780 232 1821     -129752    -16         -19    +13   18  35  205  -53   77  -12   77  -12  12  0  0 L3E 06
E03 FF 61065 055400  780 779 1188      -42708    +48           3    +25   16  35   83   +2   36  -12   36  -12   9  0  0 L3E B0
E05 FF 61065 055400  780 244 1149      -77362    -14           2    +15   16  35  194  +39   91  +26   91   26  10  0  0 L3E D1
E08 FF 61065 055400  780 460 2939     +796284    +75         -10     +6   12  35  112  -11   35   -7   35   -7   7  0  0 L3E CF
E13 FF 61065 055400  780 161 2809     +470969    -35         -10    -42   24  35  287  +65   30  +32   30   32  15  0  0 L3E FD
E25 FF 61065 055400  780 557 1216     -218904     +6          -8     +7   16  34   98   -4   37   -5   37   -5  10  0  0 L3E 9C
E26 FF 61065 055400  780 130 3315    -2011480   -190          -5    -80   27  34  351  -17   56  +55   56   55  17  0  0 L3E 12
E02 FF 61065 061000  780 294 1824     -129767    +36          -6    +65   14  37  165  -33   68  -46   68  -46   9  0  0 L3E 08
E03 FF 61065 061000  780 719 1247      -42700    +55         -10    +33   14  37   85   +3   49  -11   49  -11   8  0  0 L3E B7
E05 FF 61065 061000  780 194 1186      -77391    -37           0     -9   23  36  241  +61  133  +55  133   55  14  0  0 L3E DE
E08 FF 61065 061000  780 515 2951     +796353    +64          -7     -5   13  37  103   -8   34   +5   34    5   8  0  0 L3E 9A
E13 FF 61065 061000  780 122 2764     +470979    -11          -7    -19   22  37  375 +124   30  +19   30   19  16  0  0 L3E FD
E25 FF 61065 061000  780 587 1114     -218899    +15          -2    +16   12  34   95   -2   35   -6   35   -6   7  0  0 L3E A7
E26 FF 61065 061000  780 132 3263    -2011585   -143          -6    -33   23  37  347   +6   54  +12   54   12  15  0  0 L3E EE
E02 FF 61065 062600  780 357 1827     -129798    -43          -8    -14   21  38  138  -22   67   +9   67    9  13  0  0 L3E E9
E03 FF 61065 062600  780 659 1294      -42680     +3         -13    -20   12  38   88   +4   62  +20   62   20   7  0  0 L3E 9D
E05 FF 61065 062600  780 144 1221      -77418    +81           0   +109   31  36  320 +109  195   +9  195    9  19  0  0 L3E F5
E08 FF 61065 062600  780 570 2953     +796415    +73         -10     +4   14  38   96   -6   36   +0   36    0   9  0  0 L3E A0
E25 FF 61065 062600  780 601  997     -218901    -27          -3    -26   11  34   93   -1   41  +25   41   25   6  0  0 L3E A4
E26 FF 61065 062600  780 125 3211    -2011682   -144           3    -34   28  38  364  +31   45  +26   45   26  16  0  0 L3E FE
E02 FF 61065 064200  780 422 1829     -129817     -8           0    +21   15  38  120  -16   64  -13   64  -13   9  0  0 L3E C3
E03 FF 61065 064200  780 599 1335      -42654    +45          -9    +22   14  40   93   +6   73   +6   73    6   8  0  0 L3E 8C
E07 FF 61065 064200  780 114 3018     +409436    +39          -6    +16   25  40  402 -171   60  -19   60  -19  17  0  0 L3E 05
E08 FF 61065 064200  780 626 2937     +796491    +74           2     +5   11  40   91   -5   36   +6   36    6   6  0  0 L3E 85
E25 FF 61065 064200  780 597  878     -218913     -6         -15     -5   13  34   94   +1   57  +16   57   16   7  0  0 L3E AE
E26 FF 61065 064200  780 110 3160    -2011796    -97          -6    +13   30  40  411  +68   54   -2   54   -2  19  0  0 L3E DC
E02 FF 61065 065800  780 486 1828     -129845    -24           0     +5   12  38  108  -11   68   +0   68    0   8  0  0 L3E A2
E03 FF 61065 065800  780 539 1371      -42634    +48         -11    +25   17  41  100   +8   92  +15   92   15  10  0  0 L3E D0
E07 FF 61065 065800  780 164 3036     +409479    +46          15    +24   23  41  284  -87   48  -17   48  -17  15  0  0 L3E 1B
E08 FF 61065 065800  780 680 2892     +796554    +79          -2    +11   11  41   87   -3   49   +5   49    5   6  0  0 L3E B5
E25 FF 61065 065800  780 576  774     -218897    +20           1    +20   11  41   96   +3   60   +3   60    3   7  0  0 L3E 77
E02 FF 61065 071400  780 551 1822     -129868    -46           4    -17   13  43   99   -8   71   +8   71    8   7  0  0 L3E 9F
E03 FF 61065 071400  780 478 1405      -42611     +3         -11    -20   15  43  109  +11  116  +37  116   37   9  0  0 L3E D5
E07 FF 61065 071400  780 215 3049     +409478    +32          -8     +9   23  43  220  -52   72   +6   72    6  15  0  0 L3E B8
E08 FF 61065 071400  780 728 2796     +796618    +57          -4    -12    8  43   85   -2   62  +22   62   22   5  0  0 L3E BE
E25 FF 61065 071400  780 543  693     -218905    -23          -7    -23   15  43   99   +5   77  +28   77   28   9  0  0 L3E C8
E02 FF 61065 073000  780 616 1804     -129893    -20           4     +9   14  45   92   -6   75   -4   75   -4   8  0  0 L3E 8E
E03 FF 61065 073000  780 417 1436      -42590    +51         -12    +28   14  45  121  +15  145  +14  145   14   8  0  0 L3E E8
E07 FF 61065 073000  780 267 3056     +409501    +42          -8    +19   21  45  180  -34   79   -5   79   -5  12  0  0 L3E DD
E08 FF 61065 073000  780 762 2612     +796681    +99          -9    +30   12  45   83   -1   75  -10   75  -10   7  0  0 L3E D3
E25 FF 61065 073000  780 500  635     -218896    -21           3    -21   15  43  105   +7   88  +30   88   30   8  0  0 L3E AA
E30 FF 61065 073000  780 140 2119    +6636199   +395         -37    -10   25  45  332 -131  229   +6  229    6  16  0  0 L3E 3B
E02 FF 61065 074600  780 678 1765     -129921    +33           3    +61    9  46   87   -4   77  -36   77  -36   6  0  0 L3E CD
E03 FF 61065 074600  780 357 1464      -42558     -9          -2    -32   18  46  138  +21  167  +52  167   52  10  0  0 L3E F7
E07 FF 61065 074600  780 319 3056     +409526    +20          -5     -3   16  46  153  -23   86  +13   86   13   9  0  0 L3E D1
E08 FF 61065 074600  780 768 2351     +796740    +13         -15    -55   13  46   83   +0   88  +46   88   46   7  0  0 L3E EE
E25 FF 61065 074600  780 452  599     -218899    +25           0    +25   15  43  114  +10  105   +5  105    5   9  0  0 L3E BF
E30 FF 61065 074600  780 196 2141    +6636588   +392         -35    -13   23  46  241  -69  222   +1  222    1  14  0  0 L3E 26
E02 FF 61065 080200  780 735 1682     -129953     -7          -1    +22    9  48   84   -2   83   -7   83   -7   5  0  0 L3E 90
E03 FF 61065 080200  780 298 1490      -42541    +68          -8    +45   17  47  162  +30  201   +9  201    9  10  0  0 L3E D1
E07 FF 61065 080200  780 371 3047     +409549    +47          -6    +24   18  48  134  -16   91   -9   91   -9  10  0  0 L3E E6
E08 FF 61065 080200  780 742 2124     +796816    +94          -5    +25   10  48   84   +2   91   -3   91   -3   6  0  0 L3E AA
E25 FF 61065 080200  780 401  578     -218902     +5          -3     +6   15  43  125  +14  126  +17  126   17   9  0  0 L3E BF
E30 FF 61065 080200  780 252 2166    +6637014   +419           3    +14   27  48  189  -41  176  -38  176  -38  16  0  0 L3E 49
E02 FF 61065 081800  780 780 1505     -129963    -24          17     +4   10  49   83   -1   77   +5   77    5   6  0  0 L3E 96
E03 FF 61065 081800  780 239 1513      -42528    +53         -18    +31   17  47  198  +47  250  +38  250   38  11  0  0 L3E 18
E07 FF 61065 081800  780 421 3026     +409577     +1           2    -22   14  49  120  -12   93  +14   93   14   8  0  0 L3E B4
E08 FF 61065 081800  780 694 1990     +796878    +78          -9     +9    8  49   86   +3  104   +7  104    7   5  0  0 L3E CA
E25 FF 61065 081800  780 349  569     -218902    +28          -2    +28   13  43  141  +19  147   +6  147    6   8  0  0 L3E DB
E30 FF 61065 081800  780 309 2193    +6637402   +419           2    +14   21  49  157  -27  159  -34  159  -34  13  0  0 L3E 44
E02 FF 61065 083400  780 797 1197     -130007    -43           0    -14   12  51   82   +0   92  +18   92   18   7  0  0 L3E A6
E03 FF 61065 083400  780 181 1534      -42491    +78          -5    +55   23  51  257  +80  301  +30  301   30  13  0  0 L3E EA
E07 FF 61065 083400  780 468 2991     +409584    +50          -8    +27   12  51  111   -9  106   -5  106   -5   8  0  0 L3E E1
E08 FF 61065 083400  780 636 1918     +796941   +118         -11    +49   11  51   90   +5  119  -14  119  -14   7  0  0 L3E 1C
E25 FF 61065 083400  780 297  570     -218913    +26         -13    +26   17  51  162  +27  180  +14  180   14  10  0  0 L3E 09
E30 FF 61065 083400  780 367 2224    +6637788   +374           2    -31   26  51  135  -19  145  +19  145   19  15  0  0 L3E 3D
E02 FF 61065 085000  780 775  912     -130023    -24          12     +5   11  53   83   +1   89   +2   89    2   7  0  0 L3E 69
E03 FF 61065 085000  780 124 1551      -42469    +55          -6    +32   20  53  369 +164  381  +72  381   72  13  0  0 L3E 12
E07 FF 61065 085000  780 510 2937     +409612    +33          -3    +10   11  53  104   -6  107   -2  107   -2   7  0  0 L3E BA
E08 FF 61065 085000  780 573 1880     +797015    +73          -3     +4   10  51   96   +7  132  +19  132   19   6  0  0 L3E D0
E25 FF 61065 085000  780 245  579     -218911     +2         -11     +3   15  53  194  +39  208  +36  208   36   9  0  0 L3E E4
E30 FF 61065 085000  780 425 2257    +6638173   +386          -3    -18   14  53  120  -14  143   +9  143    9   9  0  0 L3E 08
E02 FF 61065 090600  780 730  763     -130059    -47           4    -18   11  53   84   +2  101  +16  101   16   6  0  0 L3E A8
E07 FF 61065 090600  780 544 2862     +409643    +16           5     -7   13  54   99   -4  106  +17  106   17   8  0  0 L3E CC
E08 FF 61065 090600  780 509 1860     +797078    +54          -6    -15   10  51  104  +10  153  +29  153   29   6  0  0 L3E 06
E10 FF 61065 090600  780 109  305    +7669870    +10         -20    -16   25  54  417  -31  293  +16  293   16  15  0  0 L3E 25
E11 FF 61065 090600  780 101  570   -37450106  -1760          -8   -111   53  54  449 -128  314  +53  314   53  28  0  0 L3E 6B
E25 FF 61065 090600  780 194  593     -218903     +0          -2     +1   19  53  241  +61  239  +39  239   39  11  0  0 L3E E1
E29 FF 61065 090600  780 100 3202    +1724157     +0          10    -35   21  52  456 -219  170  +66  170   66  13  0  0 L3E 18
E30 FF 61065 090600  780 484 2293    +6638563   +379          -2    -26   13  54  108  -10  140  +13  140   13   7  0  0 L3E 22
E02 FF 61065 092200  780 677  700     -130086    -25           4     +4    9  53   87   +4  108   +3  108    3   5  0  0 L3E 6D
E07 FF 61065 092200  780 565 2768     +409646    +31         -15     +7   12  56   97   -2  125   +3  125    3   7  0  0 L3E C2
E08 FF 61065 092200  780 444 1850     +797145    +73          -5     +4   16  51  115  +14  178  +31  178   31  10  0  0 L3E FF
E10 FF 61065 092200  780 113  254    +7669907    +33          -8     +7   38  56  403   +1  289  +12  289   12  25  0  0 L3E FA
E11 FF 61065 092200  780 127  521   -37451701  -1668         -19    -19   34  56  361  -64  302  +11  302   11  21  0  0 L3E 4F
E25 FF 61065 092200  780 144  612     -218902     +1          -1     +1   19  53  320 +107  277  +40  277   40  13  0  0 L3E D6
E29 FF 61065 092200  780 149 3195    +1724191     +2          11    -33   24  52  312 -100  188  +24  188   24  15  0  0 L3E 24
E30 FF 61065 092200  780 542 2332    +6638949   +421          -4    +16   15  56  100   -8  137   -8  137   -8   9  0  0 L3E 08
E02 FF 61065 093800  780 622  678     -130123    +25          -6    +53   13  53   91   +5  126  -14  126  -14   7  0  0 L3E CD
E07 FF 61065 093800  780 571 2660     +409685    +20           2     -4   13  57   96   +0  122  +15  122   15   8  0  0 L3E BA
E08 FF 61065 093800  780 379 1845     +797207    +39         -11    -30   18  57  131  +20  204  +37  204   37  11  0  0 L3E 2C
E10 FF 61065 093800  780 108  203    +7669922    +43         -17    +17   27  57  419  +33  309   -1  309   -1  17  0  0 L3E 17
E11 FF 61065 093800  780 146  470   -37453284  -1653         -19     -4   27  57  316  -32  297   +6  297    6  18  0  0 L3E 4C
E27 FF 61065 093800  780 105 2418    +8894788   +166         -21    +62   51  57  437 -199  331  -37  331  -37  30  0  0 L3E 91
E29 FF 61065 093800  780 196 3180    +1724218   +105           3    +69   25  52  239  -56  197  -41  197  -41  15  0  0 L3E 53
E30 FF 61065 093800  780 600 2374    +6639339   +419          -4    +15   13  57   93   -6  134   -7  134   -7   7  0  0 L3E FE
E02 FF 61065 095400  780 566  677     -130146     +2          -2    +30   14  59   97   +6  132   -5  132   -5   8  0  0 L3E A1
E07 FF 61065 095400  780 561 2551     +409696    +50          -9    +26   12  59   97   +2  135  -12  135  -12   7  0  0 L3E F5
E08 FF 61065 095400  780 315 1843     +797281    +54          -4    -15   16  59  154  +29  225  +58  225   58  10  0  0 L3E 2B
E11 FF 61065 095400  780 157  416   -37454862  -1660         -13    -11   25  59  295  -12  297   +7  297    7  15  0  0 L3E 58
E27 FF 61065 095400  780 153 2452    +8894914    +72           6    -31   28  59  303  -96  281  -15  281  -15  17  0  0 L3E 46
E29 FF 61065 095400  780 241 3157    +1724248    +55           2    +20   19  59  197  -34  193  -11  193  -11  12  0  0 L3E 2D
E30 FF 61065 095400  780 658 2422    +6639728   +445          -3    +41   11  58   89   -4  132  -30  132  -30   6  0  0 L3E 17
E36 FF 61065 095400  780 134  902    +5140281   +107           1    +52   27  53  346 -112  328  -67  328  -67  19  0  0 L3E 41
E02 FF 61065 101000  780 511  689     -130184    -48         -12    -19   12  61  104   +8  151  +30  151   30   7  0  0 L3E CE
E07 FF 61065 101000  780 534 2453     +409717    +11          -9    -13   12  61  100   +4  147  +16  147   16   7  0  0 L3E D6
E08 FF 61065 101000  780 252 1842     +797350    +68          -3     -1   17  60  189  +45  269  +41  269   41  10  0  0 L3E 05
E11 FF 61065 101000  780 159  362   -37456464  -1616         -30    +34   32  60  291   +4  310  -23  310  -23  18  0  0 L3E 40
E27 FF 61065 101000  780 202 2488    +8895004   +149          -4    +45   24  61  233  -56  254  -58  254  -58  16  0  0 L3E 54
E29 FF 61065 101000  780 282 3124    +1724284    +41           5     +6   17  61  170  -22  187   -8  187   -8  12  0  0 L3E EB
E30 FF 61065 101000  780 716 2479    +6640110   +394          -9    -10   15  61   85   -3  136   +9  136    9   9  0  0 L3E DF
E36 FF 61065 101000  780 175  858    +5140316    +84         -13    +29   26  61  266  -60  300  -43  300  -43  17  0  0 L3E 26
E02 FF 61065 102600  780 457  709     -130214    -10         -15    +18   13  62  113  +11  167   +2  167    2   8  0  0 L3E BF
E07 FF 61065 102600  780 496 2373     +409740     +2         -10    -22   10  62  106   +7  158  +27  158   27   7  0  0 L3E E9
E08 FF 61065 102600  780 191 1840     +797416    +64          -3     -5   18  60  245  +76  313  +64  313   64  10  0  0 L3E 03
E11 FF 61065 102600  780 152  310   -37458034  -1619         -18    +31   27  60  303  +22  306  -19  306  -19  16  0  0 L3E 5A
E27 FF 61065 102600  780 252 2526    +8895116    +38           8    -65   27  62  190  -36  231  +11  231   11  18  0  0 L3E 1C
E29 FF 61065 102600  780 318 3082    +1724320    +43           7     +7   23  62  153  -14  184   -1  184   -1  14  0  0 L3E DF
E30 FF 61065 102600  780 773 2553    +6640507   +408          -1     +4   12  62   83   -2  131   +1  131    1   7  0  0 L3E B0
E36 FF 61065 102600  780 213  809    +5140379    +30          -2    -24   17  62  221  -35  273   -8  273   -8  11  0  0 L3E F5
E02 FF 61065 104200  780 405  734     -130245    -15         -18    +13   11  64  124  +14  186   +7  186    7   7  0  0 L3E CB
E07 FF 61065 104200  780 449 2310     +409768    +20          -6     -4   11  64  114  +10  175  +30  175   30   7  0  0 L3E D9
E08 FF 61065 104200  780 131 1838     +797489    +71           4     +2   15  64  350 +154  376  +82  376   82  11  0  0 L3E 17
E11 FF 61065 104200  780 136  261   -37459646  -1677         -39    -28   34  64  336  +47  333  +25  333   25  21  0  0 L3E 6E
E27 FF 61065 104200  780 301 2565    +8895207    +93          -1    -11   15  64  161  -25  219   -2  219   -2   9  0  0 L3E FD
E29 FF 61065 104200  780 347 3029    +1724348    +62           2    +27   23  64  142   -9  187  -11  187  -11  14  0  0 L3E 14
E30 FF 61065 104200  780 828 2682    +6640899   +413           0     +9   10  64   81   -1  132   -2  132   -2   6  0  0 L3E C2
E34 FF 61065 104200  780 116 1260    +2318465    +21           9     -3   42  64  397 -182  414  -99  414  -99  26  0  0 L3E 37
E36 FF 61065 104200  780 244  755    +5140439    +49           7     -5   16  63  195  -21  248   -1  248   -1  11  0  0 L3E E0
E02 FF 61065 105800  780 353  763     -130259    -45          -5    -16   11  65  139  +18  199  +36  199   36   7  0  0 L3E 06
E07 FF 61065 105800  780 396 2261     +409787    -11         -10    -35   12  65  126  +15  197  +44  197   44   7  0  0 L3E 24
E11 FF 61065 105800  780 113  216   -37461200  -1676          -7    -26   21  65  401  +93  332  +35  332   35  14  0  0 L3E 3C
E27 FF 61065 105800  780 351 2605    +8895311   +151           4    +47   19  65  140  -18  203  -37  203  -37  11  0  0 L3E 37
E29 FF 61065 105800  780 366 2968    +1724389    +19           9    -16   15  64  135   -5  181  +18  181   18  10  0  0 L3E 23
E30 FF 61065 105800  780 873 3179    +6641289   +382           2    -23   10  64   81   +0  129  +14  129   14   6  0  0 L3E FA
E34 FF 61065 105800  780 170 1231    +2318487    +30           9     +6   30  65  275  -87  353  -82  353  -82  19  0  0 L3E 24
E36 FF 61065 105800  780 268  696    +5140483    +27          -1    -27   22  63  179  -12  243  +14  243   14  13  0  0 L3E 17
E02 FF 61065 111400  780 303  795     -130287    -40          -4    -11   19  67  159  +24  223  +29  223   29  12  0  0 L3E F6
E07 FF 61065 111400  780 340 2224     +409813    +68          -7    +44   17  67  144  +22  219   +2  219    2  10  0  0 L3E DE
E19 FF 61065 111400  780 104 3321   -26665937   -325         -32    +13   39  67  440 -170  342  -25  342  -25  23  0  0 L3E 7B
E27 FF 61065 111400  780 402 2646    +8895410   +106           4     +2   20  67  125  -14  189  -18  189  -18  12  0  0 L3E 2B
E29 FF 61065 111400  780 375 2899    +1724402    +28         -11     -7   30  64  133   -1  191   +1  191    1  19  0  0 L3E E9
E30 FF 61065 111400  780 849  476    +6641673   +398          -2     -7    9  64   81   +1  135  +10  135   10   5  0  0 L3E D0
E34 FF 61065 111400  780 224 1198    +2318507     +7           7    -16   18  67  212  -49  299  -13  299  -13  12  0  0 L3E 23
E36 FF 61065 111400  780 282  634    +5140527    +39          -9    -15   34  63  170   -5  242   +0  242    0  20  0  0 L3E C9
E02 FF 61065 113000  780 254  829     -130316    -27          -4     +2   19  69  187  +34  248  +30  248   30  11  0  0 L3E E4
E07 FF 61065 113000  780 283 2193     +409846    +41           1    +18   18  69  170  +33  244  +26  244   26  11  0  0 L3E FF
E19 FF 61065 113000  780 142 3291   -26666247   -327         -18    +11   30  69  325  -82  313  -34  313  -34  18  0  0 L3E 6D
E27 FF 61065 113000  780 453 2688    +8895513   +105           7     +1   15  69  114  -11  171   -7  171   -7   9  0  0 L3E FB
E29 FF 61065 113000  780 372 2828    +1724449     +3           2    -32   15  64  133   +3  187  +21  187   21   9  0  0 L3E E1
E30 FF 61065 113000  780 797  668    +6642055   +394          -9    -11   11  64   82   +1  140   +6  140    6   6  0  0 L3E C9
E34 FF 61065 113000  780 276 1160    +2318533    +30          11     +7   24  69  174  -31  258  -43  258  -43  15  0  0 L3E 1D
E36 FF 61065 113000  780 286  571    +5140586    +62          -1     +7   22  63  168   +1  229  -11  229  -11  12  0  0 L3E EF
E02 FF 61065 114600  780 207  864     -130338    -61           2    -32   25  70  227  +51  280  +61  280   61  16  0  0 L3E E4
E07 FF 61065 114600  780 225 2168     +409859    -34          -9    -58   19  70  209  +52  297  +95  297   95  12  0  0 L3E 41
E19 FF 61065 114600  780 176 3253   -26666560   -344          -8     -6   21  70  266  -46  291  -11  291  -11  13  0  0 L3E 52
E27 FF 61065 114600  780 505 2729    +8895608   +125           1    +21   13  70  105   -8  167  -19  167  -19   8  0  0 L3E 2A
E29 FF 61065 114600  780 359 2758    +1724476    +67          -4    +32   14  70  138   +6  199  -10  199  -10   9  0  0 L3E 2B
E30 FF 61065 114600  780 743  759    +6642447   +373          -6    -32   10  70   84   +2  137  +20  137   20   6  0  0 L3E ED
E34 FF 61065 114600  780 326 1114    +2318539    +24          -5     +0   22  70  150  -20  240  -46  240  -46  12  0  0 L3E 00
E36 FF 61065 114600  780 280  509    +5140632   +114          -6    +60   23  70  172   +7  231  -20  231  -20  14  0  0 L3E FF
E02 FF 61065 120200  780 160  900     -130376    -61          -8    -32   22  71  289  +82  326  +61  326   61  15  0  0 L3E F2
E07 FF 61065 120200  780 168 2146     +409878    +31         -13     +7   24  72  276  +91  357  +56  357   56  15  0  0 L3E 27
E15 FF 61065 120200  780 132 1560    +2310086    +39         -12    +10   23  72  350 -155  431  -93  431  -93  15  0  0 L3E 3B
E19 FF 61065 120200  780 203 3209   -26666886   -357          -9    -19   20  70  232  -26  276  -10  276  -10  14  0  0 L3E 62
E27 FF 61065 120200  780 557 2771    +8895698   +104          -8     +0   13  70   98   -6  163  -15  163  -15   7  0  0 L3E 16
E29 FF 61065 120200  780 335 2693    +1724510    +62          -7    +26   18  72  146  +11  213   +2  213    2  10  0  0 L3E E4
E30 FF 61065 120200  780 689  825    +6642837   +421          -5    +16   11  72   87   +3  140   -8  140   -8   7  0  0 L3E DC
E34 FF 61065 120200  780 371 1060    +2318564    +45          -4    +21   19  71  134  -13  213  -15  213  -15  12  0  0 L3E 0F
E36 FF 61065 120200  780 263  452    +5140701    +78          12    +25   18  72  181  +14  226  -14  226  -14  11  0  0 L3E 0C
E02 FF 61065 121800  780 114  936     -130393     -1           3    +28   45  71  399 +155  365  +48  365   48  28  0  0 L3E 07
E07 FF 61065 121800  780 112 2126     +409904    +74         -10    +51   24  73  406 +194  424  +37  424   37  15  0  0 L3E 2E
E15 FF 61065 121800  780 192 1546    +2310109    -35         -16    -64   24  73  245  -76  348  -49  348  -49  15  0  0 L3E 5C
E19 FF 61065 121800  780 222 3159   -26667221   -357         -19    -19   24  70  213  -14  268   +4  268    4  16  0  0 L3E 4A
E27 FF 61065 121800  780 611 2813    +8895799    +91          -6    -13   12  70   92   -5  154   -3  154   -3   7  0  0 L3E EE
E29 FF 61065 121800  780 303 2634    +1724552    +20           0    -15   17  73  160  +18  225  +36  225   36  10  0  0 L3E 04
E30 FF 61065 121800  780 635  881    +6643222   +409          -9     +4    9  73   90   +4  148   +7  148    7   5  0  0 L3E B8
E34 FF 61065 121800  780 409  996    +2318583    -24          -7    -47   17  71  123   -9  200  +16  200   16  10  0  0 L3E 00
E36 FF 61065 121800  780 238  401    +5140743    +54           3     +0   18  73  199  +24  239  +20  239   20  10  0  0 L3E E5
E15 FF 61065 123400  780 253 1531    +2310141    +10          -9    -19   21  75  189  -45  300  -53  300  -53  14  0  0 L3E 16
E19 FF 61065 123400  780 232 3104   -26667547   -350         -20    -12   19  70  204   -5  258   +4  258    4  12  0  0 L3E 22
E21 FF 61065 123400  780 137 2794    +7172628    +38           4    +12   29  75  338 -114  323  -42  323  -42  21  0  0 L3E 39
E27 FF 61065 123400  780 665 2854    +8895892    +94         -17    -10    8  75   88   -4  153   +0  153    0   5  0  0 L3E EB
E29 FF 61065 123400  780 264 2582    +1724587    +38           0     +3   18  75  181  +27  247  +17  247   17  12  0  0 L3E 14
E30 FF 61065 123400  780 582  933    +6643606   +407         -13     +2   11  74   95   +6  156   +2  156    2   6  0  0 L3E C8
E34 FF 61065 123400  780 437  921    +2318612     +2           0    -21    9  71  117   -5  185   +8  185    8   6  0  0 L3E 99
E36 FF 61065 123400  780 205  359    +5140805    +80          16    +26   22  75  228  +39  235   -7  235   -7  14  0  0 L3E 04
E15 FF 61065 125000  780 315 1513    +2310161    +23         -16     -5   15  77  154  -29  266  -54  266  -54  10  0  0 L3E 25
E19 FF 61065 125000  780 233 3046   -26667874   -328         -23    +10   33  77  203   +3  263   +4  263    4  21  0  0 L3E 23
E21 FF 61065 125000  780 184 2827    +7172642    +34          -8     +8   25  77  255  -65  291  -41  291  -41  15  0  0 L3E 2E
E27 FF 61065 125000  780 720 2893    +8896008   +104          -3     +0    9  77   85   -3  140   -5  140   -5   5  0  0 L3E CA
E29 FF 61065 125000  780 220 2536    +1724619    +17          -2    -18   27  75  214  +43  276  +43  276   43  18  0  0 L3E 2C
E30 FF 61065 125000  780 529  981    +6643997   +362         -11    -42   11  77  101   +7  165  +40  165   40   6  0  0 L3E 17
E34 FF 61065 125000  780 454  839    +2318634     +9           1    -14   10  77  113   -2  176   +8  176    8   6  0  0 L3E B3
E36 FF 61065 125000  780 167  325    +5140834     -8          -8    -61   28  77  278  +67  249  +40  249   40  17  0  0 L3E 1B
E15 FF 61065 130600  780 378 1491    +2310186     -5         -17    -33   16  78  132  -19  229  -14  229  -14  10  0  0 L3E 33
E19 FF 61065 130600  780 225 2988   -26668152   -310          24    +28   18  77  210  +12  242   -3  242   -3  11  0  0 L3E 35
E21 FF 61065 130600  780 232 2857    +7172686    +49          12    +23   22  78  205  -42  253  -40  253  -40  14  0  0 L3E 33
E27 FF 61065 130600  780 777 2930    +8896107    +92          -4    -12   13  78   83   -2  136   +2  136    2   7  0  0 L3E DC
E29 FF 61065 130600  780 174 2496    +1724647    +15          -8    -20   29  75  268  +72  325  +63  325   63  17  0  0 L3E 3F
E30 FF 61065 130600  780 476 1027    +6644390   +397          -5     -8   13  78  109   +9  171  +20  171   20   8  0  0 L3E 08
E34 FF 61065 130600  780 457  753    +2318647    +21          -8     -1   14  78  113   +1  178   -8  178   -8   9  0  0 L3E D9
E36 FF 61065 130600  780 123  299    +5140901    +49           7     -5   16  78  370 +131  241  -15  241  -15  10  0  0 L3E 08
E15 FF 61065 132200  780 440 1461    +2310213     +4         -16    -24   20  80  116  -13  208   -9  208   -9  12  0  0 L3E EB
E19 FF 61065 132200  780 208 2932   -26668495   -306           6    +32   24  77  226  +23  271   -6  271   -6  15  0  0 L3E 37
E21 FF 61065 132200  780 281 2886    +7172699    -45           0    -71   22  78  171  -29  239   +9  239    9  15  0  0 L3E 16
E27 FF 61065 132200  780 834 2960    +8896206   +138          -5    +34   10  78   81   -1  133  -26  133  -26   6  0  0 L3E 19
E29 FF 61065 132200  780 125 2460    +1724691    +94          -1    +58   32  80  365 +139  375  +29  375   29  21  0  0 L3E 49
E30 FF 61065 132200  780 423 1070    +6644779   +414          -6     +9   18  80  120  +12  181   +5  181    5  11  0  0 L3E F0
E34 FF 61065 132200  780 447  672    +2318680     +1           3    -22   15  78  115   +4  166  +10  166   10   9  0  0 L3E C5
E13 FF 61065 133800  780 116 1853     +471188    +34           0    +26   16  81  397 -201  423 -100  423 -100  13  0  0 L3E 34
E15 FF 61065 133800  780 499 1419    +2310247     -3          -7    -31   12  81  106   -9  175   +6  175    6   7  0  0 L3E D4
E19 FF 61065 133800  780 183 2878   -26668812   -345          14     -6   26  77  255  +39  284  +26  284   26  17  0  0 L3E 71
E21 FF 61065 133800  780 332 2911    +7172722     +6          -1    -20   13  78  147  -21  213  -10  213  -10   8  0  0 L3E F1
E27 FF 61065 133800  780 892 2825    +8896311   +125           0    +21    9  78   81   +0  128  -12  128  -12   6  0  0 L3E FA
E30 FF 61065 133800  780 371 1112    +6645166   +397          -8     -7   16  81  133  +17  195  +22  195   22   9  0  0 L3E 20
E34 FF 61065 133800  780 424  600    +2318699    +16           0     -7   15  78  120   +7  165   +5  165    5   9  0  0 L3E B3
E04 FF 61065 135400  780 102 3361     +521325   +155         -10    +48   31  83  444  -41  269   -2  269   -2  19  0  0 L3E 16
E13 FF 61065 135400  780 176 1859     +471190    +19          -3    +12   27  83  266  -91  348  -67  348  -67  18  0  0 L3E 44
E15 FF 61065 135400  780 554 1359    +2310266    +17         -12    -11   15  83   98   -6  161  -12  161  -12   9  0  0 L3E 08
E19 FF 61065 135400  780 151 2829   -26669124   -339          16     -1   34  83  305  +68  309  +41  309   41  23  0  0 L3E 50
E21 FF 61065 135400  780 384 2931    +7172750    +66           3    +40   23  78  130  -16  186  -49  186  -49  14  0  0 L3E 38
E27 FF 61065 135400  780 848 1292    +8896411    +66           0    -38   10  78   81   +1  126  +22  126   22   5  0  0 L3E EC
E30 FF 61065 135400  780 319 1152    +6645560   +396          -4     -8   21  83  152  +23  204  +22  204   22  13  0  0 L3E 13
E34 FF 61065 135400  780 391  542    +2318706    +69         -15    +47   14  78  128  +10  175  -24  175  -24   9  0  0 L3E 2F
E04 FF 61065 141000  780 107 3312     +521431    +90          -8    -18   41  85  421   -6  280  +14  280   14  26  0  0 L3E E8
E13 FF 61065 141000  780 238 1867     +471209    +29          12    +21   21  85  200  -51  283  -64  283  -64  14  0  0 L3E 1E
E15 FF 61065 141000  780 602 1273    +2310294    +19          -7     -9   15  85   93   -4  148   +1  148    1   9  0  0 L3E B6
E19 FF 61065 141000  780 114 2784   -26669454   -358           7    -19   52  84  397 +131  350  +53  350   53  33  0  0 L3E 6A
E21 FF 61065 141000  780 437 2946    +7172767    +19          -5     -7   12  85  117  -12  167  -17  167  -17   7  0  0 L3E 23
E27 FF 61065 141000  780 788 1312    +8896516   +153           0    +49   13  85   82   +2  124  -25  124  -25   7  0  0 L3E 0A
E30 FF 61065 141000  780 267 1190    +6645939   +416         -15    +11   20  85  179  +33  237  +29  237   29  12  0  0 L3E 51
E34 FF 61065 141000  780 351  497    +2318723    +24         -18     +2   16  85  140  +16  185   +4  185    4   9  0  0 L3E DC
E04 FF 61065 142600  780 105 3262     +521529   +124         -14    +17   36  86  431  +26  279  -19  279  -19  23  0  0 L3E 4D
E13 FF 61065 142600  780 301 1876     +471207     +0           3     -8   16  86  161  -32  232  -62  232  -62  11  0  0 L3E DD
E15 FF 61065 142600  780 636 1157    +2310314    +57         -12    +30   12  86   90   -2  142  -27  142  -27   7  0  0 L3E FE
E21 FF 61065 142600  780 492 2953    +7172790    +20          -7     -6   12  85  107   -9  148  -19  148  -19   7  0  0 L3E 15
E27 FF 61065 142600  780 727 1343    +8896606   +111         -12     +7   11  86   85   +3  132   -8  132   -8   6  0  0 L3E F4
E30 FF 61065 142600  780 216 1225    +6646338   +409          -6     +4   22  86  218  +51  257  +21  257   21  13  0  0 L3E 21
E34 FF 61065 142600  780 305  465    +2318752    +56         -10    +33   15  86  158  +23  186  -13  186  -13   9  0  0 L3E 28
E13 FF 61065 144200  780 366 1887     +471203     -8          -4    -16   16  88  136  -22  196  -35  196  -35  10  0  0 L3E 1F
E15 FF 61065 144200  780 651 1016    +2310342    +34         -11     +7   14  86   89   +0  134   -8  134   -8   8  0  0 L3E C9
E21 FF 61065 144200  780 546 2949    +7172810    +18         -12     -8   10  85   99   -7  135   -7  135   -7   6  0  0 L3E ED
E27 FF 61065 144200  780 666 1374    +8896715   +129          -3    +24   11  88   88   +4  126  -13  126  -13   6  0  0 L3E 25
E30 FF 61065 144200  780 164 1259    +6646721   +404         -11     -1   20  86  282  +86  288  +32  288   32  13  0  0 L3E 3D
E34 FF 61065 144200  780 256  444    +2318783    +40           0    +18   14  88  185  +35  184   -6  184   -6   8  0  0 L3E ED
E13 FF 61065 145800  780 432 1898     +471203    +26          -9    +19   18  89  118  -15  163  -47  163  -47  12  0  0 L3E 37
E15 FF 61065 145800  780 646  871    +2310362    +10         -17    -18    9  86   89   +1  133   +3  133    3   5  0  0 L3E B9
E21 FF 61065 145800  780 600 2927    +7172833    +48         -13    +23   13  85   93   -5  125  -22  125  -22   7  0  0 L3E 0F
E27 FF 61065 145800  780 604 1405    +8896806   +141         -12    +37   17  89   93   +6  133  -18  133  -18  10  0  0 L3E 44
E30 FF 61065 145800  780 113 1290    +6647114   +401          -7     -3   25  86  401 +175  310  +36  310   36  18  0  0 L3E 28
E34 FF 61065 145800  780 206  433    +2318784    +27         -20     +5   19  89  228  +55  197  -22  197  -22  13  0  0 L3E 34
E13 FF 61065 151400  780 498 1908     +471211    +12          -6     +5   12  91  106  -11  139  -21  139  -21   8  0  0 L3E ED
E15 FF 61065 151400  780 620  750    +2310398    +36          -7     +9   11  86   91   +3  122  -11  122  -11   6  0  0 L3E C2
E21 FF 61065 151400  780 652 2877    +7172855    +24         -11     -2   10  91   89   -4  119   -6  119   -6   6  0  0 L3E E5
E23 FF 61065 151400  780 143 3059     +231143     -2          10    -13   25  86  325 -114  235  -45  235  -45  16  0  0 L3E 12
E27 FF 61065 151400  780 542 1435    +8896916   +108          -2     +4   12  90   99   +8  131   +8  131    8   7  0  0 L3E DB
E34 FF 61065 151400  780 154  430    +2318824    +23          -2     +1   26  91  299  +98  169  -31  169  -31  17  0  0 L3E 17
E13 FF 61065 153000  780 565 1916     +471214     +3          -9     -4   14  92   97   -8  124  -15  124  -15   8  0  0 L3E C8
E15 FF 61065 153000  780 581  663    +2310407    +51         -22    +25   13  93   95   +5  124  -20  124  -20   7  0  0 L3E E3
E21 FF 61065 153000  780 697 2784    +7172875    +21         -14     -5   12  93   86   -2  113   -9  113   -9   7  0  0 L3E E8
E23 FF 61065 153000  780 193 3070     +231135    +40         -12    +29   28  93  243  -63  220  -56  220  -56  17  0  0 L3E 1F
E27 FF 61065 153000  780 481 1463    +8897018   +131           0    +26   16  90  108  +11  137  -11  137  -11   9  0  0 L3E 1D
E34 FF 61065 153000  780 103  434    +2318855    +22           8     +0   30  92  440 +212  127  -44  127  -44  19  0  0 L3E 00
E13 FF 61065 154600  780 631 1918     +471222    -21          -8    -28   14  92   91   -6  106   +3  106    3   8  0  0 L3E B4
E15 FF 61065 154600  780 533  607    +2310442    +10         -15    -17   13  94  101   +7  117   +0  117    0   8  0  0 L3E BD
E21 FF 61065 154600  780 728 2628    +7172901    +25         -12     +0   11  94   85   -1  105   -4  105   -4   6  0  0 L3E CD
E23 FF 61065 154600  780 245 3075     +231150    -16          -9    -28   21  94  195  -40  182   -7  182   -7  15  0  0 L3E 01
E26 FF 61065 154600  780 139 2158    -2015339   -102           7     +7   25  94  334 -132  272  -77  272  -77  16  0  0 L3E 4C
E27 FF 61065 154600  780 419 1489    +8897109    +92         -10    -13   11  90  121  +15  149  +11  149   11   6  0  0 L3E 2E
E13 FF 61065 160200  780 697 1906     +471227    -18          -9    -25   12  96   86   -4   97   +2   97    2   7  0  0 L3E B2
E15 FF 61065 160200  780 481  575    +2310476     +8          -7    -18   12  96  108   +9  107  +10  107   10   7  0  0 L3E D5
E21 FF 61065 160200  780 735 2421    +7172936    +33          -4     +8   15  96   84   +0   95  -10   95  -10   9  0  0 L3E CA
E23 FF 61065 160200  780 296 3072     +231176    +45           4    +33   16  96  163  -27  144  -39  144  -39   9  0  0 L3E 0C
E26 FF 61065 160200  780 194 2185    -2015467   -153         -14    -44   22  96  242  -69  236  -10  236  -10  15  0  0 L3E 57
E27 FF 61065 160200  780 358 1513    +8897218   +118          -2    +14   16  90  138  +21  153   +5  153    5   9  0  0 L3E 06
E13 FF 61065 161800  780 760 1860     +471239     -7          -5    -14   11  97   83   -2   85   -1   85   -1   6  0  0 L3E 9B
E15 FF 61065 161800  780 427  560    +2310499    +18         -10     -8   18  97  119  +13  105   +0  105    0  10  0  0 L3E DD
E21 FF 61065 161800  780 715 2227    +7172960     -1          -5    -27   12  97   85   +2   92  +16   92   16   7  0  0 L3E C7
E23 FF 61065 161800  780 347 3061     +231176    +10          -8     -2   20  97  142  -19  135  -16  135  -16  12  0  0 L3E FF
E26 FF 61065 161800  780 251 2215    -2015567   -105         -10     +4   18  97  191  -41  191  -54  191  -54  13  0  0 L3E 43
E27 FF 61065 161800  780 298 1535    +8897306    +83         -14    -21   17  97  162  +30  172  +18  172   18  11  0  0 L3E 4E
E13 FF 61065 163400  780 817 1706     +471236     +7         -17     +0    8  99   82   -1   85   -4   85   -4   4  0  0 L3E 8C
E15 FF 61065 163400  780 373  557    +2310522    +50         -16    +23   13  99  133  +17  104  -19  104  -19   8  0  0 L3E 16
E21 FF 61065 163400  780 673 2091    +7172985    +79          -4    +53   12  98   88   +3   90  -33   90  -33   7  0  0 L3E F5
E23 FF 61065 163400  780 396 3038     +231196    +48          -1    +36   18  99  127  -13  113  -35  113  -35  11  0  0 L3E 1F
E26 FF 61065 163400  780 307 2248    -2015669    -87          -7    +22   18  99  158  -27  152  -39  152  -39  10  0  0 L3E 51
E27 FF 61065 163400  780 238 1555    +8897414    +61          -6    -44   20  99  199  +47  174  +37  174   37  13  0  0 L3E 50
E13 FF 61065 165000  780 845 1214     +471251    +19          -8    +12   12 101   81   +0   71  -17   71  -17   7  0  0 L3E C0
E15 FF 61065 165000  780 319  564    +2310552    +40         -13    +13   16 101  152  +24   94  -10   94  -10  10  0  0 L3E F9
E21 FF 61065 165000  780 620 2009    +7173011    +81          -2    +55   19  98   91   +5   89  -39   89  -39  11  0  0 L3E FA
E23 FF 61065 165000  780 442 3002     +231202    +12          -7     +0   15  99  116   -9  103  -18  103  -18   8  0  0 L3E CA
E26 FF 61065 165000  780 364 2284    -2015775    -94          -8    +15   17 101  136  -19  135  -31  135  -31  10  0  0 L3E 3F
E27 FF 61065 165000  780 180 1573    +8897505    +61         -14    -43   17 101  259  +82  190  +31  190   31  11  0  0 L3E 49
E13 FF 61065 170600  780 812  778     +471248     +2         -16     -4   10 102   82   +1   66   -7   66   -7   5  0  0 L3E 8F
E15 FF 61065 170600  780 266  578    +2310582    +50          -9    +23   14 102  179  +34   84  -17   84  -17   8  0  0 L3E 07
E21 FF 61065 170600  780 560 1960    +7173034    +14          -4    -12   13  98   97   +7   86   +3   86    3   7  0  0 L3E B2
E23 FF 61065 170600  780 482 2948     +231212    +44          -9    +32   12  99  108   -6   91  -33   91  -33   7  0  0 L3E DF
E26 FF 61065 170600  780 421 2324    -2015873   -137           0    -28   17 102  121  -14  106   -6  106   -6  10  0  0 L3E 0A
E27 FF 61065 170600  780 122 1587    +8897608   +100         -11     -5   19 102  373 +169  195  +13  195   13  13  0  0 L3E 67
E03 FF 61065 172200  780 117  556      -41783    +92         -11    +70   50 104  389  -76   69  -45   69  -45  33  0  0 L3E 11
E13 FF 61065 172200  780 758  653     +471261    +43         -11    +36    9 104   83   +2   59  -26   59  -26   6  0  0 L3E CF
E15 FF 61065 172200  780 214  597    +2310612    +18          -5     -9   14 104  219  +51   79   +8   79    8   8  0  0 L3E C4
E21 FF 61065 172200  780 498 1931    +7173058    +42          -6    +16    9 104  106  +10   90   -6   90   -6   6  0  0 L3E D7
E23 FF 61065 172200  780 514 2877     +231234    +13           1     +1   11  99  103   -4   75  -11   75  -11   6  0  0 L3E A4
E26 FF 61065 172200  780 477 2368    -2015987   -116          -8     -7   17 104  109  -10   88  -18   88  -18  10  0  0 L3E 3C
E31 FF 61065 172200  780 101 3218    +1147581     +1           6    -25   22 101  452 -214  118  +15  118   15  13  0  0 L3E 06
E03 FF 61065 173800  780 137  505      -41764    +26         -14     +3   24 105  335  -39   67   -3   67   -3  16  0  0 L3E C8
E13 FF 61065 173800  780 700  622     +471261    -11         -17    -18   12 104   86   +3   62  +11   62   11   7  0  0 L3E B2
E15 FF 61065 173800  780 164  620    +2310641     +8          -3    -19   26 105  282  +84   68  +18   68   18  17  0  0 L3E FA
E21 FF 61065 173800  780 434 1913    +7173087    +21          -2     -5    9 105  117  +14   98  +13   98   13   6  0  0 L3E E3
E23 FF 61065 173800  780 534 2789     +231227    -15         -18    -27   16 105  101   -2   80  +14   80   14   9  0  0 L3E EB
E26 FF 61065 173800  780 534 2416    -2016089    -94          -5    +15   14 105  101   -8   72  -23   72  -23   8  0  0 L3E FE
E31 FF 61065 173800  780 149 3208    +1147621    +39          20    +13   17 101  311  -98  100  -13  100  -13  10  0  0 L3E 23
E03 FF 61065 175400  780 150  453      -41742    +11         -14    -12   30 107  308  -17   63   +6   63    6  19  0  0 L3E B8
E13 FF 61065 175400  780 642  624     +471282    -38          -3    -45    9 104   90   +4   53  +26   53   26   5  0  0 L3E AA
E15 FF 61065 175400  780 115  647    +2310662    +11          -9    -16   27 107  394 +160   74  +21   74   21  16  0  0 L3E 0C
E21 FF 61065 175400  780 370 1902    +7173102    +37          -8    +12   13 107  134  +20  112   +9  112    9   8  0  0 L3E E6
E23 FF 61065 175400  780 539 2690     +231252    -13          -5    -26   12 107  100   +0   66  +12   66   12   8  0  0 L3E C8
E26 FF 61065 175400  780 590 2470    -2016195   -107          -5     +2   14 105   94   -6   60  -13   60  -13   8  0  0 L3E E4
E31 FF 61065 175400  780 195 3190    +1147622    +83          -4    +57   22 101  240  -55  106  -49  106  -49  14  0  0 L3E 41
E03 FF 61065 181000  780 153  400      -41711    +42          -3    +20   29 109  301   +0   56  -17   56  -17  19  0  0 L3E B7
E08 FF 61065 181000  780 164  912     +799332    +33          17    -35   21 109  284  -71   78   +4   78    4  13  0  0 L3E DE
E13 FF 61065 181000  780 585  641     +471285    +11          -5     +5   14 104   95   +6   54   -8   54   -8   8  0  0 L3E 93
E21 FF 61065 181000  780 307 1894    +7173133    +20           0     -6   18 109  157  +30  114  +14  114   14  11  0  0 L3E F8
E23 FF 61065 181000  780 529 2590     +231256    +31         -13    +19   12 107  101   +2   65  -17   65  -17   7  0  0 L3E E9
E26 FF 61065 181000  780 646 2532    -2016301   -124          -7    -15   13 105   89   -4   51   -2   51   -2   8  0  0 L3E C7
E31 FF 61065 181000  780 239 3164    +1147641    +40         -10    +14   22 109  199  -34   83  -26   83  -26  12  0  0 L3E 28
E33 FF 61065 181000  780 142 2494      +25881    +18          -8     +7   25 109  326 -109  186  -51  186  -51  19  0  0 L3E 2F
E03 FF 61065 182600  780 149  349      -41707     +9         -21    -14   35 110  310  +18   61   +9   61    9  21  0  0 L3E AE
E08 FF 61065 182600  780 203  866     +799382    +36           2    -32   22 109  232  -41   73   +1   73    1  12  0  0 L3E BC
E13 FF 61065 182600  780 529  667     +471284    +17         -13    +11   15 104  101   +8   57   -8   57   -8   8  0  0 L3E CE
E21 FF 61065 182600  780 245 1889    +7173153    +18          -2     -7   21 110  193  +47  127   +9  127    9  12  0  0 L3E 08
E23 FF 61065 182600  780 504 2499     +231283    -17           3    -30   13 110  105   +5   56  +16   56   16   7  0  0 L3E C5
E26 FF 61065 182600  780 700 2608    -2016413   -107         -14     +2   13 105   86   -3   47   -9   47   -9   7  0  0 L3E D9
E31 FF 61065 182600  780 277 3128    +1147666    +12         -12    -14   20 110  173  -22   68   -5   68   -5  12  0  0 L3E 06
E33 FF 61065 182600  780 190 2534      +25910     +8          14     -3   23 110  247  -62  122  -44  122  -44  14  0  0 L3E EB
E03 FF 61065 184200  780 136  300      -41667    -32          -5    -54   27 112  338  +42   43  +12   43   12  17  0  0 L3E C7
E08 FF 61065 184200  780 237  814     +799455    +67           9     -1   24 112  200  -25   56  -11   56  -11  15  0  0 L3E E1
E13 FF 61065 184200  780 475  698     +471285     +2         -21     -5   14 112  109  +10   58   -2   58   -2   9  0  0 L3E B5
E21 FF 61065 184200  780 185 1883    +7173183    -24           2    -49   22 111  253  +80  132  +45  132   45  14  0  0 L3E 24
E23 FF 61065 184200  780 468 2423     +231284     +9          -9     -4   12 112  111   +8   62   +8   62    8   7  0  0 L3E 90
E26 FF 61065 184200  780 753 2710    -2016516   -100         -13     +9   12 112   84   -2   45   -9   45   -9   7  0  0 L3E D2
E31 FF 61065 184200  780 310 3083    +1147698    +59          -6    +32   15 112  156  -14   57  -28   57  -28  10  0  0 L3E 25
E33 FF 61065 184200  780 238 2575      +25918    +21          10    +10   24 111  199  -39   90  -38   90  -38  16  0  0 L3E 08
E03 FF 61065 185800  780 115  255      -41660    +53         -21    +30   29 113  395  +82   50  -21   50  -21  18  0  0 L3E EA
E07 FF 61065 185800  780 152 1283     +410458    -65          -7    -88   26 113  306 -106  113  +35  113   35  15  0  0 L3E 38
E08 FF 61065 185800  780 264  758     +799502    +76          -9     +8   23 113  181  -15   58  -15   58  -15  14  0  0 L3E 0C
E13 FF 61065 185800  780 423  732     +471299    +14         -14     +7   15 113  120  +12   51   -3   51   -3   9  0  0 L3E B5
E21 FF 61065 185800  780 126 1878    +7173190    -16         -15    -41   25 111  364 +163  157  +29  157   29  15  0  0 L3E 6D
E23 FF 61065 185800  780 423 2360     +231301    +50          -4    +37   17 113  120  +11   60  -21   60  -21  10  0  0 L3E DA
E26 FF 61065 185800  780 803 2876    -2016628   -113         -21     -4   12 113   82   -1   43   -1   43   -1   7  0  0 L3E D0
E31 FF 61065 185800  780 335 3029    +1147725    +44          -5    +18   20 113  146   -8   50  -16   50  -16  12  0  0 L3E 04
E33 FF 61065 185800  780 287 2617      +25920    +33           2    +22   18 111  168  -27   73  -35   73  -35  11  0  0 L3E F3
E07 FF 61065 191400  780 205 1253     +410479    -31          -8    -54   26 115  230  -58   97  +10   97   10  17  0  0 L3E 01
E08 FF 61065 191400  780 282  697     +799565    +42         -10    -26   23 115  170   -8   55  +10   55   10  14  0  0 L3E F6
E13 FF 61065 191400  780 372  768     +471316     -3          -4    -10   16 115  133  +16   45   +8   45    8  10  0  0 L3E AF
E23 FF 61065 191400  780 372 2311     +231305    +18         -12     +5   17 113  133  +17   68   -2   68   -2  10  0  0 L3E CC
E26 FF 61065 191400  780 840 3229    -2016730    -96         -15    +14   11 115   81   +0   35  -12   35  -12   6  0  0 L3E EB
E31 FF 61065 191400  780 351 2966    +1147752    +22          -5     -5   18 115  140   -4   43   +7   43    7  12  0  0 L3E C2
E33 FF 61065 191400  780 336 2661      +25930     +6           2     -5   23 111  146  -20   55  -15   55  -15  13  0  0 L3E B9
E07 FF 61065 193000  780 257 1218     +410495    +44         -12    +22   32 117  186  -36   81  -35   81  -35  19  0  0 L3E 21
E08 FF 61065 193000  780 291  635     +799643    +69           1     +1   29 117  165   -2   44   -9   44   -9  17  0  0 L3E C0
E13 FF 61065 193000  780 322  806     +471316     -9         -13    -16   20 117  151  +21   54   +9   54    9  12  0  0 L3E BA
E23 FF 61065 193000  780 318 2271     +231320     -7          -9    -19   22 113  153  +24   72  +16   72   16  12  0  0 L3E D8
E26 FF 61065 193000  780 838  203    -2016824    -92          -1    +18    9 117   81   +0   26  -13   26  -13   5  0  0 L3E BE
E31 FF 61065 193000  780 356 2899    +1147782    +31          -3     +4   23 117  138   +0   40   -7   40   -7  14  0  0 L3E D2
E33 FF 61065 193000  780 385 2705      +25943     +3           4     -7   19 111  130  -15   41   -9   41   -9  12  0  0 L3E 9C
E07 FF 61065 194600  780 308 1177     +410525    +45          -4    +23   23 117  158  -23   57  -32   57  -32  14  0  0 L3E 0C
E08 FF 61065 194600  780 290  572     +799705    +52          -4    -16   20 118  166   +3   44   +5   44    5  12  0  0 L3E C1
E13 FF 61065 194600  780 273  845     +471337    +13           2     +6   20 117  175  +29   45   -6   45   -6  12  0  0 L3E BA
E23 FF 61065 194600  780 263 2239     +231321    +13         -20     +0   17 113  182  +37   88  +13   88   13  10  0  0 L3E EB
E26 FF 61065 194600  780 800  533    -2016939   -118         -11     -8   11 118   82   +1   31   +6   31    6   6  0  0 L3E B2
E31 FF 61065 194600  780 350 2830    +1147797    +28         -14     +2   19 118  141   +4   46   -4   46   -4  12  0  0 L3E E8
E33 FF 61065 194600  780 436 2749      +25951    +41           1    +31   15 118  117  -11   39  -27   39  -27   9  0  0 L3E E9
E07 FF 61065 200200  780 355 1128     +410549    +14          -2     -9   14 117  139  -16   45   +0   45    0   8  0  0 L3E A5
E08 FF 61065 200200  780 279  513     +799758    +71         -17     +3   17 120  172   +9   48   +0   48    0  11  0  0 L3E B9
E13 FF 61065 200200  780 226  885     +471328     -4         -12    -11   18 120  209  +42   61  +19   61   19  11  0  0 L3E D8
E23 FF 61065 200200  780 206 2212     +231339    -35         -13    -48   13 120  227  +60   99  +44   99   44   9  0  0 L3E F8
E26 FF 61065 200200  780 752  693    -2017042    -94          -7    +16    8 120   84   +2   26   -8   26   -8   5  0  0 L3E A2
E29 FF 61065 200200  780 101 1616    +1725537    +58          -2    +23   28 120  454 -247  108  -32  108  -32  17  0  0 L3E 47
E31 FF 61065 200200  780 333 2763    +1147828     -2          -7    -29   15 120  147   +9   42  +25   42   25   9  0  0 L3E D5
E33 FF 61065 200200  780 487 2794      +25958    -50          -2    -60   15 120  108   -9   35  +37   35   37  10  0  0 L3E DD
E07 FF 61065 201800  780 396 1070     +410567     +4          -5    -18   16 117  127  -11   41   +2   41    2   9  0  0 L3E A6
E08 FF 61065 201800  780 258  459     +799838   +130          -2    +62   17 121  184  +17   37  -38   37  -38  10  0  0 L3E 23
E13 FF 61065 201800  780 179  924     +471328    +45         -19    +38   16 120  260  +66   72   -5   72   -5  10  0  0 L3E EA
E23 FF 61065 201800  780 151 2188     +231354    +69         -11    +56   19 121  306 +110  109  -28  109  -28  12  0  0 L3E 45
E26 FF 61065 201800  780 700  795    -2017147    -62          -7    +48   11 121   86   +3   27  -26   27  -26   7  0  0 L3E DD
E29 FF 61065 201800  780 158 1603    +1725564    +86          -8    +51   18 121  296 -108  104  -54  104  -54  12  0  0 L3E 59
E31 FF 61065 201800  780 307 2701    +1147859    +13          -1    -13   20 121  158  +14   39  +21   39   21  12  0  0 L3E F5
E33 FF 61065 201800  780 539 2840      +25969    +49          -2    +39   11 121  100   -7   29  -29   29  -29   7  0  0 L3E E6
E07 FF 61065 203400  780 430 1002     +410592    +24          -4     +2   20 123  118   -7   33   -2   33   -2  12  0  0 L3E 92
E08 FF 61065 203400  780 230  413     +799918    +91          11    +22   22 123  206  +28   25  -18   25  -18  13  0  0 L3E F5
E26 FF 61065 203400  780 648  872    -2017253    -96          -7    +14   10 123   89   +4   26   -6   26   -6   5  0  0 L3E BD
E29 FF 61065 203400  780 217 1590    +1725600    +18          -5    -17   14 123  219  -59   89   -5   89   -5   9  0  0 L3E FF
E31 FF 61065 203400  780 273 2645    +1147873    +48         -12    +22   19 123  175  +22   49   -5   49   -5  12  0  0 L3E 0D
E33 FF 61065 203400  780 592 2885      +25960     +3         -19     -7   10 123   94   -5   35   +5   35    5   6  0  0 L3E 87
E07 FF 61065 205000  780 453  923     +410613     +7          -6    -16   17 125  113   -4   32   +8   32    8  10  0  0 L3E 8D
E08 FF 61065 205000  780 194  375     +799968    +39          -6    -29   17 125  240  +46   32  +20   32   20  12  0  0 L3E F6
E12 FF 61065 205000  780 111 2836     +213873     -7          -9    -33   95 120  412 -168   76   +8   76    8  59  0  0 L3E ED
E26 FF 61065 205000  780 596  938    -2017368   -114         -14     -4   11 125   94   +5   33   +3   33    3   6  0  0 L3E B5
E29 FF 61065 205000  780 277 1575    +1725621    +29         -16     -6   19 125  174  -36   83  -18   83  -18  11  0  0 L3E 32
E31 FF 61065 205000  780 234 2596    +1147917    +75           7    +49   25 125  202  +35   44  -15   44  -15  16  0  0 L3E 12
E33 FF 61065 205000  780 646 2931      +25977     +5         -11     -5   11 125   89   -4   29   +5   29    5   6  0  0 L3E 89
E07 FF 61065 210600  780 464  840     +410625    +84         -17    +61   23 126  111   -1   34  -45   34  -45  14  0  0 L3E E9
E08 FF 61065 210600  780 154  345     +800030     +2          -8    -67   23 126  300  +81   33  +36   33   36  13  0  0 L3E C1
E12 FF 61065 210600  780 158 2870     +213884    +10         -17    -16   30 126  294  -88   72   +1   72    1  20  0  0 L3E E4
E26 FF 61065 210600  780 543  996    -2017468   -128          -9    -18   11 126   99   +7   31  +20   31   20   7  0  0 L3E E5
E29 FF 61065 210600  780 338 1558    +1725659    +29         -11     -5   11 126  145  -24   66  -14   66  -14   6  0  0 L3E 1A
E31 FF 61065 210600  780 190 2552    +1147936    +59           2    +32   23 126  246  +57   59  -16   59  -16  14  0  0 L3E 1A
E33 FF 61065 210600  780 701 2978      +25998     +6           0     -4   10 126   86   -3   21   +1   21    1   6  0  0 L3E 56
E07 FF 61065 212200  780 462  755     +410658    +34          -7    +11   14   1  112   +2   28  -11   28  -11   8  0  0 L3E 98
E08 FF 61065 212200  780 110  323     +800107    +38           4    -30   19   1  412 +166   35  +27   35   27  12  0  0 L3E AE
E12 FF 61065 212200  780 206 2902     +213897     +1         -26    -25   29   1  229  -53   67  +18   67   18  18  0  0 L3E E1
E26 FF 61065 212200  780 490 1049    -2017573    -87          -8    +23   14   1  107   +9   31  -13   31  -13   9  0  0 L3E CC
E29 FF 61065 212200  780 399 1536    +1725690    +62         -13    +27   11   1  126  -17   54  -36   54  -36   7  0  0 L3E 03
E31 FF 61065 212200  780 143 2513    +1147955    -19          -5    -45   31   1  321 +104   77  +50   77   50  20  0  0 L3E EC
E33 FF 61065 212200  780 758 3027      +26007    +23           0    +13   11   1   83   -2   20  -10   20  -10   6  0  0 L3E 5F
E07 FF 61065 213800  780 447  678     +410692    +25           4     +2   19   2  115   +4   20   +1   20    1  12  0  0 L3E 59
E12 FF 61065 213800  780 256 2931     +213941    +15          -7    -11   25   2  187  -35   47   -3   47   -3  16  0  0 L3E C1
E19 FF 61065 213800  780 106 1870   -26678458   -326          -2     +9   14 125  434 -234  128  -31  128  -31   9  0  0 L3E 6A
E26 FF 61065 213800  780 437 1098    -2017670    -94           1    +16   13   2  117  +12   31   -8   31   -8   7  0  0 L3E B3
E29 FF 61065 213800  780 459 1505    +1725728    +53          -8    +18   17   2  112  -12   40  -26   40  -26   9  0  0 L3E EC
E33 FF 61065 213800  780 816 3086      +26006    -33         -10    -43   10   2   82   -1   25  +23   25   23   6  0  0 L3E 8C
E07 FF 61065 215400  780 420  612     +410704    +16          -6     -7   19   3  120   +8   27   +4   27    4  11  0  0 L3E 66
E12 FF 61065 215400  780 307 2957     +213960    -51         -13    -77   33   3  158  -25   47  +39   47   39  21  0  0 L3E FC
E19 FF 61065 215400  780 165 1875   -26678792   -353          -5    -17   23   4  284 -102  115   +2  115    2  14  0  0 L3E 31
E26 FF 61065 215400  780 384 1144    -2017779   -119          -3     -9   19   4  130  +16   37  +15   37   15  12  0  0 L3E F1
E29 FF 61065 215400  780 517 1463    +1725750    +23         -20    -12   14   4  103   -8   42   +5   42    5   8  0  0 L3E A8
E33 FF 61065 215400  780 874 3231      +26027     +1           3     -9    8   4   81   +0   17   +5   17    5   5  0  0 L3E 1F
E07 FF 61065 221000  780 385  559     +410719    +23         -15     +0   11   6  130  +11   31   +4   31    4   6  0  0 L3E 6E
E10 FF 61065 221000  780 128 2983    +7671111    +39         -10    +13   21   5  360 -136   52  -11   52  -11  15  0  0 L3E FE
E12 FF 61065 221000  780 359 2979     +213994    +28          -4     +2   15   3  138  -18   35   -5   35   -5  10  0  0 L3E B4
E19 FF 61065 221000  780 225 1882   -26679116   -344          -6     -8   22   6  211  -56  110   -6  110   -6  14  0  0 L3E 09
E26 FF 61065 221000  780 331 1187    -2017881    -87           0    +23   16   6  147  +21   43   -7   43   -7   9  0  0 L3E B5
E29 FF 61065 221000  780 571 1401    +1725796    +41          -8     +6   14   6   96   -6   31   -3   31   -3   8  0  0 L3E 8C
E33 FF 61065 221000  780 864 1214      +26045     +8          11     -2    9   6   81   +1   14   +2   14    2   5  0  0 L3E 1D
E07 FF 61065 222600  780 343  519     +410737    +77         -18    +54   17   7  143  +17   32  -34   32  -34  10  0  0 L3E E3
E10 FF 61065 222600  780 178 3007    +7671146    +69          -1    +43   24   5  263  -74   43  -30   43  -30  14  0  0 L3E F3
E12 FF 61065 222600  780 413 2995     +214000     -2         -23    -28   13   3  122  -14   45  +12   45   12   8  0  0 L3E A9
E19 FF 61065 222600  780 287 1890   -26679442   -329         -10     +7   22   7  168  -35   99  -25   99  -25  13  0  0 L3E 4E
E26 FF 61065 222600  780 278 1228    -2017991   -142          -6    -32   20   7  172  +31   60  +40   60   40  12  0  0 L3E EF
E29 FF 61065 222600  780 616 1313    +1725830    +28         -10     -7   12   7   92   -4   28   +0   28    0   7  0  0 L3E 8A
E33 FF 61065 222600  780 803 1317      +26040    +52          -4    +42    9   7   82   +2   22  -23   22  -23   5  0  0 L3E 72
E07 FF 61065 224200  780 297  492     +410766    +39         -11    +15   15   9  162  +24   30  -14   30  -14   8  0  0 L3E CD
E10 FF 61065 224200  780 229 3027    +7671174    -15           2    -42   28   5  207  -46   35  +31   35   31  17  0  0 L3E D8
E12 FF 61065 224200  780 469 3003     +214027    +28         -21     +2   13   3  111  -10   40   -3   40   -3   8  0  0 L3E 81
E19 FF 61065 224200  780 350 1900   -26679765   -334          -8     +3   13   9  141  -23   81  -12   81  -12   9  0  0 L3E 03
E26 FF 61065 224200  780 226 1265    -2018100   -153          -8    -43   19   8  209  +47   77  +38   77   38  12  0  0 L3E 0B
E29 FF 61065 224200  780 647 1193    +1725874    +39           0     +4   10   9   89   -2   21   -3   21   -3   6  0  0 L3E 83
E33 FF 61065 224200  780 740 1367      +26051    -15          -1    -25   11   9   84   +3   20  +12   20   12   6  0  0 L3E 70
E07 FF 61065 225800  780 248  476     +410792     +6          -7    -18   22  10  191  +37   25   +6   25    6  12  0  0 L3E A7
E10 FF 61065 225800  780 281 3042    +7671191    +40          -8    +14   19  10  171  -31   37  -13   37  -13  12  0  0 L3E F9
E12 FF 61065 225800  780 524 3000     +214050    +31         -20     +5   14  10  102   -8   41   -2   41   -2   8  0  0 L3E 7B
E19 FF 61065 225800  780 414 1910   -26680088   -333          -8     +4   16  10  122  -16   68  -13   68  -13  11  0  0 L3E 23
E26 FF 61065 225800  780 173 1300    -2018200   -142          -3    -32   29   8  268  +80   90  +37   90   37  17  0  0 L3E FD
E29 FF 61065 225800  780 660 1049    +1725902    +23          -6    -12   11  10   88   +0   23   +6   23    6   6  0  0 L3E 99
E33 FF 61065 225800  780 677 1408      +26063    -10           1    -20   12  10   87   +4   21  +15   21   15   7  0  0 L3E 7E
E07 FF 61065 231400  780 198  468     +410828    +59           7    +36   18  11  236  +59   14  -38   14  -38  10  0  0 L3E EB
E10 FF 61065 231400  780 335 3051    +7671215    -22          -7    -49   19  12  146  -22   35  +27   35   27  11  0  0 L3E F4
E12 FF 61065 231400  780 580 2981     +214076    +33         -18     +7   12  12   95   -6   37   -6   37   -6   7  0  0 L3E A4
E19 FF 61065 231400  780 479 1919   -26680401   -296           2    +40   20  11  109  -12   52  -34   52  -34  13  0  0 L3E 21
E26 FF 61065 231400  780 121 1332    -2018321   -126         -20    -16   24  12  378 +160  115  +12  115   12  15  0  0 L3E 2E
E29 FF 61065 231400  780 652  906    +1725923    +45         -18    +10   11  10   89   +1   30   -7   30   -7   7  0  0 L3E AA
E33 FF 61065 231400  780 614 1444      +26067    +49          -4    +39   11  12   92   +6   25  -20   25  -20   7  0  0 L3E A2
E07 FF 61065 233000  780 147  468     +410858    -30          14    -53   22  11  313 +106    6  +31    6   31  13  0  0 L3E B4
E10 FF 61065 233000  780 389 3052    +7671236    +11          -9    -15   13  14  129  -16   34   +7   34    7   8  0  0 L3E C6
E11 FF 61065 233000  780 123 3100   -37535539  -1674          11    -27   22  10  376 -155   20  +14   20   14  15  0  0 L3E 32
E12 FF 61065 233000  780 633 2936     +214110    +18          -9     -8    9  14   91   -4   30   +4   30    4   5  0  0 L3E 5B
E19 FF 61065 233000  780 544 1926   -26680719   -356           7    -20   12  11   99   -8   41   +5   41    5   7  0  0 L3E CE
E29 FF 61065 233000  780 626  787    +1725972    +64          -3    +29   10  10   91   +3   21  -18   21  -18   6  0  0 L3E C6
E33 FF 61065 233000  780 550 1476      +26081    +12           0     +2   13  14   98   +8   27   +1   27    1   8  0  0 L3E 4B
E10 FF 61065 234600  780 443 3041    +7671264    +68          -6    +42   13  15  116  -12   31  -26   31  -26   7  0  0 L3E ED
E11 FF 61065 234600  780 174 3111   -37537135  -1666          -3    -19   28  10  269  -80   28  +13   28   13  15  0  0 L3E 3D
E12 FF 61065 234600  780 680 2851     +214128    +35         -15     +9   13  15   87   -3   35   -4   35   -4   7  0  0 L3E 9F
E19 FF 61065 234600  780 610 1927   -26681042   -329           6     +8   13  11   92   -6   36   -9   36   -9   7  0  0 L3E D0
E29 FF 61065 234600  780 586  704    +1725996    +27         -14     -8   14  10   95   +5   28   +5   28    5   8  0  0 L3E B0
E33 FF 61065 234600  780 487 1506      +26088    +11          -4     +1   11  15  107  +11   34   +3   34    3   6  0  0 L3E 79
