CGGTTS     GENERIC DATA FORMAT VERSION = 2E
REV DATE = 2026-01-01                    
RCVR = POLARX5-TR                    R2CGGTTS v8.8    
CH = 99 
IMS = POLARX5-TR                    
LAB = PTB                           
X = +3844059.67 m 
Y =  +709661.67 m 
Z = +5023129.80 m 
FRAME = ITRF
COMMENTS =           IGS RINEX,AUSPOS XYZ          
INT DLY =   33.2 ns (GAL E1),   33.0 ns (GAL E5a)
CAB DLY =  205.7 ns 
REF DLY =   56.2 ns
REF = UTC(PTB)                      
CKSUM = 7B

SAT CL  MJD  STTIME TRKL ELV AZTH   REFSV      SRSV     REFSYS    SRSYS  DSG IOE MDTR SMDT MDIO SMDI MSIO SMSI ISG FR HC FRC CK
             hhmmss  s  .1dg .1dg    .1ns     .1ps/s     .1ns    .1ps/s .1ns     .1ns.1ps/s.1ns.1ps/s.1ns.1ps/s.1ns
E12 FF 61046 000200  780 466 3002     +168781     +8         -21    -11   14  34  111  -11   32   +7   32    7   8  0  0 L3E 94
E19 FF 61046 000200  780 347 1899   -26091164   -371         -16    -24   19  34  142  -24   66   +6   66    6  12  0  0 L3E 20
E26 FF 61046 000200  780 228 1264    -1829741   -143         -24    -33   19  33  207  +46   86  +26   86   26  11  0  0 L3E 27
E29 FF 61046 000200  780 646 1202    +1664933    +46         -19    +11   12  34   89   -2   39   -4   39   -4   7  0  0 L3E C6
E33 FF 61046 000200  780 743 1365       +7472    -19         -30    -29   10  34   84   +3   43  +24   43   24   6  0  0 L3E 95
E12 FF 61046 001800  780 521 3000     +168789     +3         -30    -16   12  35  102   -8   38   +8   38    8   7  0  0 L3E 9B
E19 FF 61046 001800  780 411 1909   -26091492   -328         -12    +19   17  35  123  -16   59  -20   59  -20  10  0  0 L3E 43
E26 FF 61046 001800  780 176 1299    -1829845   -159         -23    -49   23  33  264  +78   93  +39   93   39  14  0  0 L3E 54
E29 FF 61046 001800  780 661 1059    +1664957    +48         -29    +13   14  35   88   +0   46   -4   46   -4   8  0  0 L3E DA
E33 FF 61046 001800  780 680 1406       +7480    +25         -32    +15   10  35   87   +4   49   +0   49    0   6  0  0 L3E 72
E07 FF 61046 003400  780 201  468     +371149    +78         -14    +55   18  37  233  +57   34  -42   34  -42  12  0  0 L3E F6
E10 FF 61046 003400  780 332 3051    +7626256     +7         -14    -19   19  37  147  -22   27   +8   27    8  11  0  0 L3E D6
E12 FF 61046 003400  780 577 2982     +168811    +28         -26     +9   14  37   96   -6   31   -8   31   -8   9  0  0 L3E B5
E19 FF 61046 003400  780 476 1918   -26091830   -358         -20    -11   19  37  109  -12   57   +0   57    0  11  0  0 L3E 12
E26 FF 61046 003400  780 123 1331    -1829953   -120         -26    -10   32  33  370 +154  108  +18  108   18  19  0  0 L3E 4A
E29 FF 61046 003400  780 654  914    +1664988     +8         -32    -27   12  37   89   +1   44  +10   44   10   7  0  0 L3E C2
E33 FF 61046 003400  780 617 1442       +7487    +12         -37     +2   13  37   92   +6   51   +4   51    4   7  0  0 L3E 62
E07 FF 61046 005000  780 150  468     +371179    +26          -5     +3   18  39  307 +102   25  -16   25  -16  11  0  0 L3E D8
E10 FF 61046 005000  780 386 3052    +7626261    +56         -33    +30   19  39  129  -16   36  -19   36  -19  12  0  0 L3E 1F
E11 FF 61046 005000  780 120 3100   -34604715  -1765          -3    -10   21  39  384 -161   29  +14   29   14  14  0  0 L3E 2F
E12 FF 61046 005000  780 630 2939     +168828    +29         -26    +10   12  39   91   -4   33   -4   33   -4   7  0  0 L3E AF
E19 FF 61046 005000  780 542 1925   -26092160   -359         -15    -12   15  39  100   -9   52   +4   52    4   9  0  0 L3E EB
E29 FF 61046 005000  780 628  794    +1665021    +77         -33    +42   11  38   91   +3   40  -25   40  -25   6  0  0 L3E D1
E33 FF 61046 005000  780 553 1474       +7509    +25         -28    +14   14  39   98   +8   49  -10   49  -10   8  0  0 L3E B9
E10 FF 61046 010600  780 440 3042    +7626287    +48         -32    +22   13  40  116  -12   34  -14   34  -14   7  0  0 L3E F0
E11 FF 61046 010600  780 172 3111   -34606427  -1764         -29     -8   29  40  272  -82   47   +0   47    0  17  0  0 L3E 11
E12 FF 61046 010600  780 677 2857     +168848    +33         -24    +14   10  40   87   -3   33   -3   33   -3   5  0  0 L3E B0
E19 FF 61046 010600  780 607 1927   -26092486   -347          -8     -1   13  39   93   -6   46   +2   46    2   8  0  0 L3E D0
E29 FF 61046 010600  780 589  708    +1665056    +11         -31    -24   10  38   94   +4   39  +15   39   15   6  0  0 L3E D2
E33 FF 61046 010600  780 489 1504       +7528     -2         -19    -13   11  40  107  +11   50  +11   50   11   7  0  0 L3E 94
E04 FF 61046 012200  780 142 2202     +338557    +84         -26    -24   30  42  328 -124   87   +2   87    2  17  0  0 L3E E3
E10 FF 61046 012200  780 493 3018    +7626313    +14         -28    -12   13  42  107   -9   33   +9   33    9   8  0  0 L3E BE
E11 FF 61046 012200  780 224 3116   -34608104  -1760         -20     -5   22  42  212  -48   45   +2   45    2  13  0  0 L3E EF
E12 FF 61046 012200  780 713 2718     +168863    +22         -27     +3   10  40   85   -1   39   +4   39    4   5  0  0 L3E 88
E19 FF 61046 012200  780 672 1917   -26092817   -308          -7    +39   15  39   88   -4   49  -32   49  -32   8  0  0 L3E 21
E29 FF 61046 012200  780 543  654    +1665104     +9         -17    -26   12  38   99   +6   38  +21   38   21   7  0  0 L3E BF
E33 FF 61046 012200  780 426 1532       +7533    +37         -27    +26   12  42  119  +15   61   -5   61   -5   7  0  0 L3E A0
E04 FF 61046 013800  780 196 2229     +338658   +131         -28    +23   23  43  240  -66   79  -15   79  -15  15  0  0 L3E 2E
E10 FF 61046 013800  780 542 2975    +7626324    +22         -42     -4   14  43  100   -6   41   +2   41    2   9  0  0 L3E A2
E11 FF 61046 013800  780 276 3114   -34609777  -1736          -8    +19   20  43  174  -31   34  -12   34  -12  13  0  0 L3E 43
E12 FF 61046 013800  780 726 2524     +168887    +20         -21     +2   10  40   85   +0   40   +8   40    8   6  0  0 L3E 81
E19 FF 61046 013800  780 735 1881   -26093140   -327           3    +20   12  39   84   -3   36  -17   36  -17   7  0  0 L3E F9
E29 FF 61046 013800  780 492  622    +1665128    +13         -30    -22   14  43  107   +9   43  +18   43   18   8  0  0 L3E D8
E33 FF 61046 013800  780 363 1557       +7551    +41         -19    +30   15  43  136  +21   64  -10   64  -10   9  0  0 L3E C5
E04 FF 61046 015400  780 251 2260     +338757   +123         -31    +15   23  45  190  -40   70  -22   70  -22  14  0  0 L3E 02
E10 FF 61046 015400  780 585 2906    +7626361    +28         -31     +2   13  45   95   -4   31   -5   31   -5   7  0  0 L3E AF
E11 FF 61046 015400  780 328 3103   -34611478  -1748         -23     +7   22  43  149  -21   42   -7   42   -7  14  0  0 L3E 1B
E12 FF 61046 015400  780 712 2326     +168901    +48         -25    +30   15  40   85   +1   43  -16   43  -16   8  0  0 L3E C7
E19 FF 61046 015400  780 792 1775   -26093485   -364          -9    -17   17  39   82   -2   37   +7   37    7  10  0  0 L3E 01
E29 FF 61046 015400  780 439  608    +1665163    +67         -30    +32   16  45  116  +12   44  -19   44  -19   9  0  0 L3E 04
E33 FF 61046 015400  780 301 1579       +7562    +29         -19    +18   12  44  161  +31   71  -14   71  -14   7  0  0 L3E CC
E04 FF 61046 021000  780 306 2293     +338883    +96          -8    -12   16  47  159  -27   51   +9   51    9  10  0  0 L3E D1
E10 FF 61046 021000  780 618 2806    +7626387     -4         -30    -30   11  45   92   -2   33  +18   33   18   6  0  0 L3E BF
E11 FF 61046 021000  780 378 3081   -34613156  -1757         -17     -2   19  43  132  -15   35   +0   35    0  11  0  0 L3E FE
E12 FF 61046 021000  780 674 2178     +168918    +38         -29    +19   17  47   87   +3   51   -8   51   -8  10  0  0 L3E D4
E19 FF 61046 021000  780 833 1457   -26093801   -292          -8    +54   12  47   81   +0   31  -25   31  -25   7  0  0 L3E F7
E29 FF 61046 021000  780 385  606    +1665203     +0         -26    -35   15  47  129  +16   39  +25   39   25   8  0  0 L3E DE
E33 FF 61046 021000  780 239 1599       +7579     +1         -13     -9   15  44  198  +48   75  +23   75   23   9  0  0 L3E BB
E04 FF 61046 022600  780 361 2329     +338970    +92         -25    -16   16  48  137  -19   55   +0   55    0   9  0  0 L3E D1
E06 FF 61046 022600  780 114 2353    +2157526    -46          17    -95   57  48  402 -174   54  +57   54   57  37  0  0 L3E 2F
E10 FF 61046 022600  780 634 2679    +7626418    +11         -24    -15   13  45   90   -1   33  +14   33   14   8  0  0 L3E D2
E11 FF 61046 022600  780 425 3046   -34614847  -1740         -23    +15   18  43  120  -11   38   -8   38   -8  11  0  0 L3E 2B
E12 FF 61046 022600  780 622 2084     +168942    +49         -23    +30   17  48   91   +5   46  -16   46  -16  10  0  0 L3E E6
E19 FF 61046 022600  780 824  965   -26094133   -363          -7    -18   15  48   82   +1   34  +10   34   10   9  0  0 L3E E3
E29 FF 61046 022600  780 332  613    +1665232    +41         -31     +5   17  48  147  +21   46   +3   46    3  10  0  0 L3E B5
E33 FF 61046 022600  780 179 1616       +7585    -15         -17    -26   19  44  260  +85   91  +36   91   36  12  0  0 L3E EB
E04 FF 61046 024200  780 417 2367     +339075    +80         -24    -28   19  49  122  -14   47  +16   47   16  11  0  0 L3E 01
E06 FF 61046 024200  780 164 2385    +2157547    +78          -9    +29   33  50  284  -86   65  -31   65  -31  19  0  0 L3E 26
E10 FF 61046 024200  780 630 2541    +7626441    +43         -27    +17   11  45   91   +1   37   -6   37   -6   6  0  0 L3E B8
E11 FF 61046 024200  780 466 2994   -34616531  -1758         -20     -3   15  50  111   -7   34   +0   34    0   9  0  0 L3E E6
E12 FF 61046 024200  780 563 2027     +168966    +32         -19    +13   11  50   97   +7   45   -4   45   -4   6  0  0 L3E B1
E19 FF 61046 024200  780 777  749   -26094479   -355         -23    -10   11  50   83   +2   43   +2   43    2   7  0  0 L3E D3
E27 FF 61046 024200  780 110  620    +8720842   +139         -22    +35   37  50  413 -103   57  -23   57  -23  25  0  0 L3E 21
E29 FF 61046 024200  780 280  627    +1665279    +50         -20    +15   16  49  171  +30   43   -6   43   -6   9  0  0 L3E D8
E33 FF 61046 024200  780 120 1631       +7587    +34         -25    +23   19  50  380 +180  100   -2  100   -2  13  0  0 L3E CF
E04 FF 61046 025800  780 472 2409     +339169   +102         -33     -6   17  49  110  -10   49   -3   49   -3  10  0  0 L3E E2
E06 FF 61046 025800  780 215 2420    +2157586    +74         -17    +25   23  51  220  -51   62   -7   62   -7  15  0  0 L3E F4
E10 FF 61046 025800  780 606 2416    +7626469    +19         -24     -7   13  45   93   +3   39   +5   39    5   8  0  0 L3E B9
E11 FF 61046 025800  780 499 2924   -34618209  -1748         -13     +7   15  51  106   -4   28   -7   28   -7   8  0  0 L3E 17
E12 FF 61046 025800  780 499 1993     +168991    +21         -12     +2   16  51  105  +10   44   +2   44    2  10  0  0 L3E BA
E19 FF 61046 025800  780 722  683   -26094794   -385          -8    -40   12  51   85   +3   31  +23   31   23   7  0  0 L3E EB
E27 FF 61046 025800  780 135  571    +8720941   +114         -24    +10   37  51  341  -54   51  -14   51  -14  22  0  0 L3E 0F
E29 FF 61046 025800  780 229  646    +1665320    +26         -13    -10   19  49  206  +44   41  +11   41   11  11  0  0 L3E ED
E04 FF 61046 031400  780 528 2454     +339277   +142         -30    +34   14  49  102   -8   42  -22   42  -22   9  0  0 L3E EE
E06 FF 61046 031400  780 265 2457    +2157642    +12          -7    -37   15  52  181  -33   53  +18   53   18  10  0  0 L3E F9
E10 FF 61046 031400  780 567 2317    +7626489    +23         -23     -2   11  53   97   +5   39   +4   39    4   6  0  0 L3E AE
E11 FF 61046 031400  780 520 2838   -34619884  -1767          -2    -12   13  52  103   -2   23  +16   23   16   7  0  0 L3E 0C
E12 FF 61046 031400  780 435 1971     +169013    +23          -9     +4   14  52  117  +14   46   +2   46    2   8  0  0 L3E 92
E19 FF 61046 031400  780 665  668   -26095139   -329         -23    +17   12  53   88   +4   38   -8   38   -8   7  0  0 L3E FD
E27 FF 61046 031400  780 153  520    +8721050    +86         -16    -18   27  53  303  -28   43   +5   43    5  18  0  0 L3E D5
E29 FF 61046 031400  780 180  669    +1665359    +62          -9    +27   21  53  259  +69   42  -11   42  -11  13  0  0 L3E 04
E36 FF 61046 031400  780 147 3248    +5049804    +87         -15    +33   22  53  316 -103   24  -20   24  -20  15  0  0 L3E 21
E04 FF 61046 033000  780 583 2504     +339389    +97         -20    -11   16  55   95   -6   40   +7   40    7   9  0  0 L3E AD
E06 FF 61046 033000  780 316 2496    +2157685    +45         -11     -4   19  52  154  -23   48  -14   48  -14  10  0  0 L3E 0B
E10 FF 61046 033000  780 517 2245    +7626520    +41         -17    +15   13  55  103   +8   41   -6   41   -6   7  0  0 L3E BF
E11 FF 61046 033000  780 526 2741   -34621577  -1745         -11    +10   15  52  102   +0   32   -8   32   -8   8  0  0 L3E F8
E12 FF 61046 033000  780 370 1957     +169032    +25          -8     +6   13  52  134  +21   51   +6   51    6   8  0  0 L3E 92
E19 FF 61046 033000  780 608  676   -26095474   -313         -27    +32   16  55   92   +5   44  -19   44  -19   9  0  0 L3E 15
E21 FF 61046 033000  780 144  986    +7130522     -5           1    -30   35  55  322  -98   82   -6   82   -6  23  0  0 L3E B6
E27 FF 61046 033000  780 163  467    +8721157    +87          -9    -17   22  55  285  -10   35  +11   35   11  12  0  0 L3E EB
E29 FF 61046 033000  780 131  695    +1665387    +70         -15    +34   23  55  348 +123   52  -18   52  -18  16  0  0 L3E 25
E36 FF 61046 033000  780 194 3229    +5049863    +73          -8    +19   18  55  242  -56   26  -16   26  -16  12  0  0 L3E 1D
E04 FF 61046 034600  780 638 2559     +339485   +123         -29    +15   18  56   90   -4   46  -10   46  -10  10  0  0 L3E 00
E06 FF 61046 034600  780 368 2536    +2157721    +82         -22    +33   17  52  135  -17   41  -32   41  -32  10  0  0 L3E 10
E09 FF 61046 034600  780 130 2532    +1617619   +175         -14    +22   28  56  355 -128   72  -15   72  -15  18  0  0 L3E 49
E10 FF 61046 034600  780 460 2193    +7626540    +43         -22    +17   13  55  112  +11   50   -7   50   -7   7  0  0 L3E D3
E11 FF 61046 034600  780 517 2642   -34623275  -1787         -24    -32   12  52  103   +2   42  +19   42   19   7  0  0 L3E 22
E12 FF 61046 034600  780 305 1948     +169061    +62           0    +43   13  56  158  +31   54  -16   54  -16   8  0  0 L3E D8
E19 FF 61046 034600  780 553  695   -26095813   -379         -34    -34   14  56   98   +7   49  +23   49   23   7  0  0 L3E 1D
E21 FF 61046 034600  780 186  943    +7130536    +53         -10    +28   31  55  251  -54   74  -19   74  -19  18  0  0 L3E 17
E27 FF 61046 034600  780 164  413    +8721250   +114         -15     +9   27  56  282   +5   37  -14   37  -14  16  0  0 L3E F9
E36 FF 61046 034600  780 238 3201    +5049909    +93         -14    +38   22  56  200  -34   29  -24   29  -24  13  0  0 L3E 21
E04 FF 61046 040200  780 693 2623     +339596    +87         -23    -21   15  58   86   -3   38   +7   38    7   8  0  0 L3E C0
E06 FF 61046 040200  780 419 2578    +2157774    +48         -11     -1   16  58  121  -13   34   +4   34    4   9  0  0 L3E C8
E09 FF 61046 040200  780 177 2570    +1617775   +145          -6     -7   39  58  264  -70   67   -8   67   -8  24  0  0 L3E 0D
E10 FF 61046 040200  780 400 2155    +7626569     +7         -18    -19   15  55  125  +16   50  +18   50   18   9  0  0 L3E EA
E11 FF 61046 040200  780 493 2551   -34624952  -1745         -16    +10   12  58  106   +5   42   -7   42   -7   7  0  0 L3E 0A
E12 FF 61046 040200  780 242 1940     +169072    +37          -8    +18   16  58  196  +49   68   -6   68   -6  10  0  0 L3E E5
E19 FF 61046 040200  780 499  721   -26096147   -340         -32     +6   12  58  105   +9   53   +5   53    5   7  0  0 L3E D2
E21 FF 61046 040200  780 225  896    +7130553     +7         -17    -18   21  55  210  -33   72   +5   72    5  14  0  0 L3E BD
E27 FF 61046 040200  780 157  362    +8721348   +109         -16     +5   20  58  294  +21   36   +1   36    1  13  0  0 L3E D0
E36 FF 61046 040200  780 277 3163    +5049965    +16          -6    -38   25  58  173  -22   25  +21   25   21  15  0  0 L3E 04
E04 FF 61046 041800  780 747 2705     +339702   +110         -22     +2   14  59   84   -2   36   +1   36    1   8  0  0 L3E 99
E06 FF 61046 041800  780 471 2622    +2157818    +31         -15    -18   13  59  110  -10   38  +10   38   10   7  0  0 L3E EF
E09 FF 61046 041800  780 225 2609    +1617909   +136         -18    -16   23  59  211  -44   51   -7   51   -7  15  0  0 L3E 16
E10 FF 61046 041800  780 339 2127    +7626597    +37         -14    +11   19  55  144  +24   55   +1   55    1  11  0  0 L3E E8
E11 FF 61046 041800  780 457 2473   -34626645  -1754         -26     +0   12  59  113   +8   46   -2   46   -2   8  0  0 L3E 06
E12 FF 61046 041800  780 180 1934     +169091    +61          -8    +42   22  58  258  +86   78  -11   78  -11  14  0  0 L3E 06
E19 FF 61046 041800  780 446  752   -26096472   -344         -26     +1   15  58  115  +11   54   +5   54    5   8  0  0 L3E E8
E21 FF 61046 041800  780 258  843    +7130579    +39         -15    +13   24  55  185  -21   62  -19   62  -19  15  0  0 L3E 19
E23 FF 61046 041800  780 116 1352     +210937    +32         -16    +20   32  59  395 -179   92  -12   92  -12  20  0  0 L3E 16
E27 FF 61046 041800  780 141  314    +8721438   +105         -25     +0   27  59  325  +44   40   -6   40   -6  17  0  0 L3E DF
E36 FF 61046 041800  780 310 3116    +5049996   +104         -26    +50   18  59  157  -14   37  -38   37  -38  11  0  0 L3E 40
E04 FF 61046 043400  780 799 2829     +339807   +122         -25    +14    9  61   82   -1   38   -9   38   -9   5  0  0 L3E CE
E06 FF 61046 043400  780 523 2666    +2157869    +60         -15    +11   14  61  102   -8   34  -10   34  -10   8  0  0 L3E EC
E09 FF 61046 043400  780 273 2648    +1618061   +173         -15    +20   20  61  176  -30   41  -15   41  -15  13  0  0 L3E 1C
E10 FF 61046 043400  780 277 2106    +7626614    +62         -22    +36   15  55  173  +36   70   -7   70   -7   9  0  0 L3E EB
E11 FF 61046 043400  780 412 2410   -34628324  -1720         -22    +35   15  61  122  +12   49  -13   49  -13   9  0  0 L3E 2D
E12 FF 61046 043400  780 120 1927     +169111    +39          -6    +20   24  58  380 +182   85   +1   85    1  16  0  0 L3E D0
E19 FF 61046 043400  780 394  785   -26096793   -344         -15     +1   15  58  127  +14   55   +9   55    9   9  0  0 L3E 03
E21 FF 61046 043400  780 284  785    +7130601    +21         -17     -5   25  55  169  -13   59   -7   59   -7  14  0  0 L3E E2
E23 FF 61046 043400  780 170 1326     +210941    +41         -25    +30   24  61  275  -87   96  -18   96  -18  14  0  0 L3E 0D
E27 FF 61046 043400  780 118  270    +8721551    +16         -13    -88   23  61  384  +84   32  +56   32   56  14  0  0 L3E 06
E36 FF 61046 043400  780 334 3059    +5050063    +59          -9     +5   17  61  147   -8   28   -4   28   -4  10  0  0 L3E C8
E04 FF 61046 045000  780 845 3105     +339915   +111         -21     +2   10  63   81   -1   37   +2   37    2   6  0  0 L3E 8A
E06 FF 61046 045000  780 576 2713    +2157911    +59         -20     +9   15  61   96   -6   35   -4   35   -4   9  0  0 L3E BE
E09 FF 61046 045000  780 322 2688    +1618197   +149         -25     -3   21  62  152  -21   48   +1   48    1  13  0  0 L3E EB
E10 FF 61046 045000  780 216 2088    +7626661    +60          -6    +34   17  63  218  +59   68  -14   68  -14  11  0  0 L3E 14
E11 FF 61046 045000  780 361 2360   -34630012  -1752         -27     +3   17  63  137  +18   60   +1   60    1  10  0  0 L3E EF
E19 FF 61046 045000  780 344  821   -26097129   -374         -20    -28   15  58  142  +19   64  +19   64   19   9  0  0 L3E 2B
E21 FF 61046 045000  780 302  723    +7130628    +17         -12     -8   18  63  160   -6   47   +0   47    0  11  0  0 L3E 9F
E23 FF 61046 045000  780 224 1296     +210949    +15         -28     +3   26  63  211  -50   97   -9   97   -9  16  0  0 L3E E1
E36 FF 61046 045000  780 348 2994    +5050119    +47          -7     -7   21  63  141   -3   28   +4   28    4  12  0  0 L3E B8
E04 FF 61046 050600  780 857  212     +340023    +86         -16    -23    9  64   81   +0   37  +16   37   16   6  0  0 L3E 9D
E06 FF 61046 050600  780 629 2761    +2157953    +21         -25    -28   15  61   91   -5   38  +22   38   22   9  0  0 L3E E6
E09 FF 61046 050600  780 371 2727    +1618352   +141         -16    -11   21  62  134  -16   43   +2   43    2  12  0  0 L3E E6
E10 FF 61046 050600  780 156 2072    +7626678    +44         -14    +18   18  64  296 +110   86   -1   86   -1  12  0  0 L3E 12
E11 FF 61046 050600  780 307 2319   -34631687  -1761         -18     -6   22  64  158  +27   61  +10   61   10  12  0  0 L3E 31
E19 FF 61046 050600  780 295  857   -26097463   -326         -21    +20   22  64  163  +25   68   -3   68   -3  14  0  0 L3E 20
E21 FF 61046 050600  780 309  659    +7130646    +18         -18     -7   23  64  157   -1   46   +6   46    6  14  0  0 L3E C1
E23 FF 61046 050600  780 278 1263     +210958    +30         -30    +18   18  64  173  -31   92  -19   92  -19  11  0  0 L3E 0D
E36 FF 61046 050600  780 351 2925    +5050156    +40         -23    -14   22  64  140   +1   40  +13   40   13  13  0  0 L3E D6
E04 FF 61046 052200  780 818  634     +340131   +108         -11     +0   11  66   82   +1   38   +5   38    5   6  0  0 L3E 7A
E06 FF 61046 052200  780 683 2813    +2158010    +53         -16     +4   13  61   87   -3   37   +2   37    2   7  0  0 L3E 99
E09 FF 61046 052200  780 422 2766    +1618500   +135         -15    -18   13  62  120  -12   39   +4   39    4   8  0  0 L3E E3
E11 FF 61046 052200  780 251 2286   -34633370  -1767         -16    -12   19  64  190  +41   69  +15   69   15  11  0  0 L3E 4F
E19 FF 61046 052200  780 246  895   -26097798   -355         -22    -10   18  66  192  +36   82   +6   82    6  10  0  0 L3E 21
E21 FF 61046 052200  780 307  596    +7130675    +35         -13    +10   23  64  158   +4   45   -2   45   -2  14  0  0 L3E C8
E23 FF 61046 052200  780 330 1223     +210975    -31         -24    -43   17  66  148  -21   88  +17   88   17  10  0  0 L3E F9
E34 FF 61046 052200  780 122 3353    +2279644     +7         -25    -16   25  66  375 -105   40   +4   40    4  13  0  0 L3E E3
E36 FF 61046 052200  780 343 2856    +5050223    +36          -7    -18   11  66  143   +5   36  +18   36   18   7  0  0 L3E DC
E04 FF 61046 055000  780 728  867     +340307    +86         -17    -22    9  69   85   +3   44  +12   44   12   5  0  0 L3E AD
E06 FF 61046 055000  780 778 2922    +2158089    +35         -22    -14   10  69   83   -2   34   +7   34    7   6  0  0 L3E C3
E09 FF 61046 055000  780 513 2832    +1618744   +187         -27    +34   16  69  104   -8   37  -26   37  -26   9  0  0 L3E 24
E11 FF 61046 055000  780 151 2239   -34636332  -1776         -32    -22   21  69  305 +112   97  +29   97   29  14  0  0 L3E 67
E19 FF 61046 055000  780 164  961   -26098373   -328         -18    +17   34  67  282  +79  107  +21  107   21  20  0  0 L3E 58
E21 FF 61046 055000  780 278  495    +7130715    +11         -15    -14   21  64  172  +14   43  +10   43   10  13  0  0 L3E E0
E23 FF 61046 055000  780 411 1131     +211001    +21         -17     +9   14  69  123  -11   70  -11   70  -11   9  0  0 L3E B5
E31 FF 61046 055000  780 160 1637    +1104020     +2         -17    -23   20  65  292 -106  101   +3  101    3  13  0  0 L3E D9
E34 FF 61046 055000  780 173 3280    +2279686    +11         -19    -12   23  69  269  -35   34   +6   34    6  14  0  0 L3E F9
E36 FF 61046 055000  780 303 2742    +5050311   +107         -12    +53   18  68  160  +15   45  -31   45  -31  11  0  0 L3E 12
E04 FF 61046 060600  780 674  942     +340410    +82         -18    -26   11  70   87   +4   49  +22   49   22   6  0  0 L3E B6
E06 FF 61046 060600  780 833 3031    +2158137    +81         -20    +32   10  70   81   -1   34  -18   34  -18   6  0  0 L3E D4
E09 FF 61046 060600  780 566 2867    +1618899   +141         -19    -12   12  70   97   -6   29   +7   29    7   8  0  0 L3E F3
E19 FF 61046 060600  780 118  999   -26098688   -293           0    +53   62  67  387 +147  146  +36  146   36  35  0  0 L3E 73
E21 FF 61046 060600  780 250  448    +7130747     -5          -8    -30   16  64  190  +23   43  +25   43   25  10  0  0 L3E CD
E23 FF 61046 060600  780 448 1063     +211013    +19         -17     +8   13  70  115   -7   66   -4   66   -4   7  0  0 L3E A7
E31 FF 61046 060600  780 219 1626    +1104037    +22         -24     -4   19  65  216  -58  105   -2  105   -2  12  0  0 L3E F3
E34 FF 61046 060600  780 192 3230    +2279699     -5         -27    -28   17  70  244  -18   41  +15   41   15  11  0  0 L3E 04
E36 FF 61046 060600  780 268 2685    +5050360    +41         -14    -13   21  68  178  +24   50   +0   50    0  12  0  0 L3E DA
E04 FF 61046 062200  780 620 1003     +340511    +98         -19    -10   12  71   91   +5   55  +16   55   16   7  0  0 L3E B2
E06 FF 61046 062200  780 881 3575    +2158189    +59         -13    +10   11  72   81   +0   31   -6   31   -6   6  0  0 L3E C0
E09 FF 61046 062200  780 621 2898    +1619046   +181         -18    +29   12  72   91   -5   28  -16   28  -16   7  0  0 L3E 0E
E21 FF 61046 062200  780 215  409    +7130773    +54          -1    +29   19  72  218  +37   43  -15   43  -15  12  0  0 L3E F0
E23 FF 61046 062200  780 476  984     +211031    +44          -8    +33   16  71  109   -4   60  -20   60  -20   9  0  0 L3E B3
E31 FF 61046 062200  780 280 1614    +1104062    -14         -21    -39   19  72  172  -36  107  +26  107   26  12  0  0 L3E 1E
E34 FF 61046 062200  780 202 3176    +2279704    +88         -43    +65   29  71  233   -6   50  -33   50  -33  18  0  0 L3E 11
E36 FF 61046 062200  780 228 2635    +5050404    +12         -22    -42   28  68  207  +38   57  +36   57   36  17  0  0 L3E 17
E04 FF 61046 063800  780 566 1057     +340612   +107         -23     -1   10  71   97   +6   69  +11   69   11   6  0  0 L3E C3
E05 FF 61046 063800  780 150 2885      -30373    -42          -6    -12   25  73  310  -98   42  +18   42   18  17  0  0 L3E DF
E06 FF 61046 063800  780 848  978    +2158245    +39          -4    -10    8  73   81   +1   32  +18   32   18   5  0  0 L3E B7
E09 FF 61046 063800  780 677 2924    +1619199   +158         -11     +5   10  73   87   -4   24   +1   24    1   6  0  0 L3E C5
E21 FF 61046 063800  780 175  378    +7130783    +18         -14     -7   23  73  265  +62   68  +27   68   27  14  0  0 L3E 07
E23 FF 61046 063800  780 491  897     +211037     +6         -13     -5   13  71  107   -1   63   +6   63    6   7  0  0 L3E 80
E31 FF 61046 063800  780 342 1600    +1104082    +41         -27    +15   14  73  144  -24  108  -12  108  -12   9  0  0 L3E 12
E34 FF 61046 063800  780 202 3120    +2279728    -22         -40    -45   26  73  232   +5   53  +26   53   26  15  0  0 L3E F9
E36 FF 61046 063800  780 183 2591    +5050466    +11         -13    -44   18  68  255  +64   61  +45   61   45  12  0  0 L3E 1A
E04 FF 61046 065400  780 512 1107     +340722   +107         -16     -1   10  71  104   +8   82  +17   82   17   5  0  0 L3E C0
E05 FF 61046 065400  780 198 2913      -30419    -19         -25    +11   23  75  237  -58   55   -1   55   -1  15  0  0 L3E DD
E06 FF 61046 065400  780 791 1117    +2158272    +86         -23    +37   14  75   82   +2   52  -12   52  -12   8  0  0 L3E E9
E09 FF 61046 065400  780 734 2937    +1619343   +147         -13     -5   10  75   84   -3   30  +12   30   12   5  0  0 L3E D5
E21 FF 61046 065400  780 132  355    +7130789    +17         -31     -7   20  75  348 +117  102  +48  102   48  14  0  0 L3E 1F
E23 FF 61046 065400  780 492  807     +211053    +14          -9     +2   12  71  107   +1   67   +8   67    8   7  0  0 L3E 7C
E31 FF 61046 065400  780 404 1581    +1104115    +41         -19    +16   16  75  125  -17   97  -11   97  -11  10  0  0 L3E 0F
E34 FF 61046 065400  780 193 3063    +2279766    +44         -24    +21   28  75  242  +16   52   -8   52   -8  16  0  0 L3E 09
E36 FF 61046 065400  780 135 2553    +5050532    +85          -1    +31   26  75  340 +121   75   -9   75   -9  17  0  0 L3E FF
E04 FF 61046 071000  780 457 1152     +340833    +85         -13    -24   12  77  113  +11   99  +47   99   47   7  0  0 L3E F5
E05 FF 61046 071000  780 248 2938      -30432    -18         -11    +11   19  77  192  -38   44   +5   44    5  12  0  0 L3E C5
E06 FF 61046 071000  780 733 1186    +2158322    +44         -21     -5   10  77   84   +3   61  +18   61   18   5  0  0 L3E C0
E09 FF 61046 071000  780 792 2920    +1619488   +124         -13    -28    9  77   82   -2   38  +28   38   28   5  0  0 L3E F9
E23 FF 61046 071000  780 479  722     +211052     -9         -20    -21   15  77  109   +3   85  +25   85   25   9  0  0 L3E B4
E31 FF 61046 071000  780 466 1555    +1104135    +22         -23     -3   17  77  111  -12  101   +2  101    2  10  0  0 L3E C9
E34 FF 61046 071000  780 175 3008    +2279808    +59          -4    +36   20  77  265  +32   43  -16   43  -16  13  0  0 L3E 10
E04 FF 61046 072600  780 403 1195     +340940   +110         -10     +2   13  78  125  +14  130  +28  130   28   8  0  0 L3E F0
E05 FF 61046 072600  780 299 2959      -30462    -68         -12    -38   34  78  162  -26   52  +41   52   41  21  0  0 L3E FF
E06 FF 61046 072600  780 674 1238    +2158374    +41         -15     -8    7  77   87   +4   77  +29   77   29   4  0  0 L3E DE
E09 FF 61046 072600  780 847 2775    +1619629   +164         -18    +12    7  77   81   -1   54   +8   54    8   4  0  0 L3E D9
E23 FF 61046 072600  780 454  650     +211071    +40         -12    +28   10  78  113   +6   89   -8   89   -8   7  0  0 L3E B5
E31 FF 61046 072600  780 526 1517    +1104169    +14         -13    -11   13  78  102   -8  100  +12  100   12   8  0  0 L3E EA
E34 FF 61046 072600  780 150 2956    +2279816    +27         -18     +5   27  78  307  +58   62   +0   62    0  16  0  0 L3E EB
E04 FF 61046 074200  780 349 1234     +341046   +134         -12    +25   16  80  141  +20  162  +23  162   23  10  0  0 L3E 0C
E05 FF 61046 074200  780 351 2975      -30481    -12          -5    +17   18  80  140  -19   61   +0   61    0  11  0  0 L3E A1
E06 FF 61046 074200  780 615 1282    +2158420    +41         -17     -9   15  77   92   +5   95  +18   95   18   9  0  0 L3E DE
E09 FF 61046 074200  780 865 1939    +1619791   +190          -2    +37   12  77   81   +0   61   -3   61   -3   6  0  0 L3E D3
E15 FF 61046 074200  780 105 3397    +2264028    +50         -22    +23   26  80  431  -23   56   +8   56    8  18  0  0 L3E EC
E23 FF 61046 074200  780 419  592     +211087    +16          -9     +4   12  80  121   +9  101  +11  101   11   7  0  0 L3E A7
E31 FF 61046 074200  780 581 1460    +1104186    +33         -20     +8   12  80   95   -6  104   -6  104   -6   7  0  0 L3E C5
E34 FF 61046 074200  780 118 2908    +2279845    +70         -13    +47   22  80  386 +111   67   -9   67   -9  15  0  0 L3E 26
E04 FF 61046 075800  780 294 1271     +341157   +132          -5    +24   19  81  164  +28  193  +18  193   18  10  0  0 L3E 26
E05 FF 61046 075800  780 404 2985      -30520     -3         -16    +26   17  81  125  -14   84   +2   84    2  11  0  0 L3E B0
E06 FF 61046 075800  780 555 1322    +2158482     +3          -7    -46   13  81   98   +7  105  +52  105   52   7  0  0 L3E E4
E09 FF 61046 075800  780 814 1587    +1619928   +114         -12    -39   16  77   82   +1   84  +36   84   36   9  0  0 L3E 16
E15 FF 61046 075800  780 106 3347    +2264051   +158         -27   +131   39  81  426  +11   79  -57   79  -57  25  0  0 L3E 5C
E23 FF 61046 075800  780 378  549     +211084     +9         -24     -3   15  81  132  +14  134  +38  134   38   9  0  0 L3E E3
E31 FF 61046 075800  780 630 1375    +1104215    +36         -15    +10   11  81   91   -4  108   +1  108    1   6  0  0 L3E BD
E04 FF 61046 081400  780 240 1305     +341237   +111         -31     +3   18  82  197  +43  244  +41  244   41  11  0  0 L3E 02
E05 FF 61046 081400  780 458 2986      -30552    -39         -20    -10   14  83  113  -11   94   +9   94    9   8  0  0 L3E C6
E06 FF 61046 081400  780 496 1358    +2158524    +39         -14    -10   15  83  106  +10  136  +32  136   32   8  0  0 L3E 1E
E09 FF 61046 081400  780 753 1535    +1620089   +122          -3    -31   10  83   84   +2   88  +35   88   35   6  0  0 L3E E4
E23 FF 61046 081400  780 331  520     +211112    +57          -7    +45   21  81  147  +19  148   +2  148    2  13  0  0 L3E C1
E31 FF 61046 081400  780 666 1253    +1104233    +13         -21    -12   15  83   88   -2  118  +12  118   12   9  0  0 L3E E9
E04 FF 61046 083000  780 187 1337     +341355   +107         -17     -1   22  82  250  +70  282  +66  282   66  14  0  0 L3E 1F
E05 FF 61046 083000  780 512 2974      -30594    -42         -35    -13   13  85  104   -8  108  +11  108   11   8  0  0 L3E E2
E06 FF 61046 083000  780 436 1391    +2158553     +9         -33    -40   16  85  117  +13  177  +70  177   70   9  0  0 L3E 1D
E09 FF 61046 083000  780 690 1532    +1620223   +154         -17     +1   12  85   87   +4  110  +11  110   11   6  0  0 L3E DB
E23 FF 61046 083000  780 282  502     +211116    +34         -13    +22   15  81  170  +28  178  +15  178   15   9  0  0 L3E ED
E31 FF 61046 083000  780 683 1099    +1104262    +47         -16    +21   12  85   87   +0  118  -15  118  -15   6  0  0 L3E 05
E04 FF 61046 084600  780 133 1366     +341446   +132         -31    +23   37  82  344 +134  367 +107  367  107  21  0  0 L3E 65
E05 FF 61046 084600  780 565 2945      -30621     -8         -34    +21   14  86   97   -6  110  -13  110  -13   8  0  0 L3E D4
E06 FF 61046 084600  780 377 1422    +2158632    +73          -2    +23   16  86  132  +18  196  +11  196   11  10  0  0 L3E 20
E09 FF 61046 084600  780 626 1543    +1620383   +149          -4     -3    9  86   91   +5  111  +14  111   14   5  0  0 L3E D8
E23 FF 61046 084600  780 232  493     +211138    -34          -3    -46   17  81  204  +43  201  +67  201   67  12  0  0 L3E F0
E31 FF 61046 084600  780 677  939    +1104297    +42          -5    +17   12  86   87   +1  111   -3  111   -3   7  0  0 L3E C6
E03 FF 61046 090200  780 123 3105      -80082    +58         -12    +35   21  88  374 -152  146   -2  146   -2  13  0  0 L3E FA
E05 FF 61046 090200  780 613 2891      -30636    -47         -22    -18   14  88   92   -4  102  +10  102   10   8  0  0 L3E CD
E06 FF 61046 090200  780 318 1450    +2158655    +72         -26    +22   15  87  153  +26  232  +12  232   12   9  0  0 L3E 18
E09 FF 61046 090200  780 561 1559    +1620526   +124          -8    -29    9  88   97   +8  132  +39  132   39   5  0  0 L3E 09
E23 FF 61046 090200  780 181  492     +211143     +9          -7     -2   18  88  257  +71  241  +41  241   41  11  0  0 L3E CB
E31 FF 61046 090200  780 651  807    +1104302    -16         -24    -42   12  86   89   +3  127  +26  127   26   7  0  0 L3E E5
E03 FF 61046 091800  780 174 3111      -80064    +48         -16    +25   29  89  269  -78  170   -4  170   -4  16  0  0 L3E 0A
E05 FF 61046 091800  780 654 2801      -30658    -23         -17     +6   11  89   89   -3  105   +2  105    2   7  0  0 L3E A7
E06 FF 61046 091800  780 259 1475    +2158709    +44         -22     -6   19  89  184  +39  254  +39  254   39  12  0  0 L3E 4B
E09 FF 61046 091800  780 497 1577    +1620674   +121          -8    -32   11  89  106  +10  151  +29  151   29   7  0  0 L3E 2F
E23 FF 61046 091800  780 130  498     +211147   +109         -14    +97   26  89  351 +133  294  -21  294  -21  18  0  0 L3E 4D
E31 FF 61046 091800  780 611  717    +1104335    +56         -15    +31   13  89   92   +4  126   -8  126   -8   8  0  0 L3E D9
E03 FF 61046 093400  780 225 3111      -80041    +56         -16    +33   26  91  210  -47  176  -23  176  -23  17  0  0 L3E 11
E05 FF 61046 093400  780 681 2668      -30690     +2         -22    +31   14  91   87   -1  113  -14  113  -14   8  0  0 L3E CD
E06 FF 61046 093400  780 202 1498    +2158766     +3         -15    -46   17  91  232  +64  296  +84  296   84  11  0  0 L3E 40
E09 FF 61046 093400  780 433 1595    +1620820   +164         -13    +11   13  91  118  +14  167  +20  167   20   7  0  0 L3E 28
E25 FF 61046 093400  780 134 2231     -217932    +24         -30    +24   30  90  346 -136  333  -55  333  -55  22  0  0 L3E 37
E31 FF 61046 093400  780 563  662    +1104356    +63         -19    +37   15  91   97   +6  137   -5  137   -5   9  0  0 L3E E8
E03 FF 61046 095000  780 276 3104      -80008    +45          -5    +23   17  93  174  -30  166  -19  166  -19  10  0  0 L3E 09
E05 FF 61046 095000  780 688 2504      -30712    -17         -16    +12   15  93   87   +0  117   +2  117    2   9  0  0 L3E B0
E06 FF 61046 095000  780 145 1518    +2158798    +91         -31    +42   16  93  318 +121  378  +78  378   78  10  0  0 L3E 68
E09 FF 61046 095000  780 369 1613    +1620966   +176         -17    +22   14  93  134  +20  191   +4  191    4   8  0  0 L3E 16
E25 FF 61046 095000  780 187 2259     -217926    -23         -23    -23   22  90  251  -71  291  -56  291  -56  14  0  0 L3E 41
E31 FF 61046 095000  780 511  632    +1104378    +44         -22    +19   15  93  104   +8  151   -9  151   -9   9  0  0 L3E E2
E03 FF 61046 100600  780 325 3087      -79997    +20         -16     -3   19  94  150  -21  167  -12  167  -12  12  0  0 L3E 0E
E05 FF 61046 100600  780 671 2345      -30735    -66         -13    -38   12  94   88   +2  121  +34  121   34   7  0  0 L3E D3
E09 FF 61046 100600  780 307 1629    +1621124   +131          -6    -22   16  93  158  +30  199  +33  199   33  10  0  0 L3E 2E
E25 FF 61046 100600  780 241 2290     -217917    +30         -14    +31   21  90  197  -43  230  -63  230  -63  12  0  0 L3E 18
E31 FF 61046 100600  780 457  619    +1104410    +45         -15    +20   13  94  113  +11  157   -4  157   -4   7  0  0 L3E E0
E03 FF 61046 102200  780 372 3059      -79983     +5         -26    -18   20  96  134  -14  163   +5  163    5  11  0  0 L3E DC
E05 FF 61046 102200  780 635 2221      -30764    -33         -17     -4   12  96   90   +4  132   +7  132    7   7  0  0 L3E 94
E09 FF 61046 102200  780 246 1643    +1621272   +175          -4    +22   14  93  193  +46  227  +28  227   28   8  0  0 L3E 25
E25 FF 61046 102200  780 295 2324     -217908     +3          -8     +3   29  96  164  -28  212   -7  212   -7  17  0  0 L3E DB
E26 FF 61046 102200  780 102  268    -1833803   -132         -15    -22   27  96  443  -21  297   -4  297   -4  19  0  0 L3E 26
E31 FF 61046 102200  780 404  619    +1104429     +5         -22    -21   18  96  124  +14  163  +16  163   16  10  0  0 L3E F4
E03 FF 61046 103800  780 414 3018      -79957     +8         -23    -14   17  97  122  -10  160   +5  160    5  11  0  0 L3E D2
E05 FF 61046 103800  780 586 2136      -30784    -13         -10    +16   16  96   95   +6  137   -2  137   -2   9  0  0 L3E CB
E09 FF 61046 103800  780 185 1656    +1621414   +187         -10    +33   22  93  252  +79  280  +42  280   42  15  0  0 L3E 47
E25 FF 61046 103800  780 350 2360     -217924     +3         -25     +3   12  97  141  -20  206  -18  206  -18   7  0  0 L3E EC
E26 FF 61046 103800  780 102  218    -1833917   -135         -22    -25   27  97  440  +14  307  +19  307   19  17  0  0 L3E 3B
E31 FF 61046 103800  780 351  628    +1104450    +13         -27    -12   17  97  140  +19  177  +34  177   34  10  0  0 L3E 17
E33 FF 61046 103800  780 111  693       +7898    +20         -17     +9   35  97  411 -129  350  -81  350  -81  22  0  0 L3E 04
E03 FF 61046 105400  780 450 2961      -79931    +23         -19     +0   14  99  114   -7  155   -6  155   -6   7  0  0 L3E CD
E05 FF 61046 105400  780 530 2079      -30813    -21         -12     +8   13  96  101   +8  146   +2  146    2   8  0  0 L3E A2
E09 FF 61046 105400  780 127 1666    +1621570   +142          -2    -11   19  93  362 +162  335  +76  335   76  13  0  0 L3E 4A
E25 FF 61046 105400  780 404 2399     -217919    -12         -17    -12   12  99  125  -15  179  -18  179  -18   8  0  0 L3E 3A
E31 FF 61046 105400  780 298  643    +1104487    +51         -13    +25   17  99  162  +26  192  +18  192   18  10  0  0 L3E 27
E33 FF 61046 105400  780 144  646       +7918     +0          -9    -11   29  98  321  -66  299  -57  299  -57  16  0  0 L3E FE
E03 FF 61046 111000  780 476 2890      -79895    +31          -4     +8   13 101  109   -4  144   -6  144   -6   8  0  0 L3E C6
E05 FF 61046 111000  780 469 2041      -30843    -39         -14    -10   12  96  110  +11  158  +25  158   25   9  0  0 L3E EE
E25 FF 61046 111000  780 459 2441     -217924     -1         -19     -1   17 101  113  -11  166  -14  166  -14  11  0  0 L3E 03
E31 FF 61046 111000  780 247  663    +1104518    +10          -7    -16   17 101  192  +37  220  +47  220   47  11  0  0 L3E 01
E33 FF 61046 111000  780 170  594       +7925    +47         -12    +36   31  98  273  -36  282  -23  282  -23  19  0  0 L3E 01
E03 FF 61046 112600  780 491 2807      -79896     +1         -28    -22   17 102  107   -1  161  +17  161   17  10  0  0 L3E F6
E05 FF 61046 112600  780 407 2015      -30862     -9          -9    +20   12 102  123  +16  168   +1  168    1   7  0  0 L3E B0
E08 FF 61046 112600  780 132 3251     +685320    +75         -20     +7   25  99  351 -122  283  -11  283  -11  17  0  0 L3E 27
E25 FF 61046 112600  780 513 2485     -217919     -7         -12     -7   15 102  103   -8  153   -6  153   -6   8  0  0 L3E D6
E31 FF 61046 112600  780 198  688    +1104532    +48         -17    +22   19 102  236  +57  275  +34  275   34  12  0  0 L3E 38
E33 FF 61046 112600  780 189  540       +7946     +3          -2     -8   16  98  247  -19  273   -5  273   -5  11  0  0 L3E B1
E03 FF 61046 114200  780 491 2717      -79868     +3         -23    -20   13 104  107   +1  162  +16  162   16   8  0  0 L3E E1
E05 FF 61046 114200  780 345 1997      -30899     -6         -19    +22   12 104  142  +23  195  +17  195   17   7  0  0 L3E 0A
E08 FF 61046 114200  780 176 3230     +685393    +33         -12    -35   14  99  265  -64  269   +2  269    2   9  0  0 L3E 03
E12 FF 61046 114200  780 166 1031     +169568     -4         -33    -23   22 104  281  -80  305   -6  305   -6  13  0  0 L3E F9
E25 FF 61046 114200  780 568 2533     -217926    -19         -17    -18   15 104   97   -6  148   +8  148    8   8  0  0 L3E F9
E31 FF 61046 114200  780 150  715    +1104557     +8         -16    -17   21 104  308  +96  312  +45  312   45  13  0  0 L3E 0C
E33 FF 61046 114200  780 199  484       +7944     -2          -9    -13   29 104  235   -7  274   -3  274   -3  19  0  0 L3E C1
E03 FF 61046 115800  780 478 2629      -79832    +39          -9    +16   16 105  109   +4  164   +1  164    1   9  0  0 L3E D8
E05 FF 61046 115800  780 283 1983      -30927     +8         -20    +36   15 104  170  +35  227  +13  227   13   8  0  0 L3E FA
E08 FF 61046 115800  780 217 3200     +685462    +31          -8    -37   23  99  217  -38  254  +12  254   12  14  0  0 L3E 15
E10 FF 61046 115800  780 135 1216    +7627340    -42          -2    -68   37 105  342 -134  307  -15  307  -15  24  0  0 L3E 4B
E12 FF 61046 115800  780 212  989     +169587     +2         -32    -17   20 105  222  -46  291   +2  291    2  12  0  0 L3E E8
E25 FF 61046 115800  780 623 2586     -217926    -13         -15    -13   15 105   91   -5  145   +5  145    5   9  0  0 L3E E2
E33 FF 61046 115800  780 200  427       +7947    +14         -17     +4   22 105  234   +4  273  -51  273  -51  15  0  0 L3E D9
E02 FF 61046 121400  780 142 2592      -83105    +20         -14    +48   23 107  327 -107  311  -45  311  -45  14  0  0 L3E 25
E03 FF 61046 121400  780 451 2549      -79817     +0         -18    -23   18 107  114   +6  182  +36  182   36  11  0  0 L3E FB
E05 FF 61046 121400  780 221 1972      -30962    -15         -28    +13   16 104  213  +56  263  +24  263   24  10  0  0 L3E 0A
E08 FF 61046 121400  780 253 3161     +685527    +60         -10     -7   15 107  188  -24  235  -10  235  -10   9  0  0 L3E 14
E10 FF 61046 121400  780 189 1184    +7627351    +36         -17    +10   26 107  249  -69  311  -20  311  -20  17  0  0 L3E 48
E12 FF 61046 121400  780 255  941     +169610    +25         -28     +6   19 106  187  -29  266   -2  266   -2  13  0  0 L3E FD
E25 FF 61046 121400  780 677 2645     -217932     -6         -20     -5   17 107   87   -4  151   +3  151    3   9  0  0 L3E BA
E33 FF 61046 121400  780 191  373       +7943    +28         -30    +18   25 107  244  +16  272   +9  272    9  16  0  0 L3E DB
E02 FF 61046 123000  780 189 2629      -83131    -35         -12     -7   24 109  249  -62  290   -1  290   -1  14  0  0 L3E F3
E03 FF 61046 123000  780 415 2480      -79790    +49         -14    +25   16 108  122  +10  199   +3  199    3   9  0  0 L3E F0
E05 FF 61046 123000  780 162 1961      -30984    -54         -24    -26   24 104  286 +102  292  +54  292   54  16  0  0 L3E 34
E08 FF 61046 123000  780 282 3114     +685595    +49         -11    -19   20 109  170  -15  222   +5  222    5  12  0  0 L3E 02
E10 FF 61046 123000  780 241 1148    +7627377    +39         -14    +13   22 109  198  -41  280  -25  280  -25  12  0  0 L3E 4C
E12 FF 61046 123000  780 292  887     +169620    +53         -36    +34   25 106  165  -18  249  -64  249  -64  16  0  0 L3E 43
E25 FF 61046 123000  780 731 2717     -217927    -13         -13    -13   13 109   84   -3  147   +4  147    4   8  0  0 L3E D7
E33 FF 61046 123000  780 174  322       +7970    -16         -13    -26   22 109  267  +32  259  +15  259   15  14  0  0 L3E F9
E02 FF 61046 124600  780 236 2666      -83152    -10          -5    +19   28 110  201  -40  267  -40  267  -40  17  0  0 L3E 10
E03 FF 61046 124600  780 371 2422      -79765    +60         -11    +36   18 110  134  +15  215   -1  215   -1  11  0  0 L3E EF
E05 FF 61046 124600  780 104 1951      -31019     -6         -32    +22   26 110  435 +229  333  +25  333   25  18  0  0 L3E 0D
E08 FF 61046 124600  780 303 3058     +685654    +55         -19    -13   23 110  160   -8  218   -7  218   -7  14  0  0 L3E 10
E10 FF 61046 124600  780 291 1105    +7627398    -18         -18    -44   16 110  166  -26  252  -19  252  -19  11  0  0 L3E 59
E11 FF 61046 124600  780 174 1375   -34680091  -1742         -24    +11   34 110  269  -88  348  -30  348  -30  21  0  0 L3E 8F
E12 FF 61046 124600  780 322  827     +169652    -10         -21    -29   20 110  151  -11  215   +5  215    5  12  0  0 L3E DD
E25 FF 61046 124600  780 784 2818     -217937     +6         -22     +6   12 109   83   -2  146  -15  146  -15   7  0  0 L3E F6
E33 FF 61046 124600  780 149  277       +7952    +62         -39    +51   29 110  310  +59  263  -25  263  -25  18  0  0 L3E 16
E02 FF 61046 130200  780 284 2704      -83192     -8         -18    +20   16 112  169  -28  242  -49  242  -49  10  0  0 L3E 1B
E03 FF 61046 130200  780 322 2375      -79753     +4         -21    -19   16 112  151  +22  247  +35  247   35  10  0  0 L3E FF
E08 FF 61046 130200  780 315 2997     +685729    +72         -10     +4   18 112  154   -3  204  -17  204  -17  11  0  0 L3E 17
E10 FF 61046 130200  780 337 1055    +7627415     +0         -26    -26   15 110  146  -17  217  -15  217  -15  10  0  0 L3E 27
E11 FF 61046 130200  780 231 1350   -34681767  -1771         -15    -18   20 112  205  -50  300  -31  300  -31  11  0  0 L3E 62
E12 FF 61046 130200  780 343  760     +169662    +72         -28    +54   24 112  143   -6  202  -69  202  -69  15  0  0 L3E 18
E25 FF 61046 130200  780 834 3009     -217929    +22         -14    +22   10 109   81   -1  131  -26  131  -26   6  0  0 L3E F4
E33 FF 61046 130200  780 116  239       +7961    +25         -38    +15   21 112  391 +115  254  -41  254  -41  13  0  0 L3E 08
E02 FF 61046 131800  780 333 2741      -83215    +21         -12    +49   19 113  147  -20  201  -67  201  -67  12  0  0 L3E 18
E03 FF 61046 131800  780 270 2336      -79719    +60         -10    +37   28 113  177  +33  267   +5  267    5  16  0  0 L3E 07
E08 FF 61046 131800  780 315 2932     +685784   +134         -20    +66   20 113  154   +2  202  -52  202  -52  12  0  0 L3E 2E
E10 FF 61046 131800  780 377  996    +7627442    +27         -23     +1   17 110  132  -11  184  -38  184  -38  10  0  0 L3E 33
E11 FF 61046 131800  780 289 1320   -34683452  -1768         -16    -14   17 113  167  -31  248  -27  248  -27  10  0  0 L3E 9B
E12 FF 61046 131800  780 353  690     +169686    +59         -22    +40   20 113  140   -2  173  -44  173  -44  12  0  0 L3E 15
E25 FF 61046 131800  780 864   12     -217924     +7          -7     +8   14 109   81   +0  116  -16  116  -16   8  0  0 L3E B0
E02 FF 61046 133400  780 383 2777      -83247    -35         -17     -6   17 115  130  -15  171  -29  171  -29  10  0  0 L3E 22
E03 FF 61046 133400  780 216 2303      -79698     -9         -11    -33   19 115  218  +53  302  +71  302   71  12  0  0 L3E 07
E07 FF 61046 133400  780 102 3357     +372206   +103         -20    +80   30 112  445 -134  272  -61  272  -61  18  0  0 L3E 4C
E08 FF 61046 133400  780 306 2867     +685859   +114         -13    +46   14 115  158   +7  188  -25  188  -25   9  0  0 L3E 52
E10 FF 61046 133400  780 409  927    +7627464    +22         -24     -3   18 115  123   -7  158  -24  158  -24  11  0  0 L3E 1F
E11 FF 61046 133400  780 345 1284   -34685137  -1726         -18    +27   16 115  143  -21  196  -49  196  -49  10  0  0 L3E A1
E12 FF 61046 133400  780 351  621     +169699    +21         -27     +3   24 114  140   +3  154  -24  154  -24  14  0  0 L3E F8
E25 FF 61046 133400  780 835  631     -217919    +13          -2    +14    8 109   81   +1  104  -13  104  -13   5  0  0 L3E C1
E02 FF 61046 135000  780 435 2811      -83268    -14         -10    +15   15 116  117  -12  137  -35  137  -35   9  0  0 L3E 11
E03 FF 61046 135000  780 162 2274      -79670    +57          -7    +33   20 117  286  +94  337  +21  337   21  13  0  0 L3E 11
E07 FF 61046 135000  780 130 3317     +372229    +38         -22    +15   24 117  352  -67  245  -34  245  -34  15  0  0 L3E 3A
E08 FF 61046 135000  780 286 2805     +685921    +96         -18    +28   15 117  168  +13  189  -10  189  -10   9  0  0 L3E 4A
E10 FF 61046 135000  780 430  850    +7627491    +54         -22    +28   12 117  118   -4  135  -29  135  -29   7  0  0 L3E 1C
E11 FF 61046 135000  780 399 1239   -34686819  -1791         -16    -38   18 116  126  -14  161  -13  161  -13  11  0  0 L3E 99
E12 FF 61046 135000  780 339  555     +169727    +23         -11     +5   17 117  145   +7  132   -7  132   -7  10  0  0 L3E DB
E25 FF 61046 135000  780 785  827     -217936    +15         -17    +15    9 117   82   +2  105  -17  105  -17   5  0  0 L3E EE
E36 FF 61046 135000  780 110 1681    +5051883     +7         -10    -47   42 117  417 -220  420  -42  420  -42  26  0  0 L3E 40
E02 FF 61046 140600  780 487 2843      -83297     +3         -11    +31   10 116  108   -9  120  -40  120  -40   6  0  0 L3E E2
E03 FF 61046 140600  780 108 2248      -79670    +22         -28     -1   26 118  421 +201  403  +59  403   59  16  0  0 L3E 1D
E07 FF 61046 140600  780 152 3272     +372256    +55         -16    +32   25 118  305  -35  220  -34  220  -34  15  0  0 L3E 2E
E08 FF 61046 140600  780 258 2747     +685992     +9         -13    -60   21 118  184  +22  193  +41  193   41  14  0  0 L3E 32
E10 FF 61046 140600  780 439  768    +7627523     +6         -14    -20   19 118  116   +0  120   -7  120   -7  11  0  0 L3E EA
E11 FF 61046 140600  780 448 1182   -34688497  -1746         -11     +7   12 116  115  -10  136  -27  136  -27   8  0  0 L3E 74
E12 FF 61046 140600  780 316  497     +169735    -30         -19    -48   21 118  154  +12  135  +25  135   25  12  0  0 L3E 1E
E25 FF 61046 140600  780 731  928     -217934    -11         -14    -11   11 118   84   +2   95   -2   95   -2   6  0  0 L3E B1
E36 FF 61046 140600  780 170 1674    +5051917    +77         -27    +23   18 118  275  -98  294 -136  294 -136  11  0  0 L3E 96
E02 FF 61046 142200  780 541 2872      -83329    -27         -15     +2   15 116  100   -7  100  -16  100  -16   9  0  0 L3E DF
E07 FF 61046 142200  780 165 3222     +372275    +26         -22     +3   18 120  281  -16  207  -19  207  -19  11  0  0 L3E 1E
E08 FF 61046 142200  780 224 2695     +686073    +59           0    -10   19 120  211  +34  190  +10  190   10  12  0  0 L3E FB
E10 FF 61046 142200  780 434  688    +7627552     +0          -9    -26   13 120  117   +2  108  +17  108   17   8  0  0 L3E E5
E11 FF 61046 142200  780 490 1111   -34690186  -1760         -17     -7   16 116  107   -6  118   -6  118   -6  10  0  0 L3E 3C
E12 FF 61046 142200  780 284  448     +169749    +70         -23    +52   16 120  169  +20  139  -24  139  -24  10  0  0 L3E 2C
E25 FF 61046 142200  780 677 1000     -217935    -35         -14    -34   12 120   87   +4   92  +23   92   23   7  0  0 L3E D3
E36 FF 61046 142200  780 232 1668    +5051987    +35          -9    -19   21 120  205  -54  202  -77  202  -77  13  0  0 L3E 46
E02 FF 61046 143800  780 595 2895      -83356    -18         -15    +11   10 116   94   -6   88  -13   88  -13   6  0  0 L3E EF
E07 FF 61046 143800  780 170 3170     +372298    -11         -20    -34   36 121  273   -1  196  +18  196   18  22  0  0 L3E 23
E08 FF 61046 143800  780 183 2649     +686131    +79          -8    +11   23 121  254  +57  209   +7  209    7  15  0  0 L3E 0F
E10 FF 61046 143800  780 417  614    +7627569    +38         -18    +12   12 121  121   +6  111   -4  111   -4   6  0  0 L3E E6
E11 FF 61046 143800  780 521 1024   -34691873  -1735         -21    +18   14 116  102   -4  113  -18  113  -18   8  0  0 L3E 5C
E12 FF 61046 143800  780 246  409     +169751     +2         -39    -16   21 121  193  +31  154  +13  154   13  13  0  0 L3E 01
E25 FF 61046 143800  780 622 1059     -217940    -13         -18    -12   15 121   91   +5   93  +12   93   12   9  0  0 L3E D6
E36 FF 61046 143800  780 296 1662    +5052024    +50         -23     -4   15 121  164  -34  167  -28  167  -28  11  0  0 L3E 43
E02 FF 61046 145400  780 651 2909      -83381    -43         -11    -14   11 123   89   -4   82   +2   82    2   6  0  0 L3E A1
E07 FF 61046 145400  780 166 3116     +372325    +46         -14    +23   25 122  279  +13  189  -11  189  -11  15  0  0 L3E 3F
E08 FF 61046 145400  780 140 2607     +686193    +23         -15    -46   27 123  329 +104  228  +53  228   53  16  0  0 L3E 4C
E10 FF 61046 145400  780 389  551    +7627584    +22         -27     -4   18 122  128   +9  115   -3  115   -3  10  0  0 L3E F7
E11 FF 61046 145400  780 538  925   -34693534  -1749           1     +5   13 123  100   -1   96   -6   96   -6   8  0  0 L3E EF
E12 FF 61046 145400  780 203  380     +169768     -7         -42    -26   28 123  231  +50  151  +15  151   15  17  0  0 L3E 05
E25 FF 61046 145400  780 567 1110     -217945     +7         -22     +7   11 122   97   +6  100   -5  100   -5   6  0  0 L3E B1
E30 FF 61046 145400  780 126 2908    +5980591   +408          -5     +1   23 123  367 -138  223  -68  223  -68  16  0  0 L3E 66
E36 FF 61046 145400  780 360 1654    +5052081    +69         -15    +15   21 123  137  -22  133  -29  133  -29  10  0  0 L3E 47
E02 FF 61046 151000  780 708 2906      -83412    -26         -11     +3   11 125   86   -3   80   -2   80   -2   6  0  0 L3E 8B
E07 FF 61046 151000  780 154 3063     +372355     +6          -5    -16   27 122  300  +31  182  +13  182   13  16  0  0 L3E F4
E10 FF 61046 151000  780 352  501    +7627620    +25         -16     +0   16 122  140  +14  109   -3  109   -3  10  0  0 L3E DD
E11 FF 61046 151000  780 539  821   -34695215  -1751           4     +2   11 125  100   +1   92   -9   92   -9   6  0  0 L3E D5
E12 FF 61046 151000  780 156  359     +169793     +5         -36    -13   23 125  296  +89  143  -10  143  -10  14  0  0 L3E 1C
E25 FF 61046 151000  780 512 1157     -217942     +0         -18     +1   12 122  104   +8  105   +6  105    6   7  0  0 L3E A6
E30 FF 61046 151000  780 174 2934    +5980970   +392         -17    -15   25 125  269  -75  185  -28  185  -28  16  0  0 L3E 89
E36 FF 61046 151000  780 426 1642    +5052125    +38         -23    -15   17 123  120  -15  126   -1  126   -1  11  0  0 L3E 0C
E02 FF 61046 152600  780 764 2866      -83437    -49         -10    -20    9 126   83   -2   76   +9   76    9   5  0  0 L3E B1
E07 FF 61046 152600  780 134 3012     +372375    -30          -6    -52   24 126  342  +59  194  +40  194   40  15  0  0 L3E 1B
E10 FF 61046 152600  780 309  464    +7627647    +14         -13    -11   17 122  157  +21  105   +7  105    7  10  0  0 L3E FE
E11 FF 61046 152600  780 524  726   -34696906  -1762          -3     -8   14 126  102   +3   92   -1   92   -1   8  0  0 L3E F2
E12 FF 61046 152600  780 107  347     +169805    -28         -43    -47   25 126  422 +189  131   -7  131   -7  15  0  0 L3E 24
E25 FF 61046 152600  780 456 1201     -217942     +4         -17     +4   15 122  113  +11  109   +5  109    5   9  0  0 L3E C5
E30 FF 61046 152600  780 223 2957    +5981367   +417         -13    +10   22 126  212  -47  159  -21  159  -21  13  0  0 L3E 66
E36 FF 61046 152600  780 491 1623    +5052182    +27         -18    -27   13 123  107  -11  114   +7  114    7   8  0  0 L3E 06
E02 FF 61046 154200  780 815 2720      -83462    -22          -5     +6   10   1   82   -1   71  -11   71  -11   6  0  0 L3E 72
E07 FF 61046 154200  780 107 2963     +372392    +22         -11     -1   25   1  422 +114  203   +1  203    1  16  0  0 L3E C4
E10 FF 61046 154200  780 262  439    +7627663    -18         -22    -44   20   1  182  +32  102  +17  102   17  11  0  0 L3E F9
E11 FF 61046 154200  780 496  645   -34698593  -1769          -7    -15   14 126  106   +5   90   +2   90    2   8  0  0 L3E 0A
E25 FF 61046 154200  780 401 1241     -217943     -5         -16     -4   16   1  125  +15  114   +7  114    7   9  0  0 L3E A2
E30 FF 61046 154200  780 274 2976    +5981764   +423          -5    +16   20   1  175  -31  137  -31  137  -31  13  0  0 L3E 31
E34 FF 61046 154200  780 129 1966    +2280520    +68         -24    +44   17   1  359 -162  194  -75  194  -75  11  0  0 L3E 57
E36 FF 61046 154200  780 555 1592    +5052236    +64         -15    +11    9 123   98   -8  103  -16  103  -16   6  0  0 L3E 0C
E02 FF 61046 155800  780 842 2274      -83498    -34         -13     -5   14   1   81   +0   71   +1   71    1   8  0  0 L3E 6A
E10 FF 61046 155800  780 212  423    +7627692    +20         -17     -6   16   2  221  +51   93   +7   93    7  11  0  0 L3E B0
E11 FF 61046 155800  780 458  584   -34700278  -1738          -9    +15   18 126  113   +8   83  -12   83  -12  10  0  0 L3E 40
E25 FF 61046 155800  780 345 1278     -217943     +2         -16     +3   17   2  142  +20  118   -2  118   -2  10  0  0 L3E C4
E30 FF 61046 155800  780 326 2989    +5982152   +405          -8     -2   13   2  150  -22  126  -14  126  -14   9  0  0 L3E 11
E34 FF 61046 155800  780 188 1980    +2280538    +64         -27    +40   24   2  250  -79  174  -40  174  -40  14  0  0 L3E 3E
E36 FF 61046 155800  780 616 1542    +5052295    +75          -5    +22    9   2   92   -5   86  -28   86  -28   6  0  0 L3E D1
E02 FF 61046 161400  780 812 1840      -83527    -64         -15    -35    7   1   82   +1   69  +16   69   16   4  0  0 L3E 99
E10 FF 61046 161400  780 162  416    +7627704     +2         -28    -23   29   4  286  +89   94  +12   94   12  19  0  0 L3E E8
E11 FF 61046 161400  780 413  541   -34701958  -1753          -6     +1   18 126  122  +12   77   +0   77    0  10  0  0 L3E F0
E25 FF 61046 161400  780 290 1313     -217951    +40         -23    +41   17   4  166  +29  121  -29  121  -29  10  0  0 L3E 0A
E30 FF 61046 161400  780 379 2996    +5982543   +415          -9     +8   18   4  131  -16  109  -18  109  -18  10  0  0 L3E 35
E34 FF 61046 161400  780 249 1997    +2280570    +45         -17    +22   23   4  192  -46  152  -34  152  -34  14  0  0 L3E 35
E36 FF 61046 161400  780 670 1456    +5052339    +38         -13    -16   14   4   88   -3   82   -1   82   -1   8  0  0 L3E B9
E02 FF 61046 163000  780 757 1696      -83549    -17          -9    +11   11   6   83   +2   64   -9   64   -9   6  0  0 L3E 92
E10 FF 61046 163000  780 110  416    +7627769    +57          13    +32   31   5  412 +187   52  -42   52  -42  18  0  0 L3E F7
E11 FF 61046 163000  780 364  513   -34703654  -1741         -28    +12   22   6  136  +17   82   -9   82   -9  13  0  0 L3E 0E
E25 FF 61046 163000  780 236 1345     -217948    +31         -19    +32   28   4  201  +45  116  -23  116  -23  17  0  0 L3E 11
E30 FF 61046 163000  780 433 2993    +5982934   +400          -6     -8   15   6  118  -12   92  -10   92  -10   9  0  0 L3E EE
E34 FF 61046 163000  780 311 2017    +2280595    +68         -13    +44   21   6  157  -29  130  -52  130  -52  11  0  0 L3E 1C
E36 FF 61046 163000  780 712 1317    +5052393    +42         -11    -12    8   6   85   -2   72   +1   72    1   5  0  0 L3E 82
E02 FF 61046 164600  780 696 1650      -83578    -24         -11     +5   12   7   86   +4   64   -2   64   -2   7  0  0 L3E 87
E11 FF 61046 164600  780 312  498   -34705326  -1720         -18    +32   19   7  155  +24   72  -21   72  -21  12  0  0 L3E 2D
E25 FF 61046 164600  780 181 1374     -217945    -33         -16    -32   27   7  257  +75  118  +25  118   25  16  0  0 L3E 21
E30 FF 61046 164600  780 485 2979    +5983308   +373         -24    -34   13   7  108   -9   91  +11   91   11   7  0  0 L3E 07
E34 FF 61046 164600  780 373 2040    +2280620     -4         -11    -27   13   7  133  -20  114   +1  114    1   8  0  0 L3E B7
E36 FF 61046 164600  780 732 1118    +5052436    +56         -19     +2   14   6   84   +0   69  -12   69  -12   8  0  0 L3E CC
E02 FF 61046 170200  780 632 1638      -83612    -33         -16     -4   11   9   90   +5   66   -1   66   -1   7  0  0 L3E 76
E11 FF 61046 170200  780 260  493   -34707012  -1812         -24    -60   14   9  183  +35   71  +38   71   38   8  0  0 L3E 13
E30 FF 61046 170200  780 536 2948    +5983696   +389         -26    -18   11   9  100   -7   81   +1   81    1   6  0  0 L3E DF
E34 FF 61046 170200  780 436 2064    +2280643    +46         -11    +23   15   8  117  -14   98  -32   98  -32  10  0  0 L3E 07
E36 FF 61046 170200  780 723  911    +5052482    +50         -25     -3   11   6   85   +1   65   -3   65   -3   6  0  0 L3E 85
E02 FF 61046 171800  780 568 1640      -83635    -56         -11    -27   12  10   96   +7   64  +15   64   15   7  0  0 L3E C0
E11 FF 61046 171800  780 207  496   -34708704  -1753         -35     -1   18  10  226  +56   72  -10   72  -10  11  0  0 L3E 2C
E27 FF 61046 171800  780 116 3123    +8726348   +126           3    +22   22   5  398 -171  122  -47  122  -47  14  0  0 L3E 39
E30 FF 61046 171800  780 583 2895    +5984102   +405         -10     -2    8  10   95   -5   64  -10   64  -10   5  0  0 L3E D8
E34 FF 61046 171800  780 500 2091    +2280667    +40         -10    +17   14   8  106  -10   83  -22   83  -22  10  0  0 L3E F3
E36 FF 61046 171800  780 690  758    +5052542    +56         -16     +3   11   6   87   +2   53   -6   53   -6   6  0  0 L3E 9C
E02 FF 61046 173400  780 503 1647      -83672    -26         -20     +3   17  12  105  +10   76   -7   76   -7  10  0  0 L3E B9
E11 FF 61046 173400  780 155  506   -34710382  -1748         -31     +4   21  12  298  +97   64   -2   64   -2  12  0  0 L3E 0F
E27 FF 61046 173400  780 166 3127    +8726437   +151         -14    +46   25  12  281  -85  102  -56  102  -56  15  0  0 L3E 5B
E30 FF 61046 173400  780 622 2811    +5984489   +369         -14    -38   14  12   91   -3   60  +20   60   20   8  0  0 L3E F3
E34 FF 61046 173400  780 564 2121    +2280692    +30          -7     +7   18   8   97   -8   68  -20   68  -20  11  0  0 L3E CE
E36 FF 61046 173400  780 643  668    +5052595     +1         -19    -52   11  12   90   +4   50  +27   50   27   6  0  0 L3E B9
E02 FF 61046 175000  780 438 1658      -83701    -10         -22    +19   12  14  116  +14   79  -10   79  -10   7  0  0 L3E DE
E11 FF 61046 175000  780 104  520   -34712056  -1763         -23    -11   41  12  434 +203   52   +6   52    6  27  0  0 L3E 09
E15 FF 61046 175000  780 121 2270    +2265053    -13         -16    -41   23  14  381 -164  162  -26  162  -26  15  0  0 L3E 40
E27 FF 61046 175000  780 216 3124    +8726531   +145         -21    +40   19  14  218  -50   87  -43   87  -43  12  0  0 L3E 32
E30 FF 61046 175000  780 648 2694    +5984883   +425         -11    +18   15  14   89   -1   54  -13   54  -13   9  0  0 L3E 14
E34 FF 61046 175000  780 628 2152    +2280710    +51         -12    +28   14   8   91   -5   59  -29   59  -29   8  0  0 L3E E5
E36 FF 61046 175000  780 590  620    +5052646    +18         -21    -35   13  14   94   +6   51  +13   51   13   8  0  0 L3E BF
E02 FF 61046 180600  780 375 1669      -83729    -43         -22    -14   15  15  132  +20   81   +8   81    8   9  0  0 L3E C1
E15 FF 61046 180600  780 173 2303    +2265059    +40         -37    +12   32  15  270  -81  141  -34  141  -34  19  0  0 L3E 31
E27 FF 61046 180600  780 266 3113    +8726651   +148          -3    +43   21  15  180  -32   57  -38   57  -38  12  0  0 L3E 2A
E30 FF 61046 180600  780 655 2552    +5985276   +406          -9     -1   24  15   89   +0   49   -3   49   -3  14  0  0 L3E DA
E34 FF 61046 180600  780 691 2187    +2280735    +76         -10    +53   13  15   87   -4   53  -40   53  -40   7  0  0 L3E EF
E36 FF 61046 180600  780 534  599    +5052692    +25         -27    -29   13  15  100   +8   50  +11   50   11   7  0  0 L3E D6
E02 FF 61046 182200  780 312 1680      -83744    -33          -9     -4   12  16  155  +29   72   +6   72    6   7  0  0 L3E 95
E15 FF 61046 182200  780 226 2338    +2265109    +92         -11    +64   20  17  210  -48   97  -62   97  -62  13  0  0 L3E 24
E27 FF 61046 182200  780 314 3093    +8726747    +99          -5     -6   16  17  155  -21   48   -6   48   -6  10  0  0 L3E F1
E30 FF 61046 182200  780 642 2412    +5985664   +404         -11     -3   12  17   90   +2   50   +8   50    8   7  0  0 L3E AF
E34 FF 61046 182200  780 755 2225    +2280750     +5         -15    -19   13  17   84   -2   56   +6   56    6   7  0  0 L3E AD
E36 FF 61046 182200  780 479  596    +5052748    +40         -23    -14   15  17  109  +10   46   +9   46    9   9  0  0 L3E DE
E02 FF 61046 183800  780 250 1690      -83766    -46          -3    -17   13  16  190  +44   73  +20   73   20   9  0  0 L3E CD
E06 FF 61046 183800  780 114  517    +2160369    +89          -7    +40   42  13  401  -70   36  -26   36  -26  26  0  0 L3E FE
E15 FF 61046 183800  780 279 2377    +2265145    +26          -2     -1   21  18  172  -31   77  -18   77  -18  12  0  0 L3E 0A
E27 FF 61046 183800  780 359 3062    +8726826    +97         -26     -8   16  18  138  -15   54   +3   54    3  10  0  0 L3E F8
E30 FF 61046 183800  780 610 2294    +5986059   +382          -7    -25   11  18   92   +4   49  +17   49   17   7  0  0 L3E FA
E34 FF 61046 183800  780 817 2272    +2280785     +6          -2    -17   11  18   82   -1   43   +4   43    4   6  0  0 L3E 97
E36 FF 61046 183800  780 423  604    +5052810    +70         -14    +16    9  18  120  +13   41   -9   41   -9   5  0  0 L3E BA
E02 FF 61046 185400  780 190 1699      -83801    -81          -9    -51   24  20  246  +76   81  +29   81   29  15  0  0 L3E F1
E06 FF 61046 185400  780 130  466    +2160411    +94          -9    +45   24  20  352  -34   35  -28   35  -28  15  0  0 L3E F7
E09 FF 61046 185400  780 133  705    +1625946   +140          -9    -12   27  20  346  -83   56   -3   56   -3  17  0  0 L3E F3
E15 FF 61046 185400  780 332 2418    +2265169    -22          -2    -49   17  20  148  -22   67  +21   67   21  10  0  0 L3E FC
E27 FF 61046 185400  780 398 3019    +8726950   +100          -4     -5   14  20  126  -10   40   +3   40    3   8  0  0 L3E BF
E30 FF 61046 185400  780 565 2207    +5986455   +388          -3    -19   15  20   97   +6   49  +13   49   13   9  0  0 L3E FE
E34 FF 61046 185400  780 878 2386    +2280801    +18          -8     -5   10  18   81   +0   42   -4   42   -4   6  0  0 L3E A5
E36 FF 61046 185400  780 369  620    +5052851    +36         -25    -18   15  20  134  +17   47  +17   47   17   9  0  0 L3E FA
E02 FF 61046 191000  780 131 1706      -83835    +15         -14    +44   22  22  350 +152   89  -34   89  -34  14  0  0 L3E 05
E06 FF 61046 191000  780 139  415    +2160469    +45           0     -4   26  22  330  -11   28   +6   28    6  17  0  0 L3E 9D
E09 FF 61046 191000  780 162  656    +1626087   +188         -15    +36   25  21  287  -46   48  -36   48  -36  16  0  0 L3E 3C
E15 FF 61046 191000  780 385 2462    +2265191    +20          -5     -7   14  22  130  -16   62   +0   62    0   9  0  0 L3E A1
E27 FF 61046 191000  780 431 2961    +8727046   +125          -9    +20   11  22  118   -6   41  -18   41  -18   7  0  0 L3E F6
E30 FF 61046 191000  780 513 2146    +5986839   +422         -10    +15   14  22  103   +8   60   +0   60    0   8  0  0 L3E C5
E34 FF 61046 191000  780 861  463    +2280820    +34          -9    +11   10  22   81   +1   42   -6   42   -6   5  0  0 L3E 8A
E36 FF 61046 191000  780 316  641    +5052911    +87         -17    +33   11  21  153  +23   45  -20   45  -20   6  0  0 L3E E4
E06 FF 61046 192600  780 140  363    +2160499    +34         -17    -15   20  23  329   +8   35   +0   35    0  13  0  0 L3E B9
E09 FF 61046 192600  780 184  604    +1626243   +174          -4    +22   27  21  253  -25   38  -18   38  -18  17  0  0 L3E 15
E15 FF 61046 192600  780 438 2509    +2265212    +36         -11     +9   17  23  117  -12   60  -12   60  -12   9  0  0 L3E ED
E27 FF 61046 192600  780 454 2891    +8727147    +91         -10    -13   16  23  113   -4   39   +6   39    6   9  0  0 L3E DE
E30 FF 61046 192600  780 455 2103    +5987229   +405         -11     -2   11  23  113  +12   65  +11   65   11   7  0  0 L3E EB
E34 FF 61046 192600  780 802  537    +2280837     -6         -14    -29   10  23   82   +1   44  +18   44   18   6  0  0 L3E BC
E36 FF 61046 192600  780 265  668    +5052969    +66         -11    +12   21  21  180  +33   45   -4   45   -4  13  0  0 L3E EC
E05 FF 61046 194200  780 156 1074      -31731     -8         -12    +21   28  25  298  -90   80  -20   80  -20  19  0  0 L3E E3
E06 FF 61046 194200  780 132  313    +2160550    +86         -14    +37   31  25  347  +31   35  -27   35  -27  17  0  0 L3E 02
E09 FF 61046 194200  780 199  548    +1626386   +150          -8     -2   24  21  236  -12   36   -5   36   -5  14  0  0 L3E E1
E15 FF 61046 194200  780 491 2559    +2265243     +9          -6    -19   17  23  107   -9   51   +5   51    5  10  0  0 L3E BC
E21 FF 61046 194200  780 116 3267    +7131966    +43         -11    +18   21  22  395 -150   51  -13   51  -13  13  0  0 L3E 20
E27 FF 61046 194200  780 465 2811    +8727246   +130         -12    +25   15  25  111   -1   41  -19   41  -19   9  0  0 L3E 08
E30 FF 61046 194200  780 395 2072    +5987611   +421         -20    +13    9  25  127  +17   75   -3   75   -3   6  0  0 L3E EF
E34 FF 61046 194200  780 744  587    +2280857    +59         -16    +36   13  25   84   +2   44  -23   44  -23   8  0  0 L3E EB
E36 FF 61046 194200  780 216  697    +5053015    +78         -18    +24   27  21  218  +48   53   -4   53   -4  16  0  0 L3E F3
E05 FF 61046 195800  780 202 1034      -31756    -39          -9    -10   24  26  233  -51   67   -5   67   -5  14  0  0 L3E C9
E06 FF 61046 195800  780 116  266    +2160582     -2         -28    -51   33  26  392  +65   40  +36   40   36  21  0  0 L3E EE
E09 FF 61046 195800  780 204  492    +1626517   +142         -24    -10   30  21  230   -1   44   +7   44    7  18  0  0 L3E CF
E15 FF 61046 195800  780 543 2613    +2265261    +49         -14    +22   15  23   99   -7   50  -18   50  -18   9  0  0 L3E F6
E21 FF 61046 195800  780 159 3243    +7131984    +19         -17     -5   20  22  293  -75   45   -1   45   -1  11  0  0 L3E EF
E27 FF 61046 195800  780 463 2726    +8727345   +125         -13    +20   16  26  112   +2   44   -8   44   -8   9  0  0 L3E F6
E30 FF 61046 195800  780 334 2049    +5988005   +424         -16    +17   13  26  146  +24   79   -3   79   -3   8  0  0 L3E 12
E34 FF 61046 195800  780 687  632    +2280870    +28         -25     +5   15  26   87   +3   50   -4   50   -4   9  0  0 L3E B2
E36 FF 61046 195800  780 167  729    +5053085    +87           0    +33   26  21  277  +77   53  -16   53  -16  16  0  0 L3E 08
E05 FF 61046 201400  780 245  989      -31784    -54          -7    -25   26  27  194  -32   60  +12   60   12  15  0  0 L3E CC
E09 FF 61046 201400  780 201  437    +1626661   +192         -25    +40   32  28  233   +9   42  -28   42  -28  20  0  0 L3E FE
E15 FF 61046 201400  780 596 2673    +2265293    +35         -11     +8   13  28   94   -5   47   -9   47   -9   8  0  0 L3E CC
E21 FF 61046 201400  780 198 3212    +7132002    +25         -21     +0   24  28  237  -43   47   -2   47   -2  15  0  0 L3E CA
E27 FF 61046 201400  780 448 2644    +8727451   +122          -8    +17   13  28  115   +4   43   -3   43   -3   7  0  0 L3E D3
E30 FF 61046 201400  780 273 2031    +5988394   +392         -17    -15   17  28  175  +37   83  +11   83   11  11  0  0 L3E 26
E34 FF 61046 201400  780 632  677    +2280889    +36         -29    +13   15  28   90   +5   52   -2   52   -2   9  0  0 L3E BB
E36 FF 61046 201400  780 121  763    +5053128    +11          -5    -43   49  28  378 +141   69  +31   69   31  36  0  0 L3E 03
E05 FF 61046 203000  780 284  938      -31822    -14         -17    +15   17  27  170  -20   62   -9   62   -9  10  0  0 L3E BB
E09 FF 61046 203000  780 188  385    +1626807   +119         -26    -33   33  30  248  +22   37  +10   37   10  20  0  0 L3E 04
E13 FF 61046 203000  780 124 2636     +460028     +6          -8     +0   25  30  371 -135   82   -2   82   -2  16  0  0 L3E AA
E15 FF 61046 203000  780 648 2741    +2265316     +4         -15    -23   14  30   89   -4   47  +12   47   12   9  0  0 L3E C2
E21 FF 61046 203000  780 231 3172    +7132026     -5         -20    -30   25  30  205  -26   47  +21   47   21  14  0  0 L3E D3
E27 FF 61046 203000  780 421 2569    +8727556   +103          -4     -1   17  30  120   +8   44   +6   44    6  10  0  0 L3E BA
E30 FF 61046 203000  780 213 2016    +5988791   +396         -12    -11   14  30  220  +60   85  +20   85   20   9  0  0 L3E 01
E34 FF 61046 203000  780 578  722    +2280919    +51         -22    +28   12  28   95   +6   50  -13   50  -13   7  0  0 L3E D0
E03 FF 61046 204600  780 162 1411      -79121    +63         -23    +41   31  31  287  -98   88  -27   88  -27  20  0  0 L3E 00
E05 FF 61046 204600  780 316  880      -31845    -35         -14     -6   19  31  154  -13   57   -5   57   -5  11  0  0 L3E B3
E09 FF 61046 204600  780 167  337    +1626949   +179         -30    +28   22  31  277  +40   34  -19   34  -19  15  0  0 L3E 2F
E13 FF 61046 204600  780 170 2676     +460024    +29         -19    +22   27  31  274  -74   83  -21   83  -21  18  0  0 L3E 0A
E15 FF 61046 204600  780 700 2821    +2265346    +24         -10     -3   14  31   86   -3   41   -1   41   -1   8  0  0 L3E 96
E21 FF 61046 204600  780 258 3125    +7132062    +38          -8    +13   25  31  185  -16   41   -7   41   -7  15  0  0 L3E DD
E27 FF 61046 204600  780 384 2504    +8727653   +117          -6    +13   17  31  130  +12   51   -4   51   -4  10  0  0 L3E E8
E30 FF 61046 204600  780 155 2003    +5989180   +409         -14     +2   21  31  299 +109   90   -4   90   -4  13  0  0 L3E 06
E34 FF 61046 204600  780 525  766    +2280944    +12         -18    -11   14  28  102   +7   50   +8   50    8   8  0  0 L3E B3
E03 FF 61046 210200  780 219 1387      -79103    +10         -25    -12   21  33  216  -55   89   +5   89    5  13  0  0 L3E C1
E05 FF 61046 210200  780 340  816      -31886    -22         -27     +7   23  33  144   -7   59  -10   59  -10  13  0  0 L3E B9
E09 FF 61046 210200  780 139  295    +1627126   +154          -1     +2   33  33  329  +73   17   +5   17    5  20  0  0 L3E BA
E13 FF 61046 210200  780 217 2716     +460043    +15          -9     +8   21  33  218  -46   69   +0   69    0  13  0  0 L3E A6
E15 FF 61046 210200  780 750 2927    +2265373     +6          -9    -21    8  33   84   -2   39   +8   39    8   5  0  0 L3E 8F
E21 FF 61046 210200  780 276 3071    +7132090    +21          -5     -4   22  33  173   -8   38   +2   38    2  13  0  0 L3E 9C
E27 FF 61046 210200  780 341 2449    +8727746   +106         -14     +2   17  31  144  +18   62   +5   62    5  10  0  0 L3E E2
E34 FF 61046 210200  780 473  811    +2280970    +20         -15     -3   14  28  110   +9   50   +6   50    6   8  0  0 L3E 8E
E03 FF 61046 211800  780 275 1359      -79087    +31         -30     +9   20  34  175  -34   88   -3   88   -3  11  0  0 L3E CF
E05 FF 61046 211800  780 354  748      -31903    -31         -17     -1   18  34  139   -3   47   +2   47    2  12  0  0 L3E 8B
E09 FF 61046 211800  780 105  260    +1627256   +129         -17    -23   23  34  430 +146   28  +10   28   10  14  0  0 L3E 0D
E13 FF 61046 211800  780 264 2755     +460053    +46          -6    +39   23  34  181  -32   62  -23   62  -23  15  0  0 L3E F2
E15 FF 61046 211800  780 797 3092    +2265394    +32         -14     +5    9  34   82   -1   40   -4   40   -4   5  0  0 L3E 9F
E21 FF 61046 211800  780 286 3011    +7132102     +5         -17    -20   16  34  168   -2   47  +10   47   10  10  0  0 L3E C8
E27 FF 61046 211800  780 293 2403    +8727851    +73          -8    -32   18  34  164  +26   67  +31   67   31  11  0  0 L3E 0B
E34 FF 61046 211800  780 422  855    +2280989    -11         -17    -34   15  34  120  +12   56  +24   56   24   9  0  0 L3E EF
E03 FF 61046 213400  780 331 1326      -79055    +62         -20    +39   20  36  148  -23   79  -29   79  -29  11  0  0 L3E 01
E05 FF 61046 213400  780 357  678      -31920    -33          -6     -4   21  36  138   +1   36   +0   36    0  13  0  0 L3E 70
E13 FF 61046 213400  780 313 2794     +460059    +15          -7     +8   16  36  155  -23   57  -13   57  -13  10  0  0 L3E E3
E15 FF 61046 213400  780 834 3420    +2265415    +44         -19    +17    8  34   81   +0   42   -7   42   -7   4  0  0 L3E A9
E21 FF 61046 213400  780 285 2950    +7132144    -33           1    -58   22  34  169   +3   35  +43   35   43  14  0  0 L3E D7
E27 FF 61046 213400  780 242 2365    +8727957   +118          -3    +13   19  36  196  +40   71   +0   71    0  11  0  0 L3E EB
E34 FF 61046 213400  780 372  900    +2281006    +48         -23    +25   15  36  133  +16   67   -5   67   -5   9  0  0 L3E D3
E03 FF 61046 215000  780 385 1284      -79033    +21         -19     -1   16  38  130  -16   73   -3   73   -3   9  0  0 L3E AC
E05 FF 61046 215000  780 349  612      -31967     -9         -25    +20   20  38  141   +5   44  -24   44  -24  12  0  0 L3E B5
E13 FF 61046 215000  780 363 2832     +460078     +8           7     +2   16  38  136  -17   43   -5   43   -5  10  0  0 L3E 9B
E15 FF 61046 215000  780 835  358    +2265440    +15         -18    -13   10  38   81   +0   41   +8   41    8   6  0  0 L3E 98
E21 FF 61046 215000  780 274 2888    +7132160    +57          -9    +32   21  38  175   +9   45  -14   45  -14  13  0  0 L3E FC
E27 FF 61046 215000  780 189 2332    +8728049    +60         -13    -45   31  36  246  +67   87  +32   87   32  19  0  0 L3E 29
E34 FF 61046 215000  780 323  943    +2281034    +30         -17     +7   17  38  151  +21   68   -1   68   -1  11  0  0 L3E C2
E03 FF 61046 220600  780 435 1233      -79014    +14         -22     -9   13  39  117  -11   69   +0   69    0   8  0  0 L3E 99
E05 FF 61046 220600  780 330  551      -31976    -29          -6     +0   16  39  148   +9   31   +2   31    2  10  0  0 L3E 6E
E08 FF 61046 220600  780 137 1718     +687957    +18         -18    -50   17  39  339 -144  100  +18  100   18  12  0  0 L3E 3F
E13 FF 61046 220600  780 414 2868     +460069    +14          -8     +7   15  39  122  -13   50  -13   50  -13   8  0  0 L3E CB
E15 FF 61046 220600  780 800  707    +2265457    -17         -26    -44    9  39   82   +1   48  +26   48   26   5  0  0 L3E C7
E21 FF 61046 220600  780 254 2829    +7132192    +79          -3    +54   15  39  187  +17   43  -23   43  -23  11  0  0 L3E 0E
E23 FF 61046 220600  780 116 3338     +211700     -1         -19    -13   30  33  391  -76   44   -1   44   -1  18  0  0 L3E BE
E27 FF 61046 220600  780 137 2302    +8728151   +135         -11    +30   31  36  336 +127   86  -23   86  -23  19  0  0 L3E 3E
E34 FF 61046 220600  780 274  986    +2281057     +9         -17    -14   19  39  174  +29   74  +21   74   21  13  0  0 L3E FC
E03 FF 61046 222200  780 479 1168      -79002    +47         -30    +25   17  41  109   -7   69  -24   69  -24   9  0  0 L3E E3
E05 FF 61046 222200  780 303  498      -32018     +2         -21    +31   17  39  160  +15   39  -20   39  -20  11  0  0 L3E B8
E08 FF 61046 222200  780 197 1713     +688025    +78         -12    +11   18  41  239  -73   90   -4   90   -4  10  0  0 L3E E9
E13 FF 61046 222200  780 466 2902     +460082    +66          -2    +59   12  41  111  -10   43  -36   43  -36   8  0  0 L3E D7
E15 FF 61046 222200  780 752  879    +2265489    +35         -20     +8   10  39   84   +2   47   -1   47   -1   6  0  0 L3E AB
E21 FF 61046 222200  780 226 2774    +7132214    +53          -4    +28   20  40  208  +28   48  -18   48  -18  12  0  0 L3E 02
E23 FF 61046 222200  780 136 3292     +211703    +45         -15    +33   21  41  338  -38   45  -20   45  -20  13  0  0 L3E EF
E34 FF 61046 222200  780 226 1028    +2281086    +52         -11    +29   18  41  209  +43   75   -9   75   -9  10  0  0 L3E F6
E03 FF 61046 223800  780 514 1087      -78985    +40         -34    +18   12  42  103   -4   67  -13   67  -13   7  0  0 L3E DB
E05 FF 61046 223800  780 268  456      -32036    -20         -11     +9   23  39  178  +24   32  -10   32  -10  14  0  0 L3E C2
E08 FF 61046 223800  780 258 1709     +688076    +49         -25    -19   19  42  185  -43   94   +6   94    6  12  0  0 L3E 03
E13 FF 61046 223800  780 520 2932     +460080    -44         -10    -51   15  42  103   -8   47  +33   47   33   9  0  0 L3E CD
E15 FF 61046 223800  780 699  985    +2265518    +34         -18     +7   11  39   86   +3   49   +1   49    1   6  0  0 L3E B1
E21 FF 61046 223800  780 192 2724    +7132248    +31           6     +6   22  40  243  +46   53   +8   53    8  14  0  0 L3E B4
E23 FF 61046 223800  780 147 3242     +211723    -46          -7    -57   18  42  313  -15   37  +33   37   33  12  0  0 L3E E6
E34 FF 61046 223800  780 178 1069    +2281103    +23         -18     +0   19  42  261  +69   92  +18   92   18  14  0  0 L3E 03
E03 FF 61046 225400  780 536  993      -78941    +41         -14    +19   10  44  100   -2   51  -17   51  -17   6  0  0 L3E BE
E05 FF 61046 225400  780 227  423      -32075    +10         -23    +39   18  44  207  +38   35  -33   35  -33  11  0  0 L3E D6
E08 FF 61046 225400  780 321 1703     +688152    +83         -14    +16   16  44  152  -28   85  -15   85  -15  10  0  0 L3E 0D
E13 FF 61046 225400  780 575 2957     +460091    +39          -6    +32   11  44   96   -6   42  -23   42  -23   7  0  0 L3E CA
E15 FF 61046 225400  780 645 1063    +2265547    +22         -15     -5    9  39   89   +4   52   +5   52    5   5  0  0 L3E 9C
E21 FF 61046 225400  780 153 2679    +7132262     -2          -4    -27   19  40  301  +79   66  +27   66   27  13  0  0 L3E F4
E23 FF 61046 225400  780 150 3191     +211747    +15           5     +4   22  44  307   +2   32   +3   32    3  14  0  0 L3E 74
E34 FF 61046 225400  780 130 1108    +2281124    +20         -21     -4   53  44  351 +126  107  +12  107   12  29  0  0 L3E 0D
E03 FF 61046 231000  780 543  891      -78917    +18         -10     -4   15  45   99   +0   45   +0   45    0   9  0  0 L3E 6E
E05 FF 61046 231000  780 183  399      -32101    -31         -22     -2   16  46  255  +63   35   +1   35    1   9  0  0 L3E 7D
E08 FF 61046 231000  780 385 1696     +688219    +48         -12    -19   16  46  130  -19   82   +4   82    4  10  0  0 L3E E8
E13 FF 61046 231000  780 632 2975     +460086    -28         -16    -35   11  46   91   -5   48  +22   48   22   6  0  0 L3E CD
E15 FF 61046 231000  780 590 1128    +2265569    +11         -21    -17   14  46   94   +6   58  +14   58   14   8  0  0 L3E DF
E21 FF 61046 231000  780 111 2638    +7132275    +14         -15    -11   22  46  410 +157   77   +0   77    0  16  0  0 L3E E5
E23 FF 61046 231000  780 144 3138     +211728    -31         -27    -43   34  46  318  +21   50  +27   50   27  22  0  0 L3E E9
E26 FF 61046 231000  780 116 2952    -1838837    -99          -7    +11   24  46  397 -163   50   +2   50    2  15  0  0 L3E F9
E03 FF 61046 232600  780 535  792      -78898    +29         -13     +7   13  45  100   +2   44   -5   44   -5   7  0  0 L3E 98
E05 FF 61046 232600  780 136  383      -32127    -42         -20    -13   25  47  338 +117   34   +6   34    6  15  0  0 L3E BD
E08 FF 61046 232600  780 450 1685     +688276    +29         -18    -38   18  47  114  -13   83  +18   83   18  12  0  0 L3E 1C
E13 FF 61046 232600  780 690 2977     +460098    +18         -11    +12    8  47   87   -4   44   -7   44   -7   5  0  0 L3E B5
E15 FF 61046 232600  780 533 1183    +2265592     +8         -25    -20   11  47  101   +8   66  +21   66   21   7  0  0 L3E D2
E23 FF 61046 232600  780 131 3086     +211763    +32          -3    +20   24  47  350  +46   36  -13   36  -13  17  0  0 L3E E3
E26 FF 61046 232600  780 164 2978    -1838935   -114           4     -4   20  47  284  -85   48   -9   48   -9  12  0  0 L3E 05
E03 FF 61046 234200  780 512  706      -78885    +33         -21    +10   14  45  103   +4   48   -5   48   -5   8  0  0 L3E 9B
E08 FF 61046 234200  780 514 1666     +688335    +54         -25    -14   10  48  103  -10   80   +4   80    4   6  0  0 L3E C3
E13 FF 61046 234200  780 748 2950     +460103     -5         -11    -11   10  49   84   -2   47   +7   47    7   6  0  0 L3E 8E
E15 FF 61046 234200  780 477 1232    +2265624    +21         -20     -6   15  49  109  +10   71  +10   71   10   9  0  0 L3E D5
E23 FF 61046 234200  780 109 3037     +211765    -21         -13    -33   26  49  413  +90   48  +21   48   21  17  0  0 L3E F3
E26 FF 61046 234200  780 215 3001    -1839038   -108           5     +1   22  49  220  -51   41   +6   41    6  13  0  0 L3E B5
E03 FF 61046 235800  780 479  638      -78867     +9         -29    -14   11  50  109   +7   51   +6   51    6   6  0  0 L3E 9A
E07 FF 61046 235800  780 143 2011     +373061    +21         -24     -2   23  45  325 -130  103   -3  103   -3  15  0  0 L3E E0
E08 FF 61046 235800  780 577 1634     +688404    +64         -21     -4    9  48   96   -7   71   -5   71   -5   5  0  0 L3E B0
E13 FF 61046 235800  780 803 2842     +460101    +14         -20     +7    9  50   82   -1   51   -4   51   -4   5  0  0 L3E 77
E15 FF 61046 235800  780 420 1276    +2265652    +16         -18    -11   17  50  120  +14   77  +19   77   19  10  0  0 L3E 0D
E26 FF 61046 235800  780 266 3020    -1839153    -86          -5    +24   16  50  180  -34   46  -22   46  -22  10  0  0 L3E 0B
