CGGTTS     GENERIC DATA FORMAT VERSION = 2E
REV DATE = 2026-01-01                    
RCVR = POLARX5-TR                    R2CGGTTS v8.8    
CH = 99 
IMS = POLARX5-TR                    
LAB = PTB                           
X = +3844059.67 m 
Y =  +709661.67 m 
Z = +5023129.80 m 
FRAME = ITRF
COMMENTS =           IGS RINEX,AUSPOS XYZ          
INT DLY =   33.2 ns (GAL E1),   33.0 ns (GAL E5a)
CAB DLY =  205.7 ns 
REF DLY =   56.2 ns
REF = UTC(PTB)                      
CKSUM = 7B

SAT CL  MJD  STTIME TRKL ELV AZTH   REFSV      SRSV     REFSYS    SRSYS  DSG IOE MDTR SMDT MDIO SMDI MSIO SMSI ISG FR HC FRC CK
             hhmmss  s  .1dg .1dg    .1ns     .1ps/s     .1ns    .1ps/s .1ns     .1ns.1ps/s.1ns.1ps/s.1ns.1ps/s.1ns
E04 FF 61069 000600  780 605 2084     +553238    +90          19    -18   16  68   93   -6   43   +8   43    8   9  0  0 L3E AC
E06 FF 61069 000600  780 346 2197    +2255105    +26          23    -23   18  68  142  -22   73   -2   73   -2  12  0  0 L3E E3
E09 FF 61069 000600  780 113 2245    +1919987   +117           9    -36   28  68  406 -186  132  +26  132   26  17  0  0 L3E 52
E10 FF 61069 000600  780 690 1924    +7678040    +57          13    +31    9  68   87   +4   35  -12   35  -12   6  0  0 L3E D0
E11 FF 61069 000600  780 661 2799   -37964086  -1617          21    +15   14  68   88   -2   23   -9   23   -9   8  0  0 L3E 12
E12 FF 61069 000600  780 478 1622     +221182    +22          25     -4   15  68  109  +12   51  +17   51   17   8  0  0 L3E BE
E19 FF 61069 000600  780 557  642   -26768271   -321          19    +13   16  68   98   +6   27   -3   27   -3   9  0  0 L3E E9
E36 FF 61069 000600  780 203 3140    +5157108    +51           2     -3   29  68  232  -59   74  -21   74  -21  17  0  0 L3E E8
E04 FF 61069 002200  780 669 2101     +553342    +76          20    -32   15  68   88   -4   37  +16   37   16   9  0  0 L3E C3
E06 FF 61069 002200  780 404 2228    +2255146    +78          17    +29   13  68  125  -16   62  -30   62  -30   8  0  0 L3E FC
E09 FF 61069 002200  780 166 2274    +1920136   +168          10    +14   21  70  281  -89  127  -22  127  -22  13  0  0 L3E 3C
E10 FF 61069 002200  780 627 1871    +7678064    +19          13     -6   11  70   91   +5   40  +11   40   11   6  0  0 L3E AC
E11 FF 61069 002200  780 682 2653   -37965660  -1602          12    +29   11  70   87   -1   29  -17   29  -17   6  0  0 L3E 22
E12 FF 61069 002200  780 413 1639     +221195     +6          12    -21   16  69  122  +16   71  +36   71   36  10  0  0 L3E CA
E19 FF 61069 002200  780 504  617   -26768592   -355          18    -22   12  70  105   +8   29  +16   29   16   7  0  0 L3E 06
E36 FF 61069 002200  780 255 3137    +5157167    +95           9    +41   24  69  187  -37   51  -41   51  -41  14  0  0 L3E 0F
E04 FF 61069 003800  780 732 2110     +553454    +77          28    -30   11  68   84   -3   30  +11   30   11   6  0  0 L3E A8
E06 FF 61069 003800  780 463 2263    +2255196    +44          20     -5   17  68  112  -11   50  -11   50  -11  10  0  0 L3E E7
E09 FF 61069 003800  780 219 2306    +1920301   +193          28    +39   18  71  216  -52   97  -54   97  -54  11  0  0 L3E 35
E10 FF 61069 003800  780 562 1846    +7678094    +23          17     -3   12  71   97   +8   46  +16   46   16   7  0  0 L3E D4
E11 FF 61069 003800  780 681 2485   -37967221  -1613          18    +18   10  71   87   +1   27   -7   27   -7   6  0  0 L3E 04
E12 FF 61069 003800  780 349 1655     +221223    +48          15    +22   18  69  141  +23   85   +9   85    9  10  0  0 L3E D2
E19 FF 61069 003800  780 449  608   -26768906   -313          26    +20   16  71  114  +11   25   -7   25   -7   9  0  0 L3E 01
E36 FF 61069 003800  780 306 3124    +5157219    +42           9    -12   19  69  158  -24   43   -3   43   -3  12  0  0 L3E DF
E04 FF 61069 005400  780 794 2094     +553550   +144          21    +36    7  73   82   -2   34  -18   34  -18   4  0  0 L3E CF
E06 FF 61069 005400  780 522 2300    +2255244    +52          21     +3   12  68  102   -8   40  -13   40  -13   7  0  0 L3E B7
E09 FF 61069 005400  780 272 2341    +1920456   +127          35    -26   21  73  176  -33   73   +4   73    4  13  0  0 L3E F2
E10 FF 61069 005400  780 495 1835    +7678114    +65          13    +40   14  73  106  +11   60  -11   60  -11   8  0  0 L3E F2
E11 FF 61069 005400  780 657 2335   -37968792  -1635          14     -4   13  73   89   +2   33  +14   33   14   7  0  0 L3E 0A
E12 FF 61069 005400  780 286 1670     +221262    +61          28    +35   14  69  168  +35   93  -13   93  -13   9  0  0 L3E F6
E19 FF 61069 005400  780 395  611   -26769233   -332          24     +1   15  73  127  +15   28   -2   28   -2   9  0  0 L3E E6
E36 FF 61069 005400  780 355 3100    +5157295    +79          34    +25   16  69  139  -17   20  -20   20  -20   9  0  0 L3E 01
E04 FF 61069 011000  780 852 1955     +553671   +107          40     -1   13  75   81   -1   23   -2   23   -2   7  0  0 L3E 94
E06 FF 61069 011000  780 580 2340    +2255284    +44          14     -5   15  75   95   -6   38   -4   38   -4   8  0  0 L3E AC
E09 FF 61069 011000  780 326 2378    +1920577   +188           9    +35   17  74  150  -23   75  -28   75  -28  11  0  0 L3E 29
E10 FF 61069 011000  780 429 1831    +7678146    +13          20    -13   13  74  118  +15   69  +23   69   23   8  0  0 L3E F2
E11 FF 61069 011000  780 615 2223   -37970353  -1660          19    -28   17  74   92   +4   35  +29   35   29  10  0  0 L3E 1F
E12 FF 61069 011000  780 223 1683     +221295    -18          29    -44   16  75  211  +56  106  +48  106   48  11  0  0 L3E 0E
E19 FF 61069 011000  780 342  622   -26769564   -301          15    +32   15  75  143  +20   40  -19   40  -19   9  0  0 L3E 10
E21 FF 61069 011000  780 101  722    +7180381    +48          28    +22   30  74  449 -149   40  -21   40  -21  19  0  0 L3E FF
E36 FF 61069 011000  780 401 3064    +5157345    +50          30     -4   17  75  125  -12   19   +1   19    1  10  0  0 L3E B2
E04 FF 61069 012600  780 868 1000     +553770    +99          36     -8   10  76   81   +0   23   +5   23    5   6  0  0 L3E 86
E06 FF 61069 012600  780 639 2385    +2255337    +67          20    +18   10  75   90   -5   32  -16   32  -16   6  0  0 L3E E1
E09 FF 61069 012600  780 380 2418    +1920735   +131          20    -23   12  76  131  -16   55   +2   55    2   7  0  0 L3E D3
E10 FF 61069 012600  780 363 1830    +7678175    +56          25    +30   14  74  136  +22   81   -1   81   -1   8  0  0 L3E DA
E11 FF 61069 012600  780 562 2148   -37971927  -1638          11     -6   12  74   97   +7   47  +14   47   14   7  0  0 L3E 11
E12 FF 61069 012600  780 163 1694     +221308    +43          15    +16   19  76  285 +103  131   -2  131   -2  13  0  0 L3E FA
E19 FF 61069 012600  780 290  640   -26769867   -329          31     +4   16  76  166  +28   32   +4   32    4  10  0  0 L3E F4
E21 FF 61069 012600  780 133  676    +7180374    +11          -3    -14   37  74  346  -75   58   +6   58    6  23  0  0 L3E D9
E36 FF 61069 012600  780 440 3012    +5157384    +34          19    -20   17  76  116   -8   25  +13   25   13   9  0  0 L3E DD
E04 FF 61069 014200  780 816  703     +553869    +93          32    -15   10  78   82   +1   27   +8   27    8   5  0  0 L3E 94
E06 FF 61069 014200  780 697 2437    +2255381    +23          17    -26   12  78   86   -3   29  +14   29   14   6  0  0 L3E E0
E09 FF 61069 014200  780 434 2461    +1920877   +115          14    -38   16  77  118  -12   46  +13   46   13  10  0  0 L3E 15
E10 FF 61069 014200  780 298 1831    +7678198    +12          24    -14   17  74  162  +33   96  +26   96   26  11  0  0 L3E 19
E11 FF 61069 014200  780 503 2098   -37973492  -1662          13    -31   14  74  105  +10   55  +29   55   29   8  0  0 L3E 37
E12 FF 61069 014200  780 103 1702     +221343    +51          24    +24   32  78  438 +239  133   -8  133   -8  19  0  0 L3E 02
E19 FF 61069 014200  780 239  662   -26770186   -376          30    -42   23  78  198  +40   33  +29   33   29  14  0  0 L3E 33
E21 FF 61069 014200  780 159  626    +7180429    +54          27    +29   26  74  292  -41   35  -18   35  -18  16  0  0 L3E 13
E36 FF 61069 014200  780 471 2945    +5157441    +99          24    +45   15  78  110   -5   22  -31   22  -31   9  0  0 L3E F3
E04 FF 61069 015800  780 759  672     +553967   +134          26    +26   10  79   83   +2   29  -16   29  -16   6  0  0 L3E E9
E06 FF 61069 015800  780 755 2502    +2255438    +51          27     +2    9  79   84   -2   22   -5   22   -5   5  0  0 L3E 9C
E09 FF 61069 015800  780 488 2506    +1921027   +183          17    +30   12  77  107   -9   39  -27   39  -27   7  0  0 L3E 1A
E10 FF 61069 015800  780 234 1833    +7678229    +25          30     +0   13  74  202  +52  111  +14  111   14   8  0  0 L3E ED
E11 FF 61069 015800  780 441 2064   -37975049  -1629          19     +2   14  79  116  +14   61  +10   61   10   8  0  0 L3E 1E
E19 FF 61069 015800  780 190  688   -26770501   -413          35    -80   23  78  246  +62   33  +52   33   52  15  0  0 L3E 2B
E21 FF 61069 015800  780 178  573    +7180458    +28          33     +3   22  79  262  -22   32   +0   32    0  15  0  0 L3E B9
E34 FF 61069 015800  780 116 3281    +2325789    -14          20    -37   21  77  395 -160  121   +0  121    0  15  0  0 L3E 0E
E36 FF 61069 015800  780 491 2863    +5157486    +19          17    -34   13  79  107   -2   26  +21   26   21   7  0  0 L3E F5
E04 FF 61069 021400  780 702  683     +554067    +99          23     -9   16  79   86   +3   32   +5   32    5   9  0  0 L3E 88
E06 FF 61069 021400  780 811 2601    +2255485    +37          27    -12   10  81   82   -1   21   +8   21    8   6  0  0 L3E 9B
E09 FF 61069 021400  780 541 2555    +1921174   +130          16    -23   13  77  100   -7   35  +11   35   11   7  0  0 L3E DE
E10 FF 61069 021400  780 172 1834    +7678249    +33          21     +8   15  81  270  +94  127   +4  127    4   9  0  0 L3E E9
E11 FF 61069 021400  780 378 2041   -37976616  -1607          18    +24   11  81  132  +19   75   +1   75    1   7  0  0 L3E 0D
E19 FF 61069 021400  780 142  717   -26770836   -392          19    -58   38  78  324 +107   48  +52   48   52  24  0  0 L3E 51
E21 FF 61069 021400  780 189  519    +7180492    +11          43    -14   18  81  248   -9   34  +14   34   14  12  0  0 L3E E1
E23 FF 61069 021400  780 167 1044     +234768    +54          31    +42   29  77  279  -76   62  -34   62  -34  18  0  0 L3E 15
E34 FF 61069 021400  780 163 3262    +2325828     -8          31    -32   22  81  287  -79   95   +3   95    3  13  0  0 L3E DF
E36 FF 61069 021400  780 497 2772    +5157535    +80          14    +26   17  80  106   +0   29  -17   29  -17  10  0  0 L3E 08
E04 FF 61069 023000  780 645  708     +554158    +46          10    -62   15  79   89   +4   40  +39   40   39   8  0  0 L3E BC
E06 FF 61069 023000  780 863 2878    +2255535    +37          27    -12   11  83   81   +0   31   +8   31    8   6  0  0 L3E AD
E09 FF 61069 023000  780 595 2609    +1921332   +161          27     +7   14  77   94   -5   25   -8   25   -8   8  0  0 L3E CC
E10 FF 61069 023000  780 112 1833    +7678278    +35          24     +9   23  83  407 +209  120   -4  120   -4  15  0  0 L3E 07
E11 FF 61069 023000  780 314 2024   -37978180  -1663          21    -32   13  82  154  +29   79  +36   79   36   8  0  0 L3E 3E
E21 FF 61069 023000  780 191  464    +7180513    -19          38    -45   25  83  245   +3   46  +45   46   45  14  0  0 L3E E8
E23 FF 61069 023000  780 212 1002     +234767    +24          22    +13   22  83  223  -44   56  -24   56  -24  13  0  0 L3E E3
E34 FF 61069 023000  780 206 3234    +2325845    +15          27     -8   18  83  229  -45   63  -24   63  -24  12  0  0 L3E 03
E36 FF 61069 023000  780 487 2680    +5157592    +64          19    +10   13  80  107   +3   29   +1   29    1   7  0  0 L3E BF
E04 FF 61069 024600  780 591  740     +554270    +84          17    -24   13  84   94   +6   36  +11   36   11   7  0  0 L3E AE
E05 FF 61069 024600  780 127 2605      -86925     +9          17    +38   27  84  362 -130   76  -56   76  -56  17  0  0 L3E 12
E06 FF 61069 024600  780 864  325    +2255586    +43          31     -6    9  84   81   +0   30   +7   30    7   5  0  0 L3E 7A
E09 FF 61069 024600  780 649 2668    +1921477   +173          22    +19   15  84   89   -4   26  -12   26  -12   9  0  0 L3E 0E
E11 FF 61069 024600  780 251 2011   -37979754  -1607          12    +24   18  82  189  +45   99   -2   99   -2  10  0  0 L3E 3F
E21 FF 61069 024600  780 184  411    +7180510     -6          12    -31   24  84  253  +15   70  +23   70   23  14  0  0 L3E C9
E23 FF 61069 024600  780 252  955     +234790    +26          33    +14   14  84  189  -28   40  -16   40  -16   9  0  0 L3E E7
E34 FF 61069 024600  780 244 3197    +2325862     +5          22    -18   23  84  195  -28   47   -6   47   -6  15  0  0 L3E F5
E36 FF 61069 024600  780 464 2594    +5157646    +70          21    +16   16  80  111   +6   32   -7   32   -7   9  0  0 L3E D3
E04 FF 61069 030200  780 537  775     +554384   +105          29     -3   10  86  100   +7   35   +1   35    1   5  0  0 L3E 8D
E05 FF 61069 030200  780 174 2643      -86947    -11          24    +17   18  86  269  -72   54  -20   54  -20  11  0  0 L3E F6
E06 FF 61069 030200  780 814  616    +2255632    +46          30     -4   11  86   82   +1   31   +2   31    2   6  0  0 L3E 6F
E09 FF 61069 030200  780 702 2738    +1921631   +151          27     -3   14  86   86   -3   24   +2   24    2   8  0  0 L3E A6
E11 FF 61069 030200  780 190 2000   -37981315  -1640          16     -9   23  86  246  +77  116  +18  116   18  14  0  0 L3E 4E
E21 FF 61069 030200  780 169  361    +7180541    +69          19    +44   19  84  274  +31   79  -14   79  -14  12  0  0 L3E 11
E23 FF 61069 030200  780 288  901     +234783     +1          15    -11   21  84  167  -18   46   -2   46   -2  13  0  0 L3E B0
E31 FF 61069 030200  780 130 1401    +1155307     -7          16    -34   62  85  357 -149  112  -13  112  -13  38  0  0 L3E 21
E34 FF 61069 030200  780 276 3152    +2325902    +11          39    -13   20  86  174  -17   23   -1   23   -1  12  0  0 L3E D6
E36 FF 61069 030200  780 430 2520    +5157703    +58          25     +4   14  86  118   +9   33   +2   33    2   9  0  0 L3E A2
E04 FF 61069 031800  780 484  813     +554485    +99          28     -9   14  87  108   +9   37   +5   37    5   8  0  0 L3E AF
E05 FF 61069 031800  780 221 2680      -86962     -3          36    +25   19  86  214  -45   32  -31   32  -31  11  0  0 L3E DA
E06 FF 61069 031800  780 760  720    +2255674    +72          23    +23   14  87   83   +2   34  -16   34  -16   8  0  0 L3E CF
E09 FF 61069 031800  780 755 2829    +1921774   +146          24     -8    9  87   83   -2   27   +4   27    4   5  0  0 L3E BC
E11 FF 61069 031800  780 130 1989   -37982881  -1665          14    -35   30  87  353 +156  129  +32  129   32  20  0  0 L3E 8E
E21 FF 61069 031800  780 146  316    +7180581    +59          34    +34   19  84  315  +56   86   -6   86   -6  13  0  0 L3E F4
E23 FF 61069 031800  780 316  842     +234808    -12          28    -24   26  84  154  -11   32  +11   32   11  16  0  0 L3E D1
E31 FF 61069 031800  780 184 1376    +1155336    +16          21    -11   35  85  254  -76   86  -10   86  -10  20  0  0 L3E 13
E34 FF 61069 031800  780 300 3097    +2325907    +44          22    +21   18  87  161  -10   28  -12   28  -12  11  0  0 L3E 03
E36 FF 61069 031800  780 386 2458    +5157760    +54          29     +0   14  87  129  +14   37   +8   37    8   8  0  0 L3E DE
E04 FF 61069 033400  780 433  851     +554570    +63          11    -45   14  89  118  +11   50  +27   50   27   8  0  0 L3E CD
E05 FF 61069 033400  780 269 2717      -86989     -6          36    +23   21  86  178  -31   20  -24   20  -24  13  0  0 L3E EC
E06 FF 61069 033400  780 706  790    +2255719    +65          22    +16   14  89   86   +3   37   -6   37   -6   8  0  0 L3E C1
E09 FF 61069 033400  780 805 2971    +1921920   +139          21    -15    9  89   82   -1   29   +8   29    8   5  0  0 L3E C6
E21 FF 61069 033400  780 116  277    +7180594    -12          23    -37   25  84  391 +107  111  +40  111   40  17  0  0 L3E 1C
E23 FF 61069 033400  780 336  777     +234811    +16          20     +5   21  84  146   -6   34   -4   34   -4  13  0  0 L3E 9D
E31 FF 61069 033400  780 240 1349    +1155368    +18          27     -9   25  85  198  -45   65   -7   65   -7  15  0  0 L3E FA
E34 FF 61069 033400  780 314 3036    +2325928    +24          22     +1   19  89  155   -4   25   -5   25   -5  12  0  0 L3E C6
E36 FF 61069 033400  780 337 2408    +5157812   +104          30    +50   17  89  145  +20   48  -15   48  -15  11  0  0 L3E 23
E04 FF 61069 035000  780 382  891     +554671    +77          10    -31   14  90  130  +15   54  +25   54   25   9  0  0 L3E CE
E05 FF 61069 035000  780 317 2754      -87031    -32          20     -4   16  91  153  -22   25   +3   25    3  11  0  0 L3E 95
E06 FF 61069 035000  780 652  848    +2255767    +53          24     +4    9  91   89   +4   35   +0   35    0   6  0  0 L3E 82
E09 FF 61069 035000  780 848 3299    +1922071   +148          25     -6    9  91   81   +0   25   +3   25    3   5  0  0 L3E A4
E23 FF 61069 035000  780 345  709     +234817    +21          11     +9   20  91  142   -2   36  -10   36  -10  11  0  0 L3E AD
E31 FF 61069 035000  780 295 1317    +1155389    +21          22     -5   17  91  164  -29   50   -3   50   -3  10  0  0 L3E D1
E34 FF 61069 035000  780 318 2971    +2325952     -4          25    -27   21  90  153   +1   22  +18   22   18  12  0  0 L3E D6
E36 FF 61069 035000  780 284 2366    +5157864    +93          31    +39   18  90  169  +30   61   +2   61    2  11  0  0 L3E EA
E04 FF 61069 041800  780 296  960     +554860    +85          18    -22   21  90  163  +25   56  +22   56   22  13  0  0 L3E E9
E05 FF 61069 041800  780 405 2816      -87072     +8          30    +37   17  93  124  -13   16  -25   16  -25  10  0  0 L3E D9
E06 FF 61069 041800  780 559  937    +2255847    +94          21    +45   11  91   97   +6   40  -25   40  -25   6  0  0 L3E E1
E09 FF 61069 041800  780 821  689    +1922338   +136          32    -18    9  93   82   +1   23   +9   23    9   5  0  0 L3E B0
E15 FF 61069 041800  780 126 3361    +2318956    +76          27    +48   31  89  365  -84   81  -34   81  -34  19  0  0 L3E 38
E23 FF 61069 041800  780 335  594     +234854    +69          27    +57   15  93  146   +6   23  -38   23  -38   9  0  0 L3E E9
E31 FF 61069 041800  780 387 1245    +1155434    +27          22     +1   14  93  129  -15   36  -10   36  -10   8  0  0 L3E E5
E34 FF 61069 041800  780 298 2856    +2325993    +36          26    +13   21  90  162  +10   18   -9   18   -9  13  0  0 L3E 00
E36 FF 61069 041800  780 187 2309    +5157947    +63          23     +9   24  90  249  +72  100   +9  100    9  14  0  0 L3E 02
E04 FF 61069 043400  780 247  999     +554977   +131          32    +24   18  95  192  +36   55  -15   55  -15  11  0  0 L3E 1A
E05 FF 61069 043400  780 457 2848      -87108    -40          23    -11   16  95  113  -10   20  +10   20   10  10  0  0 L3E C4
E06 FF 61069 043400  780 506  984    +2255892    +73          19    +23   13  91  104   +8   43  -12   43  -12   7  0  0 L3E E1
E09 FF 61069 043400  780 771  866    +1922485   +182          32    +28   12  95   83   +2   23  -17   23  -17   7  0  0 L3E EF
E15 FF 61069 043400  780 151 3317    +2318986    +55          32    +28   33  95  305  -44   65  -31   65  -31  21  0  0 L3E 1B
E23 FF 61069 043400  780 316  535     +234852    +43          15    +31   17  95  154  +11   31  -17   31  -17  10  0  0 L3E DB
E31 FF 61069 043400  780 434 1190    +1155467    +11          30    -15   18  95  118  -10   25   +3   25    3  10  0  0 L3E C9
E34 FF 61069 043400  780 274 2795    +2326009    +16          25     -7   17  95  175  +17   24  +11   24   11  11  0  0 L3E F1
E36 FF 61069 043400  780 132 2282    +5158001    +62          25     +8   22  90  348 +143  113  +12  113   12  14  0  0 L3E 0D
E04 FF 61069 045000  780 199 1038     +555068    +81          19    -26   20  97  235  +55   76  +35   76   35  14  0  0 L3E 0C
E05 FF 61069 045000  780 510 2878      -87126    -20          32     +9   11  97  104   -8   12   -8   12   -8   7  0  0 L3E 97
E06 FF 61069 045000  780 454 1029    +2255945    +57          25     +8   14  97  113  +11   43   +2   43    2   8  0  0 L3E BA
E09 FF 61069 045000  780 717  967    +1922633   +172          31    +18    9  96   85   +3   24   -9   24   -9   5  0  0 L3E C3
E15 FF 61069 045000  780 169 3268    +2319015    -28          35    -55   24  97  274  -22   54  +26   54   26  14  0  0 L3E 18
E23 FF 61069 045000  780 287  485     +234868    -38          19    -50   16  95  167  +18   30  +28   30   28  11  0  0 L3E F6
E31 FF 61069 045000  780 474 1121    +1155487    +56          26    +30   14  97  110   -7   22  -23   22  -23   9  0  0 L3E E1
E34 FF 61069 045000  780 241 2739    +2326038    +44          32    +21   15  96  196  +28   24   +5   24    5   9  0  0 L3E D3
E04 FF 61069 050600  780 151 1075     +555173    +92          19    -15   26  98  305  +94   93  +26   93   26  18  0  0 L3E 0A
E05 FF 61069 050600  780 565 2902      -87163    -27          22     +1   11  98   97   -6   17   +2   17    2   6  0  0 L3E 7E
E06 FF 61069 050600  780 401 1072    +2255988    +60          21    +11   13  98  125  +14   50   +4   50    4   8  0  0 L3E BF
E09 FF 61069 050600  780 663 1040    +1922790   +176          41    +22    9  96   88   +4   21  -11   21  -11   5  0  0 L3E D8
E15 FF 61069 050600  780 179 3215    +2319030    +10          25    -17   23  98  260   -7   52   +4   52    4  14  0  0 L3E C4
E23 FF 61069 050600  780 252  444     +234892     -5          32    -17   11  95  189  +28   25  +19   25   19   7  0  0 L3E CD
E31 FF 61069 050600  780 504 1039    +1155500    +35          14     +8   13  98  105   -4   28   -3   28   -3   7  0  0 L3E AD
E34 FF 61069 050600  780 202 2690    +2326054    +33          26    +11   20  98  231  +46   32   +0   32    0  12  0  0 L3E BE
E03 FF 61069 052200  780 108 2914      -34869    -33           7    -56   24 100  424 -182   37  +36   37   36  15  0  0 L3E FC
E04 FF 61069 052200  780 104 1112     +555273    +58          13    -49  118 100  435 +191  122  +47  122   47  70  0  0 L3E 3C
E05 FF 61069 052200  780 620 2918      -87182     -4          31    +25   13 100   92   -5   14  -13   14  -13   8  0  0 L3E A8
E06 FF 61069 052200  780 349 1113    +2256046    +36          32    -13   18  98  141  +19   50  +13   50   13  10  0  0 L3E F0
E09 FF 61069 052200  780 607 1099    +1922926   +169          29    +15   11  96   93   +5   29   -2   29   -2   7  0  0 L3E E5
E15 FF 61069 052200  780 179 3160    +2319069    +63          38    +36   23 100  260   +6   39  -21   39  -21  14  0  0 L3E 0C
E23 FF 61069 052200  780 211  412     +234903    +50          34    +38   19 100  223  +44   30   -3   30   -3  13  0  0 L3E AF
E31 FF 61069 052200  780 522  946    +1155528    +56          17    +30   14 100  102   -1   24  -18   24  -18   8  0  0 L3E DC
E34 FF 61069 052200  780 159 2646    +2326083    +44          34    +21   20 100  290  +81   40   -7   40   -7  14  0  0 L3E ED
E03 FF 61069 053800  780 156 2941      -34839    +13          16     -9   24 101  298  -92   29  +12   29   12  15  0  0 L3E ED
E05 FF 61069 053800  780 677 2921      -87208     -2          32    +27   10 101   87   -4   13  -13   13  -13   6  0  0 L3E B2
E06 FF 61069 053800  780 298 1152    +2256086    +32          24    -17   19 101  162  +26   69  +30   69   30  12  0  0 L3E 19
E09 FF 61069 053800  780 552 1152    +1923086   +152          35     -2   14 101   98   +7   28   +5   28    5   8  0  0 L3E C5
E15 FF 61069 053800  780 170 3105    +2319093    +82          36    +55   20 101  273  +21   30  -42   30  -42  14  0  0 L3E 09
E23 FF 61069 053800  780 166  390     +234907    +51          27    +40   24 101  278  +75   47  -16   47  -16  15  0  0 L3E 09
E31 FF 61069 053800  780 524  849    +1155559    +41          23    +15   21 101  102   +1   19  -12   19  -12  12  0  0 L3E E9
E34 FF 61069 053800  780 113 2607    +2326087     -1          16    -23   24 100  402 +164   65  +35   65   35  15  0  0 L3E 0D
E03 FF 61069 055400  780 205 2965      -34803    +14          30     -9   20 103  229  -55   18   -3   18   -3  12  0  0 L3E BF
E05 FF 61069 055400  780 733 2898      -87238    -13          30    +15   11 103   84   -3   16   -7   16   -7   6  0  0 L3E B1
E06 FF 61069 055400  780 246 1190    +2256140    +63          30    +14   18 103  193  +39   89  +24   89   24  11  0  0 L3E 17
E09 FF 61069 055400  780 496 1199    +1923229   +140          29    -15   15 103  106   +9   41  +19   41   19   8  0  0 L3E 13
E15 FF 61069 055400  780 153 3052    +2319120    +32          36     +5   26 103  302  +41   23   -3   23   -3  16  0  0 L3E C9
E23 FF 61069 055400  780 119  375     +234917    +71          26    +59   25 103  382 +149   66   -9   66   -9  15  0  0 L3E 0B
E31 FF 61069 055400  780 512  758    +1155585    +30          25     +4   12 101  104   +3   20   +3   20    3   7  0  0 L3E 89
E03 FF 61069 061000  780 256 2984      -34773     +8          38    -15   23 105  187  -36   11  +13   11   13  15  0  0 L3E DC
E05 FF 61069 061000  780 787 2810      -87277    -33          19     -5    8 105   82   -2   25   +9   25    9   5  0  0 L3E 89
E06 FF 61069 061000  780 195 1225    +2256187    +52          29     +3   24 105  240  +62  135  +58  135   58  14  0  0 L3E 26
E09 FF 61069 061000  780 439 1242    +1923376   +170          28    +16   14 103  116  +12   59  +13   59   13   8  0  0 L3E 12
E15 FF 61069 061000  780 128 3001    +2319130     +9          21    -18   21 105  357  +78   34  +11   34   11  14  0  0 L3E E5
E25 FF 61069 061000  780 111 1980     -219079    +43          19    +43   21 105  414 -209  135  -13  135  -13  13  0  0 L3E 36
E31 FF 61069 061000  780 487  680    +1155609    +10          24    -16   16 101  107   +5   28  +18   28   18   9  0  0 L3E DD
E03 FF 61069 062600  780 308 2999      -34767    +19          22     -4   22 106  158  -25   21   +4   21    4  13  0  0 L3E BF
E05 FF 61069 062600  780 828 2537      -87298    -21          27     +8   10 106   81   +0   26   +2   26    2   6  0  0 L3E 8C
E06 FF 61069 062600  780 144 1258    +2256232    +59          25    +10   30 106  320 +111  205  +73  205   73  20  0  0 L3E 30
E09 FF 61069 062600  780 383 1281    +1923525   +182          29    +28   16 103  130  +17   82  +12   82   12   9  0  0 L3E 17
E25 FF 61069 062600  780 169 1992     -219088     -1          11     +0   21 106  277  -95  143   +4  143    4  13  0  0 L3E E4
E31 FF 61069 062600  780 452  618    +1155647    +43          36    +17   14 101  114   +8   27   +1   27    1   9  0  0 L3E B4
E03 FF 61069 064200  780 361 3007      -34735     +5          32    -18   16 108  137  -18   21  +20   21   20  11  0  0 L3E C3
E05 FF 61069 064200  780 825 2050      -87325    -30          27     -1    8 108   82   +1   37  +14   37   14   4  0  0 L3E 92
E09 FF 61069 064200  780 327 1318    +1923678   +174          34    +20   17 103  149  +23  114  +30  114   30  10  0  0 L3E 3A
E25 FF 61069 064200  780 228 2007     -219075     +7          23     +8   21 107  209  -53  131  -15  131  -15  13  0  0 L3E 00
E31 FF 61069 064200  780 409  573    +1155665    -25          29    -51   19 108  123  +12   43  +45   43   45  11  0  0 L3E 04
E03 FF 61069 065800  780 414 3007      -34719     -6          26    -29   14 109  122  -13   35  +28   35   28   8  0  0 L3E D7
E05 FF 61069 065800  780 780 1796      -87359    +24          20    +53    9 109   83   +2   52  -18   52  -18   5  0  0 L3E D5
E09 FF 61069 065800  780 272 1352    +1923829   +135          32    -19   18 109  176  +34  153  +60  153   60  10  0  0 L3E 56
E25 FF 61069 065800  780 288 2024     -219078     +5          20     +6   21 107  168  -34  128   -9  128   -9  13  0  0 L3E FD
E31 FF 61069 065800  780 362  543    +1155682    +45          21    +18   18 109  136  +16   64   +0   64    0  11  0  0 L3E DA
E03 FF 61069 071400  780 467 2996      -34705     +9          20    -13   13 111  111  -10   48  +20   48   20   8  0  0 L3E C2
E05 FF 61069 071400  780 721 1710      -87387    -51          19    -22   15 111   85   +3   69  +31   69   31   8  0  0 L3E C7
E09 FF 61069 071400  780 216 1382    +1923961    +93          15    -62   25 111  218  +54  218 +111  218  111  15  0  0 L3E 58
E25 FF 61069 071400  780 349 2043     -219067     +0          33     +1   14 107  141  -23  115   -7  115   -7   8  0  0 L3E CC
E31 FF 61069 071400  780 313  526    +1155715     +4          28    -22   15 111  155  +23   81  +31   81   31   8  0  0 L3E CD
E03 FF 61069 073000  780 519 2969      -34694    +29          11     +6   14 113  103   -7   64   +8   64    8   8  0  0 L3E A9
E05 FF 61069 073000  780 658 1680      -87409    -19          24    +10   10 113   89   +5   84  +13   84   13   6  0  0 L3E C5
E09 FF 61069 073000  780 161 1410    +1924115   +112          21    -43   28 113  287  +96  291 +100  291  100  17  0  0 L3E 5A
E25 FF 61069 073000  780 410 2064     -219073     +1          25     +2   16 113  123  -16  116   -5  116   -5  10  0  0 L3E CA
E31 FF 61069 073000  780 262  518    +1155740     +7          28    -19   14 113  182  +34  106  +42  106   42   9  0  0 L3E FA
E03 FF 61069 074600  780 567 2922      -34661    +23          24     +0   12 114   97   -5   67   +9   67    9   7  0  0 L3E 9A
E05 FF 61069 074600  780 594 1672      -87430    -40          31    -11   13 114   94   +7  100  +24  100   24   8  0  0 L3E D3
E09 FF 61069 074600  780 107 1435    +1924269    +25          25   -130  140 113  425 +208  368 +184  368  184  82  0  0 L3E AA
E25 FF 61069 074600  780 473 2086     -219067     -8          31     -7   14 114  110  -12  110   +3  110    3   8  0  0 L3E BD
E31 FF 61069 074600  780 211  519    +1155750    +34          13     +7   16 114  223  +53  144  +34  144   34  10  0  0 L3E 00
E03 FF 61069 080200  780 608 2847      -34630    +16          34     -7   14 116   93   -3   74  +22   74   22   8  0  0 L3E AE
E05 FF 61069 080200  780 529 1675      -87464    -48          26    -20   14 116  101   +9  128  +38  128   38   7  0  0 L3E 07
E08 FF 61069 080200  780 138 3143     +820581    +54          40    -15   18 112  336 -123   83  +29   83   29  11  0  0 L3E 16
E25 FF 61069 080200  780 535 2110     -219076    -14          23    -13   16 116  101   -8  117  +11  117   11   9  0  0 L3E EA
E31 FF 61069 080200  780 160  526    +1155791    +32          27     +6   32 116  290  +90  167  +35  167   35  21  0  0 L3E 14
E03 FF 61069 081800  780 638 2739      -34611    +44          31    +21   12 116   90   -2   90   +4   90    4   7  0  0 L3E 94
E05 FF 61069 081800  780 463 1682      -87487    -49          30    -21   15 117  111  +12  156  +48  156   48   9  0  0 L3E 1E
E08 FF 61069 081800  780 188 3143     +820632    +34          25    -35   27 112  249  -66  105  +30  105   30  17  0  0 L3E 27
E25 FF 61069 081800  780 598 2134     -219070    -18          30    -18   16 117   93   -6  117  +17  117   17   9  0  0 L3E 06
E31 FF 61069 081800  780 109  538    +1155808    +16          19    -10   24 117  414 +183  214  +53  214   53  15  0  0 L3E 38
E02 FF 61069 083400  780 135 2305     -139943    -12          20    +17   28 119  344 -131  324  -25  324  -25  20  0  0 L3E 3B
E03 FF 61069 083400  780 650 2603      -34599     +2          22    -21   14 116   89   +0  112  +26  112   26   9  0  0 L3E C3
E05 FF 61069 083400  780 399 1691      -87508    +18          34    +47   18 119  126  +17  190  +20  190   20  11  0  0 L3E 23
E08 FF 61069 083400  780 239 3136     +820697    +70          23     +2   21 119  199  -40  109   +2  109    2  13  0  0 L3E F4
E25 FF 61069 083400  780 661 2157     -219074    -52          27    -51   14 119   88   -4  120  +31  120   31   8  0  0 L3E F2
E02 FF 61069 085000  780 186 2337     -139964    -37          26     -8   34 121  252  -69  304  -12  304  -12  22  0  0 L3E 2A
E03 FF 61069 085000  780 642 2462      -34577    +10          23    -13   16 121   90   +1  123  +19  123   19   9  0  0 L3E D1
E05 FF 61069 085000  780 335 1701      -87546    +19          24    +47   13 120  146  +25  237  +15  237   15   8  0  0 L3E 07
E08 FF 61069 085000  780 288 3119     +820777    +28          37    -40   13 121  168  -26  107  +37  107   37   9  0  0 L3E 2D
E25 FF 61069 085000  780 724 2176     -219069     -2          33     -2   11 119   85   -3  116   -4  116   -4   6  0  0 L3E B9
E33 FF 61069 085000  780 111  348      +29283    -19          23    -30   35 121  410  -44  207  +20  207   20  21  0  0 L3E E8
E02 FF 61069 090600  780 238 2371     -139992    -36          26     -7   20 122  200  -42  272  -34  272  -34  13  0  0 L3E 23
E03 FF 61069 090600  780 615 2338      -34554    +40          23    +17   18 122   92   +3  134   -3  134   -3  10  0  0 L3E C9
E05 FF 61069 090600  780 273 1710      -87576     -4          21    +24   19 120  175  +38  284  +34  284   34  12  0  0 L3E 0E
E08 FF 61069 090600  780 334 3093     +820837   +103          30    +34   21 122  147  -18  117  -12  117  -12  13  0  0 L3E 35
E25 FF 61069 090600  780 785 2184     -219079    +26          24    +27   13 119   82   -2  120  -16  120  -16   7  0  0 L3E 06
E33 FF 61069 090600  780 119  297      +29290    +65          21    +54   26 122  384  -12  212  -19  212  -19  15  0  0 L3E 14
E02 FF 61069 092200  780 290 2407     -140023    +20          24    +49   25 124  166  -28  231  -81  231  -81  16  0  0 L3E 24
E03 FF 61069 092200  780 573 2244      -34532    +16          24     -7   18 122   96   +5  143  +16  143   16  11  0  0 L3E D7
E05 FF 61069 092200  780 211 1718      -87582    +40          42    +68   11 120  222  +62  315   +3  315    3   8  0  0 L3E D3
E08 FF 61069 092200  780 376 3054     +820904    +79          31    +11   15 124  132  -12  125   +5  125    5   9  0  0 L3E EA
E12 FF 61069 092200  780 129  763     +222036     +3           0    -24   62 124  356 -102  320  -26  320  -26  38  0  0 L3E FD
E25 FF 61069 092200  780 845 2133     -219062     +5          42     +6   10 119   81   -1  108   -2  108   -2   6  0  0 L3E A9
E33 FF 61069 092200  780 118  245      +29290    +12          10     +1   17 124  386  +16  230  +14  230   14  10  0  0 L3E D0
E02 FF 61069 093800  780 343 2446     -140046    -40          29    -11   14 125  143  -20  199  -12  199  -12   8  0  0 L3E 23
E03 FF 61069 093800  780 522 2177      -34509    +21          25     -2   16 122  102   +8  156  +16  156   16   9  0  0 L3E DD
E05 FF 61069 093800  780 152 1724      -87626    -28          26     +0   23 125  305 +116  387  +77  387   77  14  0  0 L3E 35
E08 FF 61069 093800  780 412 3002     +820966    +66          29     -3   16 125  123   -8  137  +11  137   11  10  0  0 L3E FE
E12 FF 61069 093800  780 164  716     +222084    +23          24     -3   30 124  283  -55  284   +3  284    3  19  0  0 L3E E2
E25 FF 61069 093800  780 883 1157     -219061     +3          43     +4   14 125   81   +0  109   +0  109    0   7  0  0 L3E A1
E33 FF 61069 093800  780 108  195      +29313     -4          23    -15   23 125  417  +50  244  +53  244   53  15  0  0 L3E F0
E02 FF 61069 095400  780 396 2486     -140082     -1          20    +28   22   0  127  -15  185  -25  185  -25  13  0  0 L3E FE
E03 FF 61069 095400  780 465 2129      -34484    +34          27    +12   16   0  111  +11  170  +12  170   12  10  0  0 L3E D2
E08 FF 61069 095400  780 439 2937     +821037   +121          34    +53   12   0  116   -5  141  -22  141  -22   7  0  0 L3E F4
E10 FF 61069 095400  780 167  906    +7678973    +59          20    +33   32   0  279  -71  318  -59  318  -59  20  0  0 L3E 3C
E12 FF 61069 095400  780 193  664     +222108    +25          23     -1   26 124  243  -31  273   -2  273   -2  17  0  0 L3E E2
E25 FF 61069 095400  780 831  698     -219064    -33          40    -32    9 126   81   +1  114  +27  114   27   6  0  0 L3E D8
E02 FF 61069 101000  780 448 2529     -140092    -34          36     -5   15   2  115  -11  169   -5  169   -5   9  0  0 L3E C7
E03 FF 61069 101000  780 405 2095      -34466    +49          22    +27   17   2  124  +16  198  +15  198   15  10  0  0 L3E EB
E07 FF 61069 101000  780 100 3283     +417678    +22           8     -1   28   2  455 -201  215  +17  215   17  17  0  0 L3E E2
E08 FF 61069 101000  780 455 2861     +821100    +65          32     -4   14   2  113   -2  148  +13  148   13   8  0  0 L3E B6
E10 FF 61069 101000  780 208  860    +7678992     +2          15    -24   21   2  227  -41  295  -17  295  -17  11  0  0 L3E 04
E11 FF 61069 101000  780 134 1129   -38023188  -1562          -7    +67   38 125  344 -130  396  -79  396  -79  22  0  0 L3E A9
E12 FF 61069 101000  780 214  609     +222134    +53          23    +27   21 124  220  -17  274  -27  274  -27  14  0  0 L3E 08
E25 FF 61069 101000  780 773  679     -219078    +22          27    +23   11 126   83   +2  132   -9  132   -9   7  0  0 L3E CC
E02 FF 61069 102600  780 501 2574     -140120    -15          35    +14   13   3  105   -8  160  -14  160  -14   8  0  0 L3E C9
E03 FF 61069 102600  780 344 2070      -34441    +52          24    +29   16   3  142  +23  233  +29  233   29  10  0  0 L3E D8
E07 FF 61069 102600  780 144 3261     +417714    +32          23     +9   17   3  322  -94  215   +3  215    3  11  0  0 L3E BA
E08 FF 61069 102600  780 458 2778     +821167    +18          32    -50   18   3  113   +1  157  +36  157   36  11  0  0 L3E F9
E10 FF 61069 102600  780 243  808    +7679034    +60          33    +33   20   3  196  -25  268  -61  268  -61  11  0  0 L3E 17
E11 FF 61069 102600  780 185 1093   -38024729  -1637          19     -8   23   3  254  -68  326  -37  326  -37  15  0  0 L3E 65
E12 FF 61069 102600  780 227  551     +222168     -9          32    -36   16 124  208   -7  263  +20  263   20  10  0  0 L3E DF
E25 FF 61069 102600  780 717  698     -219079    -57          27    -56    7 126   85   +3  136  +37  136   37   4  0  0 L3E F5
E02 FF 61069 104200  780 555 2622     -140154     +6          29    +35   12   5   98   -7  161  -21  161  -21   7  0  0 L3E BD
E03 FF 61069 104200  780 283 2051      -34419    -18          24    -41   17   5  169  +34  272  +66  272   66   9  0  0 L3E EA
E07 FF 61069 104200  780 184 3232     +417734    +28          21     +5   29   5  255  -52  229   +5  229    5  18  0  0 L3E D4
E08 FF 61069 104200  780 448 2694     +821240    +78          39    +10   14   4  114   +3  167   +6  167    6   9  0  0 L3E C5
E10 FF 61069 104200  780 271  750    +7679049    +47          22    +21   24   3  177  -15  253  -22  253  -22  16  0  0 L3E 0D
E11 FF 61069 104200  780 233 1053   -38026291  -1600          19    +29   19   5  203  -40  301  -48  301  -48  12  0  0 L3E 46
E12 FF 61069 104200  780 230  492     +222179    +30          19     +4   24   5  205   +1  275   -8  275   -8  15  0  0 L3E AB
E25 FF 61069 104200  780 661  728     -219078    -71          28    -71   16 126   88   +4  145  +52  145   52   9  0  0 L3E F7
E02 FF 61069 105800  780 608 2673     -140182    -13          27    +16   11   6   93   -5  159   -5  159   -5   6  0  0 L3E C1
E03 FF 61069 105800  780 223 2035      -34391    +18          29     -4   22   6  211  +55  308  +42  308   42  14  0  0 L3E D2
E07 FF 61069 105800  780 219 3194     +417753    +22          17     -1   28   6  216  -31  240   +7  240    7  18  0  0 L3E CF
E08 FF 61069 105800  780 426 2617     +821300    +65          32     -4   16   4  119   +7  183  +18  183   18   9  0  0 L3E D7
E10 FF 61069 105800  780 291  688    +7679071    +29          19     +3   23   3  166   -8  245  -17  245  -17  14  0  0 L3E 08
E11 FF 61069 105800  780 279 1006   -38027863  -1596          11    +33   20   6  173  -25  279  -35  279  -35  13  0  0 L3E 73
E12 FF 61069 105800  780 224  435     +222210     +4          25    -22   22   6  211  +10  275  +35  275   35  13  0  0 L3E BF
E25 FF 61069 105800  780 606  763     -219080     +2          25     +2   15   6   93   +5  158  +10  158   10   9  0  0 L3E 97
E02 FF 61069 111400  780 661 2728     -140211    -17          25    +11   12   8   88   -4  161  -10  161  -10   7  0  0 L3E C1
E03 FF 61069 111400  780 164 2021      -34377    -32          20    -55   18   8  283  +99  360  +87  360   87  12  0  0 L3E FD
E07 FF 61069 111400  780 247 3149     +417774    +26          18     +2   21   8  193  -19  252   +5  252    5  12  0  0 L3E D1
E08 FF 61069 111400  780 393 2548     +821361    +48          28    -21   16   4  127  +10  206  +41  206   41   9  0  0 L3E EB
E10 FF 61069 111400  780 300  624    +7679101    +30          24     +4   21   3  161   -2  241   +6  241    6  12  0  0 L3E 93
E11 FF 61069 111400  780 319  952   -38029419  -1655          18    -26   20   6  153  -16  248   +1  248    1  14  0  0 L3E 20
E12 FF 61069 111400  780 208  382     +222252    -13          44    -39   19   8  225  +21  281  +47  281   47  12  0  0 L3E EA
E25 FF 61069 111400  780 552  800     -219072     +2          34     +2   11   8   98   +7  164   +9  164    9   6  0  0 L3E 75
E30 FF 61069 111400  780 136 2663    +6781623   +407          24     +2   25   8  341 -115  345  -18  345  -18  16  0  0 L3E 3A
E36 FF 61069 111400  780 134 1441    +5159308    +93          26    +39   38   8  347 -148  403  -92  403  -92  25  0  0 L3E 4C
E02 FF 61069 113000  780 715 2792     -140235    -28          29     +1   10  10   85   -3  153   -5  153   -5   6  0  0 L3E A7
E03 FF 61069 113000  780 107 2007      -34364    -13          11    -36   20   9  426 +218  418  +86  418   86  12  0  0 L3E FE
E07 FF 61069 113000  780 267 3096     +417799    +38          23    +15   16  10  179  -10  252  -16  252  -16  10  0  0 L3E 25
E08 FF 61069 113000  780 352 2489     +821426    +50          25    -19   19  10  140  +16  226  +20  226   20  12  0  0 L3E 00
E10 FF 61069 113000  780 299  560    +7679117    +11          20    -15   22  10  161   +3  251   -1  251   -1  13  0  0 L3E CD
E11 FF 61069 113000  780 352  890   -38030984  -1623          16     +6   16   6  140  -10  229  -21  229  -21  11  0  0 L3E 29
E12 FF 61069 113000  780 184  334     +222290    +53          59    +27   25  10  253  +38  301  +14  301   14  16  0  0 L3E E6
E25 FF 61069 113000  780 500  839     -219074    +12          32    +12   13  10  105   +8  180  +13  180   13   7  0  0 L3E BE
E30 FF 61069 113000  780 182 2699    +6781999   +424          12    +20   19  10  257  -65  326  -45  326  -45  12  0  0 L3E 5E
E36 FF 61069 113000  780 192 1420    +5159363    +44          29    -11   21  10  245  -74  351  -23  351  -23  12  0  0 L3E 23
E02 FF 61069 114600  780 769 2873     -140264    -30          29     -1   11  11   83   -2  149   -3  149   -3   6  0  0 L3E B9
E07 FF 61069 114600  780 279 3038     +417833    +42          35    +19   14  11  172   -4  239   -9  239   -9  10  0  0 L3E FB
E08 FF 61069 114600  780 305 2440     +821504    +72          35     +3   16  11  158  +23  239  +26  239   26  10  0  0 L3E F8
E10 FF 61069 114600  780 288  499    +7679133    +61          12    +36   21  11  167   +9  267   +1  267    1  12  0  0 L3E EC
E11 FF 61069 114600  780 376  821   -38032549  -1623          20     +6   20  11  132   -6  223   -9  223   -9  12  0  0 L3E 08
E12 FF 61069 114600  780 152  294     +222289     +5          34    -20   18  10  303  +67  336  +27  336   27  11  0  0 L3E E9
E25 FF 61069 114600  780 448  879     -219080     -4          27     -3   15  10  114  +11  195  +15  195   15   9  0  0 L3E D8
E30 FF 61069 114600  780 229 2734    +6782402   +423          28    +19   18  11  207  -42  290  -50  290  -50  11  0  0 L3E 44
E36 FF 61069 114600  780 251 1397    +5159412    +93          25    +38   26  11  191  -44  310 -111  310 -111  16  0  0 L3E 4E
E02 FF 61069 120200  780 821 3006     -140297    -11          26    +18   13  13   82   -1  153   -8  153   -8   7  0  0 L3E B7
E07 FF 61069 120200  780 280 2977     +417844    +37          25    +14   23  13  171   +2  254   -8  254   -8  14  0  0 L3E F0
E08 FF 61069 120200  780 255 2399     +821563    +93          26    +24   16  13  187  +36  271  +13  271   13  10  0  0 L3E 15
E10 FF 61069 120200  780 267  444    +7679179    +58          32    +32   21  13  179  +16  269   -9  269   -9  13  0  0 L3E 1D
E11 FF 61069 120200  780 388  748   -38034114  -1594          19    +35   15  13  129   -2  219  -19  219  -19   9  0  0 L3E 4D
E12 FF 61069 120200  780 115  260     +222277    -15          -2    -41   25  10  395 +132  368  +33  368   33  15  0  0 L3E FF
E25 FF 61069 120200  780 397  919     -219074    +12          32    +12   14  10  126  +14  206  +10  206   10   9  0  0 L3E D6
E30 FF 61069 120200  780 278 2769    +6782795   +410          32     +5   22  13  173  -29  261  -16  261  -16  14  0  0 L3E 41
E36 FF 61069 120200  780 310 1369    +5159478    +35          40    -20   19  13  157  -28  243  -19  243  -19  11  0  0 L3E 3B
E02 FF 61069 121800  780 866 3420     -140317    -25          34     +3   11  13   81   +0  153   +2  153    2   7  0  0 L3E 8D
E07 FF 61069 121800  780 272 2915     +417864    +14          24     -9   20  14  176   +8  269  +23  269   23  11  0  0 L3E FF
E08 FF 61069 121800  780 203 2364     +821642    +61          39     -8   30  14  231  +59  303  +54  303   54  18  0  0 L3E 00
E10 FF 61069 121800  780 237  396    +7679200    +22          29     -3   23  14  200  +27  290  +19  290   19  13  0  0 L3E 02
E11 FF 61069 121800  780 389  673   -38035681  -1650          18    -20   20  14  128   +1  227  +14  227   14  12  0  0 L3E 38
E25 FF 61069 121800  780 347  959     -219073    -19          34    -19   17  10  141  +18  234  +49  234   49  10  0  0 L3E 15
E30 FF 61069 121800  780 327 2803    +6783178   +441          27    +36   22  14  149  -21  249  -30  249  -30  14  0  0 L3E 50
E36 FF 61069 121800  780 368 1335    +5159544    +19          54    -36   12  14  135  -19  218   +1  218    1   7  0  0 L3E FE
E02 FF 61069 123400  780 852  694     -140338    -23          41     +6   11  13   81   +1  158   +4  158    4   6  0  0 L3E 90
E07 FF 61069 123400  780 254 2856     +417904    -16          44    -39   18  16  187  +16  285  +61  285   61  12  0  0 L3E 30
E08 FF 61069 123400  780 150 2333     +821697    +84          25    +14   28  16  308 +107  360  +43  360   43  17  0  0 L3E 29
E10 FF 61069 123400  780 201  358    +7679244    +34          48     +8   20  16  233  +44  293   +1  293    1  12  0  0 L3E DB
E11 FF 61069 123400  780 378  602   -38037249  -1600          14    +29   20  16  132   +5  239   -9  239   -9  12  0  0 L3E 2A
E25 FF 61069 123400  780 297  998     -219088     +0          20     +0   17  10  162  +25  273  +38  273   38  10  0  0 L3E E6
E29 FF 61069 123400  780 102 3362    +1736825    +79          29    +44   32  11  444 -105  348  -13  348  -13  19  0  0 L3E 54
E30 FF 61069 123400  780 378 2834    +6783589   +453          49    +49   13  16  132  -16  231  -37  231  -37   8  0  0 L3E 56
E34 FF 61069 123400  780 102 1738    +2326696     +1          32    -23   28  16  452 -257  424  -22  424  -22  20  0  0 L3E 30
E36 FF 61069 123400  780 424 1292    +5159570    +43          29    -11   19  16  120  -13  225   +1  225    1  11  0  0 L3E F2
E02 FF 61069 125000  780 801  939     -140384    -20          22     +9   14  13   82   +1  177   +0  177    0   9  0  0 L3E 8B
E07 FF 61069 125000  780 228 2800     +417907    +17          24     -7   25  18  207  +26  330  +42  330   42  15  0  0 L3E F8
E10 FF 61069 125000  780 159  328    +7679258    +26          37     +0   29  18  290  +78  303  +16  303   16  19  0  0 L3E 16
E11 FF 61069 125000  780 355  539   -38038804  -1700          22    -71   16  18  139   +9  240  +52  240   52  10  0  0 L3E 36
E25 FF 61069 125000  780 248 1037     -219084    +45          24    +46   24  10  191  +36  312  +19  312   19  16  0  0 L3E 0E
E29 FF 61069 125000  780 123 3318    +1736865    +17          34    -18   23  11  372  -52  349   +0  349    0  14  0  0 L3E 08
E30 FF 61069 125000  780 429 2863    +6783958   +423          32    +18   12  18  119  -12  235  -27  235  -27   7  0  0 L3E 4B
E34 FF 61069 125000  780 161 1735    +2326708    +41          22    +17   21  18  290 -109  349  -31  349  -31  12  0  0 L3E 42
E36 FF 61069 125000  780 475 1235    +5159622    +72          31    +17   16  18  110   -9  218  -25  218  -25  10  0  0 L3E 21
E02 FF 61069 130600  780 746 1042     -140408    -59          26    -30   14  19   84   +2  173  +15  173   15   8  0  0 L3E DC
E07 FF 61069 130600  780 195 2749     +417934     +5          29    -18   30  19  239  +43  359  +43  359   43  18  0  0 L3E 29
E10 FF 61069 130600  780 114  306    +7679259    -88          14   -114   24  19  399 +159  300  +41  300   41  14  0  0 L3E 40
E11 FF 61069 130600  780 324  487   -38040364  -1618          28    +11   16  19  150  +15  240  -16  240  -16   9  0  0 L3E 44
E25 FF 61069 130600  780 200 1075     -219082     -5          28     -4   22  19  234  +55  350  +44  350   44  14  0  0 L3E E6
E29 FF 61069 130600  780 137 3270    +1736915    -42          44    -78   23  19  336  -24  317  +27  317   27  14  0  0 L3E 3E
E30 FF 61069 130600  780 482 2888    +6784354   +423          39    +18   14  19  108   -9  211  -39  211  -39   9  0  0 L3E 44
E34 FF 61069 130600  780 223 1733    +2326735     -4          28    -28   21  19  213  -58  351  -11  351  -11  13  0  0 L3E 1A
E36 FF 61069 130600  780 520 1162    +5159671    +51          28     -3   16  19  103   -6  205  -20  205  -20   9  0  0 L3E F3
E02 FF 61069 132200  780 690 1112     -140431    -66          32    -37   10  21   87   +3  165  +17  165   17   6  0  0 L3E D1
E07 FF 61069 132200  780 157 2703     +417964    +15          36     -8   25  21  294  +74  382  +43  382   43  16  0  0 L3E 14
E11 FF 61069 132200  780 285  445   -38041923  -1598          33    +31   16  19  168  +23  231  -39  231  -39   9  0  0 L3E 5B
E25 FF 61069 132200  780 151 1112     -219088     +6          23     +7   34  20  304  +95  382  +32  382   32  21  0  0 L3E E1
E29 FF 61069 132200  780 142 3219    +1736950    +33          44     -3   24  21  324   -3  300  -10  300  -10  15  0  0 L3E F0
E30 FF 61069 132200  780 537 2907    +6784734   +355          32    -49   10  21  100   -7  186   -4  186   -4   6  0  0 L3E 0E
E34 FF 61069 132200  780 286 1732    +2326772    +17          42     -7   16  19  169  -36  310  -60  310  -60  12  0  0 L3E 23
E36 FF 61069 132200  780 553 1070    +5159717     +3          22    -51    9  19   98   -3  188   +0  188    0   5  0  0 L3E B9
E02 FF 61069 133800  780 632 1167     -140474   -103          18    -74   12  22   90   +5  163  +32  163   32   7  0  0 L3E E8
E07 FF 61069 133800  780 115 2661     +417978    -14          27    -38   26  22  394 +144  418  +57  418   57  18  0  0 L3E 4E
E11 FF 61069 133800  780 242  415   -38043487  -1642          33    -13   16  19  196  +36  211   -3  211   -3  11  0  0 L3E 2F
E25 FF 61069 133800  780 104 1147     -219098     +8          14     +8   33  20  436 +195  404  +11  404   11  22  0  0 L3E F9
E29 FF 61069 133800  780 139 3167    +1736988    -11          48    -47   26  22  330  +17  284  +26  284   26  17  0  0 L3E 4E
E30 FF 61069 133800  780 592 2917    +6785124   +388          34    -17   11  22   94   -6  158  -13  158  -13   7  0  0 L3E 30
E34 FF 61069 133800  780 351 1730    +2326781    +14          31    -10   20  22  140  -24  261  -49  261  -49  13  0  0 L3E 26
E36 FF 61069 133800  780 571  962    +5159768    +88          21    +34   17  19   96   -1  166  -42  166  -42  10  0  0 L3E 24
E02 FF 61069 135400  780 575 1215     -140495    -90          26    -61   15  24   96   +6  150  +24  150   24   8  0  0 L3E E0
E11 FF 61069 135400  780 195  394   -38045041  -1706          42    -77   20  19  240  +58  198  +42  198   42  12  0  0 L3E 62
E27 FF 61069 135400  780 145 2964    +8932495    +62          26    -42   21  24  319 -107  297  -12  297  -12  13  0  0 L3E 63
E29 FF 61069 135400  780 128 3115    +1737000     +5          27    -31   29  24  357  +41  293  +18  293   18  17  0  0 L3E 1F
E30 FF 61069 135400  780 648 2912    +6785510   +373          32    -31    7  24   89   -4  140   +1  140    1   4  0  0 L3E CD
E34 FF 61069 135400  780 417 1726    +2326794    +49          22    +25   18  24  122  -16  201  -75  201  -75  11  0  0 L3E 36
E36 FF 61069 135400  780 572  848    +5159823    +68          24    +13   11  19   96   +1  144  -27  144  -27   6  0  0 L3E 07
E02 FF 61069 141000  780 517 1258     -140523    -30          26     -1   19  26  103   +8  145   -3  145   -3  11  0  0 L3E C0
E11 FF 61069 141000  780 145  381   -38046617  -1674          32    -45   18  26  317 +107  195  +18  195   18  12  0  0 L3E 6F
E27 FF 61069 141000  780 195 2985    +8932601   +134          32    +30   25  25  241  -61  247  -71  247  -71  16  0  0 L3E 52
E29 FF 61069 141000  780 109 3066    +1737036     -1          31    -37   24  26  415  +82  297  +44  297   44  16  0  0 L3E 26
E30 FF 61069 141000  780 703 2880    +6785897   +387          31    -17   12  25   86   -3  123   -4  123   -4   7  0  0 L3E FF
E34 FF 61069 141000  780 483 1718    +2326817    +38          25    +15   22  25  108  -12  160  -46  160  -46  13  0  0 L3E 31
E36 FF 61069 141000  780 556  744    +5159880    +40          31    -14   14  26   98   +3  126   -2  126   -2   8  0  0 L3E D0
E02 FF 61069 142600  780 460 1298     -140546    -65          30    -36   15  27  112  +11  139  +28  139   28   8  0  0 L3E 0A
E15 FF 61069 142600  780 105 2016    +2320000     +5          43    -24   21  27  440 -238  437 -166  437 -166  14  0  0 L3E 4B
E27 FF 61069 142600  780 246 3002    +8932713    +68          43    -36   23  25  194  -39  198   -2  198   -2  14  0  0 L3E 2D
E30 FF 61069 142600  780 755 2794    +6786282   +400          29     -4   13  25   83   -2  114   -8  114   -8   7  0  0 L3E F0
E34 FF 61069 142600  780 550 1702    +2326843    -10          28    -34   20  25   99   -8  129   -6  129   -6  12  0  0 L3E F6
E36 FF 61069 142600  780 526  659    +5159924    +59          22     +5   14  27  102   +5  123   -8  123   -8   8  0  0 L3E DB
E02 FF 61069 144200  780 402 1334     -140575    -44          29    -15   16  29  125  +15  144  +17  144   17   9  0  0 L3E FF
E15 FF 61069 144200  780 162 2033    +2320007    +57          24    +28   20  29  288 -103  295 -120  295 -120  13  0  0 L3E 5B
E27 FF 61069 144200  780 297 3013    +8932816   +137          46    +32   28  25  163  -27  169  -40  169  -40  17  0  0 L3E 62
E30 FF 61069 144200  780 795 2592    +6786665   +414          22     +9   10  29   82   -1  110  -10  110  -10   5  0  0 L3E FB
E34 FF 61069 144200  780 614 1671    +2326864    +21          29     -2   13  29   92   -6  111  -17  111  -17   7  0  0 L3E EC
E36 FF 61069 144200  780 486  596    +5159981    +63          27     +9   18  29  108   +8  111   -6  111   -6  10  0  0 L3E F3
E02 FF 61069 145800  780 345 1367     -140599    -33          33     -4   23  30  142  +21  152  +18  152   18  14  0  0 L3E FD
E15 FF 61069 145800  780 221 2053    +2320050    +34          39     +5   20  29  214  -56  219  -41  219  -41  13  0  0 L3E 12
E27 FF 61069 145800  780 350 3018    +8932906    +94          36    -11   18  25  141  -19  156  -11  156  -11  11  0  0 L3E 3E
E30 FF 61069 145800  780 803 2250    +6787064   +407          33     +3   13  30   82   +0  105   +1  105    1   8  0  0 L3E BB
E34 FF 61069 145800  780 675 1612    +2326880    +34          23    +11   15  30   87   -4  104  -10  104  -10   9  0  0 L3E F3
E36 FF 61069 145800  780 439  553    +5160021    +44          15     -9   18  30  116  +11  121   +5  121    5  10  0  0 L3E CA
E02 FF 61069 151400  780 288 1398     -140634    -18          25    +11   22  32  167  +31  174  +10  174   10  13  0  0 L3E 06
E15 FF 61069 151400  780 281 2076    +2320066    +40          28    +11   16  29  171  -35  192  -44  192  -44  10  0  0 L3E 2C
E27 FF 61069 151400  780 403 3014    +8933000    +96          31     -9   15  32  125  -14  143   -7  143   -7   9  0  0 L3E E9
E30 FF 61069 151400  780 771 1976    +6787440   +413          22     +9   10  32   83   +2  112   -1  112   -1   5  0  0 L3E CF
E34 FF 61069 151400  780 728 1500    +2326909    +11          29    -12   11  32   85   -2   98   +2   98    2   7  0  0 L3E B0
E36 FF 61069 151400  780 388  527    +5160085    +47          28     -7   13  32  128  +15  117   +5  117    5   8  0  0 L3E DB
E02 FF 61069 153000  780 231 1426     -140664    -61          21    -32   19  34  205  +48  192  +37  192   37  12  0  0 L3E 0C
E15 FF 61069 153000  780 342 2102    +2320091    +74          26    +46   16  29  144  -23  164  -50  164  -50  10  0  0 L3E 1E
E27 FF 61069 153000  780 455 2998    +8933095   +122          25    +17   13  34  113  -10  130  -26  130  -26   8  0  0 L3E 38
E30 FF 61069 153000  780 719 1845    +6787829   +411          21     +6   11  34   85   +3  114   -2  114   -2   6  0  0 L3E DC
E34 FF 61069 153000  780 764 1297    +2326945    +62          41    +38   13  34   83   -1   87  -29   87  -29   7  0  0 L3E FF
E36 FF 61069 153000  780 336  514    +5160139    +93          30    +39   19  34  146  +21  113  -24  113  -24  11  0  0 L3E 13
E02 FF 61069 154600  780 175 1451     -140687     -8          25    +21   23  35  266  +83  206   -2  206   -2  14  0  0 L3E E9
E15 FF 61069 154600  780 403 2131    +2320107    +30          18     +1   14  35  125  -16  152  -28  152  -28   8  0  0 L3E FA
E27 FF 61069 154600  780 505 2967    +8933188   +111          18     +7   16  35  105   -8  122  -17  122  -17  10  0  0 L3E 30
E30 FF 61069 154600  780 659 1786    +6788220   +413          23     +8   10  35   88   +4  113   -5  113   -5   6  0  0 L3E EA
E34 FF 61069 154600  780 768 1026    +2326978    +30          49     +7   11  35   83   +0   75  -11   75  -11   6  0  0 L3E D8
E36 FF 61069 154600  780 283  512    +5160195    +57          34     +4   15  35  170  +30  107  -12  107  -12   9  0  0 L3E F8
E02 FF 61069 160200  780 120 1473     -140697    -36          41     -7   26  37  381 +171  207  +12  207   12  16  0  0 L3E 0A
E15 FF 61069 160200  780 465 2164    +2320150    +42          34    +14   12  37  111  -12  121  -23  121  -23   8  0  0 L3E F9
E27 FF 61069 160200  780 550 2916    +8933288   +130          18    +26   11  35   99   -5  109  -29  109  -29   6  0  0 L3E 2F
E30 FF 61069 160200  780 596 1760    +6788609   +394          22    -10   13  37   94   +6  117  +14  117   14   7  0  0 L3E 16
E34 FF 61069 160200  780 740  809    +2326988     -2          36    -25   13  37   84   +2   77   +8   77    8   8  0  0 L3E A9
E36 FF 61069 160200  780 230  517    +5160241    +39          27    -15   18  37  205  +45   98  -11   98  -11  11  0  0 L3E FF
E15 FF 61069 161800  780 527 2200    +2320167    +21          24     -7   22  38  102   -9  111  -13  111  -13  12  0  0 L3E ED
E21 FF 61069 161800  780 121 3160    +7181778    +97          37    +72   22  38  380 -156  159  -93  159  -93  15  0  0 L3E 6F
E27 FF 61069 161800  780 588 2839    +8933394    +97          24     -7   12  35   94   -3   95   -7   95   -7   7  0  0 L3E E8
E30 FF 61069 161800  780 532 1750    +6789004   +349          30    -55   17  38  101   +9  117  +30  117   30  10  0  0 L3E 23
E34 FF 61069 161800  780 693  691    +2326993    +59          19    +36   11  38   86   +3   79  -30   79  -30   7  0  0 L3E F7
E36 FF 61069 161800  780 178  529    +5160297    +40          31    -14   18  38  262  +74   76  -14   76  -14  14  0  0 L3E 18
E15 FF 61069 163400  780 589 2240    +2320194    +37          25     +9   17  40   94   -6   89  -27   89  -27  10  0  0 L3E F7
E21 FF 61069 163400  780 171 3157    +7181797    +20          34     -5   20  40  273  -79  131  -15  131  -15  13  0  0 L3E 20
E27 FF 61069 163400  780 614 2735    +8933496   +107          26     +3   13  35   92   -2   83  -12   83  -12   8  0  0 L3E EF
E30 FF 61069 163400  780 467 1749    +6789388   +377          25    -27   14  38  111  +12  121  +17  121   17   9  0  0 L3E 43
E34 FF 61069 163400  780 639  635    +2327015    -17          19    -41   14  40   90   +4   70  +14   70   14   8  0  0 L3E BB
E36 FF 61069 163400  780 127  546    +5160342    +92          28    +38   26  40  361 +140   56  -55   56  -55  18  0  0 L3E 23
E09 FF 61069 165000  780 101  406    +1929314   +180          46    +26   36  37  445  -66   30   -7   30   -7  21  0  0 L3E EE
E13 FF 61069 165000  780 123 2346     +473813    +20          30    +12   43  41  376 -154  264 -103  264 -103  26  0  0 L3E 47
E15 FF 61069 165000  780 650 2286    +2320214    -13          21    -41   14  42   89   -5   75  +13   75   13   8  0  0 L3E C9
E21 FF 61069 165000  780 220 3147    +7181815    +15          28    -10   24  42  215  -46  108  -13  108  -13  16  0  0 L3E 25
E27 FF 61069 165000  780 623 2611    +8933593    +99          23     -5   16  42   91   +0   75   -5   75   -5   9  0  0 L3E C2
E30 FF 61069 165000  780 402 1751    +6789778   +399          27     -6   16  38  125  +17  115   +6  115    6  10  0  0 L3E 1B
E34 FF 61069 165000  780 583  613    +2327036    +15          21     -9   18  42   95   +6   62   -6   62   -6  10  0  0 L3E A8
E09 FF 61069 170600  780 113  356    +1929452    +86          36    -68   25  37  402  -26   47  +55   47   55  15  0  0 L3E 13
E13 FF 61069 170600  780 173 2382     +473821    +24          31    +17   45  41  270  -78  176  -80  176  -80  30  0  0 L3E 2E
E15 FF 61069 170600  780 711 2342    +2320243    +14          23    -14   11  43   85   -3   61   -2   61   -2   6  0  0 L3E 9C
E21 FF 61069 170600  780 267 3128    +7181841    +61          30    +36   21  43  179  -30   80  -43   80  -43  14  0  0 L3E 12
E27 FF 61069 170600  780 613 2484    +8933694    +90          23    -14    9  43   92   +2   71   +6   71    6   5  0  0 L3E B1
E30 FF 61069 170600  780 338 1755    +6790158   +390          19    -14   16  38  145  +25  122  +17  122   17  10  0  0 L3E 41
E34 FF 61069 170600  780 526  611    +2327055    +54          18    +31   16  43  102   +8   56  -26   56  -26   9  0  0 L3E E0
E05 FF 61069 172200  780 120  805      -88426     -5          31    +24   26  45  381 -118   87  -35   87  -35  18  0  0 L3E F0
E09 FF 61069 172200  780 116  305    +1929596   +165          32    +11   33  45  391   +3   58  -10   58  -10  20  0  0 L3E FE
E13 FF 61069 172200  780 224 2420     +473832    +46          37    +39   26  45  212  -47  139  -42  139  -42  16  0  0 L3E 2B
E15 FF 61069 172200  780 770 2417    +2320268    +47          21    +19   14  44   83   -2   55  -19   55  -19   8  0  0 L3E E9
E21 FF 61069 172200  780 312 3100    +7181854     +7          19    -18   18  44  156  -20   79   +2   79    2  11  0  0 L3E CF
E27 FF 61069 172200  780 585 2372    +8933797    +64          26    -41   18  44   95   +4   69  +21   69   21  10  0  0 L3E 05
E30 FF 61069 172200  780 276 1759    +6790556   +401          27     -3   16  45  174  +37  129   +5  129    5  11  0  0 L3E 18
E34 FF 61069 172200  780 470  622    +2327075    +18          17     -5   10  44  110  +10   52   -7   52   -7   6  0  0 L3E A8
E05 FF 61069 173800  780 156  759      -88469    +55          16    +84   38  46  298  -63   71  -74   71  -74  23  0  0 L3E 19
E09 FF 61069 173800  780 111  255    +1929738   +146          25     -8   28  46  408  +33   71  +14   71   14  19  0  0 L3E 09
E13 FF 61069 173800  780 275 2461     +473840     -1          39     -8   18  46  175  -31  113  -28  113  -28  11  0  0 L3E 0B
E15 FF 61069 173800  780 828 2557    +2320296     +9          23    -19   11  44   81   -1   46   +3   46    3   6  0  0 L3E A7
E21 FF 61069 173800  780 351 3060    +7181892    +48          32    +23   17  44  140  -13   58  -25   58  -25  10  0  0 L3E 16
E27 FF 61069 173800  780 545 2284    +8933888   +110          16     +5   16  44   99   +6   74   -3   74   -3   9  0  0 L3E E3
E30 FF 61069 173800  780 214 1763    +6790950   +406          32     +1   18  46  219  +60  132   +3  132    3  11  0  0 L3E FC
E34 FF 61069 173800  780 416  640    +2327100     +8          22    -15   16  46  121  +13   47   +2   47    2  10  0  0 L3E A7
E05 FF 61069 175400  780 186  709      -88475    -79          38    -50   23  46  252  -36   40  +17   40   17  14  0  0 L3E EC
E13 FF 61069 175400  780 326 2503     +473843     -6          36    -13   16  48  150  -22   87  -18   87  -18  10  0  0 L3E FE
E15 FF 61069 175400  780 871 3115    +2320330     +5          29    -23   11  44   81   +0   35   +7   35    7   6  0  0 L3E 8D
E21 FF 61069 175400  780 385 3009    +7181916     -8          33    -33   18  44  130   -9   52  +15   52   15  11  0  0 L3E E6
E27 FF 61069 175400  780 495 2219    +8933996    +89          24    -16   15  44  106   +9   69  +13   69   13   8  0  0 L3E 16
E30 FF 61069 175400  780 155 1766    +6791345   +392          39    -13   14  48  299 +111  136  +15  136   15   8  0  0 L3E 57
E34 FF 61069 175400  780 363  664    +2327127    +20          29     -3   17  48  136  +17   38   +1   38    1  11  0  0 L3E BF
E03 FF 61069 181000  780 127 1164      -33800     +4          34    -18   21  50  363 -141  100   -1  100   -1  15  0  0 L3E BF
E05 FF 61069 181000  780 209  655      -88521    -46          20    -17   27  46  225  -21   40   +6   40    6  17  0  0 L3E AA
E13 FF 61069 181000  780 377 2548     +473848    +19          36    +12   20  50  132  -16   65  -25   65  -25  12  0  0 L3E 07
E15 FF 61069 181000  780 843  326    +2320352    +37          30     +9   12  50   81   +1   33   -9   33   -9   7  0  0 L3E 88
E21 FF 61069 181000  780 409 2946    +7181949    +50          40    +25   12  50  123   -5   42  -19   42  -19   8  0  0 L3E F3
E27 FF 61069 181000  780 440 2171    +8934104    +82          30    -23   15  50  116  +12   69  +17   69   17   9  0  0 L3E F5
E34 FF 61069 181000  780 311  693    +2327142    +42          21    +19   18  50  156  +24   40  -12   40  -12  10  0  0 L3E DF
E03 FF 61069 182600  780 177 1129      -33780    +28          33     +6   21  51  265  -73   90  -29   90  -29  11  0  0 L3E E9
E05 FF 61069 182600  780 224  599      -88554    -41          15    -12   25  51  211  -10   40   +3   40    3  15  0  0 L3E A0
E13 FF 61069 182600  780 428 2596     +473849    -28          30    -35   13  51  119  -12   55   +7   55    7   8  0  0 L3E DA
E15 FF 61069 182600  780 789  512    +2320367     +5          18    -22    9  51   82   +2   38  +11   38   11   5  0  0 L3E 9D
E21 FF 61069 182600  780 423 2873    +7181969    +30          34     +5   12  51  120   -2   42   -5   42   -5   8  0  0 L3E B7
E27 FF 61069 182600  780 382 2136    +8934206   +110          30     +6   12  51  130  +18   74   +3   74    3   8  0  0 L3E C9
E34 FF 61069 182600  780 261  724    +2327161    +19          18     -4   15  50  182  +33   46   +7   46    7  10  0  0 L3E BD
E03 FF 61069 184200  780 225 1090      -33757    +39          34    +17   27  53  211  -43   77  -24   77  -24  18  0  0 L3E FA
E05 FF 61069 184200  780 230  541      -88562     -4          33    +25   25  53  205   -1   26  -15   26  -15  17  0  0 L3E B2
E13 FF 61069 184200  780 479 2645     +473857     -2          31     -9   13  51  109   -9   44   -8   44   -8   8  0  0 L3E B4
E15 FF 61069 184200  780 735  603    +2320405    +28          31     +1   11  53   84   +2   28   -2   28   -2   7  0  0 L3E 83
E21 FF 61069 184200  780 424 2796    +7181996    -28          38    -53   19  53  120   +1   42  +34   42   34  11  0  0 L3E 01
E23 FF 61069 184200  780 128 3281     +235487    +45          40    +33   29  53  359 -112   62  -39   62  -39  17  0  0 L3E 27
E27 FF 61069 184200  780 322 2109    +8934304    +99          29     -6   16  53  151  +26   86  +16   86   16  10  0  0 L3E 09
E34 FF 61069 184200  780 213  758    +2327183    +76          17    +53   17  50  221  +48   53  -34   53  -34  12  0  0 L3E 06
E03 FF 61069 185800  780 270 1045      -33738    +20          32     -2   15  54  178  -27   68  -15   68  -15  10  0  0 L3E E4
E05 FF 61069 185800  780 227  484      -88604    -14          18    +15   20  54  208   +7   37   -7   37   -7  12  0  0 L3E B9
E13 FF 61069 185800  780 531 2698     +473861     +7          28     +0   14  51  101   -7   37   -7   37   -7   8  0  0 L3E AA
E15 FF 61069 185800  780 681  670    +2320417    +75          17    +48   12  54   87   +3   34  -31   34  -31   7  0  0 L3E D6
E21 FF 61069 185800  780 413 2719    +7182010    +22          27     -3   17  54  122   +4   48   -2   48   -2  10  0  0 L3E C0
E23 FF 61069 185800  780 167 3250     +235494    -32          35    -45   15  54  279  -60   48  +11   48   11  10  0  0 L3E FF
E27 FF 61069 185800  780 262 2088    +8934400    +93          24    -12   14  54  182  +39  101  +20  101   20   9  0  0 L3E 15
E34 FF 61069 185800  780 165  793    +2327211     +5          23    -18   28  50  280  +78   59  +26   59   26  17  0  0 L3E 00
E03 FF 61069 191400  780 311  994      -33724    +14          24     -9   23  55  156  -18   61   -6   61   -6  14  0  0 L3E AD
E05 FF 61069 191400  780 215  430      -88612     -8          37    +21   17  56  219  +17   33   +3   33    3  11  0  0 L3E 91
E08 FF 61069 191400  780 111 1490     +823355   +138          41    +70   36  55  414 -205  104  -43  104  -43  23  0  0 L3E 3C
E13 FF 61069 191400  780 583 2754     +473871    +17          31    +10   11  56   95   -6   29  -10   29  -10   6  0  0 L3E D1
E15 FF 61069 191400  780 627  728    +2320432    +74           7    +46   11  56   91   +4   40  -23   40  -23   6  0  0 L3E B4
E21 FF 61069 191400  780 391 2646    +7182042    -13          33    -38   21  56  128   +8   49  +26   49   26  12  0  0 L3E 01
E23 FF 61069 191400  780 200 3212     +235501     +8          30     -5   24  56  235  -35   38  -10   38  -10  16  0  0 L3E C4
E27 FF 61069 191400  780 203 2069    +8934506    +53          30    -52   17  56  230  +65  110  +40  110   40  10  0  0 L3E 16
E34 FF 61069 191400  780 119  830    +2327231     -5          21    -28   23  50  382 +143   73  +34   73   34  17  0  0 L3E F0
E03 FF 61069 193000  780 345  935      -33700    +57          26    +35   19  58  142  -12   50  -25   50  -25  11  0  0 L3E D5
E05 FF 61069 193000  780 194  382      -88670    -93           6    -64   23  58  241  +30   69  +54   69   54  14  0  0 L3E DE
E08 FF 61069 193000  780 168 1470     +823402   +105          23    +36   26  55  279  -95  107  -36  107  -36  17  0  0 L3E 45
E13 FF 61069 193000  780 635 2815     +473867    +22          20    +15   11  58   90   -4   30  -12   30  -12   6  0  0 L3E BE
E15 FF 61069 193000  780 574  782    +2320470    +41          20    +14   11  58   96   +6   34   -5   34   -5   6  0  0 L3E A4
E21 FF 61069 193000  780 359 2581    +7182073    -14          39    -39   17  56  137  +12   50  +30   50   30  10  0  0 L3E 01
E23 FF 61069 193000  780 226 3166     +235521    -18          38    -31   28  56  209  -20   30  +15   30   15  17  0  0 L3E E9
E26 FF 61069 193000  780 123 2707    -2054595   -105          40     +4   25  58  374 -137  100  -30  100  -30  16  0  0 L3E 39
E27 FF 61069 193000  780 146 2053    +8934585    +77           9    -27   20  58  316 +121  136  +33  136   33  14  0  0 L3E 3A
E03 FF 61069 194600  780 371  869      -33686     -9          18    -31   15  59  134   -7   46  +17   46   17   9  0  0 L3E C2
E05 FF 61069 194600  780 165  339      -88699    +51           5    +80   32  59  280  +52   91  -17   91  -17  19  0  0 L3E F3
E08 FF 61069 194600  780 225 1450     +823467    +50          22    -19   22  55  210  -53   96   +5   96    5  14  0  0 L3E DB
E13 FF 61069 194600  780 687 2885     +473878    +30          25    +23   10  59   87   -3   25  -16   25  -16   6  0  0 L3E ED
E15 FF 61069 194600  780 522  833    +2320492    +10          17    -17   11  59  102   +7   37  +14   37   14   7  0  0 L3E CA
E21 FF 61069 194600  780 320 2525    +7182096    +27          37     +2   14  56  152  +18   58  +12   58   12   8  0  0 L3E EA
E23 FF 61069 194600  780 244 3114     +235525    +21          31     +9   13  56  194  -11   34   -6   34   -6   8  0  0 L3E B5
E26 FF 61069 194600  780 169 2745    -2054702    -92          37    +18   27  59  276  -75   78  -35   78  -35  18  0  0 L3E 4F
E03 FF 61069 200200  780 387  797      -33671    +42          14    +19   22  61  129   -3   43  -13   43  -13  13  0  0 L3E C1
E05 FF 61069 200200  780 131  303      -88689     -9          42    +20   15  61  349  +97   83  -10   83  -10  11  0  0 L3E C7
E08 FF 61069 200200  780 284 1426     +823537    +96          27    +27   19  55  170  -33   81  -29   81  -29  11  0  0 L3E 12
E13 FF 61069 200200  780 739 2972     +473893    -18          33    -25   12  61   84   -2   18  +16   18   16   7  0  0 L3E CD
E15 FF 61069 200200  780 471  882    +2320525    -13          22    -40   11  61  110   +9   40  +30   40   30   7  0  0 L3E A5
E21 FF 61069 200200  780 275 2477    +7182114    +29          32     +3   11  56  174  +28   69   +8   69    8   7  0  0 L3E CD
E23 FF 61069 200200  780 254 3057     +235534     -3          27    -16   24  56  188   -3   37   +5   37    5  16  0  0 L3E AD
E26 FF 61069 200200  780 216 2782    -2054815   -118          28     -8   24  61  219  -47   64   -9   64   -9  14  0  0 L3E 04
E03 FF 61069 201800  780 392  723      -33645    +33          18    +10   18  61  128   +0   36   -8   36   -8  11  0  0 L3E 9E
E08 FF 61069 201800  780 342 1397     +823603   +127          28    +59   18  62  144  -22   72  -41   72  -41  10  0  0 L3E 15
E13 FF 61069 201800  780 791 3099     +473896     -3          29    -10    8  61   82   -1   20   +7   20    7   4  0  0 L3E 80
E15 FF 61069 201800  780 421  930    +2320552    +13          23    -14   13  62  120  +12   48  +17   48   17   8  0  0 L3E CA
E21 FF 61069 201800  780 227 2436    +7182132    +41          25    +15   28  56  208  +44   88  +10   88   10  18  0  0 L3E 05
E23 FF 61069 201800  780 254 2998     +235558    +23          43    +11   23  62  188   +3   27  -12   27  -12  15  0  0 L3E F0
E26 FF 61069 201800  780 264 2819    -2054916   -124          32    -15   21  62  181  -32   47  -10   47  -10  13  0  0 L3E 1E
E03 FF 61069 203400  780 384  652      -33633    +30           8     +7   13  61  130   +4   41   -5   41   -5   7  0  0 L3E 5C
E08 FF 61069 203400  780 400 1361     +823668   +105          28    +36   18  64  126  -15   62  -36   62  -36  11  0  0 L3E 12
E13 FF 61069 203400  780 836 3358     +473893    +19          19    +12   10  61   81   -1   25   -4   25   -4   6  0  0 L3E AA
E15 FF 61069 203400  780 370  976    +2320580     -1          25    -28   14  64  134  +16   56  +32   56   32   8  0  0 L3E D0
E21 FF 61069 203400  780 177 2400    +7182163    +20          30     -6   26  64  263  +74  106  +27  106   27  15  0  0 L3E 09
E23 FF 61069 203400  780 244 2939     +235567     -5          41    -17   20  64  194  +11   29  +19   29   19  14  0  0 L3E ED
E26 FF 61069 203400  780 313 2853    -2055008   -179          43    -70   17  63  155  -23   27  +36   27   36  11  0  0 L3E 1D
E03 FF 61069 205000  780 366  587      -33599    +31          19     +9   10  66  135   +8   30  -12   30  -12   6  0  0 L3E A3
E07 FF 61069 205000  780 127 1777     +418562    +19          18     -4   22  66  365 -167  129  -17  129  -17  13  0  0 L3E 3B
E08 FF 61069 205000  780 454 1314     +823733    +96          26    +28   19  66  114  -11   58  -21   58  -21  11  0  0 L3E 02
E13 FF 61069 205000  780 852  382     +473901     +2          20     -5    9  61   81   +0   26   +1   26    1   5  0  0 L3E 3B
E15 FF 61069 205000  780 320 1021    +2320605    +40          23    +13   18  64  152  +22   69   +4   69    4  12  0  0 L3E BE
E21 FF 61069 205000  780 126 2368    +7182180    +48          21    +23   64  66  363 +144  132   +8  132    8  37  0  0 L3E 17
E23 FF 61069 205000  780 225 2881     +235567     +4          31     -8   22  66  209  +20   38   +4   38    4  15  0  0 L3E A8
E26 FF 61069 205000  780 364 2886    -2055124   -130          30    -21   16  66  136  -17   31  +14   31   14  11  0  0 L3E 03
E31 FF 61069 205000  780 100 3368    +1157020    -20          37    -46   34  61  450  -95   88  +23   88   23  19  0  0 L3E 06
E03 FF 61069 210600  780 338  532      -33574    +41          22    +18   14  67  145  +12   26  -11   26  -11   8  0  0 L3E B9
E07 FF 61069 210600  780 186 1776     +418588    +23          25     +0   25  67  253  -81  111  -25  111  -25  15  0  0 L3E 15
E08 FF 61069 210600  780 503 1252     +823802    +67          29     -1   16  67  105   -7   48   +0   48    0  10  0  0 L3E A2
E13 FF 61069 210600  780 817  837     +473905    -31          18    -38   10  61   82   +1   28  +23   28   23   6  0  0 L3E AF
E15 FF 61069 210600  780 271 1064    +2320634    +16          27    -11   21  64  176  +31   77  +17   77   17  13  0  0 L3E FC
E23 FF 61069 210600  780 199 2828     +235574    -28          27    -40   28  67  235  +34   46  +24   46   24  18  0  0 L3E 0C
E26 FF 61069 210600  780 416 2915    -2055224   -118          34     -9   14  67  122  -13   27   +6   27    6   8  0  0 L3E D5
E31 FF 61069 210600  780 118 3322    +1157040    +16          31    -10   24  61  385  -45   89   +3   89    3  14  0  0 L3E D7
E03 FF 61069 212200  780 302  487      -33550    +22          24     +0   14  69  160  +19   28   +8   28    8  10  0  0 L3E 89
E07 FF 61069 212200  780 247 1776     +418604    +20          21     -3   19  69  193  -47  101  -12  101  -12  11  0  0 L3E 00
E08 FF 61069 212200  780 543 1172     +823859    +80          20    +12   18  68   99   -5   46  -13   46  -13  10  0  0 L3E E3
E13 FF 61069 212200  780 765 1016     +473924     -4          31    -11   12  69   83   +2   24   +6   24    6   7  0  0 L3E 7F
E15 FF 61069 212200  780 222 1106    +2320660    +50          27    +23   22  64  212  +46   88   -9   88   -9  14  0  0 L3E E5
E23 FF 61069 212200  780 166 2778     +235600    +18          42     +6   22  69  278  +58   41   +5   41    5  14  0  0 L3E C1
E26 FF 61069 212200  780 469 2941    -2055337   -118          27     -9   16  68  111  -10   31   +7   31    7   9  0  0 L3E D8
E31 FF 61069 212200  780 128 3273    +1157077    +29          44     +3   23  69  356  -17   69  -20   69  -20  15  0  0 L3E 0B
E03 FF 61069 213800  780 261  453      -33516    +47          36    +25   20  70  183  +29   26   -5   26   -5  13  0  0 L3E B3
E07 FF 61069 213800  780 310 1775     +418630    +10          25    -12   17  70  157  -30   87  -10   87  -10  10  0  0 L3E F2
E08 FF 61069 213800  780 572 1073     +823925    +90          21    +22   13  68   96   -2   43  -16   43  -16   8  0  0 L3E D5
E13 FF 61069 213800  780 709 1116     +473931    +44          33    +37   13  70   85   +3   25  -17   25  -17   8  0  0 L3E CF
E15 FF 61069 213800  780 173 1146    +2320685    +47          26    +20   22  64  269  +75  100   -3  100   -3  14  0  0 L3E 02
E23 FF 61069 213800  780 129 2734     +235613    +19          42     +7   26  70  355 +107   55   +9   55    9  18  0  0 L3E DE
E26 FF 61069 213800  780 524 2960    -2055448   -120          20    -11   12  68  102   -8   35   +5   35    5   7  0  0 L3E CB
E31 FF 61069 213800  780 130 3222    +1157101    +18          43     -8   28  70  351   +6   54   +1   54    1  19  0  0 L3E A8
E03 FF 61069 215400  780 216  429      -33487    +35          43    +12   19  71  218  +46   31  +10   31   10  13  0  0 L3E BA
E07 FF 61069 215400  780 374 1774     +418644    +22          16     -1   14  72  133  -20   79   -9   79   -9   8  0  0 L3E D0
E08 FF 61069 215400  780 584  960     +824000    +38          28    -31   17  72   95   +0   34  +16   34   16   9  0  0 L3E B2
E13 FF 61069 215400  780 652 1187     +473935    +18          30    +11   11  72   89   +4   32   -2   32   -2   7  0  0 L3E A0
E15 FF 61069 215400  780 124 1183    +2320712    -17          21    -44   22  72  369 +143  109  +45  109   45  14  0  0 L3E 31
E26 FF 61069 215400  780 580 2971    -2055548    -72          25    +37   13  68   95   -6   31  -25   31  -25   8  0  0 L3E F5
E31 FF 61069 215400  780 124 3171    +1157119     +5          36    -21   22  72  368  +30   51  +12   51   12  14  0  0 L3E D8
E03 FF 61069 221000  780 168  414      -33475    +30          33     +8   30  74  276  +79   65  +35   65   35  20  0  0 L3E BF
E07 FF 61069 221000  780 438 1771     +418671    +57          22    +34   20  74  117  -14   66  -25   66  -25  13  0  0 L3E 04
E08 FF 61069 221000  780 580  846     +824062    +75          22     +6   16  74   95   +1   34  -10   34  -10   9  0  0 L3E A2
E13 FF 61069 221000  780 594 1245     +473929    +21          17    +14   13  74   94   +6   44   -3   44   -3   7  0  0 L3E A8
E26 FF 61069 221000  780 637 2967    -2055654   -104          23     +5    9  74   90   -5   30   -3   30   -3   5  0  0 L3E A8
E31 FF 61069 221000  780 110 3121    +1157143    +23          35     -3   23  74  413  +66   48   +5   48    5  14  0  0 L3E B6
E33 FF 61069 221000  780 136 3008      +29803     +8          23     -3   27  74  341 -124   28   -4   28   -4  18  0  0 L3E B2
E03 FF 61069 222600  780 119  407      -33435    +27          51     +5   23  75  384 +156   86  +13   86   13  17  0  0 L3E D6
E07 FF 61069 222600  780 503 1763     +418684     -1          12    -24   16  74  105  -10   63  +11   63   11   9  0  0 L3E C4
E08 FF 61069 222600  780 559  747     +824128    +63          22     -6   10  75   98   +3   30   +5   30    5   6  0  0 L3E 7F
E13 FF 61069 222600  780 535 1294     +473935    +55          15    +48   17  75  100   +8   50  -19   50  -19   9  0  0 L3E EC
E26 FF 61069 222600  780 694 2937    -2055756   -123          27    -14   10  75   86   -3   28   +7   28    7   6  0  0 L3E DD
E33 FF 61069 222600  780 186 3029      +29823    -22          32    -32   18  75  252  -69   22  +17   22   17  11  0  0 L3E E3
E07 FF 61069 224200  780 568 1746     +418717    +12          21    -10   12  77   97   -7   53   -7   53   -7   6  0  0 L3E B9
E08 FF 61069 224200  780 525  668     +824193   +109          19    +40   14  77  102   +5   29  -26   29  -26   8  0  0 L3E EE
E13 FF 61069 224200  780 475 1337     +473946     -5          18    -12   15  77  109  +11   51  +14   51   14   8  0  0 L3E D1
E26 FF 61069 224200  780 747 2855    -2055866    -82          24    +28   11  77   84   -2   30  -19   30  -19   6  0  0 L3E F6
E29 FF 61069 224200  780 108 2066    +1738117    +79          23    +44   22  77  424 -215  120  -43  120  -43  14  0  0 L3E 44
E33 FF 61069 224200  780 238 3047      +29819     -4          18    -14   28  77  200  -43   30   +6   30    6  18  0  0 L3E AD
E07 FF 61069 225800  780 631 1714     +418733    +27          14     +5   12  78   91   -5   51  -10   51  -10   7  0  0 L3E B4
E08 FF 61069 225800  780 483  612     +824267    +66          27     -3   13  78  108   +8   22   +0   22    0   8  0  0 L3E 8D
E13 FF 61069 225800  780 416 1376     +473948    +40          14    +33   17  78  121  +15   60   -8   60   -8  10  0  0 L3E E1
E26 FF 61069 225800  780 789 2663    -2055975    -89          21    +20    8  78   82   -1   30  -12   30  -12   5  0  0 L3E E2
E29 FF 61069 225800  780 165 2084    +1738167     -2          40    -38   25  77  284  -97   88   +8   88    8  17  0  0 L3E 0A
E33 FF 61069 225800  780 290 3058      +29834     -2          24    -12   21  77  166  -29   23   +8   23    8  14  0  0 L3E B6
E07 FF 61069 231400  780 690 1650     +418760    +38          18    +15   10  80   87   -3   44  -14   44  -14   6  0  0 L3E CD
E08 FF 61069 231400  780 435  576     +824341    +79          34    +10   13  80  117  +11   19   -3   19   -3   7  0  0 L3E B6
E13 FF 61069 231400  780 357 1412     +473962    +11          21     +4   14  80  138  +20   64   +9   64    9   9  0  0 L3E A8
E26 FF 61069 231400  780 800 2329    -2056075   -119          27     -9    8  80   82   +0   29  +11   29   11   5  0  0 L3E C0
E29 FF 61069 231400  780 222 2104    +1738203    +22          41    -13   17  77  214  -54   72   -7   72   -7  12  0  0 L3E E4
E33 FF 61069 231400  780 344 3062      +29849    +28          28    +17   18  77  143  -20   20  -16   20  -16  10  0  0 L3E E8
E07 FF 61069 233000  780 740 1528     +418786    +19          20     -4   10  82   84   -2   36   -2   36   -2   6  0  0 L3E 95
E08 FF 61069 233000  780 384  555     +824400    +71          26     +2   15  82  130  +15   21   +2   21    2   9  0  0 L3E 80
E13 FF 61069 233000  780 298 1443     +473982    +41          34    +34   12  81  162  +30   67  -14   67  -14   7  0  0 L3E F2
E26 FF 61069 233000  780 770 2046    -2056199   -108           9     +1   10  82   83   +2   42   +2   42    2   5  0  0 L3E 8F
E29 FF 61069 233000  780 280 2128    +1738229    +21          34    -14   15  77  172  -34   65   -4   65   -4  10  0  0 L3E F1
E33 FF 61069 233000  780 398 3058      +29860    +48          29    +38   15  77  126  -15   16  -24   16  -24   9  0  0 L3E F5
E07 FF 61069 234600  780 772 1310     +418828    +30          40     +8   12  83   83   -1   23   -7   23   -7   7  0  0 L3E 94
E08 FF 61069 234600  780 332  546     +824468    +35          27    -33   17  83  147  +21   23  +26   23   26  10  0  0 L3E E5
E13 FF 61069 234600  780 239 1472     +473992    +30          37    +23   16  83  198  +46   72   -7   72   -7  10  0  0 L3E F2
E26 FF 61069 234600  780 718 1906    -2056296   -116          17     -6    8  83   85   +3   38   +4   38    4   5  0  0 L3E B8
E29 FF 61069 234600  780 338 2154    +1738267    +45          36     +9   16  83  145  -23   58  -13   58  -13  10  0  0 L3E 17
E33 FF 61069 234600  780 451 3041      +29870     +8          27     -3   16  83  114  -11   18   +4   18    4   9  0  0 L3E 87
