CGGTTS     GENERIC DATA FORMAT VERSION = 2E
REV DATE = 2026-01-01                    
RCVR = POLARX5-TR                    R2CGGTTS v8.8    
CH = 99 
IMS = POLARX5-TR                    
LAB = PTB                           
X = +3844059.67 m 
Y =  +709661.67 m 
Z = +5023129.80 m 
FRAME = ITRF
COMMENTS =           IGS RINEX,AUSPOS XYZ          
INT DLY =   33.2 ns (GAL E1),   33.0 ns (GAL E5a)
CAB DLY =  205.7 ns 
REF DLY =   56.2 ns
REF = UTC(PTB)                      
CKSUM = 7B

SAT CL  MJD  STTIME TRKL ELV AZTH   REFSV      SRSV     REFSYS    SRSYS  DSG IOE MDTR SMDT MDIO SMDI MSIO SMSI ISG FR HC FRC CK
             hhmmss  s  .1dg .1dg    .1ns     .1ps/s     .1ns    .1ps/s .1ns     .1ns.1ps/s.1ns.1ps/s.1ns.1ps/s.1ns
E03 FF 61047 001400  780 437  588      -78836    +17         -21     -5   13  52  117  +10   46   +5   46    5   8  0  0 L3E 94
E07 FF 61047 001400  780 201 2027     +373074    -29         -24    -51   22  52  234  -67   97  +27   97   27  14  0  0 L3E 01
E08 FF 61047 001400  780 636 1579     +688465    +59         -23     -8    9  52   90   -5   67   +0   67    0   5  0  0 L3E 9D
E13 FF 61047 001400  780 840 2474     +460106    -11         -20    -18   10  52   81   +0   54  +15   54   15   6  0  0 L3E A7
E15 FF 61047 001400  780 363 1317    +2265678    +25         -19     -2   17  52  136  +19   86   +9   86    9  10  0  0 L3E E8
E26 FF 61047 001400  780 319 3032    -1839265    -96         -11    +14   20  50  153  -24   52   -8   52   -8  13  0  0 L3E F1
E03 FF 61047 003000  780 390  555      -78824    -34         -32    -56   13  54  128  +14   53  +36   53   36   7  0  0 L3E CB
E07 FF 61047 003000  780 260 2045     +373086    +20         -32     -2   17  54  184  -41  102   -3  102   -3  10  0  0 L3E CE
E08 FF 61047 003000  780 689 1486     +688518    +83         -35    +16   14  54   87   -3   70  -18   70  -18   8  0  0 L3E F6
E13 FF 61047 003000  780 821 1961     +460112     -5         -21    -12    7  54   82   +1   60  +11   60   11   4  0  0 L3E 79
E15 FF 61047 003000  780 307 1354    +2265711    +39         -12    +12   15  54  158  +27   87   +1   87    1   8  0  0 L3E D2
E26 FF 61047 003000  780 373 3038    -1839379    -91         -20    +19   15  50  133  -17   54   -9   54   -9  10  0  0 L3E 02
E03 FF 61047 004600  780 340  534      -78791    +41         -21    +18   14  55  144  +19   45  -13   45  -13   8  0  0 L3E D0
E07 FF 61047 004600  780 321 2066     +373115    +24         -24     +2   20  55  152  -27   91   -1   91   -1  11  0  0 L3E B7
E08 FF 61047 004600  780 727 1333     +688587    +64         -31     -4   12  55   85   -1   63   -1   63   -1   7  0  0 L3E AB
E13 FF 61047 004600  780 767 1772     +460118    +90         -22    +83   10  55   83   +2   63  -44   63  -44   6  0  0 L3E D8
E15 FF 61047 004600  780 250 1387    +2265728     +9         -22    -18   16  55  190  +41  100  +18  100   18   9  0  0 L3E 09
E26 FF 61047 004600  780 427 3035    -1839490   -110         -26     +0   15  50  119  -13   56   +0   56    0   9  0  0 L3E CF
E03 FF 61047 010200  780 289  525      -78762    +30         -15     +7   16  57  166  +28   43   -1   43   -1   9  0  0 L3E A1
E07 FF 61047 010200  780 382 2089     +373139     +1         -21    -21   14  57  131  -19   91  +13   91   13   9  0  0 L3E CE
E08 FF 61047 010200  780 742 1120     +688661    +74         -23     +6   12  57   84   +0   55   -6   55   -6   8  0  0 L3E A1
E13 FF 61047 010200  780 705 1714     +460121    +38         -26    +31    9  57   86   +4   69  -12   69  -12   5  0  0 L3E BE
E15 FF 61047 010200  780 194 1418    +2265753    +36         -24     +8   24  55  241  +68  106   +2  106    2  14  0  0 L3E F0
E26 FF 61047 010200  780 480 3018    -1839591   -119         -20     -9   11  57  109   -9   55   +7   55    7   7  0  0 L3E D9
E03 FF 61047 011800  780 237  525      -78746    +24         -21     +1   19  58  199  +42   48   -1   48   -1  12  0  0 L3E B7
E07 FF 61047 011800  780 443 2114     +373168    +50         -12    +28   11  58  116  -13   81  -21   81  -21   7  0  0 L3E E7
E08 FF 61047 011800  780 727  913     +688718    +41         -32    -26   13  58   85   +1   59  +16   59   16   8  0  0 L3E D4
E13 FF 61047 011800  780 639 1696     +460130    +23         -24    +16   12  58   90   +5   73  -10   73  -10   7  0  0 L3E CA
E15 FF 61047 011800  780 138 1445    +2265775    -14         -30    -42   30  58  332 +131  114  +28  114   28  18  0  0 L3E 3E
E26 FF 61047 011800  780 532 2985    -1839708   -113         -31     -3   11  58  101   -7   62   +1   62    1   7  0  0 L3E C7
E03 FF 61047 013400  780 186  531      -78723     +5         -18    -18   20  60  251  +68   47  +12   47   12  13  0  0 L3E C1
E07 FF 61047 013400  780 505 2141     +373180     +9         -22    -13   14  60  105  -10   83   +3   83    3   8  0  0 L3E 9C
E08 FF 61047 013400  780 691  771     +688798    +95         -19    +27   11  60   86   +3   51  -13   51  -13   7  0  0 L3E DB
E13 FF 61047 013400  780 573 1695     +460142    -14         -20    -21   12  60   96   +7   76  +22   76   22   8  0  0 L3E C2
E26 FF 61047 013400  780 579 2928    -1839811    -84         -28    +26    7  60   95   -5   60  -15   60  -15   4  0  0 L3E F2
E33 FF 61047 013400  780 115 3164       +8488    +59         -11    +48   25  57  400 -177   39  -35   39  -35  15  0  0 L3E 0A
E03 FF 61047 015000  780 135  544      -78707    +31         -24     +8   33  62  340 +124   52   -9   52   -9  21  0  0 L3E B8
E07 FF 61047 015000  780 567 2170     +373205    +21         -21     -1   15  62   97   -7   75   -8   75   -8   9  0  0 L3E A7
E08 FF 61047 015000  780 643  691     +688850    +38         -35    -30   14  62   90   +4   59  +18   59   18   8  0  0 L3E D0
E13 FF 61047 015000  780 506 1701     +460148    +11         -20     +4   21  62  104  +10   86   +4   86    4  13  0  0 L3E A0
E26 FF 61047 015000  780 617 2841    -1839910   -108         -24     +2   16  62   92   -3   57   +1   57    1   9  0  0 L3E BB
E33 FF 61047 015000  780 167 3167       +8504    +72          -5    +61   23  57  280  -86   38  -32   38  -32  14  0  0 L3E DA
E07 FF 61047 020600  780 630 2201     +373222    +41         -25    +19   14  63   91   -5   67  -17   67  -17   8  0  0 L3E D0
E08 FF 61047 020600  780 589  651     +688931    +18         -20    -50    9  63   94   +6   50  +27   50   27   5  0  0 L3E B7
E13 FF 61047 020600  780 440 1710     +460154    +37         -22    +29   14  63  116  +14   95  -14   95  -14   8  0  0 L3E EC
E26 FF 61047 020600  780 641 2721    -1840016    -83         -25    +27   12  63   90   -1   59  -12   59  -12   7  0  0 L3E E4
E29 FF 61047 020600  780 112 2317    +1668229    +42         -34     +7   43  63  411 -184  109   -7  109   -7  26  0  0 L3E 22
E33 FF 61047 020600  780 218 3163       +8508    -16         -11    -26   24  57  217  -50   43  +18   43   18  14  0  0 L3E D2
E07 FF 61047 022200  780 691 2233     +373241    +52         -28    +30   14  65   86   -4   62  -24   62  -24   8  0  0 L3E D0
E08 FF 61047 022200  780 534  635     +688994    +25         -23    -44   12  65  100   +7   53  +25   53   25   7  0  0 L3E CF
E13 FF 61047 022200  780 374 1720     +460165    +34         -18    +27   10  65  133  +20   98  -11   98  -11   7  0  0 L3E EC
E26 FF 61047 022200  780 646 2580    -1840120   -115         -24     -5   18  65   89   +0   59   +7   59    7  11  0  0 L3E D0
E29 FF 61047 022200  780 162 2348    +1668276    +38         -20     +4   31  63  287  -90   96   -6   96   -6  20  0  0 L3E FE
E33 FF 61047 022200  780 268 3150       +8520    -12          -3    -22   17  65  179  -32   43  +16   43   16  11  0  0 L3E B5
E07 FF 61047 023800  780 753 2267     +373268    +15         -23     -7   11  66   84   -2   54   +3   54    3   6  0  0 L3E 9B
E08 FF 61047 023800  780 479  635     +689061    +36         -21    -33   10  66  109  +10   54  +20   54   20   6  0  0 L3E D7
E13 FF 61047 023800  780 309 1731     +460178     +2         -12     -5   17  66  157  +30   97   +4   97    4  11  0  0 L3E B7
E25 FF 61047 023800  780 102  321     -217982    -64         -30    -63   41  64  442  -19   44  +33   44   33  23  0  0 L3E E6
E26 FF 61047 023800  780 630 2442    -1840219   -106         -19     +3   12  66   91   +2   59   +2   59    2   7  0  0 L3E B7
E29 FF 61047 023800  780 214 2382    +1668315    +55         -14    +20   25  63  221  -52   92   -5   92   -5  15  0  0 L3E FA
E33 FF 61047 023800  780 317 3128       +8514    +64         -17    +54   21  66  154  -21   51  -36   51  -36  13  0  0 L3E E2
E02 FF 61047 025400  780 119  777      -84612    +12           2    +40   36  68  385 -114   68  -17   68  -17  25  0  0 L3E EB
E07 FF 61047 025400  780 814 2300     +373298     +7         -15    -15   10  68   82   -1   46   +6   46    6   6  0  0 L3E 95
E08 FF 61047 025400  780 425  646     +689129    +28         -20    -40   14  68  119  +13   53  +25   53   25   9  0  0 L3E E6
E13 FF 61047 025400  780 246 1740     +460181    +22         -16    +15   15  68  193  +47  102   -3  102   -3   8  0  0 L3E E5
E25 FF 61047 025400  780 102  272     -217974    -24         -22    -24   29  68  441  +16   36   +9   36    9  19  0  0 L3E D5
E26 FF 61047 025400  780 596 2328    -1840327   -117         -23     -7   11  68   94   +4   64   +7   64    7   6  0  0 L3E CD
E29 FF 61047 025400  780 265 2418    +1668354     +5          -7    -30   21  63  181  -34   90  +12   90   12  13  0  0 L3E E9
E33 FF 61047 025400  780 362 3094       +8539    +22          -2    +12   18  68  137  -14   39  -13   39  -13  11  0  0 L3E D2
E02 FF 61047 031000  780 153  731      -84652    -39          -8    -10   22  70  303  -61   65   -2   65   -2  13  0  0 L3E 9F
E07 FF 61047 031000  780 874 2321     +373316     +9         -19    -14   10  69   81   +0   46   +6   46    6   6  0  0 L3E 90
E08 FF 61047 031000  780 372  663     +689200   +107         -15    +39   14  70  133  +17   51  -21   51  -21   8  0  0 L3E E8
E13 FF 61047 031000  780 184 1747     +460181    +12         -23     +5   20  68  254  +83  114   +9  114    9  14  0  0 L3E DC
E26 FF 61047 031000  780 550 2244    -1840426    -90         -18    +20   13  70   99   +6   68   -2   68   -2   8  0  0 L3E C7
E29 FF 61047 031000  780 317 2456    +1668383    +58         -13    +23   17  70  154  -23   77  -30   77  -30  11  0  0 L3E 21
E33 FF 61047 031000  780 401 3046       +8538    +18         -11     +8   17  70  125  -10   45   -7   45   -7  11  0  0 L3E 9C
E02 FF 61047 032600  780 180  680      -84691    -42         -19    -14   26  71  259  -35   63   -4   63   -4  15  0  0 L3E CE
E07 FF 61047 032600  780 867  602     +373343    +30         -12     +8    9  69   81   +0   43   +1   43    1   5  0  0 L3E 64
E08 FF 61047 032600  780 320  686     +689252    +79         -28    +11   18  71  152  +22   64   -4   64   -4  10  0  0 L3E DB
E13 FF 61047 032600  780 124 1753     +460208    +58          -3    +50   30  68  370 +174  105  -34  105  -34  18  0  0 L3E 22
E26 FF 61047 032600  780 495 2185    -1840531   -102         -19     +8   17  71  106   +9   76   +5   76    5  10  0  0 L3E E3
E29 FF 61047 032600  780 369 2496    +1668423    +58          -6    +24   15  71  135  -17   61  -23   61  -23   9  0  0 L3E 0F
E33 FF 61047 032600  780 433 2985       +8535    +24         -23    +14   13  71  118   -6   53  -11   53  -11   8  0  0 L3E BB
E02 FF 61047 034200  780 201  627      -84722    -39         -21    -10   21  73  233  -19   56   +2   56    2  14  0  0 L3E A4
E07 FF 61047 034200  780 809  630     +373367    +15         -10     -8    8  69   82   +1   45   +6   45    6   4  0  0 L3E 76
E08 FF 61047 034200  780 269  713     +689325    +74         -22     +5   26  73  177  +31   66   +2   66    2  15  0  0 L3E C3
E26 FF 61047 034200  780 436 2143    -1840635   -127         -18    -18   14  73  117  +13   81  +14   81   14   8  0  0 L3E 0F
E29 FF 61047 034200  780 421 2538    +1668436    +49         -25    +14   14  73  121  -13   65  -18   65  -18   8  0  0 L3E 1A
E30 FF 61047 034200  780 130 1145    +5999331   +397         -15    -10   29  73  356 -133   99   -3   99   -3  18  0  0 L3E 36
E33 FF 61047 034200  780 453 2911       +8543     +7         -24     -3   16  73  114   -3   52   +4   52    4  10  0  0 L3E 6B
E02 FF 61047 035800  780 214  570      -84739    -10         -10    +19   20  74  220   -8   45  -20   45  -20  13  0  0 L3E C2
E07 FF 61047 035800  780 752  668     +373386    +79         -13    +57    9  69   84   +2   46  -35   46  -35   6  0  0 L3E E0
E08 FF 61047 035800  780 220  743     +689379   +109         -33    +41   19  74  214  +46   83  -19   83  -19  12  0  0 L3E 25
E12 FF 61047 035800  780 115 3305     +170681    -22         -23    -41   27  72  398 -154   35  +11   35   11  18  0  0 L3E 07
E26 FF 61047 035800  780 375 2112    -1840737    -99         -14    +10   16  74  132  +19   84   -3   84   -3  10  0  0 L3E 01
E29 FF 61047 035800  780 473 2582    +1668475    +22         -19    -13   16  74  110  -10   54   +4   54    4  10  0  0 L3E EF
E30 FF 61047 035800  780 178 1109    +5999721   +411         -14     +4   25  74  263  -70   86  -17   86  -17  16  0  0 L3E 39
E33 FF 61047 035800  780 461 2828       +8552    +33         -26    +23   14  74  112   +0   57   -8   57   -8   9  0  0 L3E AA
E02 FF 61047 041400  780 218  514      -84771    -70         -14    -41   19  76  216   +1   47  +25   47   25  11  0  0 L3E C3
E07 FF 61047 041400  780 696  708     +373402    +42         -20    +20   16  76   86   +3   49   -9   49   -9  10  0  0 L3E BC
E08 FF 61047 041400  780 172  775     +689458    +22         -21    -46   21  76  269  +72   81  +35   81   35  14  0  0 L3E 04
E12 FF 61047 041400  780 158 3280     +170687    +38         -35    +19   23  72  293  -76   44   -8   44   -8  14  0  0 L3E FA
E26 FF 61047 041400  780 313 2090    -1840846    -92         -20    +17   16  75  155  +28   93   -6   93   -6  10  0  0 L3E 01
E29 FF 61047 041400  780 526 2627    +1668508    +56         -19    +21   16  76  102   -7   51  -12   51  -12   8  0  0 L3E FF
E30 FF 61047 041400  780 225 1069    +6000108   +376         -17    -31   18  75  211  -42   79  +12   79   12  11  0  0 L3E 15
E33 FF 61047 041400  780 456 2742       +8565     +1         -25     -9   13  76  113   +2   56  +12   56   12   8  0  0 L3E 8E
E02 FF 61047 043000  780 212  458      -84806    -34         -21     -6   21  76  221  +10   49   -1   49   -1  13  0  0 L3E 9E
E07 FF 61047 043000  780 641  749     +373415     +4         -27    -18   11  78   90   +4   56  +16   56   16   6  0  0 L3E AE
E08 FF 61047 043000  780 126  809     +689536    +57         -11    -12   21  78  363 +130   78   +6   78    6  14  0  0 L3E EC
E12 FF 61047 043000  780 197 3247     +170713     +6         -21    -12   19  78  238  -43   41  +14   41   14  12  0  0 L3E DC
E19 FF 61047 043000  780 107 2634   -26126621   -309         -30    +38   31  78  427 -178  104   -4  104   -4  19  0  0 L3E 57
E26 FF 61047 043000  780 251 2072    -1840962   -114         -29     -4   19  78  189  +44  107  +14  107   14  12  0  0 L3E 35
E29 FF 61047 043000  780 579 2675    +1668537     +5         -25    -29   14  78   95   -6   53  +20   53   20   8  0  0 L3E E8
E30 FF 61047 043000  780 268 1023    +6000494   +422         -22    +15   19  75  179  -26   75  -13   75  -13  12  0  0 L3E 26
E33 FF 61047 043000  780 437 2660       +8583    +31         -16    +21   16  78  117   +6   55   -3   55   -3   9  0  0 L3E A0
E02 FF 61047 044600  780 198  407      -84839    -43         -26    -14   22  76  236  +22   49   +5   49    5  14  0  0 L3E CA
E07 FF 61047 044600  780 587  791     +373448     +2         -16    -21   11  79   94   +6   50  +18   50   18   7  0  0 L3E B7
E12 FF 61047 044600  780 231 3205     +170732    +39         -17    +21   23  79  205  -26   42  -10   42  -10  14  0  0 L3E EE
E19 FF 61047 044600  780 153 2671   -26126936   -318         -11    +29   24  79  304  -91   91  -33   91  -33  16  0  0 L3E 5A
E26 FF 61047 044600  780 190 2056    -1841078   -146         -41    -37   26  79  245  +76  120  +28  120   28  16  0  0 L3E 55
E27 FF 61047 044600  780 129 1463    +8730648   +148         -14    +44   29  79  358 -152  100  -31  100  -31  19  0  0 L3E 71
E29 FF 61047 044600  780 632 2726    +1668574    +11         -22    -23   13  79   91   -4   50  +16   50   16   7  0  0 L3E E4
E30 FF 61047 044600  780 307  971    +6000897   +401         -10     -6   19  75  158  -17   59   -4   59   -4  11  0  0 L3E F5
E33 FF 61047 044600  780 406 2587       +8597     +2         -13     -8   17  79  124   +9   60  +13   60   13   9  0  0 L3E A0
E02 FF 61047 050200  780 175  360      -84865    -31         -23     -2   28  81  265  +39   44   +4   44    4  17  0  0 L3E A5
E07 FF 61047 050200  780 534  834     +373471     +6         -14    -16   14  81  100   +7   51  +10   51   10   8  0  0 L3E 9C
E10 FF 61047 050200  780 118 3350    +7628886    +98         -47    +73   26  81  388 -121   59  -40   59  -40  16  0  0 L3E 4E
E12 FF 61047 050200  780 256 3156     +170745    +20         -20     +2   24  80  186  -15   44   +2   44    2  14  0  0 L3E AC
E19 FF 61047 050200  780 200 2709   -26127278   -349         -22     -2   30  81  236  -55   86   -2   86   -2  17  0  0 L3E 18
E26 FF 61047 050200  780 131 2042    -1841177   -105         -37     +4   20  81  349 +152  122   -2  122   -2  15  0  0 L3E 11
E27 FF 61047 050200  780 185 1442    +8730736   +173         -26    +69   27  81  254  -77  101  -65  101  -65  16  0  0 L3E 64
E29 FF 61047 050200  780 685 2782    +1668621    +36         -11     +1   13  81   87   -3   42   +1   42    1   7  0  0 L3E A2
E30 FF 61047 050200  780 339  911    +6001291   +411          -9     +4   22  81  145  -11   56  -17   56  -17  14  0  0 L3E E9
E33 FF 61047 050200  780 366 2524       +8605     +2         -17     -8   15  81  135  +14   70  +11   70   11   9  0  0 L3E 92
E02 FF 61047 051800  780 146  319      -84899    -50         -27    -21   25  82  315  +69   40   +8   40    8  16  0  0 L3E C7
E07 FF 61047 051800  780 482  876     +373493    +20         -15     -3   15  82  108   +9   52   +3   52    3   9  0  0 L3E 9B
E10 FF 61047 051800  780 153 3313    +7628942    +11         -14    -14   25  82  303  -63   36  +11   36   11  15  0  0 L3E FE
E12 FF 61047 051800  780 273 3100     +170771    +22         -11     +4   20  80  175   -8   41   +0   41    0  12  0  0 L3E 8A
E19 FF 61047 051800  780 247 2746   -26127621   -300         -32    +47   23  82  193  -36   65  -38   65  -38  14  0  0 L3E 5B
E27 FF 61047 051800  780 242 1419    +8730836   +107         -26     +3   25  82  197  -45   86  -11   86  -11  16  0  0 L3E 31
E29 FF 61047 051800  780 739 2847    +1668650    +39         -16     +4    7  82   84   -2   44   -4   44   -4   4  0  0 L3E BE
E30 FF 61047 051800  780 363  845    +6001681   +407          -9     +0   19  82  136   -6   52   -8   52   -8  11  0  0 L3E C7
E33 FF 61047 051800  780 320 2471       +8615    +24         -17    +14   16  82  152  +21   77   -1   77   -1  10  0  0 L3E B2
E07 FF 61047 054600  780 393  950     +373529    +26         -20     +3   15  85  127  +14   58   +8   58    8   9  0  0 L3E BC
E10 FF 61047 054600  780 197 3233    +7628984    +62         -16    +37   25  84  238  -22   42  -24   42  -24  15  0  0 L3E 2E
E12 FF 61047 054600  780 279 2992     +170798    +64         -15    +46   17  80  172   +3   45  -25   45  -25   9  0  0 L3E 03
E19 FF 61047 054600  780 333 2808   -26128197   -338         -23     +8   17  85  147  -20   44  -16   44  -16  10  0  0 L3E 44
E27 FF 61047 054600  780 342 1367    +8731024    +97         -11     -7   23  85  144  -22   60   -3   60   -3  14  0  0 L3E E7
E29 FF 61047 054600  780 833 3046    +1668712    +52         -14    +18   10  85   81   -1   28  -11   28  -11   6  0  0 L3E EA
E30 FF 61047 054600  780 379  721    +6002347   +401         -27     -7   23  84  131   +0   46   -4   46   -4  14  0  0 L3E CC
E33 FF 61047 054600  780 230 2399       +8639     +5         -16     -5   22  85  205  +46   83  +12   83   12  14  0  0 L3E BB
E07 FF 61047 060200  780 343  991     +373552    +10         -20    -13   12  87  143  +19   66  +22   66   22   7  0  0 L3E D3
E10 FF 61047 060200  780 211 3180    +7629008    +47         -16    +22   21  84  223  -10   41   -8   41   -8  13  0  0 L3E DF
E12 FF 61047 060200  780 269 2930     +170801    -19         -19    -36   20  87  178  +10   52  +22   52   22  12  0  0 L3E F1
E19 FF 61047 060200  780 383 2841   -26128518   -340          -7     +7   17  87  130  -15   30   -9   30   -9  10  0  0 L3E FE
E27 FF 61047 060200  780 397 1328    +8731127   +141          -8    +36   16  87  127  -15   54  -27   54  -27   9  0  0 L3E 24
E29 FF 61047 060200  780 875   22    +1668753    +37          -6     +3   11  85   81   +0   24   -3   24   -3   6  0  0 L3E 7B
E30 FF 61047 060200  780 372  651    +6002751   +415         -14     +8   16  84  133   +4   36   +0   36    0   9  0  0 L3E A2
E33 FF 61047 060200  780 176 2366       +8653    -11         -14    -21   33  87  264  +79   86  +17   86   17  20  0  0 L3E EA
E07 FF 61047 061800  780 293 1032     +373586    +72          -9    +49   14  88  164  +26   76   -6   76   -6   9  0  0 L3E E9
E10 FF 61047 061800  780 216 3124    +7629034    +19         -13     -6   26  84  218   +0   40   +1   40    1  17  0  0 L3E B3
E11 FF 61047 061800  780 116 3381   -34790647  -1821         -37    -70   28  88  392  -80   50  +49   50   49  18  0  0 L3E 6C
E12 FF 61047 061800  780 248 2870     +170840    +38           2    +21   13  88  191  +18   39   -5   39   -5   7  0  0 L3E C2
E19 FF 61047 061800  780 435 2872   -26128858   -321         -15    +25   16  88  117  -12   32  -19   32  -19  10  0  0 L3E 54
E21 FF 61047 061800  780 129 1762    +7132906   +108         -30    +82   18  88  359 -160  113  -42  113  -42  13  0  0 L3E 66
E27 FF 61047 061800  780 448 1278    +8731222   +100         -12     -4   17  88  115  -10   55   +5   55    5  11  0  0 L3E E9
E29 FF 61047 061800  780 845  859    +1668795    +33           3     -1   11  85   81   +1   24   +6   24    6   6  0  0 L3E 8B
E30 FF 61047 061800  780 355  587    +6003142   +438         -14    +31   15  84  139   +8   38  -15   38  -15   9  0  0 L3E 06
E33 FF 61047 061800  780 122 2337       +8668    +63         -10    +52   29  88  374 +161   89  -28   89  -28  18  0  0 L3E 1F
E07 FF 61047 063400  780 244 1071     +373592    +36         -25    +13   16  90  194  +38  119  +30  119   30  10  0  0 L3E 18
E10 FF 61047 063400  780 211 3066    +7629055    -26         -19    -51   29  90  222  +10   42  +18   42   18  17  0  0 L3E 0A
E11 FF 61047 063400  780 136 3335   -34792308  -1735         -18    +16   25  90  337  -40   35  -18   35  -18  15  0  0 L3E 63
E12 FF 61047 063400  780 220 2814     +170830     -2         -28    -20   21  89  214  +30   65  +17   65   17  14  0  0 L3E DB
E19 FF 61047 063400  780 488 2899   -26129188   -329         -12    +17   19  88  107   -9   27  -11   27  -11  11  0  0 L3E 57
E21 FF 61047 063400  780 188 1760    +7132939    -12         -17    -37   21  90  250  -79  108  +26  108   26  13  0  0 L3E 3F
E27 FF 61047 063400  780 494 1214    +8731323   +120         -10    +16   15  90  106   -7   56   -6   56   -6   9  0  0 L3E E8
E29 FF 61047 063400  780 791 1031    +1668816    +83         -10    +48   11  85   82   +2   36  -19   36  -19   7  0  0 L3E FB
E30 FF 61047 063400  780 328  532    +6003535   +433         -12    +26   16  84  149  +13   43   -4   43   -4  10  0  0 L3E E7
E07 FF 61047 065000  780 195 1109     +373626     +8         -15    -15   24  91  240  +59  157  +60  157   60  14  0  0 L3E 16
E10 FF 61047 065000  780 197 3009    +7629090     +1          -9    -24   20  92  237  +22   35  +12   35   12  12  0  0 L3E DC
E11 FF 61047 065000  780 148 3285   -34793979  -1738          -9    +13   23  91  311  -16   28   -2   28   -2  14  0  0 L3E 36
E12 FF 61047 065000  780 185 2764     +170853    +17         -21     -1   19  89  252  +51   67   +7   67    7  13  0  0 L3E D5
E19 FF 61047 065000  780 542 2921   -26129530   -360         -21    -13   11  88  100   -7   35  +18   35   18   6  0  0 L3E 0E
E21 FF 61047 065000  780 249 1758    +7132971     +5         -10    -20   19  92  192  -46  105   +6  105    6  12  0  0 L3E FC
E27 FF 61047 065000  780 531 1132    +8731422   +131         -12    +27   13  92  101   -4   60   -9   60   -9   8  0  0 L3E D6
E29 FF 61047 065000  780 734 1114    +1668853    -11         -14    -46   14  92   84   +3   40  +33   40   33   8  0  0 L3E DA
E30 FF 61047 065000  780 293  488    +6003927   +411          -4     +4   12  92  164  +20   56  +17   56   17   8  0  0 L3E DC
E07 FF 61047 070600  780 146 1146     +373638    +28         -24     +5   32  91  315 +103  229  +61  229   61  20  0  0 L3E 1E
E10 FF 61047 070600  780 175 2955    +7629112    -15         -13    -40   22  93  266  +39   42  +26   42   26  13  0  0 L3E 12
E11 FF 61047 070600  780 152 3232   -34795657  -1751          -6     +0   21  91  304   +2   26   +6   26    6  13  0  0 L3E E7
E12 FF 61047 070600  780 145 2719     +170888     -8          -3    -26   31  89  318  +91   61  +21   61   21  20  0  0 L3E DF
E19 FF 61047 070600  780 598 2934   -26129852   -310         -11    +37   11  88   94   -6   34  -14   34  -14   6  0  0 L3E 24
E21 FF 61047 070600  780 311 1756    +7132990    +18         -16     -8   18  93  156  -30  107   +4  107    4  11  0  0 L3E FB
E27 FF 61047 070600  780 556 1035    +8731515    +58         -19    -46   14  93   98   -2   69  +32   69   32   8  0  0 L3E 00
E29 FF 61047 070600  780 676 1174    +1668890    +14         -13    -21   13  93   87   +4   53  +30   53   30   8  0  0 L3E E7
E30 FF 61047 070600  780 253  453    +6004308   +429         -13    +22   13  93  188  +30   81   +8   81    8   8  0  0 L3E DA
E04 FF 61047 072200  780 101 2967     +350269   +100         -25     -8   30  95  454 -212   49   +4   49    4  18  0  0 L3E EE
E10 FF 61047 072200  780 145 2905    +7629119    +50         -32    +24   36  95  317  +70   60   -4   60   -4  23  0  0 L3E F4
E11 FF 61047 072200  780 146 3178   -34797338  -1744          -6     +7   29  91  315  +21   28  +12   28   12  18  0  0 L3E 36
E12 FF 61047 072200  780 101 2678     +170902    -28          -6    -46   23  89  446 +192   72  +43   72   43  14  0  0 L3E 07
E19 FF 61047 072200  780 654 2934   -26130185   -338         -10     +9   11  95   89   -4   39   +3   39    3   6  0  0 L3E E1
E21 FF 61047 072200  780 375 1753    +7133015     +0         -17    -26   15  95  133  -20  111  +27  111   27   9  0  0 L3E FD
E27 FF 61047 072200  780 565  928    +8731615   +115         -19    +11   16  95   97   +0   75   +2   75    2   9  0  0 L3E CD
E29 FF 61047 072200  780 618 1224    +1668923     +5         -15    -31   14  95   92   +5   67  +34   67   34   8  0  0 L3E DF
E30 FF 61047 072200  780 209  428    +6004696   +371         -13    -36   17  95  225  +48  102  +60  102   60  11  0  0 L3E 29
E04 FF 61047 073800  780 149 2990     +350385   +157         -13    +49   23  96  311 -102   56  -23   56  -23  16  0  0 L3E 3C
E10 FF 61047 073800  780 110 2859    +7629184    +46           8    +21   50  96  413 +138   50  +18   50   18  29  0  0 L3E 13
E11 FF 61047 073800  780 132 3126   -34799027  -1784         -19    -33   26  96  347  +47   40  +32   40   32  18  0  0 L3E 5E
E19 FF 61047 073800  780 711 2907   -26130498   -350           8     -3   10  96   85   -3   41  +16   41   16   6  0  0 L3E DE
E21 FF 61047 073800  780 439 1746    +7133037     +5         -20    -21   17  96  117  -14  108   +6  108    6  11  0  0 L3E FC
E27 FF 61047 073800  780 557  823    +8731723   +120         -11    +16   15  96   98   +2   78   -2   78   -2   8  0  0 L3E DF
E29 FF 61047 073800  780 560 1268    +1668960    +20         -12    -15   11  96   97   +7   79  +27   79   27   6  0  0 L3E 04
E30 FF 61047 073800  780 162  412    +6005081   +399         -18     -8   23  96  286  +83  138  +46  138   46  17  0  0 L3E 3E
E04 FF 61047 075400  780 199 3009     +350494    +88          -7    -19   20  96  236  -59   73  +33   73   33  13  0  0 L3E 09
E11 FF 61047 075400  780 110 3076   -34800707  -1776         -19    -26   26  98  412  +92   51  +29   51   29  18  0  0 L3E 5E
E19 FF 61047 075400  780 764 2826   -26130838   -366          -3    -19   12  98   83   -2   55  +25   55   25   7  0  0 L3E 14
E21 FF 61047 075400  780 504 1735    +7133070     +1         -11    -24   15  97  105  -10  100  +16  100   16   9  0  0 L3E EE
E27 FF 61047 075400  780 535  732    +8731824    +83         -11    -21   12  98  100   +4   88  +19   88   19   7  0  0 L3E F3
E29 FF 61047 075400  780 501 1307    +1669005    +31          -2     -5   13  98  105   +9   95  +22   95   22   7  0  0 L3E CD
E30 FF 61047 075400  780 113  403    +6005475   +416         -15    +10   18  98  402 +170  174  +44  174   44  12  0  0 L3E 39
E04 FF 61047 081000  780 250 3024     +350596    +90          -9    -18   20  96  190  -38   97  +26   97   26  12  0  0 L3E FB
E19 FF 61047 081000  780 806 2613   -26131170   -320          -9    +26   11 100   82   -1   70   +0   70    0   6  0  0 L3E BA
E21 FF 61047 081000  780 567 1714    +7133094     +6         -11    -19   12 100   97   -7  102   +9  102    9   7  0  0 L3E D0
E23 FF 61047 081000  780 120 2051     +212117    +60         -34    +48   22 100  386 -180  230  -45  230  -45  14  0  0 L3E 2B
E27 FF 61047 081000  780 501  660    +8731923   +101         -13     -4   11 100  105   +6  104  +18  104   18   6  0  0 L3E EC
E29 FF 61047 081000  780 443 1344    +1669021    +66         -22    +30   16  99  115  +13  124   +6  124    6  10  0  0 L3E 00
E04 FF 61047 082600  780 303 3032     +350701    +81          -6    -27   23  96  160  -26  107  +36  107   36  13  0  0 L3E 01
E19 FF 61047 082600  780 814 2222   -26131495   -330          -5    +17    9 101   82   +0   80   +6   80    6   5  0  0 L3E C5
E21 FF 61047 082600  780 629 1674    +7133121    +31          -9     +6   11 101   91   -5  104   +1  104    1   6  0  0 L3E AC
E23 FF 61047 082600  780 176 2069     +212146    +34         -17    +22   28 101  266  -86  199  -27  199  -27  18  0  0 L3E 5B
E27 FF 61047 082600  780 459  608    +8732021   +119         -16    +14   14 101  112   +9  118  +12  118   12   7  0  0 L3E 16
E29 FF 61047 082600  780 384 1377    +1669060    +11         -17    -24   18  99  130  +17  159  +54  159   54  11  0  0 L3E 4D
E04 FF 61047 084200  780 355 3033     +350798   +125         -18    +17   16 103  139  -19  122  -10  122  -10  10  0  0 L3E 3B
E06 FF 61047 084200  780 112 3082    +2162859    +40           2     -8   21  99  410 -181  113  +45  113   45  13  0  0 L3E 09
E19 FF 61047 084200  780 779 1932   -26131839   -321         -21    +25   14 103   83   +2  100   -6  100   -6   8  0  0 L3E 18
E21 FF 61047 084200  780 686 1603    +7133149    +62          -4    +36    7 103   87   -3  105  -23  105  -23   5  0  0 L3E F3
E23 FF 61047 084200  780 234 2089     +212171     -2          -4    -14   18 102  203  -49  185  +11  185   11  12  0  0 L3E F9
E27 FF 61047 084200  780 412  574    +8732125    +78         -13    -27   16 103  122  +12  139  +30  139   30   9  0  0 L3E 1E
E29 FF 61047 084200  780 326 1408    +1669103    +20         -12    -16   19 103  149  +24  180  +39  180   39  10  0  0 L3E 40
E04 FF 61047 085800  780 408 3025     +350902   +104         -20     -4   19 104  124  -14  125  +10  125   10  12  0  0 L3E 0B
E06 FF 61047 085800  780 162 3092    +2162905    +80           3    +32   32  99  287  -89  134  -11  134  -11  19  0  0 L3E 30
E19 FF 61047 085800  780 724 1809   -26132172   -393         -21    -47   10 104   85   +3  111  +38  111   38   6  0  0 L3E 3B
E21 FF 61047 085800  780 733 1473    +7133169    +22          -7     -4   11 104   84   -2  105   +4  105    4   6  0  0 L3E BE
E23 FF 61047 085800  780 293 2112     +212178    +25          -9    +13   19 102  165  -31  197  -32  197  -32  11  0  0 L3E 2D
E27 FF 61047 085800  780 362  554    +8732217   +132         -22    +28   13 104  136  +17  152   -5  152   -5   8  0  0 L3E 1F
E29 FF 61047 085800  780 268 1436    +1669130    +55         -19    +19   16 103  178  +36  220  +26  220   26   9  0  0 L3E 45
E04 FF 61047 091400  780 459 3004     +351007   +113         -22     +4   13 106  113  -10  126   -5  126   -5   7  0  0 L3E E7
E06 FF 61047 091400  780 213 3096    +2162934    +63         -22    +15   33 106  222  -52  151   -3  151   -3  20  0  0 L3E 15
E19 FF 61047 091400  780 662 1759   -26132503   -357         -18    -11   11 106   88   +4  121  +19  121   19   6  0  0 L3E 3B
E21 FF 61047 091400  780 760 1261    +7133205    +31           7     +5   12 106   83   +0  101   -6  101   -6   6  0  0 L3E A4
E23 FF 61047 091400  780 352 2137     +212192    +19          -8     +7   22 106  140  -21  182  -14  182  -14  12  0  0 L3E 05
E27 FF 61047 091400  780 310  545    +8732321    +86         -17    -18   18 106  156  +24  167  +33  167   33  11  0  0 L3E 3A
E29 FF 61047 091400  780 211 1461    +1669163    +40         -21     +4   19 106  222  +58  259  +42  259   42  12  0  0 L3E 31
E04 FF 61047 093000  780 507 2966     +351107   +120         -26    +11   12 106  104   -7  130   -7  130   -7   7  0  0 L3E EF
E06 FF 61047 093000  780 264 3093    +2163013    +69           9    +21   15 108  181  -33  131  -19  131  -19  10  0  0 L3E 24
E19 FF 61047 093000  780 598 1739   -26132833   -312         -14    +34    9 108   93   +6  132   -9  132   -9   5  0  0 L3E 22
E21 FF 61047 093000  780 756 1014    +7133232     -3          11    -29   12 108   83   +1   97  +15   97   15   7  0  0 L3E C8
E23 FF 61047 093000  780 412 2165     +212197    +19         -10     +6   14 108  123  -15  170  -19  170  -19   8  0  0 L3E 0E
E27 FF 61047 093000  780 258  545    +8732418   +117         -19    +12   13 108  184  +35  186  +12  186   12   9  0  0 L3E 42
E29 FF 61047 093000  780 155 1483    +1669208    +65         -10    +29   16 107  298 +106  294  +33  294   33   9  0  0 L3E 5F
E04 FF 61047 094600  780 550 2907     +351212   +119         -25    +10   13 106   99   -5  126   -9  126   -9   8  0  0 L3E FD
E06 FF 61047 094600  780 314 3081    +2163055    +32           5    -16   22 109  155  -23  127   +2  127    2  14  0  0 L3E F0
E19 FF 61047 094600  780 533 1734   -26133158   -360          -7    -15   17 109  101   +9  143  +27  143   27  10  0  0 L3E 4A
E21 FF 61047 094600  780 724  832    +7133228     -1         -17    -27   12 109   85   +2  112  +12  112   12   7  0  0 L3E DB
E23 FF 61047 094600  780 472 2196     +212210    +13          -6     +1   14 109  110  -11  154  -15  154  -15   8  0  0 L3E F0
E27 FF 61047 094600  780 207  552    +8732524   +107         -13     +3   20 109  227  +55  205  +22  205   22  11  0  0 L3E 22
E29 FF 61047 094600  780 100 1503    +1669224    +10         -29    -26   61 107  454 +241  329  +19  329   19  35  0  0 L3E 61
E04 FF 61047 100200  780 584 2824     +351327    +92         -15    -16   18 106   95   -3  116  +10  116   10  10  0  0 L3E F7
E06 FF 61047 100200  780 363 3058    +2163087    +43         -11     -6   18 111  137  -16  127   -3  127   -3  11  0  0 L3E 06
E09 FF 61047 100200  780 146 3173    +1634259   +115         -17    -37   25 107  317 -108  166  +32  166   32  15  0  0 L3E 67
E19 FF 61047 100200  780 467 1735   -26133488   -369          -7    -23   18 111  111  +12  152  +30  152   30  11  0  0 L3E 49
E21 FF 61047 100200  780 678  730    +7133260    +52          -9    +27   14 109   87   +3  107  -14  107  -14   8  0  0 L3E F0
E23 FF 61047 100200  780 533 2229     +212211    +13         -16     +1   16 111  101   -8  143  -15  143  -15   9  0  0 L3E DB
E27 FF 61047 100200  780 156  565    +8732618    +54         -20    -50   25 111  296  +93  240  +81  240   81  16  0  0 L3E 33
E04 FF 61047 101800  780 604 2716     +351440   +106          -6     -3   13 112   93   -1  107   -2  107   -2   7  0  0 L3E B6
E06 FF 61047 101800  780 407 3024    +2163145    +28          -2    -20   16 112  124  -11  117  +10  117   10  10  0  0 L3E FF
E09 FF 61047 101800  780 196 3166    +1634422   +152          -5     +0   19 112  239  -59  154  -13  154  -13  11  0  0 L3E 39
E15 FF 61047 101800  780 110  452    +2266691    +57         -18    +30   24 112  414  -77  287  -15  287  -15  16  0  0 L3E 46
E19 FF 61047 101800  780 402 1740   -26133817   -350          -5     -5   16 112  125  +17  168  +28  168   28  10  0  0 L3E 45
E21 FF 61047 101800  780 625  681    +7133267    +66         -26    +40   13 109   91   +5  119  -20  119  -20   8  0  0 L3E 06
E23 FF 61047 101800  780 593 2265     +212225     -6         -14    -18   18 112   94   -6  125   -5  125   -5  10  0  0 L3E DB
E27 FF 61047 101800  780 107  583    +8732710    +72         -28    -33   43 112  425 +189  304 +103  304  103  30  0  0 L3E 5D
E04 FF 61047 103400  780 607 2594     +351543   +112          -8     +3   12 114   93   +1  107   -2  107   -2   7  0  0 L3E BB
E06 FF 61047 103400  780 447 2974    +2163191    +33          -6    -16   14 114  115   -8  113   -2  113   -2   9  0  0 L3E EB
E09 FF 61047 103400  780 245 3151    +1634557   +179         -20    +26   25 114  195  -37  152  -23  152  -23  16  0  0 L3E 62
E15 FF 61047 103400  780 127  401    +2266718     +4         -16    -24   40 114  361  -37  279  +25  279   25  25  0  0 L3E 23
E19 FF 61047 103400  780 338 1746   -26134146   -332          -5    +13   14 113  145  +25  186   +4  186    4   8  0  0 L3E 25
E21 FF 61047 103400  780 571  662    +7133297    +44         -21    +19   10 109   96   +6  116  -10  116  -10   6  0  0 L3E FC
E23 FF 61047 103400  780 654 2305     +212226     -3         -24    -15   12 112   89   -4  119   -6  119   -6   7  0  0 L3E C8
E31 FF 61047 103400  780 146 2377    +1106705    +57           8    +31   46 109  317 -108  280  -77  280  -77  28  0  0 L3E 56
E04 FF 61047 105000  780 591 2475     +351649    +97          -7    -12   11 115   94   +2  106  +10  106   10   7  0  0 L3E DC
E06 FF 61047 105000  780 478 2908    +2163244    +55          -3     +7   14 115  109   -5  103   -8  103   -8   8  0  0 L3E E2
E09 FF 61047 105000  780 291 3126    +1634711   +130         -13    -23   18 116  166  -24  141  +10  141   10  11  0  0 L3E 2D
E13 FF 61047 105000  780 110  855     +460358    +73         -35    +66   31 116  416 -159  320  -28  320  -28  22  0  0 L3E 39
E15 FF 61047 105000  780 136  349    +2266725    -51         -32    -78   29 116  338  -11  286  +51  286   51  19  0  0 L3E 47
E19 FF 61047 105000  780 274 1752   -26134478   -332          -5    +14   18 113  174  +38  199   -2  199   -2  10  0  0 L3E 4E
E21 FF 61047 105000  780 516  661    +7133314    +45         -26    +20   15 116  103   +8  125   -9  125   -9   9  0  0 L3E E9
E23 FF 61047 105000  780 714 2349     +212249     +2         -13    -10   14 112   85   -3  101   +0  101    0   8  0  0 L3E 97
E31 FF 61047 105000  780 197 2412    +1106710    +58         -11    +32   30 116  239  -61  229  -72  229  -72  18  0  0 L3E 48
E04 FF 61047 110600  780 560 2374     +351745   +138         -15    +29   16 115   97   +4  115  -14  115  -14   9  0  0 L3E 19
E06 FF 61047 110600  780 499 2828    +2163290     +9          -4    -40   14 115  106   -2  106  +33  106   33   8  0  0 L3E F5
E09 FF 61047 110600  780 333 3091    +1634845   +162         -25     +9   15 117  147  -16  143  -13  143  -13   9  0  0 L3E 3D
E13 FF 61047 110600  780 151  812     +460375    -23         -24    -30   32 117  307  -79  296  -10  296  -10  21  0  0 L3E 23
E15 FF 61047 110600  780 136  296    +2266766    +32         -17     +4   24 117  338  +10  276   +6  276    6  15  0  0 L3E 05
E19 FF 61047 110600  780 213 1757   -26134821   -369         -16    -23   21 113  221  +62  223  +42  223   42  13  0  0 L3E 58
E21 FF 61047 110600  780 461  671    +7133352    +44         -12    +19   16 117  112  +10  128   +1  128    1   9  0  0 L3E E1
E23 FF 61047 110600  780 773 2404     +212257    +30         -17    +18   14 112   83   -2  101   -7  101   -7   8  0  0 L3E CA
E31 FF 61047 110600  780 247 2448    +1106734    +25         -10     -1   22 117  193  -38  184  -40  184  -40  14  0  0 L3E 33
E04 FF 61047 112200  780 517 2294     +351848   +109         -22     +0   14 119  103   +7  126  +16  126   16   8  0  0 L3E 00
E06 FF 61047 112200  780 506 2738    +2163336    +40          -4     -9   18 115  105   +0  115  +13  115   13  11  0  0 L3E EE
E09 FF 61047 112200  780 369 3044    +1634999   +159         -19     +7   20 119  134  -11  141   +0  141    0  13  0  0 L3E 18
E13 FF 61047 112200  780 187  764     +460399    +45          -9    +38   24 119  250  -44  253  -61  253  -61  18  0  0 L3E 2D
E15 FF 61047 112200  780 127  246    +2266769    +58         -38    +31   29 118  359  +35  297  -14  297  -14  18  0  0 L3E 62
E19 FF 61047 112200  780 152 1761   -26135132   -347          -1     -2   19 119  303 +116  248  +43  248   43  12  0  0 L3E 4F
E21 FF 61047 112200  780 408  689    +7133376    +67         -13    +42   13 119  123  +14  147  -11  147  -11   8  0  0 L3E 28
E23 FF 61047 112200  780 831 2491     +212275     +6         -12     -6    9 119   81   -1  101   +9  101    9   5  0  0 L3E 90
E31 FF 61047 112200  780 298 2486    +1106762    +37          -6    +11   25 118  162  -26  156  -11  156  -11  15  0  0 L3E 39
E04 FF 61047 113800  780 466 2235     +351955   +111         -20     +2   14 120  111  +10  138  +17  138   17   9  0  0 L3E 07
E06 FF 61047 113800  780 498 2646    +2163379    +65          -8    +16   14 115  106   +2  124   -4  124   -4   8  0  0 L3E FF
E09 FF 61047 113800  780 397 2985    +1635151   +164         -14    +12   16 120  126   -7  142   -8  142   -8   9  0  0 L3E 26
E13 FF 61047 113800  780 218  711     +460388    -51         -25    -58   30 120  217  -26  243   -2  243   -2  19  0  0 L3E 03
E15 FF 61047 113800  780 110  198    +2266804    -21         -30    -49   33 118  411  +76  298   +1  298    1  21  0  0 L3E 12
E21 FF 61047 113800  780 355  712    +7133394    -14         -17    -39   16 120  138  +18  171  +46  171   46  10  0  0 L3E 32
E23 FF 61047 113800  780 884 2956     +212283     +0         -17    -13   12 120   81   +0  109  +11  109   11   7  0  0 L3E D4
E31 FF 61047 113800  780 349 2526    +1106780    +40         -13    +14   22 118  141  -19  151   -7  151   -7  14  0  0 L3E 1E
E04 FF 61047 115400  780 410 2191     +352060   +137         -19    +28   17 122  123  +15  154   +3  154    3  11  0  0 L3E FF
E06 FF 61047 115400  780 477 2560    +2163432    +82         -14    +32   16 122  109   +5  134   -6  134   -6   9  0  0 L3E 02
E09 FF 61047 115400  780 415 2916    +1635296   +128         -14    -25   15 121  122   -3  144  +14  144   14   9  0  0 L3E 2C
E13 FF 61047 115400  780 240  654     +460407    +68         -14    +61   24 121  197  -15  215  -55  215  -55  16  0  0 L3E 2A
E21 FF 61047 115400  780 305  739    +7133424    +34         -10    +10   17 122  159  +24  181  +21  181   21  11  0  0 L3E 12
E23 FF 61047 115400  780 850  521     +212298    +13         -12     +0   10 122   81   +1  113   +8  113    8   6  0  0 L3E 8E
E26 FF 61047 115400  780 152 1179    -1843872   -106         -24     +3   21 122  307 -105  301  -34  301  -34  15  0  0 L3E 51
E31 FF 61047 115400  780 400 2568    +1106813    +22          -5     -4   16 118  126  -14  143   -1  143   -1  10  0  0 L3E E8
E04 FF 61047 121000  780 352 2157     +352164   +105         -20     -4   16 124  140  +21  176  +27  176   27  10  0  0 L3E 13
E05 FF 61047 121000  780 107 3303      -33424    -62           0    -33   28 124  428 -165  273   +6  273    6  17  0  0 L3E E4
E06 FF 61047 121000  780 445 2484    +2163480    +29         -14    -21   18 124  115   +8  147  +27  147   27  11  0  0 L3E 2B
E09 FF 61047 121000  780 422 2840    +1635460   +184           3    +32   21 121  120   +0  137  -12  137  -12  14  0  0 L3E 08
E13 FF 61047 121000  780 254  594     +460431     +0           3     -8   19 121  187   -7  204  -21  204  -21  11  0  0 L3E BB
E21 FF 61047 121000  780 255  769    +7133434    +25         -20     +0   17 124  186  +34  217  +25  217   25  10  0  0 L3E 0D
E23 FF 61047 121000  780 795  640     +212299    -19         -21    -31    8 124   82   +2  124  +22  124   22   5  0  0 L3E C6
E26 FF 61047 121000  780 203 1145    -1843980   -117         -27     -7   20 124  232  -57  265  -23  265  -23  13  0  0 L3E 4B
E31 FF 61047 121000  780 452 2611    +1106832    +31          -6     +5   18 124  114  -11  142   -1  142   -1  11  0  0 L3E D6
E04 FF 61047 122600  780 293 2131     +352271   +127         -18    +18   17 124  164  +31  197  +17  197   17  10  0  0 L3E 3F
E05 FF 61047 122600  780 147 3274      -33443    -58           9    -29   26 124  315  -81  245   +4  245    4  16  0  0 L3E E9
E06 FF 61047 122600  780 403 2421    +2163534    +30         -10    -20   11 125  125  +12  158  +31  158   31   6  0  0 L3E 0A
E09 FF 61047 122600  780 416 2762    +1635596   +201          -8    +49   17 121  122   +3  156  -16  156  -16  10  0  0 L3E 3F
E13 FF 61047 122600  780 258  533     +460420    +37         -12    +30   18 125  185   +1  208  -26  208  -26  10  0  0 L3E 07
E21 FF 61047 122600  780 207  801    +7133452    +34         -26    +10   19 125  226  +51  243  +19  243   19  12  0  0 L3E 1E
E23 FF 61047 122600  780 739  705     +212313    +51         -19    +39   12 124   84   +2  126  -19  126  -19   7  0  0 L3E F5
E26 FF 61047 122600  780 253 1105    -1844078    -96         -20    +14   18 125  188  -35  244  -40  244  -40  12  0  0 L3E 52
E31 FF 61047 122600  780 504 2655    +1106850    -20         -13    -46   18 125  105   -8  146  +26  146   26  10  0  0 L3E 25
E04 FF 61047 124200  780 234 2109     +352386   +108          -8     -1   19 124  202  +49  224  +42  224   42  12  0  0 L3E 0C
E05 FF 61047 124200  780 182 3239      -33492    -53         -13    -25   28 124  257  -45  236   -4  236   -4  18  0  0 L3E 12
E06 FF 61047 124200  780 356 2369    +2163578    +61         -13    +11   13   0  138  +17  183  +20  183   20   8  0  0 L3E 04
E09 FF 61047 124200  780 398 2687    +1635747   +155          -3     +2   16 121  126   +6  164  +11  164   11   9  0  0 L3E 15
E13 FF 61047 124200  780 252  474     +460425    +26         -12    +19   16   0  189   +8  200  -22  200  -22  11  0  0 L3E D7
E21 FF 61047 124200  780 160  835    +7133482    +70         -20    +46   21   0  289  +83  260  -17  260  -17  12  0  0 L3E 0F
E23 FF 61047 124200  780 684  759     +212324    +61         -19    +48   16 124   87   +3  130  -25  130  -25   9  0  0 L3E F8
E26 FF 61047 124200  780 300 1059    -1844187   -141         -25    -32   17 126  161  -23  219  -33  219  -33  10  0  0 L3E 5A
E31 FF 61047 124200  780 557 2701    +1106881    +26          -9     +0   13   0   98   -6  140   -3  140   -3   7  0  0 L3E 9F
E04 FF 61047 125800  780 175 2090     +352487   +113         -12     +3   21 124  265  +86  267  +36  267   36  14  0  0 L3E 38
E05 FF 61047 125800  780 211 3196      -33517    -12         -10    +17   35 124  223  -27  215  -30  215  -30  21  0  0 L3E 12
E06 FF 61047 125800  780 304 2327    +2163624    +53         -14     +3   21   1  159  +26  207  +27  207   27  12  0  0 L3E FF
E09 FF 61047 125800  780 369 2619    +1635891   +138         -13    -15   16   1  134  +11  181  +20  181   20   9  0  0 L3E 23
E13 FF 61047 125800  780 236  419     +460427    -17         -16    -23   19   1  200  +17  193   +7  193    7  11  0  0 L3E D5
E21 FF 61047 125800  780 114  869    +7133498    +33         -28     +9   41   1  399 +155  264   +0  264    0  29  0  0 L3E FF
E23 FF 61047 125800  780 630  808     +212331    +24         -23    +12   12   1   91   +4  135  -10  135  -10   7  0  0 L3E AE
E26 FF 61047 125800  780 342 1005    -1844288   -133         -20    -23   21 126  143  -15  196  -14  196  -14  12  0  0 L3E 60
E31 FF 61047 125800  780 610 2749    +1106905    -31         -10    -57   13   1   92   -5  132  +20  132   20   7  0  0 L3E D4
E33 FF 61047 125800  780 136 1496       +8925    +12         -13     +1   20   1  342 -146  292  -14  292  -14  14  0  0 L3E EF
E04 FF 61047 131400  780 118 2073     +352585   +127         -19    +17   26 124  385 +178  299  +24  299   24  16  0  0 L3E 6F
E05 FF 61047 131400  780 232 3147      -33549    -57         -15    -29   18   3  204  -15  202   +9  202    9  11  0  0 L3E CF
E06 FF 61047 131400  780 250 2292    +2163668    +42         -17     -8   18   2  190  +39  238  +38  238   38  10  0  0 L3E 19
E09 FF 61047 131400  780 332 2560    +1636045   +162          -8     +8   16   3  147  +16  190   +3  190    3   9  0  0 L3E D3
E13 FF 61047 131400  780 212  370     +460448    +21          -3    +15   21   3  222  +29  169  -11  169  -11  13  0  0 L3E DA
E23 FF 61047 131400  780 577  855     +212340    -11         -25    -23   11   3   95   +6  133   +4  133    4   7  0  0 L3E 91
E26 FF 61047 131400  780 378  942    -1844384    -68         -15    +41   12   3  132  -10  170  -48  170  -48   7  0  0 L3E 16
E31 FF 61047 131400  780 663 2799    +1106930    +10          -9    -16   11   3   88   -4  121   +0  121    0   7  0  0 L3E A2
E33 FF 61047 131400  780 194 1479       +8920    -26         -29    -37   17   3  242  -73  276   +5  276    5  11  0  0 L3E D9
E05 FF 61047 133000  780 245 3092      -33577    -74         -19    -45   23   5  194   -6  195   +9  195    9  14  0  0 L3E E1
E06 FF 61047 133000  780 196 2262    +2163715    +59         -19     +9   20   2  239  +65  270  +19  270   19  14  0  0 L3E 15
E09 FF 61047 133000  780 289 2509    +1636194   +159          -6     +6   12   4  166  +25  205  +14  205   14   7  0  0 L3E 00
E13 FF 61047 133000  780 180  328     +460454     +2          -2     -5   22   5  258  +49  164   +8  164    8  15  0  0 L3E 9E
E23 FF 61047 133000  780 524  901     +212351    -49         -24    -61   14   5  102   +7  126  +35  126   35   8  0  0 L3E C5
E26 FF 61047 133000  780 403  871    -1844493   -108         -19     +2   15   5  125   -5  145  -24  145  -24   9  0  0 L3E FC
E31 FF 61047 133000  780 717 2853    +1106950    +20         -14     -6   10   5   85   -3  111   -6  111   -6   5  0  0 L3E A9
E33 FF 61047 133000  780 255 1459       +8937    +54         -22    +43   23   5  188  -43  241  -81  241  -81  13  0  0 L3E FC
E05 FF 61047 134600  780 249 3034      -33600     +6         -14    +34   21   6  191   +1  180  -33  180  -33  12  0  0 L3E CB
E06 FF 61047 134600  780 142 2236    +2163750     +8         -31    -42   24   2  325 +122  305  +63  305   63  16  0  0 L3E 0E
E09 FF 61047 134600  780 241 2465    +1636341   +145          -7     -9   17   4  196  +38  227  +36  227   36  11  0  0 L3E 1E
E13 FF 61047 134600  780 142  294     +460456    +33          -6    +26   17   6  323  +90  171   -8  171   -8  10  0  0 L3E D0
E23 FF 61047 134600  780 472  945     +212360    -19         -26    -30   15   6  110   +9  122  +17  122   17   9  0  0 L3E CD
E26 FF 61047 134600  780 418  794    -1844598   -155         -17    -46   15   6  121   -2  125   +7  125    7   9  0  0 L3E F6
E31 FF 61047 134600  780 772 2918    +1106977    +23         -10     -3   11   6   83   -2   99   -9   99   -9   7  0  0 L3E BD
E33 FF 61047 134600  780 315 1436       +8947    -11         -21    -22   21   6  155  -28  194  -27  194  -27  13  0  0 L3E FF
E05 FF 61047 140200  780 243 2974      -33615    -64          -2    -36   22   8  195   +8  164  +12  164   12  13  0  0 L3E D5
E09 FF 61047 140200  780 191 2427    +1636490   +105          -5    -49   23   4  244  +63  252  +55  252   55  14  0  0 L3E 22
E13 FF 61047 140200  780 100  267     +460451    -13         -15    -20   24   8  451 +192  181  +10  181   10  16  0  0 L3E EA
E23 FF 61047 140200  780 421  989     +212380    -12         -17    -23   18   8  120  +12  121  +17  121   17  12  0  0 L3E DD
E26 FF 61047 140200  780 420  715    -1844715    -94         -29    +16   19   7  121   +1  125  -15  125  -15  12  0  0 L3E 01
E31 FF 61047 140200  780 827 3017    +1107000    +74         -10    +48   12   8   81   -1   90  -38   90  -38   7  0  0 L3E C7
E33 FF 61047 140200  780 376 1407       +8975    +19          -4     +8   18   8  133  -19  144  -34  144  -34  10  0  0 L3E DA
E05 FF 61047 141800  780 228 2917      -33653     -2         -13    +27   15   9  207  +17  167  -19  167  -19   9  0  0 L3E FB
E09 FF 61047 141800  780 140 2394    +1636632   +161         -11     +8   57   4  328 +118  289  +39  289   39  33  0  0 L3E 50
E23 FF 61047 141800  780 370 1031     +212392    -36         -17    -47   17   9  134  +16  127  +30  127   30   9  0  0 L3E F2
E26 FF 61047 141800  780 409  640    -1844825    -68         -33    +41   16   7  123   +4  121  -28  121  -28   9  0  0 L3E 00
E31 FF 61047 141800  780 878 3413    +1107026    +40          -9    +14   14   8   81   +0   80  -17   80  -17   8  0  0 L3E BE
E33 FF 61047 141800  780 435 1369       +8973    +15         -16     +5   24   9  118  -13  129  -21  129  -21  14  0  0 L3E EB
E03 FF 61047 143400  780 107 3360      -77657    +72         -27    +49   36  11  422  -68  200  -36  200  -36  22  0  0 L3E 1A
E05 FF 61047 143400  780 204 2862      -33683    +29         -13    +57   19  11  229  +30  167  -34  167  -34  12  0  0 L3E 1F
E12 FF 61047 143400  780 128 1802     +171401     -9         -37    -29   19   9  361 -167  286  -79  286  -79  14  0  0 L3E 40
E23 FF 61047 143400  780 319 1072     +212401    -14         -17    -26   14  11  152  +22  138  +32  138   32   9  0  0 L3E F3
E26 FF 61047 143400  780 387  574    -1844917   -123         -18    -13   18  11  129   +8  113  +13  113   13  10  0  0 L3E 1D
E31 FF 61047 143400  780 854  954    +1107057    +39          -4    +13    9   8   81   +1   74   -6   74   -6   5  0  0 L3E 87
E33 FF 61047 143400  780 490 1318       +8983    +37         -17    +26   17   9  107   -9  115  -26  115  -26  10  0  0 L3E EE
E03 FF 61047 145000  780 121 3313      -77627    +59         -15    +37   22  13  377  -30  191  -30  191  -30  14  0  0 L3E 10
E05 FF 61047 145000  780 174 2811      -33717    -33         -21     -4   19  13  267  +50  173  +11  173   11  12  0  0 L3E E8
E12 FF 61047 145000  780 189 1804     +171424     +9         -33    -11   25   9  249  -80  212  -46  212  -46  18  0  0 L3E 0B
E23 FF 61047 145000  780 268 1111     +212408    +15         -20     +4   16  13  178  +32  157  +16  157   16  11  0  0 L3E F4
E26 FF 61047 145000  780 355  519    -1845036   -156         -31    -46   18  11  139  +12  126  +28  126   28  11  0  0 L3E 36
E31 FF 61047 145000  780 798 1113    +1107055    +52         -30    +26   14   8   82   +2   90  -14   90  -14   8  0  0 L3E C7
E33 FF 61047 145000  780 539 1249       +8992     -5         -16    -15   15  13  100   -6  107   +0  107    0   9  0  0 L3E 99
E03 FF 61047 150600  780 126 3262      -77603    +45         -14    +22   30  14  361   -4  179  -21  179  -21  19  0  0 L3E 03
E05 FF 61047 150600  780 138 2764      -33742    -55         -19    -26   29  14  332  +90  182  +38  182   38  17  0  0 L3E 24
E12 FF 61047 150600  780 251 1808     +171440    +13         -31     -7   17  14  190  -46  170  -21  170  -21  11  0  0 L3E FE
E23 FF 61047 150600  780 218 1149     +212424    +40         -14    +29   20  14  216  +48  168   -1  168   -1  13  0  0 L3E F7
E26 FF 61047 150600  780 316  475    -1845127   -123         -17    -13   16  11  153  +19  120  +13  120   13   9  0  0 L3E 0F
E31 FF 61047 150600  780 740 1186    +1107085    -14         -26    -40   10   8   84   +3   88  +25   88   25   5  0  0 L3E CB
E33 FF 61047 150600  780 579 1158       +9008     +1         -10    -10   16  14   95   -4   99   -1   99   -1   9  0  0 L3E 84
E03 FF 61047 152200  780 123 3211      -77589     -1         -22    -24   28  16  369  +20  182  +14  182   14  18  0  0 L3E F7
E10 FF 61047 152200  780 115 1933    +7629902    +47         -26    +20   17  13  403 -204  225  -97  225  -97  12  0  0 L3E 53
E12 FF 61047 152200  780 315 1812     +171466     +9         -22    -10   13  16  155  -30  146  -15  146  -15   8  0  0 L3E F9
E23 FF 61047 152200  780 168 1185     +212429     +5         -20     -7   22  14  275  +80  184   +6  184    6  13  0  0 L3E D4
E26 FF 61047 152200  780 272  444    -1845243   -152         -24    -41   18  16  176  +28  125  +14  125   14  10  0  0 L3E 2A
E31 FF 61047 152200  780 681 1239    +1107103    +15         -28    -11   10  16   87   +4   95  +15   95   15   6  0  0 L3E D0
E33 FF 61047 152200  780 604 1044       +9012    +12         -17     +1   14  16   93   -2   99   -6   99   -6   8  0  0 L3E 78
E03 FF 61047 153800  780 112 3160      -77583    +20         -37     -3   28  17  403  +52  199   +7  199    7  17  0  0 L3E E9
E10 FF 61047 153800  780 174 1945    +7629952    +29          -2     +2   25  13  270  -92  168  -18  168  -18  16  0  0 L3E 39
E12 FF 61047 153800  780 380 1817     +171478    +19         -29     -1   15  16  131  -20  140  -12  140  -12   9  0  0 L3E FC
E23 FF 61047 153800  780 119 1219     +212452    +49          -9    +37   53  14  384 +156  179  -25  179  -25  33  0  0 L3E 45
E25 FF 61047 153800  780 101 2990     -217998     +9         -19     +9   20  17  452 -213  185  -14  185  -14  13  0  0 L3E 30
E26 FF 61047 153800  780 225  423    -1845337    -82         -12    +28   16  17  210  +44  108  -30  108  -30  11  0  0 L3E 22
E31 FF 61047 153800  780 622 1283    +1107133    -18         -22    -44   14  17   91   +5   94  +25   94   25   8  0  0 L3E DC
E33 FF 61047 153800  780 610  917       +9020    +26         -19    +15   13  16   92   +0   95  -14   95  -14   7  0  0 L3E 9E
E10 FF 61047 155400  780 235 1959    +7629965    +46          -9    +20   18  19  203  -52  159  -16  159  -16  12  0  0 L3E 4C
E12 FF 61047 155400  780 446 1820     +171509    +21         -16     +1   21  16  115  -14  121  -11  121  -11  13  0  0 L3E EE
E25 FF 61047 155400  780 150 3011     -217988    +46         -10    +46   22  19  310 -102  165  -56  165  -56  14  0  0 L3E 3E
E26 FF 61047 155400  780 175  411    -1845444    -66         -15    +45   22  19  266  +75   92  -40   92  -40  15  0  0 L3E 1C
E31 FF 61047 155400  780 562 1323    +1107161     +8         -18    -18   15  19   97   +7   93  +12   93   12   8  0  0 L3E CD
E33 FF 61047 155400  780 598  797       +9038    +19         -11     +8   11  16   93   +2   83  -11   83  -11   6  0  0 L3E 9A
E10 FF 61047 161000  780 297 1976    +7629979    +33         -18     +7   19  21  163  -32  153  -13  153  -13  12  0  0 L3E 3D
E12 FF 61047 161000  780 513 1820     +171524    +42         -20    +23   16  16  104  -10  110  -27  110  -27   9  0  0 L3E EE
E25 FF 61047 161000  780 200 3027     -217977    -31           4    -31   17  21  235  -59  131   +0  131    0  13  0  0 L3E C0
E26 FF 61047 161000  780 124  407    -1845536   -109          -1     +1   18  21  368 +147   64  -22   64  -22  11  0  0 L3E 02
E31 FF 61047 161000  780 502 1360    +1107178    +33         -25     +7   15  21  105   +9  101   -2  101   -2   9  0  0 L3E BC
E33 FF 61047 161000  780 570  698       +9035    +19         -24     +9    9  16   96   +4   83  -11   83  -11   5  0  0 L3E 86
E10 FF 61047 162600  780 360 1995    +7630002    +32         -19     +6   14  22  138  -22  133  -25  133  -25   8  0  0 L3E 10
E11 FF 61047 162600  780 105 2089   -34854386  -1738         -18     +9   25  22  439 -231  184   -3  184   -3  17  0  0 L3E 70
E12 FF 61047 162600  780 580 1814     +171542    +22         -20     +3   16  22   95   -7   95  -10   95  -10   9  0  0 L3E BC
E25 FF 61047 162600  780 252 3038     -218007    -20         -25    -19   19  22  190  -38  131   -6  131   -6  13  0  0 L3E 00
E31 FF 61047 162600  780 443 1393    +1107209    +23         -19     -3   10  22  115  +13   99   +5   99    5   6  0  0 L3E C4
E33 FF 61047 162600  780 529  626       +9047     -9         -22    -19   16  16  101   +6   76   +0   76    0  10  0  0 L3E 7D
E10 FF 61047 164200  780 423 2016    +7630029    +12         -16    -14   18  24  120  -15  110   -8  110   -8  11  0  0 L3E F5
E11 FF 61047 164200  780 161 2111   -34856067  -1732         -22    +15   25  23  290 -102  191  -34  191  -34  15  0  0 L3E 7D
E12 FF 61047 164200  780 646 1795     +171556    +19         -22     +0   13  24   90   -5   86  -10   86  -10   8  0  0 L3E C6
E25 FF 61047 164200  780 304 3042     -217995    -29         -11    -29   15  24  160  -26  102   +6  102    6  10  0  0 L3E ED
E31 FF 61047 164200  780 383 1424    +1107214    +38         -38    +13   16  23  130  +18  110   -6  110   -6  10  0  0 L3E F7
E33 FF 61047 164200  780 482  579       +9071    -36          -9    -46    9  24  108   +9   61  +22   61   22   5  0  0 L3E 8D
E10 FF 61047 165800  780 488 2038    +7630050    +52         -20    +26   18  25  107  -11   95  -34   95  -34  13  0  0 L3E 1F
E11 FF 61047 165800  780 218 2136   -34857730  -1689          -8    +58   32  23  217  -56  150  -54  150  -54  19  0  0 L3E 85
E12 FF 61047 165800  780 709 1748     +171578    +11         -17     -8    9  25   86   -3   71   -9   71   -9   5  0  0 L3E AF
E25 FF 61047 165800  780 356 3039     -217995    -34         -10    -34   14  25  139  -18   85   +1   85    1   9  0  0 L3E E1
E31 FF 61047 165800  780 324 1452    +1107263     -8         -13    -33   17  23  150  +25   98  +21   98   21  10  0  0 L3E F4
E33 FF 61047 165800  780 431  550       +9065    +10         -24     +0   13  25  118  +12   64   -1   64   -1   8  0  0 L3E 76
E10 FF 61047 171400  780 553 2062    +7630088    +34          -7     +8   19  26   98   -8   72  -16   72  -16  11  0  0 L3E E3
E11 FF 61047 171400  780 276 2164   -34859407  -1728         -10    +19   24  27  174  -35  128  -33  128  -33  14  0  0 L3E 89
E12 FF 61047 171400  780 766 1637     +171614     +9           1    -10   12  27   83   -2   45   -4   45   -4   7  0  0 L3E 7D
E25 FF 61047 171400  780 407 3025     -217996    -25         -11    -24   12  27  124  -13   71   +5   71    5   8  0  0 L3E C5
E31 FF 61047 171400  780 265 1477    +1107288    +49         -13    +24   17  23  180  +37  100  -11  100  -11  11  0  0 L3E 24
E33 FF 61047 171400  780 378  537       +9078    +16         -20     +5   14  27  131  +16   57   -3   57   -3   8  0  0 L3E 93
E10 FF 61047 173000  780 618 2087    +7630104     -4         -16    -30   17  26   92   -6   66   +7   66    7  10  0  0 L3E B7
E11 FF 61047 173000  780 335 2195   -34861088  -1752         -14     -5   17  29  147  -24  105  -25  105  -25  10  0  0 L3E 69
E12 FF 61047 173000  780 805 1381     +171617     +3         -16    -15    8  29   82   -1   48   +0   48    0   5  0  0 L3E 78
E25 FF 61047 173000  780 457 2998     -218006    +13         -21    +13   13  29  113  -10   68  -16   68  -16   8  0  0 L3E FE
E31 FF 61047 173000  780 208 1500    +1107310    +39         -14    +14   18  29  226  +61  106   +5  106    5  12  0  0 L3E EC
E33 FF 61047 173000  780 324  534       +9092     -6         -16    -17   17  29  150  +23   43  +15   43   15  10  0  0 L3E A6
E10 FF 61047 174600  780 683 2111    +7630124     -8         -21    -34   16  26   87   -4   59  +15   59   15   9  0  0 L3E D5
E11 FF 61047 174600  780 393 2230   -34862760  -1739          -9     +7   19  29  127  -17   80  -24   80  -24  11  0  0 L3E 46
E12 FF 61047 174600  780 804 1000     +171633    +54         -20    +36   14  30   82   +1   45  -26   45  -26   8  0  0 L3E C1
E25 FF 61047 174600  780 502 2954     -218008    -10         -21    -10   11  30  105   -7   60   -3   60   -3   6  0  0 L3E A7
E31 FF 61047 174600  780 151 1520    +1107333     +9         -16    -16   21  30  306 +113  111  +20  111   20  14  0  0 L3E FD
E33 FF 61047 174600  780 271  540       +9103    +20         -15    +10   18  30  177  +33   43   -6   43   -6  10  0  0 L3E 96
E10 FF 61047 180200  780 747 2132    +7630155    -25         -12    -51   11  32   84   -3   50  +23   50   23   6  0  0 L3E C1
E11 FF 61047 180200  780 452 2268   -34864438  -1723         -10    +23   16  29  114  -12   66  -29   66  -29   9  0  0 L3E 56
E12 FF 61047 180200  780 766  762     +171660    +59         -13    +40   13  32   83   +2   37  -27   37  -27   7  0  0 L3E C7
E25 FF 61047 180200  780 541 2889     -218000    +19         -11    +20   12  32  100   -5   46  -20   46  -20   8  0  0 L3E CB
E33 FF 61047 180200  780 218  553       +9118     +4         -11     -7   23  32  216  +50   38   +3   38    3  15  0  0 L3E 6F
E02 FF 61047 181800  780 129 3189      -86234    +56         -22    +85   25  33  359 -137   66  -86   66  -86  17  0  0 L3E 3A
E10 FF 61047 181800  780 810 2138    +7630188    +24          -3     -2   12  33   82   -1   40   -5   40   -5   7  0  0 L3E 90
E11 FF 61047 181800  780 511 2310   -34866118  -1729         -13    +18   13  29  104   -9   58  -24   58  -24   7  0  0 L3E 3F
E12 FF 61047 181800  780 713  665     +171683    -19          -8    -38    8  33   85   +3   32  +24   32   24   5  0  0 L3E 9F
E25 FF 61047 181800  780 569 2802     -217998    -21          -9    -21   13  33   96   -3   41  +10   41   10   8  0  0 L3E BE
E33 FF 61047 181800  780 167  571       +9127     +3         -11     -8   25  33  278  +83   36   +6   36    6  15  0  0 L3E 8C
E02 FF 61047 183400  780 177 3179      -86264     +8         -27    +37   23  35  264  -71   59  -32   59  -32  15  0  0 L3E 04
E10 FF 61047 183400  780 872 2025    +7630204     -9         -11    -35   10  34   81   +0   38  +16   38   16   6  0  0 L3E BD
E11 FF 61047 183400  780 570 2358   -34867794  -1755         -13     -8   14  29   96   -7   45   -6   45   -6   8  0  0 L3E 1B
E12 FF 61047 183400  780 656  631     +171704    +47          -8    +28   11  35   89   +4   28  -20   28  -20   6  0  0 L3E B5
E25 FF 61047 183400  780 584 2696     -218010    -31         -21    -30   12  35   95   -1   47  +16   47   16   7  0  0 L3E CC
E29 FF 61047 183400  780 113  467    +1670356    +65          -5    +30   29  35  402  -57   19  -20   19  -20  18  0  0 L3E 01
E33 FF 61047 183400  780 117  593       +9126    +16         -22     +5   47  35  389 +160   44   -2   44   -2  31  0  0 L3E B1
E02 FF 61047 185000  780 225 3162      -86294    -19         -29     +9   19  36  211  -42   48  -13   48  -13  11  0  0 L3E EE
E10 FF 61047 185000  780 863  639    +7630229    +11          -9    -15    8  37   81   +1   35   +9   35    9   4  0  0 L3E 8E
E11 FF 61047 185000  780 628 2412   -34869477  -1755         -16     -8   12  37   91   -5   43   -1   43   -1   7  0  0 L3E FE
E12 FF 61047 185000  780 599  626     +171717    +11         -15     -8   14  37   93   +6   30   +3   30    3   7  0  0 L3E 7E
E25 FF 61047 185000  780 581 2582     -218006     -4         -17     -3   15  36   95   +1   45   +3   45    3   8  0  0 L3E 82
E29 FF 61047 185000  780 125  416    +1670383    +65         -12    +30   32  35  364  -25   20  -18   20  -18  20  0  0 L3E FD
E36 FF 61047 185000  780 131 2418    +5057536    -58         -24   -113   30  37  352 -131  121  +23  121   23  18  0  0 L3E 49
E02 FF 61047 190600  780 269 3136      -86310    -31         -18     -2   21  36  178  -27   34  -10   34  -10  12  0  0 L3E DA
E10 FF 61047 190600  780 804  576    +7630247    -10         -14    -35    9  38   82   +1   38  +20   38   20   5  0  0 L3E B6
E11 FF 61047 190600  780 685 2478   -34871153  -1743         -15     +4    9  38   87   -4   38   -5   38   -5   6  0  0 L3E FF
E12 FF 61047 190600  780 542  636     +171724     -1         -26    -20   14  38   99   +7   36  +16   36   16   8  0  0 L3E AD
E19 FF 61047 190600  780 143  829   -26144820   -375         -19    -28   28  33  322  -85   58  +11   58   11  18  0  0 L3E 40
E25 FF 61047 190600  780 562 2474     -218003    -29         -13    -28   15  36   97   +3   45  +24   45   24   9  0  0 L3E D5
E29 FF 61047 190600  780 130  365    +1670402    +73         -27    +37   35  35  352   -1   30  -23   30  -23  21  0  0 L3E E7
E36 FF 61047 190600  780 180 2456    +5057582    +30         -28    -25   31  38  260  -70   95   +4   95    4  16  0  0 L3E FE
E02 FF 61047 192200  780 309 3100      -86343    -16         -23    +13   13  36  157  -18   35  -15   35  -15   8  0  0 L3E DE
E10 FF 61047 192200  780 745  593    +7630266    +59         -20    +33   12  40   84   +2   37  -21   37  -21   7  0  0 L3E D3
E11 FF 61047 192200  780 741 2564   -34872822  -1721          -5    +26   10  40   84   -2   28  -18   28  -18   6  0  0 L3E 17
E12 FF 61047 192200  780 487  656     +171745    -15         -21    -34   11  40  107   +9   34  +24   34   24   6  0  0 L3E C3
E19 FF 61047 192200  780 179  782   -26145151   -309         -12    +39   30  40  261  -48   54  -32   54  -32  18  0  0 L3E 3E
E25 FF 61047 192200  780 528 2383     -218004     -5         -14     -5   15  36  101   +5   50   +8   50    8   9  0  0 L3E 8B
E29 FF 61047 192200  780 126  315    +1670434   +128         -26    +92   24  40  362  +22   34  -57   34  -57  15  0  0 L3E 20
E36 FF 61047 192200  780 230 2496    +5057646    +57         -13     +2   28  40  206  -43   75  -17   75  -17  19  0  0 L3E 1E
E02 FF 61047 193800  780 343 3053      -86374     -5         -26    +23   16  36  143  -12   34  -13   34  -13   9  0  0 L3E D3
E10 FF 61047 193800  780 687  623    +7630288    +27         -22     +2   14  41   87   +3   40   -1   40   -1   8  0  0 L3E 9E
E11 FF 61047 193800  780 795 2699   -34874500  -1744          -5     +2   13  41   82   -1   27   -4   27   -4   7  0  0 L3E F0
E12 FF 61047 193800  780 433  682     +171780     +0          -4    -20   16  41  118  +12   25  +20   25   20   9  0  0 L3E A0
E19 FF 61047 193800  780 209  731   -26145477   -345          -3     +2   15  41  225  -28   47   -5   47   -5  11  0  0 L3E F9
E25 FF 61047 193800  780 484 2311     -218011     -1         -20     -1   16  36  108   +8   61   +6   61    6  10  0  0 L3E 90
E29 FF 61047 193800  780 114  266    +1670460    -18         -33    -53   23  41  397  +54   37  +33   37   33  14  0  0 L3E 0C
E36 FF 61047 193800  780 279 2538    +5057701    +76          -9    +21   22  41  172  -29   66  -29   66  -29  15  0  0 L3E 31
E02 FF 61047 195400  780 369 2996      -86395    +11          -8    +40   14  43  134   -7   29  -30   29  -30   8  0  0 L3E DA
E04 FF 61047 195400  780 135 1231     +355162    +84         -29    -24   45  43  343 -130   92  +12   92   12  25  0  0 L3E 09
E10 FF 61047 195400  780 631  659    +7630306    +34         -28     +8   15  43   91   +5   42   -3   42   -3   9  0  0 L3E A4
E11 FF 61047 195400  780 840 2993   -34876178  -1735          -6    +12   10  42   81   -1   26  -10   26  -10   6  0  0 L3E 15
E12 FF 61047 195400  780 381  712     +171792     +8         -11    -11   19  42  131  +16   29   +7   29    7  11  0  0 L3E B1
E19 FF 61047 195400  780 232  675   -26145825   -331         -20    +16   28  43  204  -16   50  -15   50  -15  17  0  0 L3E 32
E25 FF 61047 195400  780 434 2256     -218011    +27         -17    +28   19  43  117  +12   66   -9   66   -9  11  0  0 L3E F0
E36 FF 61047 195400  780 329 2582    +5057751    +14         -11    -41   17  42  149  -21   57  +16   57   16  10  0  0 L3E 19
E02 FF 61047 201000  780 385 2930      -86427    -30         -11     +0   14  45  130   -3   30   -4   30   -4   9  0  0 L3E 7E
E04 FF 61047 201000  780 187 1199     +355281    +74         -16    -33   23  45  251  -68   77  +19   77   19  14  0  0 L3E 12
E10 FF 61047 201000  780 576  698    +7630338    +16         -22    -10   16  45   96   +6   39   +5   39    5   9  0  0 L3E B3
E11 FF 61047 201000  780 849   31   -34877855  -1725          -8    +21    9  45   81   +0   25   -8   25   -8   6  0  0 L3E C3
E12 FF 61047 201000  780 330  745     +171814    +18          -8     -2   14  42  148  +21   34   +2   34    2   8  0  0 L3E 76
E19 FF 61047 201000  780 246  617   -26146134   -330           4    +17   17  43  193   -8   33  -17   33  -17  11  0  0 L3E F8
E25 FF 61047 201000  780 379 2214     -218012     -7         -17     -6   14  45  131  +17   74  +13   74   13   9  0  0 L3E BB
E36 FF 61047 201000  780 379 2627    +5057800    +63         -14     +8   17  42  131  -15   49  -11   49  -11  10  0  0 L3E 02
E02 FF 61047 202600  780 390 2859      -86463    +46         -21    +75   30  46  128   +0   34  -51   34  -51  19  0  0 L3E EB
E04 FF 61047 202600  780 237 1163     +355375   +128         -27    +21   26  46  200  -41   81  -17   81  -17  16  0  0 L3E 15
E06 FF 61047 202600  780 129 1398    +2164907    +45         -45     -4   57  46  358 -149  116  -20  116  -20  36  0  0 L3E 52
E10 FF 61047 202600  780 523  738    +7630366    +29         -20     +4   14  46  102   +8   38   +2   38    2   8  0  0 L3E 9D
E11 FF 61047 202600  780 812  431   -34879531  -1751          -8     -5    7  46   82   +1   26   +6   26    6   4  0  0 L3E AE
E12 FF 61047 202600  780 280  780     +171822     -5         -19    -25   16  42  171  +28   49  +22   49   22  10  0  0 L3E D2
E19 FF 61047 202600  780 251  557   -26146490   -375         -19    -28   28  43  189   +0   43  +13   43   13  18  0  0 L3E 22
E25 FF 61047 202600  780 321 2181     -218011     +3         -17     +4   14  46  151  +25   83   +9   83    9   9  0  0 L3E 99
E36 FF 61047 202600  780 429 2673    +5057856    +50         -11     -5   19  42  119  -12   40   -4   40   -4  10  0  0 L3E E0
E02 FF 61047 204200  780 383 2786      -86487    -58         -18    -28   19  48  130   +4   40  +32   40   32  12  0  0 L3E E3
E04 FF 61047 204200  780 286 1121     +355488    +99         -17     -8   14  46  169  -26   72   +2   72    2  10  0  0 L3E D0
E06 FF 61047 204200  780 184 1373    +2164974    +37         -25    -11   34  48  255  -76   97   -4   97   -4  21  0  0 L3E 11
E10 FF 61047 204200  780 470  780    +7630388     +8         -22    -17   12  48  110  +10   43  +12   43   12   7  0  0 L3E C3
E11 FF 61047 204200  780 762  599   -34881220  -1756         -22    -10   12  48   83   +2   31   -1   31   -1   7  0  0 L3E E0
E12 FF 61047 204200  780 232  817     +171844    +20         -18     +0   18  48  203  +40   53   +7   53    7  11  0  0 L3E 9E
E19 FF 61047 204200  780 246  499   -26146820   -355         -16     -8   22  48  193   +7   40   +5   40    5  13  0  0 L3E E7
E25 FF 61047 204200  780 263 2155     -218005    -14         -10    -13   17  48  181  +38   88  +13   88   13  11  0  0 L3E F4
E30 FF 61047 204200  780 130 3292    +6024222   +432         -13    +25   23  48  354  -97   35  -28   35  -28  15  0  0 L3E 27
E36 FF 61047 204200  780 480 2722    +5057909    +50         -10     -4   14  48  109   -9   37   +1   37    1   8  0  0 L3E B7
E02 FF 61047 205800  780 365 2715      -86509    -48         -12    -19   20  49  135   +8   39  +20   39   20  11  0  0 L3E E1
E04 FF 61047 205800  780 330 1071     +355594    +96         -14    -11   20  46  148  -17   60   -1   60   -1  12  0  0 L3E D6
E06 FF 61047 205800  780 239 1346    +2165039    +31          -7    -17   18  49  199  -45   76   +8   76    8  10  0  0 L3E F9
E10 FF 61047 205800  780 419  822    +7630419     +8         -17    -17   14  49  121  +12   42  +15   42   15   9  0  0 L3E D6
E11 FF 61047 205800  780 711  701   -34882896  -1798         -21    -52   10  48   85   +3   31  +36   31   36   6  0  0 L3E 12
E12 FF 61047 205800  780 185  855     +171866    +24         -15     +4   25  49  252  +62   63   +7   63    7  15  0  0 L3E C4
E19 FF 61047 205800  780 232  444   -26147147   -336         -10    +11   21  49  203  +16   37  -13   37  -13  12  0  0 L3E 23
E25 FF 61047 205800  780 205 2133     -218007    +11         -12    +12   20  48  228  +62  101   +5  101    5  12  0  0 L3E CF
E30 FF 61047 205800  780 163 3256    +6024611   +366         -14    -40   15  49  284  -53   34  +14   34   14   9  0  0 L3E 10
E36 FF 61047 205800  780 532 2771    +5057956    +50         -15     -4   15  49  101   -7   39   -4   39   -4   9  0  0 L3E D9
E02 FF 61047 211400  780 337 2651      -86529    -39          -5     -9   24  51  145  +12   43  +10   43   10  15  0  0 L3E BC
E04 FF 61047 211400  780 369 1013     +355691   +113         -21     +5   19  46  134  -12   58   -8   58   -8  12  0  0 L3E E4
E06 FF 61047 211400  780 294 1314    +2165081     -8         -12    -57   13  51  164  -29   75  +28   75   28   7  0  0 L3E F7
E09 FF 61047 211400  780 164 1533    +1640448   +149          -5     -3   26  51  285 -101   91   +5   91    5  16  0  0 L3E EB
E10 FF 61047 211400  780 369  865    +7630444    +26         -15     +0   11  51  134  +16   47   +2   47    2   7  0  0 L3E AA
E11 FF 61047 211400  780 658  777   -34884571  -1784         -20    -38   11  48   88   +4   33  +24   33   24   6  0  0 L3E 1B
E12 FF 61047 211400  780 139  893     +171881    +48         -19    +28   28  51  331 +107   76   -1   76   -1  18  0  0 L3E F3
E19 FF 61047 211400  780 210  395   -26147464   -319           4    +28   22  51  224  +27   23  -21   23  -21  14  0  0 L3E 03
E25 FF 61047 211400  780 148 2113     -218014     -4         -18     -3   26  48  311 +116  117  +13  117   13  16  0  0 L3E F5
E30 FF 61047 211400  780 191 3212    +6024990   +395         -21    -12   30  51  246  -30   35  +15   35   15  17  0  0 L3E 0D
E36 FF 61047 211400  780 584 2823    +5058015    +56          -7     +2   12  51   95   -6   31   -2   31   -2   7  0  0 L3E 98
E02 FF 61047 213000  780 302 2594      -86558    -50          -6    -20   20  53  160  +19   53  +31   53   31  12  0  0 L3E C4
E04 FF 61047 213000  780 400  947     +355796    +73         -20    -35   18  53  126   -7   50  +17   50   17  10  0  0 L3E D3
E06 FF 61047 213000  780 348 1276    +2165133    +73          -6    +24   15  52  142  -19   65  -20   65  -20   9  0  0 L3E F2
E09 FF 61047 213000  780 223 1516    +1640585    +99         -13    -53   18  53  213  -56   85  +27   85   27  11  0  0 L3E 1C
E10 FF 61047 213000  780 320  907    +7630473    +29         -11     +3   16  53  152  +21   53   +9   53    9  10  0  0 L3E B1
E11 FF 61047 213000  780 606  842   -34886251  -1746         -23     +0   12  53   93   +5   36   +2   36    2   7  0  0 L3E C5
E19 FF 61047 213000  780 180  353   -26147823   -398         -26    -51   35  53  259  +47   37  +28   37   28  22  0  0 L3E 3E
E30 FF 61047 213000  780 210 3163    +6025372   +419         -29    +13   27  53  224  -16   40   +2   40    2  16  0  0 L3E DE
E34 FF 61047 213000  780 125 2774    +2283036    +31         -12     +8   24  53  367 -133   64  -19   64  -19  15  0  0 L3E 1E
E36 FF 61047 213000  780 637 2878    +5058061    +47         -12     -7   15  52   90   -4   31   +3   31    3   8  0  0 L3E A4
E02 FF 61047 214600  780 260 2544      -86595    -15         -16    +14   22  54  183  +29   72  +11   72   11  14  0  0 L3E E6
E04 FF 61047 214600  780 421  872     +355904   +113         -16     +5   14  54  120   -4   44   -8   44   -8   8  0  0 L3E AC
E06 FF 61047 214600  780 398 1229    +2165179    +94          -7    +46   17  52  126  -13   58  -37   58  -37  10  0  0 L3E 28
E09 FF 61047 214600  780 283 1497    +1640738   +145          -6     -7   19  54  171  -35   72   -2   72   -2  11  0  0 L3E F5
E10 FF 61047 214600  780 272  950    +7630474    +30         -34     +4   17  54  176  +30   78  +13   78   13  11  0  0 L3E E8
E11 FF 61047 214600  780 554  901   -34887924  -1685         -19    +61   11  54   98   +6   36  -32   36  -32   6  0  0 L3E 2A
E19 FF 61047 214600  780 144  318   -26148131   -274          -2    +73   32  54  320  +84   29  -30   29  -30  19  0  0 L3E 21
E30 FF 61047 214600  780 221 3110    +6025753   +364         -38    -42   30  54  213   -6   46  +17   46   17  20  0  0 L3E 00
E34 FF 61047 214600  780 172 2810    +2283057    +57         -14    +34   25  54  272  -74   61  -45   61  -45  18  0  0 L3E 26
E36 FF 61047 214600  780 690 2938    +5058117    +74          -7    +20    9  52   87   -3   25  -14   25  -14   5  0  0 L3E D4
E02 FF 61047 220200  780 215 2501      -86617    -19         -10    +11   21  56  219  +47   81  +11   81   11  14  0  0 L3E CF
E04 FF 61047 220200  780 430  794     +356005    +86         -18    -22   14  56  118   -1   43  +11   43   11   9  0  0 L3E B7
E06 FF 61047 220200  780 444 1170    +2165224    +36         -10    -12   17  56  116   -9   52   +3   52    3   9  0  0 L3E B3
E09 FF 61047 220200  780 343 1474    +1640888   +184          -2    +32   16  54  143  -23   64  -29   64  -29  10  0  0 L3E 23
E10 FF 61047 220200  780 224  991    +7630507    -12         -26    -38   18  54  211  +44   82  +39   82   39  10  0  0 L3E FD
E11 FF 61047 220200  780 502  954   -34889607  -1737         -25     +9   15  56  105   +8   44   -1   44   -1   9  0  0 L3E F7
E19 FF 61047 220200  780 103  291   -26148460   -393           0    -46   21  56  438 +175   38  +42   38   42  14  0  0 L3E 1C
E30 FF 61047 220200  780 223 3053    +6026160   +363         -21    -43   22  55  211   +2   36  +24   36   24  13  0  0 L3E E8
E34 FF 61047 220200  780 219 2846    +2283080    +38         -15    +14   20  56  216  -46   55  -21   55  -21  13  0  0 L3E 13
E36 FF 61047 220200  780 744 3009    +5058169    +57          -8     +3    8  52   84   -2   25   -4   25   -4   5  0  0 L3E 96
E02 FF 61047 221800  780 166 2463      -86654     -3         -20    +26   33  57  278  +80   95   -6   95   -6  21  0  0 L3E D8
E04 FF 61047 221800  780 427  716     +356104    +87         -23    -20   20  57  119   +2   43  +10   43   10  11  0  0 L3E BE
E06 FF 61047 221800  780 481 1098    +2165270    +33         -10    -16   12  57  109   -6   47   +3   47    3   7  0  0 L3E C7
E09 FF 61047 221800  780 403 1445    +1641018   +173         -18    +21   14  54  125  -16   68  -11   68  -11   8  0  0 L3E 17
E10 FF 61047 221800  780 176 1032    +7630538    +11         -19    -15   20  54  264  +70   85  +17   85   17  12  0  0 L3E 0B
E11 FF 61047 221800  780 451 1005   -34891289  -1752         -31     -6   14  57  114  +11   53  +12   53   12   9  0  0 L3E 1C
E30 FF 61047 221800  780 216 2996    +6026570   +421          -1    +15   21  55  217  +11   24  -14   24  -14  13  0  0 L3E 07
E34 FF 61047 221800  780 268 2879    +2283105    -36         -12    -59   25  57  179  -32   48  +36   48   36  16  0  0 L3E 37
E36 FF 61047 221800  780 799 3111    +5058209    +46         -19     -8    7  52   82   -1   30   +2   30    2   4  0  0 L3E 93
E02 FF 61047 223400  780 117 2429      -86696    -13         -34    +16   32  59  389 +160  116   +4  116    4  20  0  0 L3E 02
E04 FF 61047 223400  780 411  644     +356204   +100         -28     -8   14  59  123   +5   43   -1   43   -1   8  0  0 L3E 9B
E05 FF 61047 223400  780 102 1836      -34527    -20         -29     +9   25  59  452 -252  123  +11  123   11  18  0  0 L3E 02
E06 FF 61047 223400  780 508 1013    +2165299    +43         -28     -5   14  59  104   -3   54   +2   54    2   8  0  0 L3E B2
E09 FF 61047 223400  780 461 1405    +1641170   +179         -12    +27   19  54  112  -11   58  -22   58  -22  11  0  0 L3E 22
E10 FF 61047 223400  780 129 1072    +7630566    +25         -16     +0   41  54  355 +126   87   +4   87    4  29  0  0 L3E F0
E11 FF 61047 223400  780 399 1053   -34892967  -1733         -33    +12   19  59  126  +14   62   +4   62    4  12  0  0 L3E 31
E30 FF 61047 223400  780 200 2941    +6026942   +450         -20    +44   20  55  233  +23   45  -15   45  -15  13  0  0 L3E 14
E34 FF 61047 223400  780 318 2910    +2283130    +14          -8     -9   16  59  153  -23   41   +5   41    5   9  0  0 L3E B1
E36 FF 61047 223400  780 851 3345    +5058260    +52         -16     -2    8  59   81   -1   30   -1   30   -1   4  0  0 L3E 94
E04 FF 61047 225000  780 385  582     +356317    +85         -19    -23   17  61  129   +9   36  +16   36   16  11  0  0 L3E E3
E05 FF 61047 225000  780 160 1838      -34542    -13         -14    +16   24  61  292 -108  115  -12  115  -12  15  0  0 L3E 17
E06 FF 61047 225000  780 522  919    +2165352    +46         -23     -3   12  61  102   -1   48   -2   48   -2   7  0  0 L3E A3
E09 FF 61047 225000  780 515 1351    +1641311   +119         -23    -34   16  61  103   -8   54  +13   54   13   9  0  0 L3E EA
E11 FF 61047 225000  780 348 1098   -34894628  -1713         -18    +33   17  61  141  +19   62  -17   62  -17  10  0  0 L3E 60
E30 FF 61047 225000  780 177 2888    +6027339   +423         -15    +17   22  61  263  +39   44   -8   44   -8  13  0  0 L3E 19
E34 FF 61047 225000  780 370 2938    +2283148    +57         -11    +34   22  61  134  -17   40  -18   40  -18  13  0  0 L3E 15
E36 FF 61047 225000  780 866  644    +5058320    +37          -7    -17   14  61   81   +0   24  +16   24   16   8  0  0 L3E B7
E04 FF 61047 230600  780 351  531     +356415    +65         -26    -43   18  62  140  +14   41  +21   41   21  10  0  0 L3E CB
E05 FF 61047 230600  780 220 1842      -34587    -10         -31    +19   18  62  215  -59  113  -27  113  -27  10  0  0 L3E 10
E06 FF 61047 230600  780 520  823    +2165402    +44         -21     -4   13  61  102   +1   44   +1   44    1   7  0  0 L3E 7C
E09 FF 61047 230600  780 562 1278    +1641463   +158         -17     +5   11  61   97   -5   46   -4   46   -4   7  0  0 L3E D3
E11 FF 61047 230600  780 296 1142   -34896310  -1758         -27    -13   18  62  163  +26   76   +9   76    9  11  0  0 L3E 3B
E27 FF 61047 230600  780 109 3321    +8737527   +133         -17    +29   39  62  415  -25   67  -36   67  -36  24  0  0 L3E 4A
E30 FF 61047 230600  780 147 2839    +6027731   +399         -13     -8   32  62  313  +69   54  +10   54   10  19  0  0 L3E 18
E34 FF 61047 230600  780 423 2962    +2283175    +40          -6    +17   11  62  120  -13   34   -9   34   -9   7  0  0 L3E CF
E36 FF 61047 230600  780 818 1061    +5058358     +7         -20    -47   14  62   82   +1   36  +30   36   30   8  0  0 L3E C7
E04 FF 61047 232200  780 310  493     +356536    +76         -10    -32   18  64  156  +20   34  +27   34   27  11  0  0 L3E DF
E05 FF 61047 232200  780 282 1847      -34602    -42         -18    -13   18  64  171  -36   95   +3   95    3  12  0  0 L3E CC
E06 FF 61047 232200  780 504  735    +2165452    +50         -17     +1   14  61  105   +3   41   +0   41    0   8  0  0 L3E 7F
E09 FF 61047 232200  780 599 1180    +1641606   +111         -21    -42   15  61   93   -3   46  +21   46   21   9  0  0 L3E E4
E11 FF 61047 232200  780 245 1182   -34897968  -1710         -12    +35   21  64  194  +39   73  -15   73  -15  12  0  0 L3E 63
E27 FF 61047 232200  780 112 3271    +8737635   +107          -8     +3   28  64  406   +5   49   -5   49   -5  17  0  0 L3E E5
E30 FF 61047 232200  780 111 2794    +6028123   +430         -12    +24   43  64  407 +133   66   +3   66    3  29  0  0 L3E 01
E34 FF 61047 232200  780 478 2980    +2283186    +20         -16     -3   16  64  109  -10   39   +1   39    1  10  0  0 L3E D5
E36 FF 61047 232200  780 760 1187    +5058415    +41         -16    -13   14  64   83   +2   34   +8   34    8   8  0  0 L3E BA
E04 FF 61047 233800  780 265  467     +356639   +108         -12     -1   17  65  180  +30   40   +8   40    8  10  0  0 L3E C3
E05 FF 61047 233800  780 345 1852      -34627    -27         -15     +2   15  65  143  -24   84   -8   84   -8  10  0  0 L3E CF
E06 FF 61047 233800  780 476  661    +2165496    +34         -21    -14   13  61  109   +6   44   +5   44    5   7  0  0 L3E BC
E09 FF 61047 233800  780 620 1059    +1641754   +165         -19    +12   14  61   91   -1   40   -9   40   -9   8  0  0 L3E D9
E11 FF 61047 233800  780 194 1221   -34899644  -1757         -15    -11   22  65  241  +62   79   +9   79    9  14  0  0 L3E 46
E27 FF 61047 233800  780 106 3221    +8737721    +83         -21    -21   26  65  426  +37   58  +12   58   12  16  0  0 L3E 18
E34 FF 61047 233800  780 534 2989    +2283199    +32         -26     +9   11  65  101   -8   43  -10   43  -10   7  0  0 L3E F0
E36 FF 61047 233800  780 701 1260    +5058465    +74         -19    +21   12  65   86   +3   37   -5   37   -5   7  0  0 L3E D0
E04 FF 61047 235400  780 217  450     +356735   +116         -19     +8   24  67  217  +48   42   +6   42    6  16  0  0 L3E CE
E05 FF 61047 235400  780 409 1857      -34655    -22         -15     +8   14  67  123  -17   75  -17   75  -17   9  0  0 L3E EE
E06 FF 61047 235400  780 439  604    +2165549    +53         -19     +4   12  67  116   +9   40   +2   40    2   8  0  0 L3E A3
E09 FF 61047 235400  780 623  929    +1641896   +176         -24    +24   12  61   91   +1   42  -13   42  -13   7  0  0 L3E EC
E11 FF 61047 235400  780 143 1257   -34901322  -1748         -19     -3   32  67  322 +113   90   +7   90    7  20  0  0 L3E 20
E34 FF 61047 235400  780 590 2985    +2283237     +8         -10    -15   10  67   94   -6   31  +11   31   11   6  0  0 L3E C6
E36 FF 61047 235400  780 640 1314    +5058516    +56         -20     +2   11  67   90   +5   42   -1   42   -1   6  0  0 L3E A1
