CGGTTS     GENERIC DATA FORMAT VERSION = 2E
REV DATE = 2026-01-01                    
RCVR = POLARX5-TR                    R2CGGTTS v8.8    
CH = 99 
IMS = POLARX5-TR                    
LAB = PTB                           
X = +3844059.67 m 
Y =  +709661.67 m 
Z = +5023129.80 m 
FRAME = ITRF
COMMENTS =           IGS RINEX,AUSPOS XYZ          
INT DLY =   33.2 ns (GAL E1),   33.0 ns (GAL E5a)
CAB DLY =  205.7 ns 
REF DLY =   56.2 ns
REF = UTC(PTB)                      
CKSUM = 7B

SAT CL  MJD  STTIME TRKL ELV AZTH   REFSV      SRSV     REFSYS    SRSYS  DSG IOE MDTR SMDT MDIO SMDI MSIO SMSI ISG FR HC FRC CK
             hhmmss  s  .1dg .1dg    .1ns     .1ps/s     .1ns    .1ps/s .1ns     .1ns.1ps/s.1ns.1ps/s.1ns.1ps/s.1ns
E04 FF 61062 000200  780 742 1145     +487918   +119         -27    +11   15  67   84   +0   27   -8   27   -8   8  0  0 L3E C8
E06 FF 61062 000200  780 620 1908    +2225228    +63         -18    +14   12  68   92   -6   23   -9   23   -9   7  0  0 L3E BD
E09 FF 61062 000200  780 385 2089    +1827114   +119           1    -33   18  68  130  -18   20  +15   20   15  10  0  0 L3E EB
E10 FF 61062 000200  780 440 1488    +7662247    +33         -23     +8   16  68  116  +14   24   +3   24    3  10  0  0 L3E C1
E11 FF 61062 000200  780 712 1743   -36966021  -1639         -17    +30   11  68   85   +3   16  -20   16  -20   7  0  0 L3E 0F
E12 FF 61062 000200  780 208 1422     +204811    +47         -26    +19   23  68  225  +59   36   -3   36   -3  14  0  0 L3E D2
E19 FF 61062 000200  780 260  511   -26564992   -324         -11    +16   14  68  183  +35   11  -13   11  -13   8  0  0 L3E 0D
E36 FF 61062 000200  780 492 3021    +5124269    +64          -1    +11   15  68  107   -9    7   -3    7   -3   9  0  0 L3E 94
E04 FF 61062 001800  780 729  935     +488022   +120         -27    +13    9  67   85   +1   29   -6   29   -6   5  0  0 L3E A9
E06 FF 61062 001800  780 683 1888    +2225276    +84         -17    +35   12  68   87   -4   21  -24   21  -24   7  0  0 L3E F4
E09 FF 61062 001800  780 447 2115    +1827254   +164          -6    +11   18  69  115  -13   20  -11   20  -11  11  0  0 L3E FF
E10 FF 61062 001800  780 378 1516    +7662276    +38         -20    +13   13  69  131  +19   25   +3   25    3   8  0  0 L3E D3
E11 FF 61062 001800  780 648 1716   -36967629  -1654         -23    +15   13  69   89   +5   21  -11   21  -11   7  0  0 L3E 2B
E12 FF 61062 001800  780 152 1449     +204847    +47         -17    +19   28  69  303 +109   36   -7   36   -7  18  0  0 L3E 04
E19 FF 61062 001800  780 208  513   -26565303   -275           3    +64   19  69  226  +55   -1  -42   -1  -42  12  0  0 L3E 04
E36 FF 61062 001800  780 543 2985    +5124304    +47         -18     -7   16  68   99   -6   18   +1   18    1   9  0  0 L3E B9
E04 FF 61062 003400  780 695  788     +488150   +145          -2    +37    9  67   86   +2   16  -21   16  -21   5  0  0 L3E BB
E06 FF 61062 003400  780 744 1834    +2225330   +100         -10    +51   11  68   84   -2   16  -32   16  -32   6  0  0 L3E D9
E09 FF 61062 003400  780 509 2143    +1827392   +154         -15     +1   19  71  104  -10   22   -8   22   -8  12  0  0 L3E E4
E10 FF 61062 003400  780 316 1541    +7662301    +12         -21    -14   11  71  153  +27   30  +10   30   10   7  0  0 L3E C5
E11 FF 61062 003400  780 581 1710   -36969230  -1684         -22    -15   10  71   95   +7   21  +10   21   10   6  0  0 L3E FC
E19 FF 61062 003400  780 157  521   -26565638   -310         -10    +29   21  71  295  +94    3   -3    3   -3  13  0  0 L3E E1
E34 FF 61062 003400  780 111 3166    +2311542    +13         -15    -11   21  71  414 -190   11   -3   11   -3  14  0  0 L3E D6
E36 FF 61062 003400  780 590 2925    +5124359    +33         -15    -21   11  68   94   -4   13  +12   13   12   6  0  0 L3E CC
E04 FF 61062 005000  780 647  703     +488240    +71         -19    -37   15  73   89   +4   24  +22   24   22   9  0  0 L3E B5
E06 FF 61062 005000  780 797 1688    +2225372    +44         -15     -5   10  68   82   -1   19   +4   19    4   6  0  0 L3E AA
E09 FF 61062 005000  780 571 2173    +1827540   +146         -13     -7   15  73   96   -7   17   +1   17    1   9  0  0 L3E B5
E10 FF 61062 005000  780 255 1564    +7662330    +54         -16    +28   14  71  186  +42   32  -15   32  -15  10  0  0 L3E 06
E11 FF 61062 005000  780 515 1713   -36970834  -1669         -25     +0   17  73  103  +10   26   +0   26    0  10  0  0 L3E F6
E19 FF 61062 005000  780 106  535   -26565955   -404          -1    -64   33  73  426 +194    1  +56    1   56  26  0  0 L3E 08
E34 FF 61062 005000  780 162 3169    +2311572    -18          -8    -42   24  73  287  -91    7  +32    7   32  17  0  0 L3E DC
E36 FF 61062 005000  780 628 2832    +5124403    +58         -22     +4   11  68   91   -3   15   -4   15   -4   6  0  0 L3E A4
E04 FF 61062 010600  780 595  661     +488348    +68         -16    -40   12  74   94   +5   21  +19   21   19   6  0  0 L3E C0
E05 FF 61062 010600  780 118 2318      -69486     -1         -16    +27   32  74  390 -166   34  -36   34  -36  20  0  0 L3E FD
E06 FF 61062 010600  780 826 1329    +2225418    +37         -20    -12   12  74   81   +0   21   +9   21    9   7  0  0 L3E A2
E09 FF 61062 010600  780 634 2206    +1827687   +156         -13     +4   12  74   90   -5   16   -1   16   -1   7  0  0 L3E BD
E10 FF 61062 010600  780 195 1584    +7662353    +45         -18    +19   14  71  239  +71   39   -5   39   -5   8  0  0 L3E F8
E11 FF 61062 010600  780 448 1721   -36972434  -1650         -25    +18   17  74  114  +14   30  -12   30  -12  10  0  0 L3E 3B
E34 FF 61062 010600  780 214 3165    +2311599    +27          -1     +3   22  74  221  -52    1  -11    1  -11  13  0  0 L3E AC
E36 FF 61062 010600  780 651 2705    +5124466    +66         -12    +12   11  74   89   -1   13   -6   13   -6   6  0  0 L3E B9
E04 FF 61062 012200  780 540  644     +488451    +89         -17    -19   14  74  100   +7   23  +13   23   13   8  0  0 L3E BC
E05 FF 61062 012200  780 169 2350      -69508    -24         -10     +5   28  74  276  -83   27  -13   27  -13  19  0  0 L3E EB
E06 FF 61062 012200  780 807  932    +2225460    +74         -26    +24   12  76   82   +1   25  -15   25  -15   7  0  0 L3E C8
E09 FF 61062 012200  780 696 2240    +1827833   +177         -16    +25   11  76   86   -4   17  -18   17  -18   6  0  0 L3E 09
E10 FF 61062 012200  780 136 1601    +7662383    -34         -13    -59   23  71  337 +141   39  +40   39   40  15  0  0 L3E 15
E11 FF 61062 012200  780 383 1729   -36974034  -1646         -26    +22   14  76  130  +19   34   -8   34   -8   9  0  0 L3E 2A
E34 FF 61062 012200  780 264 3153    +2311614    +17          -2     -6   15  76  181  -33    3   +2    3    2  10  0  0 L3E 7F
E36 FF 61062 012200  780 653 2557    +5124511    +67         -18    +13   17  76   89   +1   16   -6   16   -6   9  0  0 L3E CC
E04 FF 61062 013800  780 485  643     +488557   +107         -14     -1   19  74  108   +9   22   +2   22    2  11  0  0 L3E AF
E05 FF 61062 013800  780 220 2384      -69547    -40         -22    -12   23  74  215  -49   29   +7   29    7  14  0  0 L3E CD
E06 FF 61062 013800  780 759  760    +2225523    +58          -9     +8   10  77   83   +2   14   -4   14   -4   5  0  0 L3E 90
E09 FF 61062 013800  780 757 2278    +1827975   +127         -21    -26    8  77   83   -2   20  +17   20   17   4  0  0 L3E ED
E11 FF 61062 013800  780 318 1738   -36975626  -1661         -18     +7   13  77  153  +28   34   +3   34    3   8  0  0 L3E 13
E21 FF 61062 013800  780 103  332    +7165035    +42         -23    +17   38  72  436  -21   35   -5   35   -5  23  0  0 L3E D4
E34 FF 61062 013800  780 313 3131    +2311621    +45         -16    +22   15  77  155  -22   11  -12   11  -12  10  0  0 L3E EC
E36 FF 61062 013800  780 634 2418    +5124566    +55         -16     +0   12  77   90   +2   15   +1   15    1   7  0  0 L3E 97
E04 FF 61062 015400  780 431  652     +488667    +69          -8    -39   12  74  118  +12   20  +28   20   28   8  0  0 L3E D1
E05 FF 61062 015400  780 272 2421      -69564    -38         -11     -9   23  74  177  -32   19   +0   19    0  13  0  0 L3E B2
E06 FF 61062 015400  780 705  702    +2225564    +46         -15     -3   13  79   86   +3   18   +4   18    4   8  0  0 L3E 92
E09 FF 61062 015400  780 818 2321    +1828131   +160         -13     +7   10  79   82   -1   16   -5   16   -5   6  0  0 L3E B8
E11 FF 61062 015400  780 254 1747   -36977219  -1659         -12    +10   16  79  187  +44   35   +2   35    2  10  0  0 L3E 2E
E21 FF 61062 015400  780 104  282    +7165072    +42         -16    +16   25  79  432  +12   30  -17   30  -17  16  0  0 L3E F4
E34 FF 61062 015400  780 358 3097    +2311645    +75         -12    +52   14  79  138  -15    8  -35    8  -35   9  0  0 L3E F8
E36 FF 61062 015400  780 597 2306    +5124617    +45         -18     -9   11  79   93   +4   15   +4   15    4   6  0  0 L3E AD
E04 FF 61062 021000  780 378  669     +488770   +131         -10    +23   12  81  131  +16   17  -16   17  -16   8  0  0 L3E EF
E05 FF 61062 021000  780 324 2460      -69596    -28         -15     +1   21  81  151  -22   15   +1   15    1  13  0  0 L3E 97
E06 FF 61062 021000  780 648  688    +2225602     -4         -24    -53   14  81   89   +4   24  +35   24   35   8  0  0 L3E B8
E09 FF 61062 021000  780 878 2401    +1828278   +168         -12    +15   10  81   81   +0   14   -8   14   -8   6  0  0 L3E CF
E11 FF 61062 021000  780 192 1754   -36978836  -1675         -29     -7   24  80  243  +76   55  +17   55   17  15  0  0 L3E 54
E23 FF 61062 021000  780 157  732     +227440    -14          -9    -26   28  77  296  -58    9  +17    9   17  18  0  0 L3E C8
E34 FF 61062 021000  780 397 3050    +2311667     +6         -10    -17   15  81  126  -10    7  +16    7   16  10  0  0 L3E BF
E36 FF 61062 021000  780 548 2225    +5124669    +67         -17    +13   12  79   99   +7   16   -9   16   -9   7  0  0 L3E DB
E04 FF 61062 022600  780 326  691     +488870   +128         -13    +20   19  82  149  +22   20  -12   20  -12  12  0  0 L3E F6
E05 FF 61062 022600  780 376 2501      -69623    -52         -13    -23   23  82  132  -16   13   +7   13    7  13  0  0 L3E B6
E06 FF 61062 022600  780 592  695    +2225656    +24         -18    -26   17  82   94   +6   21  +12   21   12   9  0  0 L3E CA
E09 FF 61062 022600  780 863  546    +1828429   +148          -6     -5    8  82   81   +1   13   +7   13    7   5  0  0 L3E 8D
E11 FF 61062 022600  780 132 1759   -36980430  -1688         -22    -20   23  80  348 +154   55  +15   55   15  15  0  0 L3E 5F
E23 FF 61062 022600  780 184  681     +227452    +13          -7     +1   19  77  253  -33   10   +0   10    0  12  0  0 L3E 83
E34 FF 61062 022600  780 429 2989    +2311684    +27         -16     +4   12  81  119   -6   12   -5   12   -5   7  0  0 L3E C5
E36 FF 61062 022600  780 492 2169    +5124722    +43         -16    -11   15  79  107  +10   16   +8   16    8   8  0  0 L3E D9
E04 FF 61062 024200  780 275  718     +488965   +140         -23    +31   18  83  174  +30   26  -20   26  -20  11  0  0 L3E FF
E05 FF 61062 024200  780 428 2544      -69646    -50         -10    -21   19  84  119  -12    9  +14    9   14  12  0  0 L3E C4
E06 FF 61062 024200  780 537  713    +2225704    +36         -16    -14   15  84  100   +7   20  +10   20   10   9  0  0 L3E B5
E09 FF 61062 024200  780 805  608    +1828574   +145          -9     -8   10  83   82   +1   15   +6   15    6   6  0  0 L3E 98
E23 FF 61062 024200  780 205  627     +227461    +16          -6     +4   29  84  229  -18   12   +1   12    1  17  0  0 L3E 90
E31 FF 61062 024200  780 138 1130    +1139392    +48         -22    +22   36  84  336 -118   26  -12   26  -12  24  0  0 L3E 1C
E34 FF 61062 024200  780 450 2916    +2311716    +62          -5    +39   14  84  114   -3    4  -28    4  -28   8  0  0 L3E BE
E36 FF 61062 024200  780 432 2130    +5124769    +46         -22     -8   13  79  118  +14   22  +10   22   10   7  0  0 L3E D5
E04 FF 61062 025800  780 226  747     +489059    +84         -33    -24   14  83  208  +43   38  +14   38   14   9  0  0 L3E ED
E05 FF 61062 025800  780 480 2589      -69685    -13         -21    +16   11  85  109   -9   16   -4   16   -4   7  0  0 L3E C3
E06 FF 61062 025800  780 483  738    +2225751    +62         -17    +13   13  85  108   +9   21   -6   21   -6   7  0  0 L3E C4
E09 FF 61062 025800  780 748  654    +1828729   +167          -1    +14    8  83   84   +2    9   -5    9   -5   5  0  0 L3E 9B
E15 FF 61062 025800  780 131 3296    +2301946    +57         -20    +28   19  85  351 -118   27  -30   27  -30  11  0  0 L3E 2B
E23 FF 61062 025800  780 217  571     +227475     +4          -3     -8   17  85  217   -8   10   +2   10    2  11  0  0 L3E 6F
E31 FF 61062 025800  780 186 1093    +1139420    +19         -18     -7   25  85  252  -63   22   +3   22    3  16  0  0 L3E D3
E34 FF 61062 025800  780 458 2833    +2311747    +40           5    +17   17  85  113   +0   -4  -12   -4  -12  10  0  0 L3E CD
E36 FF 61062 025800  780 370 2101    +5124832    +29         -11    -25   13  79  134  +20   20  +21   20   21   8  0  0 L3E DC
E04 FF 61062 031400  780 178  779     +489184    +84         -11    -24   19  87  261  +68   25  +25   25   25  14  0  0 L3E 03
E05 FF 61062 031400  780 533 2636      -69712    -17         -22    +11   11  87  101   -7   16   -2   16   -2   6  0  0 L3E 9E
E06 FF 61062 031400  780 431  767    +2225798    +48         -18     -1   20  87  118  +12   23   +0   23    0  13  0  0 L3E B8
E09 FF 61062 031400  780 692  698    +1828869   +178         -11    +25   12  87   86   +3   16  -14   16  -14   7  0  0 L3E 04
E15 FF 61062 031400  780 174 3269    +2301978    +52         -17    +24   25  87  268  -62   25   -8   25   -8  15  0  0 L3E 0B
E23 FF 61062 031400  780 220  514     +227463    -12         -26    -23   18  86  214   +1   25  +20   25   20  11  0  0 L3E B1
E31 FF 61062 031400  780 232 1051    +1139446    +38         -17    +12   22  86  205  -38   19  -10   19  -10  13  0  0 L3E 02
E34 FF 61062 031400  780 453 2748    +2311767    +23           4     +0   18  87  113   +2   -1  +11   -1   11  11  0  0 L3E 9F
E36 FF 61062 031400  780 307 2080    +5124883    +83         -15    +29   15  87  157  +30   24   -8   24   -8   8  0  0 L3E EF
E04 FF 61062 033000  780 131  812     +489271   +112         -27     +4   23  89  348 +120   36   +3   36    3  15  0  0 L3E C7
E05 FF 61062 033000  780 586 2687      -69733    -51         -18    -22   15  89   95   -6   14  +16   14   16   9  0  0 L3E CF
E06 FF 61062 033000  780 380  799    +2225854    +36         -10    -13   14  89  131  +15   19  +12   19   12   9  0  0 L3E E7
E09 FF 61062 033000  780 637  741    +1829008   +177         -19    +24   14  89   90   +4   22  -10   22  -10   8  0  0 L3E E1
E15 FF 61062 033000  780 212 3233    +2302006    +49         -16    +20   20  89  222  -36   22  -15   22  -15  12  0  0 L3E F0
E23 FF 61062 033000  780 215  458     +227483     -6         -17    -18   17  86  219  +10   23  +10   23   10  10  0  0 L3E C0
E31 FF 61062 033000  780 274 1004    +1139472    +72         -16    +46   19  86  175  -24   19  -31   19  -31  11  0  0 L3E 12
E34 FF 61062 033000  780 435 2666    +2311781    +17          -3     -6   14  89  117   +5    3   +9    3    9   8  0  0 L3E 82
E36 FF 61062 033000  780 245 2063    +5124929    +68         -21    +13   17  89  194  +47   34   -8   34   -8  10  0  0 L3E 01
E03 FF 61062 034600  780 125 2673      -48836   +102         -17    +79   33  86  367 -133   13  -45   13  -45  24  0  0 L3E 27
E05 FF 61062 034600  780 639 2740      -69763    -50         -22    -22   13  90   90   -4   16  +14   16   14   7  0  0 L3E B5
E06 FF 61062 034600  780 329  833    +2225896    +29         -16    -21   17  90  148  +20   25  +15   25   15  13  0  0 L3E FD
E09 FF 61062 034600  780 583  785    +1829164   +193          -9    +40   12  90   95   +6   18  -20   18  -20   7  0  0 L3E E6
E15 FF 61062 034600  780 244 3190    +2302038    +60          -9    +32   20  90  195  -22   14  -27   14  -27  12  0  0 L3E F5
E23 FF 61062 034600  780 200  406     +227494    +17         -18     +5   26  86  234  +22   25   +1   25    1  15  0  0 L3E A0
E31 FF 61062 034600  780 312  950    +1139496    -50         -18    -76   16  86  156  -16   16  +46   16   46   9  0  0 L3E 01
E34 FF 61062 034600  780 405 2593    +2311802    +45          -4    +22   19  90  124   +9    5  -15    5  -15  11  0  0 L3E C3
E36 FF 61062 034600  780 184 2049    +5124990   +106         -12    +51   18  90  253  +81   32  -26   32  -26  11  0  0 L3E 27
E03 FF 61062 040200  780 172 2710      -48817    +65         -22    +43   28  92  272  -73   14  -27   14  -27  18  0  0 L3E F8
E05 FF 61062 040200  780 692 2800      -69787    -43         -18    -15   14  92   86   -3   14  +10   14   10   8  0  0 L3E B5
E06 FF 61062 040200  780 280  869    +2225955    +78          -4    +29   20  92  171  +28   21  -16   21  -16  12  0  0 L3E F6
E09 FF 61062 040200  780 531  829    +1829307   +143         -14    -10   13  92  101   +7   21   +6   21    6   7  0  0 L3E B1
E15 FF 61062 040200  780 268 3138    +2302076    +24           5     -5   14  92  178  -13    5   -1    5   -1   8  0  0 L3E 84
E23 FF 61062 040200  780 177  360     +227515     +4          -9     -8   18  92  263  +39   22  +13   22   13  11  0  0 L3E A4
E31 FF 61062 040200  780 342  889    +1139528    +46         -12    +20   14  92  144  -10   12   -9   12   -9   8  0  0 L3E CA
E34 FF 61062 040200  780 365 2530    +2311818    +28          -9     +6   18  92  135  +14    8   -4    8   -4  10  0  0 L3E A7
E36 FF 61062 040200  780 125 2035    +5125034    +96         -22    +42   27  92  367 +168   41  -30   41  -30  18  0  0 L3E 20
E03 FF 61062 041800  780 219 2746      -48790    +57         -16    +35   19  93  216  -46   13  -22   13  -22  13  0  0 L3E FD
E05 FF 61062 041800  780 746 2872      -69807    -14         -11    +14    9  93   84   -2   10   -5   10   -5   5  0  0 L3E 90
E06 FF 61062 041800  780 232  905    +2225995    +14         -11    -35   14  93  203  +40   28  +31   28   31   9  0  0 L3E E1
E09 FF 61062 041800  780 479  872    +1829453   +121         -15    -32   13  92  109   +9   24  +25   24   25   8  0  0 L3E F7
E15 FF 61062 041800  780 283 3080    +2302086    +33         -13     +5   19  92  170   -6   12   -5   12   -5  11  0  0 L3E BC
E23 FF 61062 041800  780 147  320     +227527    +27          -7    +15   24  93  313  +69   24   -6   24   -6  14  0  0 L3E BD
E31 FF 61062 041800  780 363  822    +1139557    +31          -9     +5   12  93  136   -5    9   +0    9    0   7  0  0 L3E 6A
E34 FF 61062 041800  780 319 2477    +2311839    -13         -12    -36   15  93  152  +21   11  +25   11   25   9  0  0 L3E F3
E03 FF 61062 044600  780 303 2807      -48750    +10         -15    -13   18  96  160  -24    8   +7    8    7  11  0  0 L3E 9D
E05 FF 61062 044600  780 837 3118      -69861     +4         -17    +32   13  96   81   -1   14  -18   14  -18   8  0  0 L3E BC
E06 FF 61062 044600  780 150  970    +2226079     +4         -13    -45   30  96  307  +94   35  +44   35   44  18  0  0 L3E F2
E09 FF 61062 044600  780 390  947    +1829702   +143         -24    -10   20  96  128  +14   29   +8   29    8  12  0  0 L3E F6
E15 FF 61062 044600  780 285 2970    +2302132    +37          -8     +8   23  96  169   +5   11   -4   11   -4  14  0  0 L3E BC
E31 FF 61062 044600  780 374  698    +1139591    +59         -18    +33   18  96  133   +1   11  -16   11  -16  11  0  0 L3E FB
E34 FF 61062 044600  780 230 2405    +2311881    +24         -13     +1   18  96  205  +46   18   +1   18    1  12  0  0 L3E BF
E03 FF 61062 050200  780 353 2839      -48740    +16         -26     -7   14  98  140  -18   16   +7   16    7   9  0  0 L3E AE
E05 FF 61062 050200  780 870  187      -69869    -26           3     +3   10  98   81   +0    3   +1    3    1   6  0  0 L3E 26
E06 FF 61062 050200  780 104 1006    +2226135    +88          -8    +39   51  98  436 +186   42   +0   42    0  34  0  0 L3E DF
E09 FF 61062 050200  780 339  989    +1829864   +123         -10    -30   19  98  144  +19   24  +21   24   21  11  0  0 L3E 14
E15 FF 61062 050200  780 272 2908    +2302148    +58         -16    +30   15  98  176  +11   16  -17   16  -17   9  0  0 L3E 0A
E31 FF 61062 050200  780 365  630    +1139622     +3         -12    -23   25  96  135   +5    9  +20    9   20  14  0  0 L3E 9D
E34 FF 61062 050200  780 176 2371    +2311895    -40         -22    -63   28  98  264  +79   26  +47   26   47  19  0  0 L3E 29
E03 FF 61062 051800  780 405 2869      -48716     +7         -23    -16   15  99  124  -14   12   +6   12    6   9  0  0 L3E AC
E05 FF 61062 051800  780 836  845      -69907    -38          -8    -10   10  99   81   +1   12   +6   12    6   6  0  0 L3E 7A
E09 FF 61062 051800  780 290 1030    +1830014   +137          -7    -16   18  99  166  +27   26  +15   26   15  11  0  0 L3E 08
E13 FF 61062 051800  780 125 3369     +469104     -9         -13    -16   31  98  368  -67   24  +16   24   16  19  0  0 L3E FF
E15 FF 61062 051800  780 249 2848    +2302189    -45          -2    -73   17  99  191  +20    7  +47    7   47  10  0  0 L3E EE
E25 FF 61062 051800  780 142 1753     -218764    +47          -1    +48   22  99  327 -134   33  -34   33  -34  14  0  0 L3E 13
E31 FF 61062 051800  780 346  569    +1139649     -4         -10    -30   15  96  142   +9    5  +17    5   17   9  0  0 L3E AF
E34 FF 61062 051800  780 122 2342    +2311921     +7         -18    -16   52  99  374 +161   39  +11   39   11  33  0  0 L3E 09
E03 FF 61062 053400  780 457 2895      -48687    +13         -16     -9   11 101  113  -11   19   +7   19    7   7  0  0 L3E BD
E05 FF 61062 053400  780 783 1016      -69931    +27          -3    +55   10 101   83   +2   22  -34   22  -34   5  0  0 L3E B0
E09 FF 61062 053400  780 241 1070    +1830155   +205         -13    +52   13 101  197  +39   47  -16   47  -16   9  0  0 L3E 23
E13 FF 61062 053400  780 143 3322     +469117     +1          -7     -6   28  98  321  -33   18   -5   18   -5  17  0  0 L3E B1
E15 FF 61062 053400  780 218 2794    +2302202     +5         -13    -23   16 101  215  +32   26  +21   26   21  10  0  0 L3E E2
E25 FF 61062 053400  780 202 1750     -218777    +36         -11    +36   24 101  234  -69   43  -24   43  -24  15  0  0 L3E 12
E31 FF 61062 053400  780 317  516    +1139675    +17          -9     -9   17  96  153  +14    9   +8    9    8  10  0  0 L3E A2
E03 FF 61062 055000  780 511 2916      -48654     +5          -5    -18   11 103  104   -8   12  +10   12   10   7  0  0 L3E 93
E05 FF 61062 055000  780 726 1103      -69960    +36          -3    +65   13 103   85   +3   21  -37   21  -37   7  0  0 L3E B9
E09 FF 61062 055000  780 192 1108    +1830312   +146          -5     -7   18 102  243  +61   60  +31   60   31  11  0  0 L3E ED
E13 FF 61062 055000  780 154 3271     +469132    +47           2    +41   26  98  300  -12   10  -25   10  -25  14  0  0 L3E CF
E15 FF 61062 055000  780 182 2744    +2302228    +42         -13    +14   19 103  256  +55   28   +0   28    0  12  0  0 L3E E1
E25 FF 61062 055000  780 263 1748     -218772     +8          -6     +9   17 103  182  -41   37   -7   37   -7  11  0  0 L3E CC
E31 FF 61062 055000  780 281  474    +1139699    +42         -11    +16   23 103  170  +22   13  -11   13  -11  14  0  0 L3E F9
E03 FF 61062 060600  780 567 2930      -48636    +19         -11     -3   13 104   97   -6   17   +3   17    3   8  0  0 L3E 93
E05 FF 61062 060600  780 669 1166      -69989    -31          -6     -3   11 104   88   +4   29   +5   29    5   7  0  0 L3E 99
E09 FF 61062 060600  780 143 1145    +1830446   +149         -17     -5   31 102  321 +107  102  +42  102   42  18  0  0 L3E 36
E13 FF 61062 060600  780 156 3217     +469126     +2         -10     -4   27  98  297   +5   15   -1   15   -1  17  0  0 L3E AB
E15 FF 61062 060600  780 140 2700    +2302261    +54          -6    +26   25 104  328 +100   23  -15   23  -15  17  0  0 L3E 05
E25 FF 61062 060600  780 325 1745     -218772     +7          -5     +8   14 104  150  -27   36   -1   36   -1   8  0  0 L3E AC
E31 FF 61062 060600  780 240  442    +1139733     +0          -2    -26   21 104  197  +34   23  +24   23   24  12  0  0 L3E C7
E03 FF 61062 062200  780 622 2931      -48608    +53          -5    +30   16 106   91   -5   16  -12   16  -12   9  0  0 L3E B4
E05 FF 61062 062200  780 611 1218      -70025    +14         -14    +42   13 106   92   +5   41  -12   41  -12   7  0  0 L3E AB
E08 FF 61062 062200  780 110 2969     +778617   +135         -20    +67   27 106  418 -181   31  -43   31  -43  17  0  0 L3E 47
E13 FF 61062 062200  780 149 3164     +469138    -10          -4    -17   21 106  310  +23   23  +13   23   13  14  0  0 L3E DB
E25 FF 61062 062200  780 389 1740     -218772    -12          -4    -11   16 106  129  -19   39   +6   39    6  10  0  0 L3E DD
E31 FF 61062 062200  780 195  419    +1139741    +31         -19     +5   18 104  239  +56   49  +18   49   18  11  0  0 L3E 04
E03 FF 61062 063800  780 678 2911      -48586    +40          -4    +16   11 107   87   -4   22   -3   22   -3   7  0  0 L3E A0
E05 FF 61062 063800  780 553 1263      -70049    -24         -11     +5   13 107   98   +7   47  +12   47   12   8  0  0 L3E B3
E08 FF 61062 063800  780 159 2992     +778684   +117         -19    +49   22 107  294  -91   30  -26   30  -26  13  0  0 L3E 4D
E13 FF 61062 063800  780 133 3111     +469129     +8         -19     +1   28 107  344  +50   28   -3   28   -3  19  0  0 L3E D0
E25 FF 61062 063800  780 453 1732     -218772    -27          -3    -26   22 107  114  -13   40  +24   40   24  14  0  0 L3E EE
E31 FF 61062 063800  780 148  404    +1139766    +26         -20     -1   24 104  312 +100   71  +27   71   27  14  0  0 L3E F8
E03 FF 61062 065400  780 732 2850      -48567    -16          -5    -39   10 109   84   -2   31  +31   31   31   6  0  0 L3E B1
E05 FF 61062 065400  780 495 1304      -70072    -17          -6    +11   16 109  106  +10   58   +9   58    9   9  0  0 L3E B7
E08 FF 61062 065400  780 209 3012     +778771    +95           3    +27   18 109  226  -54   22  -19   22  -19  12  0  0 L3E 07
E13 FF 61062 065400  780 110 3062     +469132    +10         -21     +3   23 109  413  +98   33   +1   33    1  14  0  0 L3E B2
E25 FF 61062 065400  780 518 1717     -218780    -13         -10    -12   14 109  103   -9   47  +13   47   13   8  0  0 L3E E7
E02 FF 61062 071000  780 123 2048     -122431    +13         -25    +42   23 107  376 -171  137  -15  137  -15  12  0  0 L3E 31
E03 FF 61062 071000  780 778 2703      -48552    +37         -12    +14   10 110   83   -1   41   -2   41   -2   6  0  0 L3E 94
E05 FF 61062 071000  780 436 1341      -70101     +6          -9    +34   15 111  117  +13   77   +0   77    0   9  0  0 L3E 86
E08 FF 61062 071000  780 260 3026     +778826    +70          -9     +2   16 111  184  -35   39   +6   39    6  11  0  0 L3E C9
E25 FF 61062 071000  780 581 1691     -218775    +11          -4    +12   11 111   95   -7   49   +0   49    0   7  0  0 L3E 9B
E02 FF 61062 072600  780 180 2065     -122445    -15         -12    +14   27 107  261  -83  121  -16  121  -16  17  0  0 L3E 26
E03 FF 61062 072600  780 801 2411      -48524    +18          -7     -5   10 110   82   +0   46  +14   46   14   6  0  0 L3E 8B
E05 FF 61062 072600  780 378 1376      -70121    -23          -3     +5   18 112  131  +18   96  +23   96   23  10  0  0 L3E CE
E08 FF 61062 072600  780 313 3035     +778897    +64          -6     -5   28 112  155  -24   44  +21   44   21  17  0  0 L3E F4
E25 FF 61062 072600  780 641 1643     -218770    -12           1    -12    8 112   90   -5   51  +14   51   14   5  0  0 L3E 96
E02 FF 61062 074200  780 238 2085     -122468    -29          -9     -1   20 114  200  -48  109   -5  109   -5  14  0  0 L3E EE
E03 FF 61062 074200  780 784 2090      -48510     -1         -15    -24   11 110   82   +1   61  +21   61   21   6  0  0 L3E 93
E05 FF 61062 074200  780 320 1407      -70151     -5          -6    +24   17 114  152  +25  123  +23  123   23  10  0  0 L3E D1
E08 FF 61062 074200  780 366 3035     +778961    +77          -5     +9   16 114  136  -18   57   +8   57    8   9  0  0 L3E DB
E25 FF 61062 074200  780 696 1558     -218773    +23          -2    +23   10 114   86   -3   59   -9   59   -9   6  0  0 L3E CA
E02 FF 61062 075800  780 297 2108     -122503    -39         -14    -10   18 115  163  -31  114  +14  114   14  11  0  0 L3E 17
E03 FF 61062 075800  780 739 1910      -48486    -10         -13    -33   10 110   84   +2   70  +29   70   29   6  0  0 L3E C6
E05 FF 61062 075800  780 262 1435      -70175    -24          -3     +5   20 114  182  +38  162  +42  162   42  12  0  0 L3E EC
E08 FF 61062 075800  780 419 3026     +779034    +53           2    -15   13 115  121  -13   64  +14   64   14   8  0  0 L3E DA
E25 FF 61062 075800  780 738 1409     -218776     +5          -5     +5    7 115   84   -1   68   +4   68    4   4  0  0 L3E 87
E02 FF 61062 081400  780 356 2133     -122533    -26         -17     +3   16 117  139  -21  124  -12  124  -12  10  0  0 L3E 0A
E03 FF 61062 081400  780 681 1828      -48466     +0         -16    -23   10 117   87   +4   85  +27   85   27   6  0  0 L3E C4
E05 FF 61062 081400  780 205 1461      -70213    -27         -14     +2   24 114  229  +62  214  +48  214   48  15  0  0 L3E FA
E08 FF 61062 081400  780 470 3003     +779089    +65          -8     -4   13 116  110   -9   77  +12   77   12   9  0  0 L3E D2
E25 FF 61062 081400  780 757 1186     -218772    +12           1    +13   12 117   83   +0   70   +1   70    1   7  0  0 L3E 84
E02 FF 61062 083000  780 416 2160     -122558    -10         -15    +19   14 119  122  -15  117  -19  117  -19   8  0  0 L3E 1E
E03 FF 61062 083000  780 618 1790      -48438    +26         -12     +2   10 119   92   +6   93  +11   93   11   6  0  0 L3E AE
E05 FF 61062 083000  780 149 1484      -70245    -26         -19     +3   30 119  310 +114  265  +63  265   63  21  0  0 L3E 18
E08 FF 61062 083000  780 518 2964     +779147    +88         -16    +19   17 116  103   -7   92   +0   92    0  10  0  0 L3E E5
E25 FF 61062 083000  780 745  956     -218785    -26         -13    -25   11 119   84   +1   83  +21   83   21   6  0  0 L3E D1
E02 FF 61062 084600  780 477 2190     -122577    -34          -8     -5   18 120  109  -11  113  +11  113   11  10  0  0 L3E F4
E03 FF 61062 084600  780 554 1774      -48420    +73         -17    +50   11 120   98   +8  109   -9  109   -9   6  0  0 L3E E1
E08 FF 61062 084600  780 561 2902     +779225    +89          -4    +21   15 116   97   -5   90  -11   90  -11   9  0  0 L3E E5
E25 FF 61062 084600  780 709  800     -218785    +18         -12    +19    8 120   85   +2   91   +1   91    1   5  0  0 L3E 94
E02 FF 61062 090200  780 538 2223     -122608     +3         -12    +32   13 122  100   -8  115  -14  115  -14   8  0  0 L3E E0
E03 FF 61062 090200  780 489 1769      -48393    +14         -12    -10   16 121  107  +11  130  +36  130   36  10  0  0 L3E 09
E07 FF 61062 090200  780 147 3171     +403676    +81           0    +58   19 122  317 -107   97  -13   97  -13  12  0  0 L3E 12
E08 FF 61062 090200  780 594 2813     +779284    +42         -11    -27   13 122   94   -3   90  +24   90   24   8  0  0 L3E E3
E25 FF 61062 090200  780 661  714     -218781    -56         -10    -55   13 121   88   +4   98  +41   98   41   7  0  0 L3E D8
E02 FF 61062 091800  780 598 2258     -122633    -65          -9    -37   12 123   94   -6  110  +14  110   14   7  0  0 L3E EA
E03 FF 61062 091800  780 423 1769      -48367    +11          -9    -12   12 121  120  +15  148  +24  148   24   7  0  0 L3E F7
E07 FF 61062 091800  780 196 3163     +403684    +43         -14    +20   26 123  240  -59  122   -2  122   -2  16  0  0 L3E 0C
E08 FF 61062 091800  780 612 2700     +779353    +60          -7     -8   13 123   92   -1   95   +7   95    7   7  0  0 L3E A5
E12 FF 61062 091800  780 108  467     +205758    -13         -21    -41   44 123  419  -83  238  -17  238  -17  29  0  0 L3E 3E
E25 FF 61062 091800  780 608  673     -218780    -10          -8    -10   11 121   92   +5  105   +9  105    9   6  0  0 L3E B2
E02 FF 61062 093400  780 659 2296     -122666    -57         -12    -28   12 125   89   -4  108  +15  108   15   7  0  0 L3E 0D
E03 FF 61062 093400  780 359 1771      -48349    +35         -13    +12   14 121  137  +22  172  +21  172   21   8  0  0 L3E 02
E07 FF 61062 093400  780 244 3147     +403712    +17         -10     -7   21 125  195  -36  125   +8  125    8  13  0  0 L3E F3
E08 FF 61062 093400  780 613 2574     +779425    +77           0     +8   10 125   92   +1   96   +6   96    6   6  0  0 L3E 9B
E10 FF 61062 093400  780 119  648    +7663156     +6         -20    -21   25 124  385 -103  289 -109  289 -109  21  0  0 L3E 74
E12 FF 61062 093400  780 126  417     +205795     -6          -9    -34   36 125  362  -40  243  +19  243   19  23  0  0 L3E 02
E25 FF 61062 093400  780 553  658     -218780    -31          -8    -30   15 121   98   +7  116  +37  116   37   9  0  0 L3E EC
E30 FF 61062 093400  780 134 2378    +6534201   +480         -17    +75   44 125  344 -127  234  -81  234  -81  28  0  0 L3E 7F
E02 FF 61062 095000  780 719 2339     -122687    -50          -5    -21   13   0   85   -3  101  +11  101   11   7  0  0 L3E AB
E03 FF 61062 095000  780 296 1775      -48319    +23          -5     +0   18 121  163  +32  193  +29  193   29  11  0  0 L3E 00
E07 FF 61062 095000  780 290 3122     +403732    +19         -11     -4   19   0  167  -24  126   +9  126    9  12  0  0 L3E CB
E08 FF 61062 095000  780 595 2454     +779482    +87          -9    +18   12   0   94   +3  106  -12  106  -12   7  0  0 L3E E2
E10 FF 61062 095000  780 148  599    +7663189    +69         -11    +42   19   0  312  -54  224  -35  224  -35  13  0  0 L3E 27
E12 FF 61062 095000  780 136  364     +205805    +65         -28    +37   26   0  336  -14  272  -54  272  -54  18  0  0 L3E 0D
E25 FF 61062 095000  780 498  659     -218782    -44          -9    -44   15 121  106   +9  137  +46  137   46   9  0  0 L3E 0D
E30 FF 61062 095000  780 184 2412    +6534603   +392          -4    -14   26   0  254  -69  185  -33  185  -33  17  0  0 L3E 35
E02 FF 61062 100600  780 779 2391     -122723     -9         -12    +20   12   1   83   -2  105  -10  105  -10   7  0  0 L3E B0
E03 FF 61062 100600  780 233 1778      -48292     +2          -6    -22   14   1  203  +51  229  +66  229   66   8  0  0 L3E C4
E07 FF 61062 100600  780 331 3087     +403758    +32          -7     +9   15   1  148  -16  125   -2  125   -2   9  0  0 L3E B7
E08 FF 61062 100600  780 561 2354     +779543    +76         -15     +7   15   0   97   +5  114   +8  114    8   8  0  0 L3E AC
E10 FF 61062 100600  780 171  547    +7663212     -5         -14    -32   29   1  273  -29  247   +9  247    9  20  0  0 L3E D9
E11 FF 61062 100600  780 149  823   -37026439  -1710         -23    -43   28   1  311  -81  248   -7  248   -7  26  0  0 L3E 34
E12 FF 61062 100600  780 138  312     +205836    +19         -24     -9   37   1  333   +7  254  -13  254  -13  22  0  0 L3E D2
E25 FF 61062 100600  780 444  671     -218775    -34          -4    -34   14   1  115  +11  131  +13  131   13   9  0  0 L3E BF
E30 FF 61062 100600  780 235 2448    +6534985   +473         -11    +68   29   1  202  -42  168  -38  168  -38  16  0  0 L3E 55
E02 FF 61062 102200  780 837 2473     -122737    -35           1     -7   11   1   81   -1   97   +5   97    5   6  0  0 L3E 5E
E03 FF 61062 102200  780 173 1781      -48286    -62         -23    -86   16   3  269  +91  292 +106  292  106  12  0  0 L3E 28
E07 FF 61062 102200  780 367 3040     +403774    +62         -10    +39   18   3  135  -11  125  -16  125  -16  11  0  0 L3E 00
E08 FF 61062 102200  780 516 2277     +779612    +70         -12     +1    9   0  103   +7  121   +7  121    7   5  0  0 L3E 8C
E10 FF 61062 102200  780 185  492    +7663241    +33         -10     +7   20   1  252  -13  232  -27  232  -27  12  0  0 L3E E9
E11 FF 61062 102200  780 186  776   -37028029  -1635         -13    +31   21   3  252  -46  262  -33  262  -33  13  0  0 L3E 49
E12 FF 61062 102200  780 130  261     +205839     +0         -44    -28   28   3  351  +31  270  +35  270   35  17  0  0 L3E CF
E25 FF 61062 102200  780 391  690     -218773     +6          -3     +6   13   3  128  +15  136  +12  136   12   8  0  0 L3E A6
E30 FF 61062 102200  780 285 2486    +6535381   +414          -5     +9   19   3  169  -29  160   -6  160   -6  12  0  0 L3E FE
E02 FF 61062 103800  780 890 3115     -122764    -25           2     +4   12   1   81   +0  102   +2  102    2   7  0  0 L3E 58
E03 FF 61062 103800  780 114 1782      -48270     +0         -29    -23   23   4  400 +197  344  +70  344   70  13  0  0 L3E ED
E07 FF 61062 103800  780 394 2981     +403800    +33          -6     +9   13   4  127   -6  126   -9  126   -9   8  0  0 L3E B7
E08 FF 61062 103800  780 463 2220     +779680    +64         -11     -5   14   0  112  +11  130  +16  130   16   8  0  0 L3E CF
E10 FF 61062 103800  780 190  436    +7663265    +28         -12     +2   35   1  246   -1  234  -25  234  -25  23  0  0 L3E E9
E11 FF 61062 103800  780 217  724   -37029614  -1659           2     +7   25   4  217  -27  230   +4  230    4  16  0  0 L3E EA
E12 FF 61062 103800  780 114  213     +205889    +28         -19     +0   30   4  396  +67  261  +12  261   12  20  0  0 L3E D6
E25 FF 61062 103800  780 339  713     -218781    +10         -10    +10   17   4  144  +20  167  +16  167   16  10  0  0 L3E E6
E30 FF 61062 103800  780 336 2525    +6535762   +436         -13    +31   19   4  146  -20  152  -22  152  -22  12  0  0 L3E 2E
E36 FF 61062 103800  780 103 1202    +5126334    -22         -20    -77   54   1  444 -222  419 -122  419 -122  43  0  0 L3E 4F
E02 FF 61062 105400  780 845  561     -122792    -36           2     -7   10   1   81   +1  107   +6  107    6   6  0  0 L3E 60
E07 FF 61062 105400  780 412 2912     +403838    +39           9    +16   13   6  123   -3  116  -18  116  -18   8  0  0 L3E D4
E08 FF 61062 105400  780 406 2178     +779754    +66          -3     -3   13   6  124  +15  139  +18  139   18   7  0  0 L3E EA
E10 FF 61062 105400  780 186  381    +7663265     -8         -31    -34   25   6  251  +11  248  +37  248   37  15  0  0 L3E 04
E11 FF 61062 105400  780 240  667   -37031227  -1645         -10    +21   20   6  197  -16  205   -5  205   -5  12  0  0 L3E 19
E25 FF 61062 105400  780 288  741     -218796    -54         -25    -53   17   6  167  +27  200  +61  200   61  10  0  0 L3E FD
E30 FF 61062 105400  780 387 2566    +6536157   +445          -6    +40   18   5  129  -15  142  -32  142  -32  10  0  0 L3E 2B
E36 FF 61062 105400  780 156 1171    +5126378    +58         -29     +3   29   1  299 -100  326  +49  326   49  19  0  0 L3E 38
E02 FF 61062 111000  780 789  654     -122824    -47          -5    -18   11   8   82   +2  112  +14  112   14   6  0  0 L3E A3
E07 FF 61062 111000  780 418 2837     +403842     +5          -8    -19   18   7  121   +0  129  +10  129   10  12  0  0 L3E C1
E08 FF 61062 111000  780 347 2146     +779819    +65          -5     -4   15   8  141  +22  153  +16  153   16  10  0  0 L3E E5
E10 FF 61062 111000  780 173  329    +7663314    +50          -7    +25   31   8  268  +26  229   +5  229    5  19  0  0 L3E D7
E11 FF 61062 111000  780 255  607   -37032828  -1672         -12     -6   23   7  187   -7  218  +14  218   14  14  0  0 L3E 1F
E25 FF 61062 111000  780 239  771     -218784    -20         -12    -19   17   6  198  +39  218  +34  218   34  11  0  0 L3E 03
E29 FF 61062 111000  780 103 3301    +1715220    +57          -8    +22   29   8  443 -176  198   +0  198    0  18  0  0 L3E F5
E30 FF 61062 111000  780 439 2608    +6536543   +380         -10    -25   14   5  117  -11  138  +10  138   10   8  0  0 L3E 0B
E36 FF 61062 111000  780 208 1136    +5126445    +91          -7    +37   27   8  227  -55  259 -167  259 -167  18  0  0 L3E 5A
E02 FF 61062 112600  780 734  713     -122850    -27          -4     +1   12   9   84   +3  116   +7  116    7   7  0  0 L3E 70
E07 FF 61062 112600  780 411 2760     +403864     -8          -9    -31   22   7  123   +3  130  +36  130   36  14  0  0 L3E C2
E08 FF 61062 112600  780 287 2121     +779882    +72          -8     +3   20   9  167  +33  176  +23  176   23  12  0  0 L3E F5
E10 FF 61062 112600  780 151  281    +7663309    -62         -37    -88   23   9  304  +50  257  +70  257   70  15  0  0 L3E 16
E11 FF 61062 112600  780 260  546   -37034431  -1671         -15     -4   14   7  183   +0  207  +12  207   12  10  0  0 L3E 03
E25 FF 61062 112600  780 191  803     -218789    +17         -17    +17   18   6  244  +59  253  +26  253   26  12  0  0 L3E 09
E29 FF 61062 112600  780 143 3273    +1715254    +58          -7    +22   20   9  324  -85  192  -15  192  -15  12  0  0 L3E 1D
E30 FF 61062 112600  780 491 2652    +6536930   +382         -11    -23   16   5  107   -9  133  +10  133   10   9  0  0 L3E FF
E36 FF 61062 112600  780 258 1095    +5126495    +79         -10    +24   24   9  186  -34  214  +24  214   24  15  0  0 L3E 26
E02 FF 61062 114200  780 679  763     -122871    -27           2     +1   13  11   87   +3  120   +5  120    5   7  0  0 L3E 6E
E07 FF 61062 114200  780 393 2686     +403885     +0         -10    -24   19   7  127   +7  136  +18  136   18  12  0  0 L3E EB
E08 FF 61062 114200  780 228 2101     +779944    +85         -13    +16   18  11  207  +52  204  +25  204   25  11  0  0 L3E 0E
E10 FF 61062 114200  780 123  240    +7663325    +80         -45    +55   33  11  372  +95  263  -31  263  -31  21  0  0 L3E 19
E11 FF 61062 114200  780 255  486   -37036022  -1623          -6    +44   20   7  186   +7  207  -29  207  -29  13  0  0 L3E 2E
E25 FF 61062 114200  780 144  837     -218783     -1         -10     -1   17   6  318 +100  275  +24  275   24  12  0  0 L3E DD
E29 FF 61062 114200  780 177 3238    +1715278    +39         -15     +3   20  11  263  -47  193   -2  193   -2  13  0  0 L3E 0A
E30 FF 61062 114200  780 543 2697    +6537321   +428          -9    +23   13   5   99   -7  129  -21  129  -21   8  0  0 L3E 06
E36 FF 61062 114200  780 305 1049    +5126533    +56         -23     +2   16  11  159  -22  207  -36  207  -36  12  0  0 L3E 1D
E02 FF 61062 115800  780 625  811     -122915    -21         -14     +8   12  12   91   +5  133   +0  133    0   7  0  0 L3E 81
E07 FF 61062 115800  780 364 2619     +403913    +68          -5    +44   16   7  136  +11  134  -20  134  -20   9  0  0 L3E F1
E08 FF 61062 115800  780 169 2083     +780023    +57           0    -12   20  12  274  +92  236  +55  236   55  12  0  0 L3E FD
E11 FF 61062 115800  780 241  430   -37037630  -1707         -15    -41   18  12  197  +15  215  +51  215   51  12  0  0 L3E 45
E27 FF 61062 115800  780 101 2695    +8868599   +111         -26     +7   33  12  450 -197  238  -16  238  -16  23  0  0 L3E 6F
E29 FF 61062 115800  780 206 3195    +1715311    +61         -17    +26   21  12  228  -28  187  -20  187  -20  12  0  0 L3E 39
E30 FF 61062 115800  780 596 2743    +6537710   +422          -8    +17   14  12   94   -5  123  -22  123  -22   8  0  0 L3E 09
E34 FF 61062 115800  780 134 1502    +2312506    -22          -2    -46   29  12  345 -149  303  -60  303  -60  19  0  0 L3E 2F
E36 FF 61062 115800  780 346  993    +5126592    +56         -16     +1   18  12  142  -14  192  -37  192  -37  11  0  0 L3E 29
E02 FF 61062 121400  780 571  857     -122943    -19         -14    +10    9  14   96   +6  134   -7  134   -7   6  0  0 L3E B1
E07 FF 61062 121400  780 328 2560     +403939    +48          -2    +25   21  14  149  +17  141  -12  141  -12  12  0  0 L3E 03
E08 FF 61062 121400  780 112 2066     +780058    +35         -31    -34   18  14  406 +198  301  +62  301   62  11  0  0 L3E 1E
E11 FF 61062 121400  780 217  380   -37039217  -1604          -1    +63   28  13  217  +27  199  -46  199  -46  16  0  0 L3E 60
E27 FF 61062 121400  780 147 2731    +8868711   +102         -14     -2   25  12  315  -98  221  -13  221  -13  16  0  0 L3E 32
E30 FF 61062 121400  780 650 2790    +6538092   +416         -16    +11   15  13   89   -4  118  -13  118  -13   8  0  0 L3E 18
E34 FF 61062 121400  780 193 1484    +2312517    +31         -13     +7   27  14  244  -74  264  -14  264  -14  15  0  0 L3E 24
E36 FF 61062 121400  780 381  929    +5126644    +85         -16    +31   17  14  131   -9  182  -43  182  -43  11  0  0 L3E 1E
E02 FF 61062 123000  780 519  901     -122976    -34         -20     -5   13  16  103   +8  138   +0  138    0   8  0  0 L3E 9E
E07 FF 61062 123000  780 285 2509     +403967    +29           4     +6   17  16  169  +25  145   +2  145    2  11  0  0 L3E C8
E11 FF 61062 123000  780 186  337   -37040797  -1687          19    -21   23  13  251  +46  190  +21  190   21  15  0  0 L3E 47
E27 FF 61062 123000  780 194 2765    +8868811    +69         -15    -36   24  12  242  -58  199   -2  199   -2  14  0  0 L3E 3E
E29 FF 61062 123000  780 241 3092    +1715367     -2         -29    -38   21  16  197   -7  188  +24  188   24  12  0  0 L3E 1C
E30 FF 61062 123000  780 704 2841    +6538486   +419         -11    +14   11  13   86   -3  111  -13  111  -13   6  0  0 L3E 03
E34 FF 61062 123000  780 253 1465    +2312550     +7          -1    -17   17  16  189  -44  232  -26  232  -26  10  0  0 L3E 0B
E36 FF 61062 123000  780 406  857    +5126697    +59         -14     +5   17  16  124   -5  161  -16  161  -16  11  0  0 L3E 0C
E02 FF 61062 124600  780 467  945     -123001    -39         -17    -10   18  17  111  +10  138  +14  138   14  10  0  0 L3E F3
E07 FF 61062 124600  780 238 2465     +403979    +14          -7    -10   23  17  199  +39  167  +27  167   27  14  0  0 L3E 27
E11 FF 61062 124600  780 149  303   -37042434  -1654         -18    +12   28  13  310  +82  219   -3  219   -3  18  0  0 L3E 37
E27 FF 61062 124600  780 241 2799    +8868920   +124          -6    +20   21  12  197  -38  179  -25  179  -25  14  0  0 L3E 5F
E29 FF 61062 124600  780 244 3035    +1715403    +99         -28    +64   31  17  194   +1  187  -33  187  -33  19  0  0 L3E 3F
E30 FF 61062 124600  780 759 2898    +6538880   +417          -6    +12   12  13   83   -2  108   -6  108   -6   7  0  0 L3E FC
E34 FF 61062 124600  780 314 1443    +2312570    -41          -3    -64   24  17  155  -28  197  -19  197  -19  14  0  0 L3E 38
E36 FF 61062 124600  780 419  779    +5126760    +48          -2     -6   10  17  121   -2  135   -2  135   -2   6  0  0 L3E BF
E02 FF 61062 130200  780 415  988     -123032    -29         -17     +0   20  19  122  +13  149   +9  149    9  12  0  0 L3E CA
E07 FF 61062 130200  780 188 2428     +404002    -30          -8    -53   23  19  248  +65  187  +62  187   62  15  0  0 L3E 14
E11 FF 61062 130200  780 107  275   -37044032  -1646         -16    +20   32  13  424 +169  222  -20  222  -20  21  0  0 L3E 4F
E27 FF 61062 130200  780 290 2831    +8869024   +155          -1    +50   21  19  166  -27  165  -41  165  -41  12  0  0 L3E 3E
E29 FF 61062 130200  780 239 2976    +1715459     +6          -7    -29   21  18  198   +8  180  +21  180   21  12  0  0 L3E 09
E30 FF 61062 130200  780 815 2974    +6539267   +417          -8    +12    9  13   82   -1  109  -11  109  -11   5  0  0 L3E F7
E34 FF 61062 130200  780 375 1414    +2312593    +18          -3     -5   18  17  133  -19  158  -18  158  -18  11  0  0 L3E 1C
E36 FF 61062 130200  780 419  700    +5126795    +85         -19    +31   16  18  121   +1  145  -27  145  -27  10  0  0 L3E 14
E02 FF 61062 131800  780 364 1030     -123058    -68         -15    -38   15  20  136  +17  151  +25  151   25   9  0  0 L3E FE
E07 FF 61062 131800  780 137 2394     +404013    +43         -19    +20   44  20  334 +121  225  +11  225   11  25  0  0 L3E 0C
E19 FF 61062 131800  780 103 3378   -26581156   -394         -29    -56   28  20  440  -96  237  +23  237   23  18  0  0 L3E 75
E27 FF 61062 131800  780 341 2861    +8869125    +80           1    -24   16  20  144  -20  152   +8  152    8  11  0  0 L3E E9
E29 FF 61062 131800  780 224 2919    +1715486    +65         -14    +29   25  18  211  +17  194   -6  194   -6  16  0  0 L3E 31
E30 FF 61062 131800  780 869 3175    +6539659   +405          -7     -1    9  20   81   +0  106   +1  106    1   5  0  0 L3E B5
E34 FF 61062 131800  780 434 1377    +2312604    +25         -15     +2   12  17  118  -13  142  -27  142  -27   7  0  0 L3E 0A
E36 FF 61062 131800  780 407  626    +5126850    +54         -17     +0   23  20  124   +5  142   +4  142    4  13  0  0 L3E BF
E02 FF 61062 133400  780 314 1070     -123090    -56         -19    -27   16  20  155  +23  154  +20  154   20   9  0  0 L3E F1
E15 FF 61062 133400  780 145 1791    +2303029    +36           0     +7   22  22  322 -134  271  -73  271  -73  14  0  0 L3E 0F
E19 FF 61062 133400  780 122 3333   -26581454   -354          -3    -17   32  20  374  -47  211  -10  211  -10  21  0  0 L3E 3B
E27 FF 61062 133400  780 392 2888    +8869205   +134         -16    +30   19  22  128  -15  149  -38  149  -38  12  0  0 L3E 70
E29 FF 61062 133400  780 201 2864    +1715532    +55          -2    +19   25  18  233  +30  192   -2  192   -2  15  0  0 L3E FE
E30 FF 61062 133400  780 868  934    +6540048   +397          -6     -8   11  22   81   +0  103   +3  103    3   6  0  0 L3E AC
E34 FF 61062 133400  780 490 1327    +2312630    +14         -11    -10   17  17  107   -9  126   -4  126   -4  11  0  0 L3E EC
E36 FF 61062 133400  780 384  560    +5126901    +27         -18    -27   25  22  130   +8  147  +25  147   25  15  0  0 L3E 0D
E02 FF 61062 135000  780 263 1110     -123114     -8         -17    +21   18  24  181  +33  164   +1  164    1  11  0  0 L3E BC
E15 FF 61062 135000  780 206 1793    +2303040    +46         -14    +18   23  24  229  -68  212  -46  212  -46  14  0  0 L3E 30
E19 FF 61062 135000  780 133 3284   -26581787   -290         -11    +47   26  20  344  -19  209  -32  209  -32  18  0  0 L3E 73
E27 FF 61062 135000  780 445 2910    +8869329   +100           5     -4   19  24  115  -11  121  -14  121  -14  11  0  0 L3E 0C
E29 FF 61062 135000  780 171 2813    +1715562     +4         -10    -32   19  24  271  +51  205  +37  205   37  13  0  0 L3E 0F
E30 FF 61062 135000  780 811 1125    +6540421   +408         -22     +2   15  24   82   +1  110   -5  110   -5   8  0  0 L3E BA
E34 FF 61062 135000  780 540 1259    +2312646    -39         -12    -62   13  24  100   -6  121  +24  121   24   8  0  0 L3E F3
E36 FF 61062 135000  780 351  506    +5126949    +69         -22    +16   14  24  140  +13  151   -7  151   -7   9  0  0 L3E F3
E02 FF 61062 140600  780 213 1147     -123150    -19         -25    +10   18  25  220  +50  186  +16  186   16  12  0  0 L3E 01
E15 FF 61062 140600  780 269 1797    +2303079    +14          -1    -14   14  25  179  -41  174  -15  174  -15   9  0  0 L3E 26
E19 FF 61062 140600  780 136 3233   -26582114   -356         -14    -18   24  20  336   +3  203  +12  203   12  14  0  0 L3E 2C
E27 FF 61062 140600  780 499 2926    +8869422    +87          -1    -18   14  25  106   -9  114   +1  114    1   8  0  0 L3E EA
E29 FF 61062 140600  780 136 2767    +1715600    +58          -5    +22   32  25  338  +92  216   -5  216   -5  19  0  0 L3E 11
E30 FF 61062 140600  780 753 1197    +6540820   +368         -13    -37   10  25   84   +2  102  +20  102   20   6  0  0 L3E F6
E34 FF 61062 140600  780 580 1168    +2312669    +49         -11    +26    9  24   95   -4  113  -21  113  -21   5  0  0 L3E F1
E36 FF 61062 140600  780 311  464    +5127000    +73         -23    +19   18  24  156  +20  153   -7  153   -7  10  0  0 L3E F3
E02 FF 61062 142200  780 164 1183     -123166    -25         -14     +4   20  27  283  +84  199  +14  199   14  12  0  0 L3E 08
E15 FF 61062 142200  780 333 1801    +2303098    +22          -6     -6   19  27  147  -26  148  -34  148  -34  12  0  0 L3E 17
E19 FF 61062 142200  780 131 3181   -26582454   -311         -14    +27   27  27  349  +25  212  -11  212  -11  16  0  0 L3E 54
E27 FF 61062 142200  780 554 2933    +8869510   +116         -12    +12   16  27   98   -7  111  -13  111  -13   9  0  0 L3E 1B
E30 FF 61062 142200  780 694 1248    +6541212   +403          -9     -2   13  27   86   +3  102   +8  102    8   8  0  0 L3E BA
E34 FF 61062 142200  780 606 1054    +2312696    +38          -6    +15   16  24   93   -2  106   -9  106   -9   8  0  0 L3E D5
E36 FF 61062 142200  780 266  434    +5127072    +88          -3    +34   13  24  179  +30  146   -6  146   -6   8  0  0 L3E EB
E02 FF 61062 143800  780 114 1217     -123204    +17         -26    +46   38  28  398 +167  218   -6  218   -6  23  0  0 L3E 1F
E15 FF 61062 143800  780 399 1804    +2303119    +33         -11     +5   20  28  126  -18  131  -26  131  -26  11  0  0 L3E 1A
E19 FF 61062 143800  780 117 3130   -26582756   -322           9    +16   26  28  387  +56  203   -3  203   -3  18  0  0 L3E 2F
E27 FF 61062 143800  780 609 2927    +8869617   +140          -6    +36   16  28   92   -5   99  -27   99  -27   9  0  0 L3E 25
E30 FF 61062 143800  780 634 1291    +6541586   +377         -23    -28   12  28   90   +5  111  +16  111   16   7  0  0 L3E 0F
E34 FF 61062 143800  780 614  927    +2312713    +42         -12    +19   14  24   92   +0  108  -12  108  -12   8  0  0 L3E E6
E36 FF 61062 143800  780 218  414    +5127117    +21          -9    -33   22  24  216  +48  163  +32  163   32  14  0  0 L3E 02
E15 FF 61062 145400  780 465 1806    +2303144    +36          -7     +8   18  30  111  -13  114  -16  114  -16  11  0  0 L3E 02
E21 FF 61062 145400  780 139 3012    +7166265    +20          -9     -6   19  24  332 -117  203  -16  203  -16  11  0  0 L3E 1B
E27 FF 61062 145400  780 664 2897    +8869713   +102         -11     -2   16  30   88   -4   98   -1   98   -1   9  0  0 L3E E7
E30 FF 61062 145400  780 574 1330    +6541985   +388         -13    -17   14  30   96   +7  110  +12  110   12   9  0  0 L3E 07
E34 FF 61062 145400  780 602  804    +2312737    +34         -10    +11   10  24   93   +2  104  -10  104  -10   6  0  0 L3E C9
E36 FF 61062 145400  780 168  403    +5127174    +67          -4    +13   20  24  277  +82  167   -9  167   -9  13  0  0 L3E 07
E15 FF 61062 151000  780 532 1803    +2303159    +49         -16    +22   11  32  101   -9  109  -25  109  -25   7  0  0 L3E 05
E21 FF 61062 151000  780 190 3029    +7166296    +21          -7     -5   19  32  248  -65  174  -31  174  -31  12  0  0 L3E 1B
E27 FF 61062 151000  780 715 2826    +8869813    +90         -11    -15    9  30   85   -2   96   +8   96    8   5  0  0 L3E C4
E30 FF 61062 151000  780 514 1366    +6542370   +399         -17     -6   14  30  103   +9  116  +10  116   10   8  0  0 L3E FA
E34 FF 61062 151000  780 574  703    +2312756    +90         -15    +67   16  32   96   +4  105  -36  105  -36   9  0  0 L3E FA
E36 FF 61062 151000  780 117  400    +5127213   +103         -12    +50   27  32  390 +167  172  -46  172  -46  17  0  0 L3E 3C
E13 FF 61062 152600  780 119 2085     +469371    +31          -4    +24   30  33  389 -183  223  -58  223  -58  21  0  0 L3E 34
E15 FF 61062 152600  780 599 1792    +2303186    +26         -14     -1   15  33   93   -7  100   -3  100   -3   9  0  0 L3E CD
E21 FF 61062 152600  780 241 3040    +7166320    -19          -8    -44   16  33  198  -41  157  +12  157   12  10  0  0 L3E 14
E27 FF 61062 152600  780 757 2680    +8869908    +93         -15    -11   12  30   83   -1   99   +3   99    3   7  0  0 L3E DC
E30 FF 61062 152600  780 454 1398    +6542770   +388          -8    -17   12  33  113  +12  115  +23  115   23   7  0  0 L3E 1E
E34 FF 61062 152600  780 534  630    +2312776     +3         -17    -20   16  33  100   +6  107   +7  107    7  10  0  0 L3E BF
E13 FF 61062 154200  780 176 2108     +469394    +13          11     +6   33  35  267  -87  181  -39  181  -39  22  0  0 L3E 1F
E15 FF 61062 154200  780 664 1764    +2303217    +36         -14     +9   13  35   88   -4   92  -12   92  -12   8  0  0 L3E D9
E21 FF 61062 154200  780 293 3046    +7166346     +8          -7    -18   26  33  165  -28  139   -8  139   -8  16  0  0 L3E 12
E27 FF 61062 154200  780 776 2434    +8870013   +103         -11     -1   12  30   83   +0   92   -3   92   -3   6  0  0 L3E B3
E30 FF 61062 154200  780 395 1429    +6543152   +455         -17    +50   12  35  127  +17  128  -16  128  -16   7  0  0 L3E 43
E34 FF 61062 154200  780 487  582    +2312808     +6          -7    -17   15  33  107   +8   99   +7   99    7   8  0  0 L3E B1
E13 FF 61062 155800  780 233 2133     +469402    +34          13    +27   24  36  204  -49  155  -65  155  -65  16  0  0 L3E 25
E15 FF 61062 155800  780 726 1699    +2303244    +33         -16     +5   11  36   85   -3   85   -9   85   -9   7  0  0 L3E CB
E21 FF 61062 155800  780 345 3043    +7166367     +2          -7    -24   20  36  143  -20  121   -9  121   -9  12  0  0 L3E EB
E27 FF 61062 155800  780 761 2171    +8870106   +137         -20    +32   12  36   83   +1   93  -27   93  -27   7  0  0 L3E 04
E30 FF 61062 155800  780 335 1456    +6543544   +361         -14    -44   20  36  146  +23  135  +34  135   34  12  0  0 L3E 3E
E34 FF 61062 155800  780 436  553    +2312822     -8         -15    -31   16  33  117  +12  101  +17  101   17   9  0  0 L3E EB
E13 FF 61062 161400  780 292 2162     +469403    +44           7    +37   18  38  166  -31  126  -50  126  -50  11  0  0 L3E 09
E15 FF 61062 161400  780 778 1550    +2303290    +26           4     -2   12  36   83   -1   67   -1   67   -1   7  0  0 L3E 8C
E21 FF 61062 161400  780 396 3030    +7166389    +10          -8    -16   17  38  127  -14  107   -7  107   -7  11  0  0 L3E 0B
E27 FF 61062 161400  780 720 2000    +8870214    +80         -13    -24   11  38   85   +2   86  +12   86   12   6  0  0 L3E CD
E30 FF 61062 161400  780 276 1481    +6543934   +393         -12    -12   14  36  173  +35  139  +12  139   12   8  0  0 L3E 35
E34 FF 61062 161400  780 382  539    +2312846    +47         -13    +24   13  33  130  +16   95  -16   95  -16   7  0  0 L3E FC
E13 FF 61062 163000  780 350 2194     +469404    +18           2    +11   21  40  141  -21  106  -31  106  -31  12  0  0 L3E E2
E15 FF 61062 163000  780 806 1242    +2303306    +12         -12    -16   12  40   82   +0   70   +2   70    2   7  0  0 L3E 88
E21 FF 61062 163000  780 446 3005    +7166402    +12         -15    -13   19  40  115  -10   98   -7   98   -7  11  0  0 L3E EC
E27 FF 61062 163000  780 665 1909    +8870315    +75         -12    -30   17  40   88   +4   84  +16   84   16  10  0  0 L3E F9
E30 FF 61062 163000  780 218 1504    +6544328   +404          -8     -1   24  36  215  +55  141   +6  141    6  15  0  0 L3E EB
E34 FF 61062 163000  780 328  536    +2312861    +25         -20     +2   13  40  148  +22   94   -1   94   -1   8  0  0 L3E B1
E13 FF 61062 164600  780 410 2229     +469405    +19          -4    +12   20  41  123  -15   93  -22   93  -22  12  0  0 L3E E4
E15 FF 61062 164600  780 790  899    +2303332    +39         -12    +11   12  41   82   +1   62  -17   62  -17   7  0  0 L3E D2
E21 FF 61062 164600  780 492 2963    +7166430    +37         -11    +11   17  41  107   -7   85  -20   85  -20  10  0  0 L3E 03
E27 FF 61062 164600  780 604 1862    +8870422   +115          -5    +10   10  40   93   +6   77  -10   77  -10   6  0  0 L3E E2
E30 FF 61062 164600  780 161 1524    +6544708   +411         -17     +6   18  36  287  +99  153   +2  153    2  12  0  0 L3E 13
E34 FF 61062 164600  780 275  542    +2312892    +44         -10    +21   21  41  174  +32   81  -22   81  -22  12  0  0 L3E F4
E13 FF 61062 170200  780 469 2268     +469410    +19          -5    +12   14  42  111  -11   76  -21   76  -21   8  0  0 L3E DD
E15 FF 61062 170200  780 746  719    +2303369    +14           0    -13   10  43   84   +2   50   +3   50    3   6  0  0 L3E 6D
E21 FF 61062 170200  780 531 2902    +7166468    +26           2     +1   14  42  101   -5   65  -11   65  -11   8  0  0 L3E B3
E27 FF 61062 170200  780 541 1837    +8870526   +109          -2     +4   12  40  100   +8   74   +1   74    1   7  0  0 L3E AA
E30 FF 61062 170200  780 105 1541    +6545091   +331         -25    -74   73  43  431 +221  160  +57  160   57  40  0  0 L3E 46
E34 FF 61062 170200  780 222  554    +2312909    +51         -15    +28   16  43  212  +48   77  -23   77  -23  11  0  0 L3E 02
E13 FF 61062 171800  780 528 2312     +469412     +3         -10     -4   14  42  101   -8   68  -10   68  -10   8  0  0 L3E B3
E15 FF 61062 171800  780 691  646    +2303380    +61         -16    +33   15  44   86   +3   61  -22   61  -22   8  0  0 L3E D1
E21 FF 61062 171800  780 561 2818    +7166491     -8           1    -33   10  42   97   -3   63  +17   63   17   6  0  0 L3E B6
E23 FF 61062 171800  780 129 3192     +228110    +33           2    +20   22  40  358 -136  129  -35  129  -35  15  0  0 L3E 14
E27 FF 61062 171800  780 476 1825    +8870626   +115          -2    +11   12  40  109  +12   74   -3   74   -3   7  0  0 L3E E8
E34 FF 61062 171800  780 171  572    +2312930    +33         -15    +10   23  44  271  +79   71  -15   71  -15  14  0  0 L3E FE
E05 FF 61062 173400  780 117  460      -71175    -37         -12     -9   26  46  389  -52   57   +2   57    2  18  0  0 L3E B3
E13 FF 61062 173400  780 587 2361     +469422    +12          -7     +4   14  42   95   -6   58  -11   58  -11   8  0  0 L3E B9
E15 FF 61062 173400  780 634  622    +2303409     +7         -15    -20   10  46   90   +5   57  +12   57   12   6  0  0 L3E A6
E21 FF 61062 173400  780 577 2716    +7166511    +26          -3     +0   12  42   96   -1   60   -5   60   -5   7  0  0 L3E 99
E23 FF 61062 173400  780 178 3182     +228109    +10         -21     -3   31  46  263  -71  114  -17  114  -17  19  0  0 L3E 10
E27 FF 61062 173400  780 412 1820    +8870725    +96          -3     -8   16  46  122  +16   84  +14   84   14   9  0  0 L3E EA
E34 FF 61062 173400  780 121  595    +2312955    +26         -12     +3   47  46  377 +150   62  -11   62  -11  31  0  0 L3E 00
E05 FF 61062 175000  780 129  409      -71197    -16          -6    +13   29  48  355  -22   53   -9   53   -9  19  0  0 L3E C5
E13 FF 61062 175000  780 645 2418     +469427    +17          -9    +10   15  42   90   -4   54  -14   54  -14   9  0  0 L3E C7
E15 FF 61062 175000  780 577  621    +2303436    +23         -13     -5   17  48   95   +6   54   +0   54    0   9  0  0 L3E 8E
E21 FF 61062 175000  780 577 2604    +7166547     +9           8    -17   13  42   96   +1   50   +7   50    7   7  0  0 L3E 91
E23 FF 61062 175000  780 225 3164     +228133     +4          -6     -8   21  48  211  -42   92  -25   92  -25  13  0  0 L3E C9
E26 FF 61062 175000  780 126 2421    -1987865   -105           4     +5   28  48  366 -141  141  -16  141  -16  16  0  0 L3E 3D
E27 FF 61062 175000  780 347 1818    +8870832   +108           2     +4   18  48  141  +23   84   +2   84    2  10  0  0 L3E D0
E03 FF 61062 180600  780 141  858      -47644    +61          -8    +38   26  49  327  -90   60  -23   60  -23  16  0  0 L3E E1
E05 FF 61062 180600  780 133  357      -71228    -18          -9    +10   27  49  345   +1   55  -15   55  -15  19  0  0 L3E C8
E13 FF 61062 180600  780 702 2488     +469437     -3          -7    -10   13  49   86   -3   43   +2   43    2   8  0  0 L3E 87
E15 FF 61062 180600  780 521  634    +2303461    +47         -13    +19   11  49  102   +8   55  -15   55  -15   6  0  0 L3E DC
E21 FF 61062 180600  780 560 2496    +7166564    +26           1     +0    9  49   97   +3   53   -1   53   -1   5  0  0 L3E 87
E23 FF 61062 180600  780 269 3138     +228146    +11          -4     -2   14  49  178  -27   75  -14   75  -14   8  0  0 L3E E2
E26 FF 61062 180600  780 175 2458    -1987978   -111          -3     -1   29  49  267  -74  131  -21  131  -21  18  0  0 L3E 48
E27 FF 61062 180600  780 284 1818    +8870921    +93          -9    -11   17  49  169  +35  101  +16  101   16  11  0  0 L3E 2C
E03 FF 61062 182200  780 178  812      -47615     +4          -1    -18   24  51  262  -50   52   +0   52    0  14  0  0 L3E 7B
E05 FF 61062 182200  780 128  307      -71269    +30         -23    +58   25  51  356  +24   55  -32   55  -32  14  0  0 L3E E1
E13 FF 61062 182200  780 758 2585     +469445    +12          -9     +5   11  51   83   -2   48   -7   48   -7   7  0  0 L3E A4
E15 FF 61062 182200  780 466  655    +2303491    +57         -10    +30    8  51  111  +10   50  -27   50  -27   5  0  0 L3E D2
E21 FF 61062 182200  780 529 2403    +7166592    +20           6     -6   14  51  101   +5   56   +0   56    0   8  0  0 L3E 87
E23 FF 61062 182200  780 308 3101     +228152    +36         -10    +23   13  49  157  -18   67  -26   67  -26   9  0  0 L3E F7
E26 FF 61062 182200  780 224 2498    -1988072    -82           6    +28   23  51  211  -45   99  -46   99  -46  16  0  0 L3E 27
E27 FF 61062 182200  780 223 1818    +8871026   +111          -5     +6   17  51  212  +56  105   +6  105    6  11  0  0 L3E EC
E03 FF 61062 183800  780 210  761      -47605    -70         -14    -93   25  52  224  -30   53  +55   53   55  16  0  0 L3E D9
E05 FF 61062 183800  780 115  259      -71306    -12         -33    +16   32  52  393  +55   62  -17   62  -17  21  0  0 L3E E3
E13 FF 61062 183800  780 810 2751     +469451     +7          -9     +0   11  52   82   -1   44   -4   44   -4   6  0  0 L3E 77
E15 FF 61062 183800  780 412  682    +2303520    +49          -7    +22   14  51  122  +13   46  -18   46  -18   8  0  0 L3E E0
E21 FF 61062 183800  780 487 2329    +7166611    +22           0     -3   16  52  107   +8   59   +3   59    3  10  0  0 L3E AA
E23 FF 61062 183800  780 342 3054     +228165     +7          -9     -6   15  49  144  -11   58   -2   58   -2   9  0  0 L3E AB
E26 FF 61062 183800  780 274 2539    -1988193   -142         -10    -32   19  52  176  -30   85   -3   85   -3  11  0  0 L3E 22
E27 FF 61062 183800  780 163 1817    +8871125   +137          -6    +32   18  52  285 +102  111   -6  111   -6  12  0  0 L3E 2B
E03 FF 61062 185400  780 234  706      -47596    +42         -26    +19   20  54  202  -18   58  -13   58  -13  12  0  0 L3E E9
E08 FF 61062 185400  780 139 1223     +781710    +24          -9    -43   33  54  333 -123   69  +27   69   27  21  0  0 L3E 09
E13 FF 61062 185400  780 848 3148     +469457     +5          -9     -2    9  54   81   +0   41   -3   41   -3   5  0  0 L3E 75
E15 FF 61062 185400  780 360  713    +2303534    -19         -19    -47   16  51  137  +17   50  +34   50   34  10  0  0 L3E F3
E21 FF 61062 185400  780 437 2272    +7166628     -8          -8    -34   15  54  117  +12   64  +20   64   20   9  0  0 L3E E2
E23 FF 61062 185400  780 368 2997     +228181    +19          -5     +6   16  49  135   -7   48  -14   48  -14   9  0  0 L3E E5
E26 FF 61062 185400  780 323 2581    -1988291   -119          -4     -9   20  54  151  -22   62   -8   62   -8  11  0  0 L3E F6
E27 FF 61062 185400  780 104 1815    +8871228    +67          -2    -38   18  54  434 +230  115  +27  115   27  11  0  0 L3E 3A
E03 FF 61062 191000  780 251  648      -47553    +14          -5     -9   26  56  190   -9   40   +5   40    5  16  0  0 L3E 7F
E08 FF 61062 191000  780 191 1190     +781778    +34          -7    -34   26  56  246  -66   61  +19   61   19  18  0  0 L3E 05
E13 FF 61062 191000  780 840  184     +469473    +14           1     +7   11  56   81   +1   36   -7   36   -7   6  0  0 L3E 6C
E15 FF 61062 191000  780 310  746    +2303565     +9         -16    -19   15  51  156  +23   47  +10   47   10  10  0  0 L3E D7
E21 FF 61062 191000  780 383 2228    +7166650     +7         -11    -18   15  55  130  +17   68  +14   68   14   9  0  0 L3E EF
E23 FF 61062 191000  780 383 2930     +228181    +22         -10    +10   17  56  130   -3   49   -3   49   -3  10  0  0 L3E BB
E26 FF 61062 191000  780 373 2626    -1988385   -117           6     -7   14  55  133  -16   44   -7   44   -7   8  0  0 L3E E4
E03 FF 61062 192600  780 258  588      -47539    +18         -13     -4   22  57  184   -2   46   -2   46   -2  13  0  0 L3E AD
E08 FF 61062 192600  780 241 1153     +781852    +98           2    +30   18  57  197  -39   50  -28   50  -28  11  0  0 L3E FD
E13 FF 61062 192600  780 797  480     +469474    -17          -5    -24   11  57   82   +1   38  +13   38   13   6  0  0 L3E B6
E15 FF 61062 192600  780 261  782    +2303588    +67         -19    +40   22  57  183  +32   51  -23   51  -23  14  0  0 L3E 0C
E21 FF 61062 192600  780 326 2194    +7166674     +0         -11    -26   16  55  149  +24   72  +18   72   18  10  0  0 L3E 02
E23 FF 61062 192600  780 388 2859     +228201    +45           0    +33   15  57  129   +0   40  -25   40  -25   9  0  0 L3E C6
E26 FF 61062 192600  780 424 2671    -1988499   -111          -3     -1   16  55  120  -12   42  -11   42  -11   9  0  0 L3E F9
E31 FF 61062 192600  780 104 3312    +1140975    +13         -10    -13   28  57  436 -163   50  +12   50   12  17  0  0 L3E 08
E03 FF 61062 194200  780 256  529      -47527    +29         -22     +6   18  59  186   +5   50   -7   50   -7  10  0  0 L3E AA
E08 FF 61062 194200  780 290 1110     +781903    +65         -13     -3   19  59  167  -25   50   -9   50   -9  12  0  0 L3E DA
E13 FF 61062 194200  780 746  619     +469482    +40          -2    +33   11  59   84   +2   32  -20   32  -20   7  0  0 L3E AB
E15 FF 61062 194200  780 213  819    +2303622    +38          -9    +11   20  59  220  +48   44   -4   44   -4  13  0  0 L3E C8
E21 FF 61062 194200  780 268 2166    +7166708    +54          -1    +28   25  55  178  +37   69  -13   69  -13  15  0  0 L3E 26
E23 FF 61062 194200  780 380 2786     +228203    +14          -7     +2   21  59  131   +4   41  -19   41  -19  13  0  0 L3E C8
E26 FF 61062 194200  780 475 2718    -1988608   -112         -10     -3   22  59  110   -9   36   -9   36   -9  13  0  0 L3E FD
E31 FF 61062 194200  780 142 3281    +1141002    +30          -8     +4   21  57  325  -80   42  -13   42  -13  13  0  0 L3E D2
E03 FF 61062 195800  780 244  473      -47493    +53          -9    +30   24  60  194  +12   39  -26   39  -26  15  0  0 L3E E4
E07 FF 61062 195800  780 110 1551     +404567    +38          -8    +16   28  60  419 -211   83  -24   83  -24  20  0  0 L3E 0E
E08 FF 61062 195800  780 334 1060     +781983    +71           2     +3   24  59  147  -17   37   -8   37   -8  15  0  0 L3E CE
E13 FF 61062 195800  780 694  711     +469481    +51         -10    +44   11  60   86   +3   37  -28   37  -28   6  0  0 L3E D3
E15 FF 61062 195800  780 166  857    +2303638    +39         -19    +11   20  60  278  +76   51  -13   51  -13  12  0  0 L3E 12
E21 FF 61062 195800  780 210 2143    +7166727    +53          -7    +28   21  55  223  +59   77  -11   77  -11  13  0  0 L3E 10
E23 FF 61062 195800  780 362 2716     +228213    -35          -9    -47   19  60  136   +8   38  +20   38   20  11  0  0 L3E DE
E26 FF 61062 195800  780 526 2766    -1988711   -139          -9    -30   11  60  102   -7   32  +17   32   17   6  0  0 L3E FE
E31 FF 61062 195800  780 174 3243    +1141014    +17         -20     -9   19  57  267  -45   45   +4   45    4  12  0  0 L3E D8
E03 FF 61062 201400  780 224  422      -47475    +35         -13    +12   24  62  211  +23   36  -11   36  -11  15  0  0 L3E BF
E07 FF 61062 201400  780 167 1534     +404603    +32           7    +10   26  62  280  -97   62   -7   62   -7  16  0  0 L3E C1
E08 FF 61062 201400  780 372 1001     +782045   +104          -1    +37   16  59  133  -11   35  -28   35  -28   9  0  0 L3E EA
E13 FF 61062 201400  780 642  783     +469485     +8         -11     +1   10  62   90   +4   35   +1   35    1   6  0  0 L3E 5D
E15 FF 61062 201400  780 121  896    +2303669    +58         -14    +30   30  62  378 +139   48  -10   48  -10  19  0  0 L3E 1E
E21 FF 61062 201400  780 153 2122    +7166751    +47          -7    +22   26  62  301 +108   84  -15   84  -15  16  0  0 L3E 0F
E23 FF 61062 201400  780 334 2652     +228228    +16          -5     +4   18  62  146  +13   37   -3   37   -3  11  0  0 L3E AF
E26 FF 61062 201400  780 578 2815    -1988815   -114          -9     -4   13  62   95   -6   28   -2   28   -2   8  0  0 L3E CC
E31 FF 61062 201400  780 200 3198    +1141042    +62         -18    +35   20  62  234  -26   40  -37   40  -37  12  0  0 L3E FA
E03 FF 61062 203000  780 195  378      -47473    -26         -31    -48   26  64  239  +38   47  +29   47   29  16  0  0 L3E F5
E07 FF 61062 203000  780 225 1517     +404615    +28          -4     +6   22  64  211  -54   60   -8   60   -8  14  0  0 L3E AF
E08 FF 61062 203000  780 403  933     +782099    +75         -17     +7   15  64  125   -7   37   -5   37   -5   9  0  0 L3E AF
E13 FF 61062 203000  780 590  846     +469488    +14         -13     +7   11  64   94   +5   36   -4   36   -4   6  0  0 L3E 94
E23 FF 61062 203000  780 298 2595     +228240    +12          -5     +0   18  64  162  +20   38   +0   38    0  11  0  0 L3E 99
E26 FF 61062 203000  780 631 2867    -1988922    -97         -12    +13   12  64   91   -4   27   -7   27   -7   7  0  0 L3E DA
E31 FF 61062 203000  780 218 3148    +1141072    -14         -14    -40   29  64  216  -13   37  +18   37   18  18  0  0 L3E 00
E33 FF 61062 203000  780 133 2775      +23160     -9         -14    -21   24  61  346 -118   51   -2   51   -2  17  0  0 L3E BC
E03 FF 61062 204600  780 161  341      -47441    -20         -22    -42   15  65  288  +66   46  +27   46   27   9  0  0 L3E CA
E07 FF 61062 204600  780 285 1498     +404640    +33           0    +11   19  65  169  -34   49  -12   49  -12  11  0  0 L3E EB
E08 FF 61062 204600  780 422  858     +782160    +65         -22     -3   13  65  120   -3   38   +0   38    0   8  0  0 L3E 89
E13 FF 61062 204600  780 538  903     +469492    -46         -14    -53   10  65  100   +7   36  +30   36   30   6  0  0 L3E C2
E23 FF 61062 204600  780 256 2546     +228247    -17          -9    -29   19  65  186  +30   41  +24   41   24  11  0  0 L3E EE
E26 FF 61062 204600  780 685 2922    -1989025   -105          -9     +4    9  65   87   -3   25   -1   25   -1   5  0  0 L3E B2
E31 FF 61062 204600  780 227 3093    +1141095     -7         -15    -33   19  65  208   -4   34  +11   34   11  13  0  0 L3E D8
E33 FF 61062 204600  780 180 2812      +23175     +3          -8     -9   26  65  260  -67   43  -13   43  -13  16  0  0 L3E BD
E03 FF 61062 210200  780 121  312      -47436    -21         -39    -44   32  67  377 +127   52  +31   52   31  18  0  0 L3E DA
E07 FF 61062 210200  780 345 1474     +404661    +74          -1    +52   16  67  143  -23   44  -35   44  -35   9  0  0 L3E E2
E08 FF 61062 210200  780 430  779     +782227    +50         -21    -18   17  67  118   +0   39   +7   39    7  11  0  0 L3E B8
E13 FF 61062 210200  780 487  956     +469505     -4          -8    -11   11  67  107   +9   33   +8   33    8   7  0  0 L3E 89
E23 FF 61062 210200  780 210 2502     +228252     +6         -14     -6   31  67  223  +49   51  +19   51   19  19  0  0 L3E C4
E26 FF 61062 210200  780 740 2986    -1989119   -134           5    -24    9  67   84   -2   17  +13   17   13   6  0  0 L3E CE
E31 FF 61062 210200  780 227 3036    +1141119    +64         -15    +38   22  67  208   +4   35  -32   35  -32  13  0  0 L3E F0
E33 FF 61062 210200  780 227 2847      +23186     +9          -8     -2   28  67  208  -43   36  -13   36  -13  17  0  0 L3E C6
E07 FF 61062 211800  780 404 1444     +404672    +30         -13     +7   14  68  125  -16   47   -6   47   -6   8  0  0 L3E C1
E08 FF 61062 211800  780 425  701     +782289    +60         -25     -8   14  68  119   +3   38   +5   38    5   8  0  0 L3E A2
E13 FF 61062 211800  780 435 1007     +469507    +23         -13    +16   14  68  117  +11   36  -10   36  -10   9  0  0 L3E E4
E23 FF 61062 211800  780 162 2465     +228270    +19          -7     +7   22  68  285  +84   54   +9   54    9  14  0  0 L3E C5
E26 FF 61062 211800  780 795 3071    -1989239   -131          -8    -22   10  68   82   -2   24  +11   24   11   6  0  0 L3E DE
E31 FF 61062 211800  780 218 2979    +1141161    -53           0    -80   24  68  216  +13   23  +51   23   51  15  0  0 L3E E0
E33 FF 61062 211800  780 276 2880      +23197    -39          -8    -50   21  68  174  -30   28  +28   28   28  14  0  0 L3E EC
E07 FF 61062 213400  780 462 1404     +404709    +71           1    +49   18  70  112  -11   32  -35   32  -35  10  0  0 L3E D0
E08 FF 61062 213400  780 408  630     +782360   +129         -21    +61   18  70  123   +6   33  -35   33  -35  11  0  0 L3E E7
E13 FF 61062 213400  780 384 1054     +469509     +8         -18     +1   11  70  130  +15   41   +3   41    3   7  0  0 L3E 8B
E23 FF 61062 213400  780 113 2431     +228260    -53         -29    -65   27  70  402 +172   75  +44   75   44  18  0  0 L3E 0C
E26 FF 61062 213400  780 849 3249    -1989342   -103          -4     +7    9  69   81   -1   20   -7   20   -7   5  0  0 L3E B1
E29 FF 61062 213400  780 101 1839    +1716517    +30         -34     -5   21  70  453 -251   99   +4   99    4  14  0  0 L3E F1
E31 FF 61062 213400  780 201 2923    +1141178    +27          -5     +1   26  69  233  +25   29   -3   29   -3  16  0  0 L3E C6
E33 FF 61062 213400  780 327 2912      +23208    +39          -5    +27   19  70  150  -22   25  -17   25  -17  13  0  0 L3E D8
E07 FF 61062 215000  780 515 1350     +404716    +25         -14     +3   15  70  103   -8   38   -6   38   -6   9  0  0 L3E A4
E08 FF 61062 215000  780 381  569     +782442    +52          -6    -16   18  72  131  +10   23  +15   23   15  10  0  0 L3E C7
E13 FF 61062 215000  780 333 1099     +469522     -5         -11    -12   13  72  147  +21   39  +10   39   10   9  0  0 L3E C8
E26 FF 61062 215000  780 875  620    -1989442   -134           1    -25   11  69   81   +0   15  +15   15   15   6  0  0 L3E B9
E29 FF 61062 215000  780 159 1841    +1716563     +1         -21    -34   23  72  293 -108   90  +17   90   17  15  0  0 L3E 10
E31 FF 61062 215000  780 175 2871    +1141199     +6          -8    -21   23  69  265  +42   29  +11   29   11  14  0  0 L3E E5
E33 FF 61062 215000  780 379 2939      +23210    +17         -10     +6   15  72  132  -16   25   -6   25   -6   9  0  0 L3E A6
E07 FF 61062 220600  780 562 1276     +404734    +36         -17    +14   13  70   97   -5   34   -9   34   -9   8  0  0 L3E BA
E08 FF 61062 220600  780 345  520     +782498    +88         -16    +19   20  73  142  +14   27  -13   27  -13  12  0  0 L3E F7
E13 FF 61062 220600  780 282 1142     +469523     +6         -17     -1   14  73  170  +29   44   -1   44   -1   8  0  0 L3E A2
E26 FF 61062 220600  780 825 1097    -1989571   -158         -23    -49   11  69   81   +1   30  +27   30   27   6  0  0 L3E 00
E29 FF 61062 220600  780 219 1844    +1716612    +30          -6     -4   22  73  216  -59   71   -6   71   -6  14  0  0 L3E D7
E31 FF 61062 220600  780 144 2823    +1141222     +9         -11    -17   35  69  320  +75   31  +21   31   21  24  0  0 L3E DB
E33 FF 61062 220600  780 432 2963      +23220     +2         -10     -9   18  73  118  -12   24   +4   24    4  10  0  0 L3E 82
E07 FF 61062 222200  780 598 1177     +404764    -20         -12    -42   14  75   94   -3   29  +23   29   23   8  0  0 L3E CF
E08 FF 61062 222200  780 303  483     +782565    +81         -16    +13   18  75  159  +22   30   -3   30   -3  11  0  0 L3E C6
E13 FF 61062 222200  780 231 1183     +469534    +15         -14     +9   23  75  205  +44   50   -1   50   -1  14  0  0 L3E B9
E26 FF 61062 222200  780 767 1212    -1989649   -142           5    -32   11  69   83   +2   13  +15   13   15   7  0  0 L3E D2
E29 FF 61062 222200  780 281 1849    +1716640    +15         -12    -20   19  75  172  -36   69   +6   69    6  12  0  0 L3E F9
E31 FF 61062 222200  780 107 2778    +1141244    +46         -13    +20   34  69  422 +146   31   -5   31   -5  22  0  0 L3E F2
E33 FF 61062 222200  780 487 2980      +23220    +12         -18     +2   14  75  108  -10   28   -3   28   -3   8  0  0 L3E A0
E07 FF 61062 223800  780 618 1057     +404772    +28         -27     +5   13  76   92   -1   33   -5   33   -5   8  0  0 L3E A5
E08 FF 61062 223800  780 258  458     +782646    +73           0     +5   14  75  185  +32   21   -2   21   -2   9  0  0 L3E 97
E13 FF 61062 223800  780 180 1221     +469537    +11         -18     +4   26  76  259  +72   58  +11   58   11  15  0  0 L3E EC
E26 FF 61062 223800  780 707 1278    -1989775    -97         -13    +13   13  76   86   +3   26   -6   26   -6   7  0  0 L3E EC
E29 FF 61062 223800  780 344 1854    +1716677    +56          -9    +21   18  76  143  -24   61  -21   61  -21  12  0  0 L3E 14
E33 FF 61062 223800  780 543 2989      +23224     +6         -24     -5   14  76  100   -7   30   +0   30    0   8  0  0 L3E 6E
E07 FF 61062 225400  780 620  929     +404799    +48         -22    +25   14  78   91   +1   30  -13   30  -13   8  0  0 L3E C3
E08 FF 61062 225400  780 209  442     +782702    +70         -10     +2   19  75  224  +52   35  +16   35   16  12  0  0 L3E CB
E13 FF 61062 225400  780 129 1257     +469560    +42           0    +36   28  78  355 +136   55  -13   55  -13  18  0  0 L3E 07
E26 FF 61062 225400  780 646 1329    -1989884   -157         -15    -46   11  78   89   +5   28  +25   28   25   6  0  0 L3E 1C
E29 FF 61062 225400  780 407 1859    +1716705    +15         -13    -20   16  78  124  -17   58   +7   58    7  11  0  0 L3E FB
E33 FF 61062 225400  780 600 2984      +23257     +5          -2     -6   13  76   93   -6   16   +5   16    5   8  0  0 L3E 5E
E07 FF 61062 231000  780 604  811     +404821    +38         -21    +15   13  80   93   +2   28   -9   28   -9   7  0  0 L3E 95
E08 FF 61062 231000  780 159  434     +782774   +104          -3    +35   22  75  290  +90   48  +14   48   14  13  0  0 L3E EC
E12 FF 61062 231000  780 120 3055     +207133    +56         -12    +29   20  80  384 -159   49  -28   49  -28  13  0  0 L3E 14
E26 FF 61062 231000  780 584 1372    -1989985   -117         -12     -7   13  80   95   +6   27   +4   27    4   7  0  0 L3E CE
E29 FF 61062 231000  780 472 1862    +1716732    +28         -20     -7   22  80  110  -12   57   +2   57    2  13  0  0 L3E C9
E33 FF 61062 231000  780 656 2956      +23257    -11         -12    -22   10  76   89   -4   21  +13   21   13   6  0  0 L3E A3
E07 FF 61062 232600  780 572  718     +404846    +66         -18    +43   14  81   96   +4   26  -22   26  -22   8  0  0 L3E CF
E08 FF 61062 232600  780 109  434     +782839    +31          -4    -37   23  75  417 +187   70  +58   70   58  17  0  0 L3E 07
E12 FF 61062 232600  780 171 3072     +207168     -1          -2    -28   25  81  273  -82   44  +13   44   13  16  0  0 L3E CC
E19 FF 61062 232600  780 104 2098   -26593453   -301         -22    +36   22  81  441 -230   91  -21   91  -21  14  0  0 L3E 4B
E26 FF 61062 232600  780 522 1410    -1990102    -70         -24    +40   12  81  102   +9   38  -20   38  -20   7  0  0 L3E DE
E29 FF 61062 232600  780 537 1861    +1716770    +53         -16    +18   13  81  100   -9   51  -13   51  -13   7  0  0 L3E F6
E33 FF 61062 232600  780 709 2889      +23267     +1         -12    -10    8  76   86   -3   19   +2   19    2   4  0  0 L3E 74
E07 FF 61062 234200  780 531  652     +404868    +37         -19    +14   15  83  101   +6   28   -8   28   -8   9  0  0 L3E BB
E12 FF 61062 234200  780 223 3084     +207194    +28          -2     +1   22  83  212  -49   47   +0   47    0  14  0  0 L3E 9D
E19 FF 61062 234200  780 160 2119   -26593780   -322         -24    +15   28  82  292 -102   91  -15   91  -15  18  0  0 L3E 5D
E26 FF 61062 234200  780 461 1444    -1990203   -136         -21    -26   13  83  112  +12   38  +22   38   22   7  0  0 L3E 00
E29 FF 61062 234200  780 602 1852    +1716806    +21         -12    -14   13  83   93   -6   43   +4   43    4   8  0  0 L3E B0
E33 FF 61062 234200  780 753 2747      +23268     -6         -14    -16    9  83   84   -1   26   +9   26    9   5  0  0 L3E 80
E07 FF 61062 235800  780 483  610     +404895     -4         -15    -27   12  84  108   +9   25  +17   25   17   6  0  0 L3E C0
E12 FF 61062 235800  780 276 3089     +207229     -2           7    -29   21  83  174  -32   38  +17   38   17  13  0  0 L3E DB
E19 FF 61062 235800  780 217 2142   -26594078   -305           2    +32   26  82  219  -56   69  -31   69  -31  16  0  0 L3E 3C
E26 FF 61062 235800  780 399 1475    -1990308   -121         -21    -11   17  84  126  +17   43  +10   43   10  10  0  0 L3E 1A
E29 FF 61062 235800  780 665 1827    +1716835    +25         -16     -9   12  84   88   -4   40   +1   40    1   7  0  0 L3E B5
E33 FF 61062 235800  780 774 2502      +23282    +31         -10    +21   15  84   83   +0   22  -14   22  -14   9  0  0 L3E AA
