CGGTTS     GENERIC DATA FORMAT VERSION = 2E
REV DATE = 2026-01-01                    
RCVR = POLARX5-TR                    R2CGGTTS v8.8    
CH = 99 
IMS = POLARX5-TR                    
LAB = PTB                           
X = +3844059.67 m 
Y =  +709661.67 m 
Z = +5023129.80 m 
FRAME = ITRF
COMMENTS =           IGS RINEX,AUSPOS XYZ          
INT DLY =   33.2 ns (GAL E1),   33.0 ns (GAL E5a)
CAB DLY =  205.7 ns 
REF DLY =   56.2 ns
REF = UTC(PTB)                      
CKSUM = 7B

SAT CL  MJD  STTIME TRKL ELV AZTH   REFSV      SRSV     REFSYS    SRSYS  DSG IOE MDTR SMDT MDIO SMDI MSIO SMSI ISG FR HC FRC CK
             hhmmss  s  .1dg .1dg    .1ns     .1ps/s     .1ns    .1ps/s .1ns     .1ns.1ps/s.1ns.1ps/s.1ns.1ps/s.1ns
E04 FF 61045 000600  780 564  768     +328678   +108         -31     +0   15  17   97   +3   43   +0   43    0   9  0  0 L3E 8D
E06 FF 61045 000600  780 641 1334    +2152799    +68         -32    +19    9  17   90   -3   50   -9   50   -9   5  0  0 L3E B9
E09 FF 61045 000600  780 500 1764    +1602385   +101         -27    -52   16  15  106  -11   51  +31   51   31   9  0  0 L3E F0
E10 FF 61045 000600  780 268 1265    +7623931     +4         -31    -22   20  17  178  +34   73  +18   73   18  11  0  0 L3E F3
E11 FF 61045 000600  780 552 1296   -34448299  -1796         -35    -36   15  15   98   +7   60  +28   60   28   9  0  0 L3E 34
E34 FF 61045 000600  780 177 3029    +2277189     -7         -15    -30   26  17  265  -75   37  +21   37   21  16  0  0 L3E 06
E36 FF 61045 000600  780 700 2949    +5044487    +81         -25    +27   11  17   86   -3   36  -15   36  -15   6  0  0 L3E EF
E04 FF 61045 002200  780 532  686     +328776   +105         -37     -3   15  17  101   +5   49   +6   49    6   9  0  0 L3E A8
E05 FF 61045 002200  780 108 2063      -27241    -53         -25    -24   21  19  427 -218   90  +19   90   19  13  0  0 L3E F1
E06 FF 61045 002200  780 671 1201    +2152838    +29         -40    -19   13  19   88   -1   55  +13   55   13   7  0  0 L3E D0
E09 FF 61045 002200  780 565 1748    +1602529   +135         -30    -18   15  15   97   -8   48   +5   48    5   9  0  0 L3E DA
E10 FF 61045 002200  780 214 1301    +7623950    +47         -39    +22   32  19  219  +53   84   -5   84   -5  19  0  0 L3E F2
E11 FF 61045 002200  780 492 1339   -34449982  -1784         -29    -25   15  15  106  +10   63  +18   63   18   9  0  0 L3E 45
E34 FF 61045 002200  780 228 3047    +2277201    +16         -25     -6   20  19  208  -46   44   +8   44    8  13  0  0 L3E CE
E36 FF 61045 002200  780 754 2869    +5044539    +22         -25    -31   10  19   84   -2   37  +17   37   17   6  0  0 L3E E2
E04 FF 61045 003800  780 491  627     +328893   +104         -23     -4   15  17  107   +7   43  +10   43   10   9  0  0 L3E BB
E05 FF 61045 003800  780 164 2081      -27262    -39         -17    -10   24  19  285  -98   82   +2   82    2  16  0  0 L3E CD
E06 FF 61045 003800  780 681 1042    +2152899    +53         -26     +4   12  20   87   +0   47   +0   47    0   7  0  0 L3E 98
E09 FF 61045 003800  780 629 1717    +1602664   +148         -41     -5   10  15   91   -5   53   +1   53    1   6  0  0 L3E AF
E10 FF 61045 003800  780 161 1335    +7623988    +24         -26     -2   22  20  287  +93   80   +4   80    4  14  0  0 L3E D5
E11 FF 61045 003800  780 433 1378   -34451659  -1785         -16    -25   15  15  118  +13   61  +22   61   22   9  0  0 L3E 39
E34 FF 61045 003800  780 281 3059    +2277235    -11         -14    -34   20  20  171  -31   37  +22   37   22  13  0  0 L3E F7
E36 FF 61045 003800  780 797 2668    +5044585    +61         -32     +7   11  20   82   -1   42   -5   42   -5   6  0  0 L3E B7
E04 FF 61045 005400  780 444  588     +328996   +124         -23    +16   12  17  115  +10   46   -8   46   -8   6  0  0 L3E DA
E05 FF 61045 005400  780 221 2102      -27285    -33         -13     -4   20  19  214  -55   71   -7   71   -7  12  0  0 L3E AB
E06 FF 61045 005400  780 668  890    +2152948    +46         -24     -3   12  21   88   +2   47   +3   47    3   7  0  0 L3E 9B
E09 FF 61045 005400  780 688 1657    +1602826   +178         -27    +26   12  22   87   -3   46  -17   46  -17   7  0  0 L3E 12
E11 FF 61045 005400  780 373 1413   -34453356  -1746         -30    +13   14  22  133  +19   67   -4   67   -4   8  0  0 L3E 1A
E34 FF 61045 005400  780 334 3064    +2277250     +9         -22    -13   16  22  147  -22   39   +3   39    3  10  0  0 L3E C7
E36 FF 61045 005400  780 807 2304    +5044648    +33         -22    -21   11  21   82   +0   38  +18   38   18   7  0  0 L3E CE
E04 FF 61045 011000  780 394  564     +329103    +95         -26    -14   17  24  127  +14   42  +10   42   10  10  0  0 L3E C8
E05 FF 61045 011000  780 280 2126      -27313    -27         -12     +2   18  24  172  -34   64   -7   64   -7  11  0  0 L3E AB
E06 FF 61045 011000  780 636  773    +2152978    +53         -44     +5   11  24   90   +3   54   -2   54   -2   6  0  0 L3E 96
E09 FF 61045 011000  780 740 1539    +1602973   +167         -27    +14   12  23   84   -2   44  -12   44  -12   7  0  0 L3E EC
E11 FF 61045 011000  780 314 1445   -34455056  -1772         -42    -12   17  23  155  +27   79   +9   79    9  10  0  0 L3E 26
E34 FF 61045 011000  780 388 3060    +2277265    +59         -29    +37   12  24  129  -16   40  -19   40  -19   7  0  0 L3E 0F
E36 FF 61045 011000  780 774 2014    +5044692    +49         -29     -4   12  21   83   +2   45   +2   45    2   7  0  0 L3E 98
E04 FF 61045 012600  780 342  554     +329213    +99         -21    -10   15  25  143  +20   39   +9   39    9   9  0  0 L3E B2
E05 FF 61045 012600  780 339 2152      -27348    -16         -19    +13   20  25  145  -23   61  -16   61  -16  13  0  0 L3E E9
E06 FF 61045 012600  780 593  696    +2153041     +9         -29    -40   14  25   94   +5   46  +22   46   22   8  0  0 L3E B9
E09 FF 61045 012600  780 773 1323    +1603130   +153         -15     +1   10  23   83   -1   37   -2   37   -2   6  0  0 L3E A3
E11 FF 61045 012600  780 255 1474   -34456743  -1775         -39    -15   18  23  187  +41   83  +22   83   22  11  0  0 L3E 52
E34 FF 61045 012600  780 441 3045    +2277292    +47         -26    +24   14  25  116  -11   36  -18   36  -18   9  0  0 L3E 09
E36 FF 61045 012600  780 720 1881    +5044743    +14         -30    -39   17  21   85   +3   48  +24   48   24  10  0  0 L3E E6
E04 FF 61045 014200  780 290  552     +329305    +89         -34    -19   16  27  166  +28   48  +13   48   13   9  0  0 L3E E4
E05 FF 61045 014200  780 398 2181      -27375     +4         -19    +34   15  27  126  -16   55  -29   55  -29   9  0  0 L3E E6
E06 FF 61045 014200  780 544  650    +2153095    +22         -24    -27   14  27   99   +7   47  +20   47   20   8  0  0 L3E C4
E09 FF 61045 014200  780 774 1041    +1603280   +157         -12     +5   12  23   83   +1   37   -3   37   -3   7  0  0 L3E AD
E11 FF 61045 014200  780 197 1499   -34458423  -1789         -30    -30   20  23  238  +68   81  +25   81   25  12  0  0 L3E 54
E34 FF 61045 014200  780 492 3014    +2277320    +25         -20     +2   18  27  107   -8   35   +3   35    3  11  0  0 L3E AB
E36 FF 61045 014200  780 657 1824    +5044795    +61         -29     +7   11  21   89   +5   53   +2   53    2   6  0  0 L3E A9
E04 FF 61045 015800  780 238  559     +329421   +131         -22    +22   18  28  199  +42   41  -16   41  -16  12  0  0 L3E 02
E05 FF 61045 015800  780 458 2213      -27403    -26         -19     +3   12  28  113  -12   49  -10   49  -10   8  0  0 L3E C7
E06 FF 61045 015800  780 491  626    +2153140    +28         -28    -21   13  28  107   +9   48  +19   48   19   7  0  0 L3E E3
E09 FF 61045 015800  780 743  830    +1603427   +148         -11     -4   14  23   84   +2   36   +3   36    3   8  0  0 L3E 9C
E11 FF 61045 015800  780 139 1521   -34460116  -1733         -38    +26   17  28  330 +132   92  -11   92  -11  13  0  0 L3E 57
E34 FF 61045 015800  780 539 2963    +2277327    +38         -36    +15   13  28  100   -6   48   -2   48   -2   8  0  0 L3E E4
E36 FF 61045 015800  780 592 1799    +5044860    +33         -21    -21    8  28   94   +7   49  +15   49   15   5  0  0 L3E E3
E04 FF 61045 021400  780 187  572     +329532   +167         -14    +58   23  30  250  +66   37  -37   37  -37  14  0  0 L3E 10
E05 FF 61045 021400  780 518 2248      -27428     -3         -16    +26   17  29  103   -9   43  -20   43  -20   9  0  0 L3E BB
E06 FF 61045 021400  780 438  617    +2153193    +44         -23     -5   11  30  117  +12   46   +6   46    6   7  0  0 L3E A6
E09 FF 61045 021400  780 696  719    +1603556   +156         -36     +3   13  30   86   +3   48   -1   48   -1   8  0  0 L3E B9
E15 FF 61045 021400  780 124 3198    +2261122    +51          -3    +24   22  30  373 -153   31  -27   31  -27  16  0  0 L3E FF
E34 FF 61045 021400  780 578 2887    +2277357     +9         -29    -14   18  30   95   -4   43   +9   43    9  10  0  0 L3E D0
E36 FF 61045 021400  780 525 1790    +5044909    +25         -25    -30   10  30  102   +9   56  +22   56   22   6  0  0 L3E DB
E04 FF 61045 023000  780 136  589     +329627    +99         -23    -10   31  30  336 +120   50  +19   50   19  20  0  0 L3E EE
E05 FF 61045 023000  780 578 2286      -27462    -46         -22    -17   23  29   96   -7   43   +9   43    9  13  0  0 L3E B5
E06 FF 61045 023000  780 384  620    +2153234    +43         -30     -6   18  32  130  +16   51   +4   51    4  10  0  0 L3E 9E
E09 FF 61045 023000  780 642  669    +1603706   +127         -32    -25   15  32   90   +4   47  +20   47   20   9  0  0 L3E D1
E15 FF 61045 023000  780 175 3194    +2261144    +37          -8    +10   24  32  268  -77   31  -15   31  -15  16  0  0 L3E FD
E34 FF 61045 023000  780 605 2784    +2277375    +42         -33    +19   13  30   93   -2   44   -9   44   -9   7  0  0 L3E CA
E36 FF 61045 023000  780 458 1789    +5044973    +51         -15     -3   12  32  112  +13   52   +7   52    7   7  0  0 L3E C4
E03 FF 61045 024600  780 124 2388      -82575    +23         -19     +0  125  33  373 -148   86   -9   86   -9  79  0  0 L3E 06
E05 FF 61045 024600  780 637 2329      -27490    -41         -20    -11   13  33   90   -5   46   +4   46    4   7  0  0 L3E 8B
E06 FF 61045 024600  780 331  631    +2153285    +73         -27    +24   18  32  147  +21   49  -19   49  -19  10  0  0 L3E 09
E09 FF 61045 024600  780 586  651    +1603860    +98         -25    -55   14  33   95   +6   45  +30   45   30   8  0  0 L3E D7
E15 FF 61045 024600  780 225 3182    +2261149    +36         -28     +9   25  33  211  -45   38   -2   38   -2  16  0  0 L3E E2
E23 FF 61045 024600  780 114  435     +209841     -5         -24    -17   35  33  400  -48   35   +6   35    6  22  0  0 L3E AA
E34 FF 61045 024600  780 614 2660    +2277408    +28         -22     +5   18  30   92   +0   40   +0   40    0  10  0  0 L3E 95
E36 FF 61045 024600  780 392 1791    +5045023    +72         -18    +18   15  33  127  +19   57   -3   57   -3   8  0  0 L3E F0
E03 FF 61045 030200  780 173 2423      -82545     -3         -10    -25   33  35  270  -77   65   -4   65   -4  20  0  0 L3E B5
E05 FF 61045 030200  780 697 2377      -27521    -37         -23     -7   13  35   86   -3   43   +5   43    5   8  0  0 L3E 87
E06 FF 61045 030200  780 279  648    +2153344    +64         -15    +15   13  32  172  +30   42  -11   42  -11   8  0  0 L3E E0
E09 FF 61045 030200  780 531  652    +1604009   +131         -24    -22   16  35  101   +8   43  +12   43   12   9  0  0 L3E C7
E15 FF 61045 030200  780 273 3161    +2261179    +20         -21     -7   17  35  176  -29   34   +8   34    8  11  0  0 L3E CF
E23 FF 61045 030200  780 123  384     +209855    -51         -18    -63   33  35  369  -17   34  +39   34   39  20  0  0 L3E F2
E34 FF 61045 030200  780 605 2532    +2277435    +26         -17     +3   16  30   93   +2   41   -3   41   -3  10  0  0 L3E A4
E36 FF 61045 030200  780 327 1795    +5045075     +7         -18    -48   12  34  149  +27   61  +37   61   37   8  0  0 L3E FB
E03 FF 61045 031800  780 223 2460      -82524    -22          -9    -44   24  36  212  -47   57  +21   57   21  16  0  0 L3E D0
E05 FF 61045 031800  780 755 2438      -27547    -62         -22    -33   10  36   83   -2   39  +18   39   18   6  0  0 L3E C5
E06 FF 61045 031800  780 229  670    +2153384    +25         -22    -24   15  32  206  +44   48  +19   48   19   9  0  0 L3E F1
E09 FF 61045 031800  780 476  664    +1604157   +147         -22     -5   14  36  109  +10   43   +7   43    7   9  0  0 L3E CB
E15 FF 61045 031800  780 317 3130    +2261198    +59         -28    +32   23  36  154  -19   37  -23   37  -23  12  0  0 L3E 1A
E23 FF 61045 031800  780 125  333     +209856     +7         -29     -5   26  36  365   +7   43   +6   43    6  17  0  0 L3E 99
E31 FF 61045 031800  780 143  824    +1101592    +13         -23    -12   30  36  323  -82   55   -6   55   -6  18  0  0 L3E D7
E34 FF 61045 031800  780 577 2420    +2277460     -3         -18    -26   14  36   96   +4   43  +25   43   25   8  0  0 L3E CF
E36 FF 61045 031800  780 263 1800    +5045132    +69         -13    +15   19  36  182  +42   65   -8   65   -8  12  0  0 L3E FA
E03 FF 61045 033400  780 273 2498      -82518    +31         -24     +9   22  36  176  -31   58   -6   58   -6  13  0  0 L3E CF
E05 FF 61045 033400  780 813 2529      -27570    -34         -19     -4   10  38   82   -1   34   -2   34   -2   6  0  0 L3E 85
E06 FF 61045 033400  780 180  695    +2153439    +60         -15    +10   21  38  259  +69   45   -4   45   -4  13  0  0 L3E E7
E09 FF 61045 033400  780 422  684    +1604307   +145         -21     -8   19  38  120  +13   39   +6   39    6  11  0  0 L3E D3
E15 FF 61045 033400  780 357 3087    +2261233     +0         -20    -27   17  38  138  -13   27  +13   27   13  11  0  0 L3E EA
E23 FF 61045 033400  780 118  283     +209873    -35         -23    -47   26  38  384  +34   47  +48   47   48  16  0  0 L3E 05
E31 FF 61045 033400  780 178  776    +1101620    +56         -19    +31   31  36  263  -47   44  -32   44  -32  20  0  0 L3E FE
E34 FF 61045 033400  780 536 2332    +2277477    +27         -27     +3   12  38  100   +6   50   +1   50    1   7  0  0 L3E A2
E36 FF 61045 033400  780 200 1803    +5045179   +103         -18    +49   18  38  234  +71   73  -22   73  -22  11  0  0 L3E 24
E03 FF 61045 035000  780 324 2538      -82493     -3         -19    -26   21  36  151  -22   47  +11   47   11  13  0  0 L3E CA
E05 FF 61045 035000  780 866 2801      -27598    -59         -21    -30   11  40   81   +0   32  +16   32   16   7  0  0 L3E AB
E06 FF 61045 035000  780 132  723    +2153487    +35         -14    -15   31  40  348 +122   47   +6   47    6  20  0  0 L3E DB
E09 FF 61045 035000  780 370  709    +1604457   +144         -18     -9   16  39  134  +17   35   +9   35    9  10  0  0 L3E E1
E15 FF 61045 035000  780 389 3032    +2261268    +78         -15    +51   15  40  129   -8   26  -23   26  -23   9  0  0 L3E FA
E23 FF 61045 035000  780 104  237     +209870    +50         -35    +38   33  40  434  +75   71   +0   71    0  19  0  0 L3E B3
E31 FF 61045 035000  780 206  725    +1101655    -13          -8    -38   24  36  228  -27   34  +19   34   19  15  0  0 L3E E6
E34 FF 61045 035000  780 485 2266    +2277506    +35         -21    +11   12  39  108   +9   52   -5   52   -5   7  0  0 L3E D1
E36 FF 61045 035000  780 139 1806    +5045229    +20         -19    -34   21  40  331 +141   82  +19   82   19  13  0  0 L3E 15
E03 FF 61045 040600  780 374 2580      -82481    +50         -29    +28   18  36  133  -16   48  -20   48  -20  11  0  0 L3E F4
E05 FF 61045 040600  780 864  344      -27619    -26         -14     +3   10  41   81   +0   26   -2   26   -2   6  0  0 L3E 69
E09 FF 61045 040600  780 319  737    +1604607   +183         -15    +30   18  39  152  +22   37  -24   37  -24  10  0  0 L3E 17
E15 FF 61045 040600  780 411 2965    +2261273     +3         -36    -24    9  41  123   -4   40   +8   40    8   6  0  0 L3E 97
E31 FF 61045 040600  780 228  670    +1101665    +57         -22    +32   23  36  208  -16   41  -23   41  -23  14  0  0 L3E F1
E34 FF 61045 040600  780 429 2217    +2277531    +39         -18    +16   15  39  118  +13   54   -8   54   -8   9  0  0 L3E F5
E03 FF 61045 042200  780 425 2622      -82446     +7         -17    -15   14  43  119  -12   37   +4   37    4   8  0  0 L3E 9B
E05 FF 61045 042200  780 811  590      -27650    -40         -19    -10   11  43   82   +1   28   +8   28    8   7  0  0 L3E 75
E09 FF 61045 042200  780 269  769    +1604745   +135         -24    -18   18  39  178  +31   45   +9   45    9  12  0  0 L3E 05
E15 FF 61045 042200  780 422 2890    +2261319    +30         -20     +2   16  43  120   -1   27   -1   27   -1  10  0  0 L3E A8
E31 FF 61045 042200  780 241  612    +1101693    +26         -19     +0   22  43  197   -7   33   -3   33   -3  14  0  0 L3E A6
E34 FF 61045 042200  780 369 2181    +2277553    +47         -19    +23   15  39  134  +19   59   -6   59   -6   9  0  0 L3E 02
E03 FF 61045 043800  780 477 2666      -82426     +6         -19    -16   17  44  109   -9   30   +1   30    1  10  0  0 L3E 9F
E05 FF 61045 043800  780 757  683      -27681    +11         -22    +40   10  44   83   +2   28  -24   28  -24   7  0  0 L3E B0
E09 FF 61045 043800  780 221  802    +1604892   +110         -23    -43   20  39  213  +45   44  +30   44   30  13  0  0 L3E F4
E13 FF 61045 043800  780 134 3314     +459022    +11         -20     +4   25  44  343 -104   79  -26   79  -26  15  0  0 L3E 01
E15 FF 61045 043800  780 420 2810    +2261352     +8         -13    -19   19  44  120   +2   21  +17   21   17  12  0  0 L3E CB
E31 FF 61045 043800  780 245  553    +1101721     +7         -16    -18   24  44  194   +1   29  +11   29   11  15  0  0 L3E C6
E34 FF 61045 043800  780 309 2154    +2277575    +18         -20     -5   13  39  157  +29   65   +8   65    8   8  0  0 L3E E1
E03 FF 61045 045400  780 529 2711      -82405    +20         -21     -2   15  46  101   -7   26   +2   26    2   9  0  0 L3E 79
E05 FF 61045 045400  780 702  747      -27713    -53         -27    -24   17  46   86   +3   33  +19   33   19  10  0  0 L3E BA
E09 FF 61045 045400  780 173  837    +1605041   +109         -19    -44   21  46  268  +71   52  +36   52   36  14  0  0 L3E 14
E13 FF 61045 045400  780 173 3281     +459026    -26         -22    -32   26  46  270  -55   61   -5   61   -5  16  0  0 L3E E6
E15 FF 61045 045400  780 406 2733    +2261382    +34         -10     +7   15  46  124   +5   24   -3   24   -3   8  0  0 L3E B0
E31 FF 61045 045400  780 239  496    +1101746    +18         -15     -8   22  46  198   +8   30   +9   30    9  14  0  0 L3E BC
E34 FF 61045 045400  780 248 2132    +2277593    +49         -23    +26   14  46  192  +45   68  -12   68  -12   9  0  0 L3E 1D
E03 FF 61045 051000  780 582 2758      -82387    +25         -27     +3   14  48   95   -6   29   -4   29   -4   8  0  0 L3E A3
E05 FF 61045 051000  780 648  803      -27738    -60         -23    -31   13  48   89   +4   42  +20   42   20   7  0  0 L3E 9C
E09 FF 61045 051000  780 127  873    +1605180   +158         -28     +5   24  48  359 +126   72  +19   72   19  16  0  0 L3E 1E
E13 FF 61045 051000  780 205 3240     +459028    +20         -26    +14   24  48  229  -32   64  -13   64  -13  15  0  0 L3E F4
E15 FF 61045 051000  780 380 2661    +2261395    +29         -24     +2   17  48  131   +9   32   +4   32    4  10  0  0 L3E B2
E25 FF 61045 051000  780 131 1520     -217844    +21          -9    +22   24  48  353 -150   80  -17   80  -17  16  0  0 L3E F9
E31 FF 61045 051000  780 224  443    +1101782    +20          -3     -5   18  48  210  +17   22   +3   22    3  11  0  0 L3E 85
E34 FF 61045 051000  780 188 2113    +2277609    +58         -30    +34   16  48  249  +77   78  -14   78  -14  10  0  0 L3E 2D
E03 FF 61045 052600  780 635 2806      -82366    +35         -28    +12   13  49   90   -4   38   -5   38   -5   7  0  0 L3E AC
E05 FF 61045 052600  780 595  854      -27772    -50         -30    -21   15  49   94   +5   48  +20   48   20   8  0  0 L3E B1
E08 FF 61045 052600  780 122 2738     +677957    +54         -24    -14   30  49  378 -141   50   +1   50    1  19  0  0 L3E F5
E13 FF 61045 052600  780 231 3192     +459039    -18         -23    -24   27  49  205  -19   55   +6   55    6  18  0  0 L3E E6
E15 FF 61045 052600  780 345 2598    +2261424    +11         -23    -16   20  49  142  +15   50  +17   50   17  12  0  0 L3E FD
E25 FF 61045 052600  780 188 1502     -217847     +1         -10     +1   23  49  250  -76   74   -7   74   -7  13  0  0 L3E C6
E31 FF 61045 052600  780 201  395    +1101789    -29         -20    -54   24  49  233  +30   46  +40   46   40  14  0  0 L3E F1
E34 FF 61045 052600  780 129 2096    +2277642    +28         -19     +4   26  49  356 +157   83   -3   83   -3  16  0  0 L3E 11
E03 FF 61045 055400  780 730 2897      -82319    +21         -19     -1    8  52   85   -3   34   +3   34    3   5  0  0 L3E 70
E05 FF 61045 055400  780 503  937      -27815     -6         -24    +23   17  51  105   +8   53  -12   53  -12  10  0  0 L3E B4
E08 FF 61045 055400  780 203 2800     +678097    +92           1    +24   20  52  232  -53   27  -18   27  -18  12  0  0 L3E E7
E13 FF 61045 055400  780 254 3094     +459057    +26         -16    +20   25  52  187   -4   44  -19   44  -19  15  0  0 L3E 01
E15 FF 61045 055400  780 267 2508    +2261480    +48         -13    +20   14  52  179  +31   60   -3   60   -3   9  0  0 L3E DE
E25 FF 61045 055400  780 291 1466     -217854     -7         -16     -6   20  52  166  -32   72   +3   72    3  12  0  0 L3E B7
E31 FF 61045 055400  780 144  328    +1101838    +52         -13    +27   15  52  318  +81   72   +8   72    8  10  0  0 L3E CF
E03 FF 61045 061000  780 785 2962      -82304    +19         -26     -4    8  54   82   -2   39   +6   39    6   5  0  0 L3E 7C
E05 FF 61045 061000  780 451  982      -27843    -47         -24    -18   13  51  114  +11   59  +30   59   30   7  0  0 L3E C4
E08 FF 61045 061000  780 251 2833     +678146    +56         -15    -12   21  54  190  -36   32   +4   32    4  14  0  0 L3E CD
E13 FF 61045 061000  780 254 3033     +459045    +20         -33    +14   16  54  187   +4   55   -1   55   -1  11  0  0 L3E BA
E15 FF 61045 061000  780 217 2467    +2261515    +52          -5    +25   25  53  217  +49   65   -1   65   -1  16  0  0 L3E DF
E25 FF 61045 061000  780 349 1439     -217854     -1         -16     +0   15  54  141  -21   71   -1   71   -1   8  0  0 L3E A1
E31 FF 61045 061000  780 105  299    +1101843     -7         -32    -33   27  54  431 +165  106  +47  106   47  17  0  0 L3E 17
E03 FF 61045 062600  780 841 3071      -82277     +5         -20    -18    7  55   81   -1   39  +17   39   17   4  0  0 L3E 98
E05 FF 61045 062600  780 400 1026      -27871     +8         -25    +37   12  55  125  +14   78   +3   78    3   7  0  0 L3E A1
E08 FF 61045 062600  780 301 2865     +678210    +19         -14    -49   20  55  161  -25   35  +28   35   28  12  0  0 L3E 01
E13 FF 61045 062600  780 244 2973     +459084     +6          -1     -1   23  55  195  +11   36   +2   36    2  14  0  0 L3E 9C
E15 FF 61045 062600  780 165 2432    +2261522    -29         -25    -56   27  53  280  +87   87  +45   87   45  16  0  0 L3E 29
E25 FF 61045 062600  780 407 1405     -217849    -14         -11    -13   15  55  124  -15   69  +17   69   17   9  0  0 L3E F8
E02 FF 61045 064200  780 110 1818      -80058    -42         -22    -13   24  57  419 -217  164  +27  164   27  14  0  0 L3E 1C
E03 FF 61045 064200  780 886  278      -82245    +39         -10    +16   13  57   81   +0   42   +1   42    1   8  0  0 L3E 78
E05 FF 61045 064200  780 349 1068      -27893     -2         -19    +26   14  57  141  +19  109  +23  109   23   9  0  0 L3E F5
E08 FF 61045 064200  780 351 2893     +678265    +32         -23    -36   16  57  140  -19   40  +27   40   27  10  0  0 L3E 01
E13 FF 61045 064200  780 224 2915     +459086    +21          -7    +14   26  57  210  +21   42   -5   42   -5  16  0  0 L3E C6
E15 FF 61045 064200  780 113 2400    +2261552    +16         -21    -12   57  53  403 +182   97  +20   97   20  33  0  0 L3E 0B
E25 FF 61045 064200  780 462 1360     -217857    -31         -19    -30   17  57  112  -10   81  +30   81   30  10  0  0 L3E EA
E26 FF 61045 064200  780 100 3413    -1822925    -53         -39    +57   23  55  451 -100  133  -41  133  -41  15  0  0 L3E 42
E02 FF 61045 065800  780 168 1819      -80086     +8         -21    +37   24  58  278  -98  176  -15  176  -15  15  0  0 L3E 30
E03 FF 61045 065800  780 840 1079      -82220     -7          -7    -30    9  58   81   +1   55  +36   55   36   5  0  0 L3E 8B
E05 FF 61045 065800  780 298 1109      -27912     -6         -12    +23   20  58  162  +26  151  +42  151   42  13  0  0 L3E F3
E08 FF 61045 065800  780 404 2918     +678337    +49         -16    -19   15  58  125  -14   42  +25   42   25   9  0  0 L3E 06
E13 FF 61045 065800  780 197 2861     +459086    +17         -14    +10   25  58  238  +37   51   +8   51    8  16  0  0 L3E ED
E25 FF 61045 065800  780 513 1301     -217852     +1         -12     +2   14  57  104   -7   90  +12   90   12   8  0  0 L3E A0
E26 FF 61045 065800  780 119 3367    -1823008    -85         -16    +25   28  55  383  -48  117  -18  117  -18  18  0  0 L3E 62
E02 FF 61045 071400  780 229 1821      -80107     +3         -15    +32   19  60  208  -54  188   -5  188   -5  12  0  0 L3E E2
E03 FF 61045 071400  780 782 1185      -82205   +107         -14    +84   11  60   83   +2   77  -29   77  -29   6  0  0 L3E DF
E05 FF 61045 071400  780 247 1147      -27935    -11          -9    +18   21  60  192  +38  208  +57  208   57  14  0  0 L3E 06
E08 FF 61045 071400  780 457 2938     +678395    +71         -23     +3   14  60  113  -11   58  +12   58   12   9  0  0 L3E E5
E13 FF 61045 071400  780 163 2811     +459086     +0         -23     -6   27  60  284  +63   62  +15   62   15  16  0  0 L3E D4
E25 FF 61045 071400  780 555 1222     -217865     +6         -25     +7   16  57   98   -5  109  +15  109   15   9  0  0 L3E D8
E26 FF 61045 071400  780 130 3317    -1823117    -88         -19    +22   27  55  352  -18  107  -23  107  -23  17  0  0 L3E 40
E02 FF 61045 073000  780 290 1824      -80130     +6         -13    +35   15  62  166  -34  192  -41  192  -41  10  0  0 L3E F4
E03 FF 61045 073000  780 723 1245      -82186    +12         -19    -11   16  62   85   +3  100  +27  100   27   9  0  0 L3E C5
E05 FF 61045 073000  780 197 1184      -27964    -22         -13     +7   24  61  238  +59  292  +99  292   99  14  0  0 L3E 20
E08 FF 61045 073000  780 512 2951     +678455    +52         -29    -15   18  62  104   -8   78  +23   78   23  10  0  0 L3E F9
E13 FF 61045 073000  780 124 2766     +459095     -5         -23    -12   24  62  369 +120   69  +16   69   16  16  0  0 L3E 09
E25 FF 61045 073000  780 586 1122     -217856     -4         -15     -3   13  57   95   -2  115  +18  115   18   7  0  0 L3E CB
E26 FF 61045 073000  780 132 3266    -1823208   -153          -2    -42   29  62  347   +5   91  +29   91   29  19  0  0 L3E 0A
E02 FF 61045 074600  780 354 1827      -80159    -42         -14    -14   13  63  140  -23  185   +8  185    8   7  0  0 L3E E2
E03 FF 61045 074600  780 663 1292      -82158    +15         -14     -8   11  63   88   +4  121  +29  121   29   6  0  0 L3E CB
E05 FF 61045 074600  780 146 1219      -28004    -35         -26     -7   33  63  314 +105  399 +104  399  104  19  0  0 L3E 3C
E08 FF 61045 074600  780 567 2953     +678527   +102         -23    +34   12  63   97   -6   93   -5   93   -5   7  0  0 L3E E4
E25 FF 61045 074600  780 601 1006     -217860     -2         -20     -1   16  63   93   -1  130   +9  130    9  10  0  0 L3E 9B
E26 FF 61045 074600  780 126 3214    -1823312   -114          -2     -4   31  63  363  +30   97   +2   97    2  19  0  0 L3E D4
E02 FF 61045 080200  780 418 1829      -80189    -31         -16     -2   15  63  121  -16  183  -10  183  -10   8  0  0 L3E EF
E03 FF 61045 080200  780 602 1333      -82142    +80         -20    +57   14  65   93   +6  146   -9  146   -9   8  0  0 L3E C1
E07 FF 61045 080200  780 112 3017     +369804     +1         -10    -21   24  65  411 -179   96  +41   96   41  16  0  0 L3E F6
E08 FF 61045 080200  780 623 2938     +678601    +60         -14     -8   16  65   91   -5  103  +21  103   21   9  0  0 L3E D6
E25 FF 61045 080200  780 598  886     -217859    +24         -18    +24   12  65   93   +1  141   -5  141   -5   7  0  0 L3E D3
E26 FF 61045 080200  780 111 3163    -1823435   -145         -20    -35   22  65  408  +66  121  +32  121   32  14  0  0 L3E 2C
E02 FF 61045 081800  780 483 1829      -80216    -35         -15     -6   15  63  108  -11  176   -5  176   -5   9  0  0 L3E E3
E03 FF 61045 081800  780 542 1370      -82111    +20         -12     -3   12  66   99   +8  160  +29  160   29   7  0  0 L3E BF
E07 FF 61045 081800  780 161 3035     +369826    +20          -8     -2   22  66  289  -90  130  +31  130   31  15  0  0 L3E F7
E08 FF 61045 081800  780 677 2896     +678672    +75          -9     +7   12  66   87   -3  114  +10  114   10   7  0  0 L3E E6
E25 FF 61045 081800  780 579  780     -217865    +13         -22    +13   13  66   95   +3  156  +12  156   12   7  0  0 L3E E5
E02 FF 61045 083400  780 548 1822      -80237    -29          -9     -1   14  63   99   -8  169  -16  169  -16   8  0  0 L3E E5
E03 FF 61045 083400  780 481 1404      -82093    +46         -17    +23   14  68  108  +11  190  +12  190   12   8  0  0 L3E EF
E07 FF 61045 083400  780 212 3048     +369840    -23         -17    -45   21  68  222  -53  170  +63  170   63  15  0  0 L3E 23
E08 FF 61045 083400  780 726 2802     +678730    +39         -17    -29   12  68   85   -2  134  +34  134   34   7  0  0 L3E 01
E25 FF 61045 083400  780 546  697     -217868    -37         -26    -36   14  68   99   +5  177  +35  177   35   8  0  0 L3E 14
E02 FF 61045 085000  780 612 1806      -80272    -41         -13    -12   15  70   92   -6  168  +13  168   13   9  0  0 L3E D3
E03 FF 61045 085000  780 421 1435      -82075    +33         -23    +10   13  70  120  +14  220  +34  220   34   7  0  0 L3E D0
E07 FF 61045 085000  780 264 3056     +369861    +91         -17    +69   24  69  181  -34  190  -25  190  -25  16  0  0 L3E 48
E08 FF 61045 085000  780 761 2624     +678786    +87         -26    +19   10  69   83   -1  153   +4  153    4   6  0  0 L3E E2
E25 FF 61045 085000  780 503  638     -217862    +29         -21    +30   14  70  105   +7  190   +5  190    5   9  0  0 L3E C2
E30 FF 61045 085000  780 136 2118    +5936536   +355         -36    -52   29  69  340 -137  422  +31  422   31  15  0  0 L3E 5E
E02 FF 61045 090600  780 675 1769      -80300    +14         -12    +44   10  71   88   -4  173  -17  173  -17   6  0  0 L3E E9
E03 FF 61045 090600  780 361 1463      -82029    +88          -1    +64   21  71  137  +20  240  -16  240  -16  13  0  0 L3E F9
E07 FF 61045 090600  780 316 3056     +369875    +47         -25    +25   22  71  154  -24  210   -4  210   -4  13  0  0 L3E 04
E08 FF 61045 090600  780 769 2364     +678857    +71         -20     +3   10  69   83   +0  163  +15  163   15   6  0  0 L3E EB
E25 FF 61045 090600  780 456  600     -217868     -2         -26     -1   15  71  113  +10  223  +39  223   39   9  0  0 L3E D7
E30 FF 61045 090600  780 192 2140    +5936927   +375         -36    -32   23  69  245  -71  363  -50  363  -50  15  0  0 L3E 65
E02 FF 61045 092200  780 732 1689      -80329    -11         -14    +19   14  72   84   -2  181   +4  181    4   8  0  0 L3E B8
E03 FF 61045 092200  780 301 1489      -82022    +88         -17    +65   16  72  160  +29  281   +6  281    6  10  0  0 L3E EA
E07 FF 61045 092200  780 368 3048     +369895    +27         -28     +5   21  73  135  -17  223  +16  223   16  13  0  0 L3E 1C
E08 FF 61045 092200  780 744 2133     +678926   +136         -22    +68   11  73   84   +2  181  -17  181  -17   6  0  0 L3E 1A
E25 FF 61045 092200  780 405  579     -217867    -37         -25    -37   11  73  124  +14  253  +56  253   56   6  0  0 L3E 12
E30 FF 61045 092200  780 249 2165    +5937323   +424         -30    +16   25  69  192  -42  312  -22  312  -22  15  0  0 L3E 4C
E02 FF 61045 093800  780 778 1519      -80348    -47          -5    -18   11  72   83   -1  192  +29  192   29   6  0  0 L3E E7
E03 FF 61045 093800  780 242 1512      -82000    +22         -18     -1   22  72  196  +46  336  +70  336   70  13  0  0 L3E ED
E07 FF 61045 093800  780 418 3028     +369922     +8         -24    -14   14  74  121  -12  238  +26  238   26   9  0  0 L3E 0D
E08 FF 61045 093800  780 696 1995     +678994    +73         -20     +5   14  74   86   +3  205  +21  205   21   8  0  0 L3E FA
E25 FF 61045 093800  780 353  570     -217861    +28         -19    +29   11  74  139  +19  298  +40  298   40   7  0  0 L3E 1D
E30 FF 61045 093800  780 306 2192    +5937722   +422         -22    +15   19  69  159  -28  312   -9  312   -9  12  0  0 L3E 3F
E02 FF 61045 095400  780 797 1216      -80391    -45         -24    -16   15  76   82   +0  216  +24  216   24   8  0  0 L3E E1
E03 FF 61045 095400  780 184 1533      -81982    +33         -22    +10   21  72  253  +78  410  +67  410   67  13  0  0 L3E 0C
E07 FF 61045 095400  780 466 2993     +369953    +22         -14     -1   14  75  111   -9  248   +8  248    8   9  0  0 L3E EB
E08 FF 61045 095400  780 639 1921     +679062   +107         -18    +38   13  75   90   +5  232   +7  232    7   8  0  0 L3E ED
E25 FF 61045 095400  780 300  570     -217871     -3         -28     -3   20  76  161  +26  360  +54  360   54  13  0  0 L3E E7
E30 FF 61045 095400  780 364 2222    +5938110   +391         -26    -16   18  76  136  -19  318  +15  318   15  11  0  0 L3E 4D
E02 FF 61045 101000  780 777  924      -80407     +4         -13    +33   12  78   83   +1  218  -21  218  -21   7  0  0 L3E B3
E03 FF 61045 101000  780 127 1551      -81950    +18         -14     -5   23  78  360 +157  481  +87  481   87  15  0  0 L3E 19
E07 FF 61045 101000  780 508 2940     +369966    +48         -23    +26   12  75  104   -6  250  -34  250  -34   8  0  0 L3E 0C
E08 FF 61045 101000  780 577 1881     +679128    +81         -18    +13   10  75   96   +7  255  +12  255   12   6  0  0 L3E F5
E25 FF 61045 101000  780 248  578     -217868    +25         -24    +26   17  78  191  +38  419  +35  419   35   9  0  0 L3E 1C
E30 FF 61045 101000  780 422 2255    +5938508   +423         -19    +15   17  78  120  -14  301  -35  301  -35  11  0  0 L3E 3C
E02 FF 61045 102600  780 733  769      -80431    -56         -11    -27   11  79   84   +2  216  +15  216   15   7  0  0 L3E C7
E07 FF 61045 102600  780 542 2867     +370004    +52          -6    +30   12  75  100   -4  223  -25  223  -25   7  0  0 L3E E0
E08 FF 61045 102600  780 512 1861     +679196    +78         -16    +10   13  75  103  +10  266   +2  266    2   7  0  0 L3E EA
E10 FF 61045 102600  780 108  307    +7624918     -6         -25    -32   35  79  418  -33  493  -18  493  -18  20  0  0 L3E 30
E25 FF 61045 102600  780 197  592     -217858    +10         -14    +11   16  79  237  +59  456  +44  456   44  10  0  0 L3E 22
E30 FF 61045 102600  780 481 2291    +5938900   +404         -18     -3   19  79  109  -10  269  -25  269  -25  12  0  0 L3E 50
E02 FF 61045 104200  780 680  702      -80464    +13         -17    +42   12  81   87   +3  221  -23  221  -23   7  0  0 L3E BA
E07 FF 61045 104200  780 565 2773     +370023     +1         -13    -21   10  81   97   -2  215   +0  215    0   6  0  0 L3E 96
E08 FF 61045 104200  780 447 1850     +679260    +63         -17     -5   13  75  115  +14  279  +17  279   17   8  0  0 L3E 12
E10 FF 61045 104200  780 112  256    +7624912    -26         -53    -52   41  81  403   -1  492  +12  492   12  26  0  0 L3E FF
E11 FF 61045 104200  780 126  524   -34515394  -1781         -33    -23   38  81  364  -66  541  -49  541  -49  23  0  0 L3E 7A
E25 FF 61045 104200  780 147  610     -217875    -64         -29    -63   23  81  312 +103  521  +99  521   99  15  0  0 L3E 2D
E29 FF 61045 104200  780 146 3195    +1663254     -8          -4    -43   23  77  318 -105  344  +20  344   20  14  0  0 L3E 1F
E30 FF 61045 104200  780 539 2329    +5939282   +402         -26     -5   19  81  100   -8  239  -24  239  -24  12  0  0 L3E 36
E02 FF 61045 105800  780 625  678      -80505    +34         -30    +63   18  81   91   +5  231  -26  231  -26  10  0  0 L3E DE
E07 FF 61045 105800  780 571 2665     +370051    +50          -6    +27   15  82   96   +0  205  -20  205  -20   8  0  0 L3E D9
E08 FF 61045 105800  780 382 1845     +679337    +48         -11    -21   16  82  130  +19  288  +29  288   29  10  0  0 L3E 3D
E10 FF 61045 105800  780 108  205    +7624959    -18         -29    -44   26  82  418  +32  459  +36  459   36  14  0  0 L3E 40
E11 FF 61045 105800  780 145  472   -34517072  -1780         -23    -22   26  82  317  -34  496  -51  496  -51  15  0  0 L3E 78
E27 FF 61045 105800  780 101 2416    +8714939   +153         -27    +49   56  82  450 -211  514 -102  514 -102  34  0  0 L3E 8A
E29 FF 61045 105800  780 193 3181    +1663301    +75           9    +40   24  77  243  -58  321  -46  321  -46  15  0  0 L3E 2C
E30 FF 61045 105800  780 597 2372    +5939671   +419         -27    +11   20  82   94   -6  219  -24  219  -24  11  0  0 L3E 43
E02 FF 61045 111400  780 569  676      -80529     -9         -28    +20   13  84   96   +6  231  -11  231  -11   7  0  0 L3E C4
E07 FF 61045 111400  780 561 2556     +370075    +20          -4     -3   15  82   97   +2  204   +2  204    2   8  0  0 L3E 8F
E08 FF 61045 111400  780 318 1843     +679400    +55         -15    -14   14  83  153  +28  309  +39  309   39   9  0  0 L3E 20
E11 FF 61045 111400  780 156  419   -34518755  -1757         -19     +1   32  84  295  -13  440  +26  440   26  19  0  0 L3E 55
E27 FF 61045 111400  780 150 2450    +8715065    +56          -2    -49   23  84  310 -100  409  -65  409  -65  15  0  0 L3E 42
E29 FF 61045 111400  780 239 3159    +1663325    +66          -6    +32   25  84  199  -35  305  -36  305  -36  16  0  0 L3E 43
E30 FF 61045 111400  780 655 2420    +5940067   +415         -20     +8   12  84   89   -4  201  -20  201  -20   7  0  0 L3E F3
E36 FF 61045 111400  780 132  904    +5046669   +151         -23    +97   23  84  351 -116  559 -233  559 -233  16  0  0 L3E 8B
E02 FF 61045 113000  780 514  688      -80555    -17         -26    +12   13  86  103   +8  233   +5  233    5   8  0  0 L3E AD
E07 FF 61045 113000  780 536 2458     +370088    +41         -14    +18   16  82  100   +4  213   -6  213   -6   9  0  0 L3E D8
E08 FF 61045 113000  780 255 1842     +679469    +77         -12     +8   19  83  187  +44  343  +38  343   38  11  0  0 L3E 2B
E11 FF 61045 113000  780 159  365   -34520439  -1778         -15    -20   23  84  291   +3  417  -23  417  -23  15  0  0 L3E 56
E27 FF 61045 113000  780 199 2486    +8715153   +115         -13    +11   22  86  236  -58  354  -66  354  -66  14  0  0 L3E 68
E29 FF 61045 113000  780 280 3127    +1663365    +35           0     +0   16  86  172  -23  279  -19  279  -19  10  0  0 L3E 16
E30 FF 61045 113000  780 713 2476    +5940452   +425         -24    +18   14  86   85   -3  197  -17  197  -17   8  0  0 L3E 33
E36 FF 61045 113000  780 174  860    +5046728    +79         -17    +25   25  86  269  -62  462  -68  462  -68  19  0  0 L3E 5C
E02 FF 61045 114600  780 460  708      -80587    -13         -32    +15   15  87  112  +10  246  -10  246  -10   9  0  0 L3E EA
E07 FF 61045 114600  780 498 2377     +370106    +42         -17    +19   14  82  106   +7  222   +5  222    5   9  0  0 L3E D8
E08 FF 61045 114600  780 194 1840     +679524    +48         -23    -20   17  83  241  +74  395  +67  395   67  10  0  0 L3E 3F
E11 FF 61045 114600  780 152  312   -34522130  -1711         -19    +47   30  84  302  +21  393  -63  393  -63  19  0  0 L3E 5B
E27 FF 61045 114600  780 248 2524    +8715268   +113           2     +9   21  87  192  -37  303  -38  303  -38  14  0  0 L3E 30
E29 FF 61045 114600  780 316 3085    +1663394    +44          -5     +9   20  87  154  -15  269   -8  269   -8  12  0  0 L3E 16
E30 FF 61045 114600  780 770 2549    +5940854   +413         -12     +6    8  87   83   -2  183   -8  183   -8   5  0  0 L3E EF
E36 FF 61045 114600  780 211  811    +5046777    +15         -20    -39   20  87  223  -36  391   +5  391    5  14  0  0 L3E 01
E02 FF 61045 120200  780 407  733      -80615    -23         -33     +6   16  88  123  +13  248   +8  248    8  10  0  0 L3E BE
E07 FF 61045 120200  780 451 2313     +370126    +23         -19     +0   16  89  114  +10  237  +16  237   16   9  0  0 L3E E7
E08 FF 61045 120200  780 134 1838     +679603    +81          -9    +13   19  89  343 +147  432  +40  432   40  13  0  0 L3E 25
E11 FF 61045 120200  780 137  263   -34523826  -1701         -27    +57   30  84  334  +46  382  -64  382  -64  18  0  0 L3E 71
E27 FF 61045 120200  780 298 2563    +8715355   +121         -11    +17   15  89  163  -26  284  -24  284  -24  10  0  0 L3E 5C
E29 FF 61045 120200  780 345 3033    +1663428    +64          -7    +29   21  89  142   -9  257  -36  257  -36  12  0  0 L3E 2D
E30 FF 61045 120200  780 825 2672    +5941241   +393         -16    -14   12  88   82   -1  181   +4  181    4   7  0  0 L3E EA
E34 FF 61045 120200  780 114 1261    +2278180     -8         -36    -31   37  89  405 -189  530 -122  530 -122  26  0  0 L3E 62
E36 FF 61045 120200  780 243  758    +5046827    +49         -22     -5   25  89  196  -22  350  -47  350  -47  15  0  0 L3E 34
E02 FF 61045 121800  780 356  762      -80623    -69         -13    -41   17  88  138  +18  253  +39  253   39  10  0  0 L3E 0E
E07 FF 61045 121800  780 399 2264     +370156     +8         -10    -14   17  90  126  +15  249  +33  249   33  10  0  0 L3E 0F
E11 FF 61045 121800  780 114  218   -34525513  -1795         -18    -36   28  90  397  +90  363  +20  363   20  18  0  0 L3E 65
E27 FF 61045 121800  780 348 2603    +8715452   +131         -12    +26   17  90  142  -19  267  -41  267  -41  10  0  0 L3E 53
E29 FF 61045 121800  780 365 2972    +1663465    +10          -5    -25   19  90  136   -5  240   +5  240    5  12  0  0 L3E EC
E30 FF 61045 121800  780 871 3120    +5941638   +420          -9    +13   15  88   81   +0  173  -10  173  -10   9  0  0 L3E 03
E34 FF 61045 121800  780 168 1232    +2278216    +34         -22    +11   34  90  279  -89  430  -85  430  -85  23  0  0 L3E 4C
E36 FF 61045 121800  780 267  699    +5046881    +52         -21     -2   23  90  179  -13  301  -55  301  -55  15  0  0 L3E 28
E02 FF 61045 123400  780 306  793      -80658     -7         -21    +21   19  88  158  +24  271   +4  271    4  11  0  0 L3E C8
E07 FF 61045 123400  780 343 2225     +370168    +33         -21    +10   14  92  143  +21  275  +20  275   20   8  0  0 L3E F4
E19 FF 61045 123400  780 102 3322   -26076887   -324         -19    +23   31  90  446 -176  411  -44  411  -44  20  0  0 L3E 79
E27 FF 61045 123400  780 398 2644    +8715547   +152         -16    +48   27  92  126  -14  241  -51  241  -51  16  0  0 L3E 63
E29 FF 61045 123400  780 374 2904    +1663492     +4         -12    -31   25  90  133   -1  233   +2  233    2  15  0  0 L3E DA
E30 FF 61045 123400  780 851  454    +5942026   +404         -10     -3    9  92   81   +1  169   -9  169   -9   5  0  0 L3E CE
E34 FF 61045 123400  780 221 1199    +2278245    +35         -14    +12   20  92  214  -51  353 -102  353 -102  12  0  0 L3E 4A
E36 FF 61045 123400  780 281  637    +5046929    +98         -25    +44   30  90  171   -6  282  -25  282  -25  18  0  0 L3E 34
E02 FF 61045 125000  780 257  827      -80687     +3         -24    +31   20  94  185  +33  289   -6  289   -6  12  0  0 L3E E4
E07 FF 61045 125000  780 286 2195     +370193     +1         -18    -22   16  93  168  +32  304  +39  304   39  10  0  0 L3E 0D
E19 FF 61045 125000  780 141 3292   -26077220   -366         -19    -20   30  90  328  -84  379  -18  379  -18  18  0  0 L3E 82
E27 FF 61045 125000  780 449 2685    +8715642    +89         -22    -15   19  94  114  -11  213  -14  213  -14  11  0  0 L3E 45
E29 FF 61045 125000  780 373 2833    +1663531    +11          -7    -24   14  90  133   +2  221  +13  221   13   9  0  0 L3E E4
E30 FF 61045 125000  780 800  661    +5942407   +356         -19    -51    9  94   82   +1  164  +17  164   17   5  0  0 L3E F3
E34 FF 61045 125000  780 274 1162    +2278272    +30          -9     +7   16  94  175  -31  306  -21  306  -21   9  0  0 L3E 06
E36 FF 61045 125000  780 286  573    +5046991    +47         -14     -7   22  90  168   +0  254  -12  254  -12  13  0  0 L3E 0E
E02 FF 61045 130600  780 209  862      -80701    -67         -11    -38   17  95  224  +49  290  +33  290   33  12  0  0 L3E FF
E07 FF 61045 130600  780 228 2169     +370212    +28         -21     +5   23  93  207  +51  339  +48  339   48  14  0  0 L3E 13
E19 FF 61045 130600  780 175 3255   -26077536   -333          -2    +14   18  90  267  -47  339  -50  339  -50  12  0  0 L3E 68
E27 FF 61045 130600  780 501 2727    +8715743   +118         -20    +13   11  95  105   -8  190  -23  190  -23   7  0  0 L3E 2A
E29 FF 61045 130600  780 359 2762    +1663551    +85         -21    +50   15  90  137   +6  231  -36  231  -36  10  0  0 L3E 2D
E30 FF 61045 130600  780 746  755    +5942804   +409         -13     +2    9  95   84   +2  153   -5  153   -5   5  0  0 L3E CF
E34 FF 61045 130600  780 324 1117    +2278289    +28         -14     +5   17  95  151  -21  268  -70  268  -70  10  0  0 L3E 36
E36 FF 61045 130600  780 280  512    +5047041    +62         -16     +8   21  90  171   +6  234  -22  234  -22  13  0  0 L3E F1
E02 FF 61045 132200  780 163  898      -80742    -25         -23     +3   20  96  285  +80  311   +8  311    8  12  0  0 L3E C2
E07 FF 61045 132200  780 171 2147     +370240     -9         -15    -32   23  93  272  +88  387  +86  387   86  15  0  0 L3E 28
E15 FF 61045 132200  780 130 1560    +2262227    -21         -14    -49   26  97  357 -161  416   +8  416    8  17  0  0 L3E 25
E19 FF 61045 132200  780 202 3211   -26077882   -342         -19     +4   23  97  233  -27  314  -28  314  -28  14  0  0 L3E 58
E27 FF 61045 132200  780 553 2769    +8715841   +102         -23     -3   11  97   98   -7  174  -27  174  -27   6  0  0 L3E 28
E29 FF 61045 132200  780 336 2697    +1663597    +67         -12    +31   21  97  145  +11  224  -12  224  -12  13  0  0 L3E 40
E30 FF 61045 132200  780 692  822    +5943194   +437         -15    +30   14  97   86   +3  150  -13  150  -13   8  0  0 L3E 0B
E34 FF 61045 132200  780 369 1063    +2278303     -2         -24    -25   17  97  135  -14  221  -12  221  -12  10  0  0 L3E 17
E36 FF 61045 132200  780 264  454    +5047087    +62         -18     +8   18  97  181  +13  236   -5  236   -5  11  0  0 L3E 02
E02 FF 61045 133800  780 117  934      -80764    -36         -18     -8   50  96  390 +149  328  +32  328   32  30  0  0 L3E 10
E07 FF 61045 133800  780 115 2127     +370248    -18         -29    -41   24  93  396 +185  455  +82  455   82  14  0  0 L3E 4D
E15 FF 61045 133800  780 189 1546    +2262230    -34         -36    -61   20  98  249  -79  376  -87  376  -87  13  0  0 L3E 70
E19 FF 61045 133800  780 221 3161   -26078200   -313          -6    +33   32  98  213  -15  291  -32  291  -32  19  0  0 L3E 50
E27 FF 61045 133800  780 607 2811    +8715943   +112         -22     +8   14  98   93   -5  160  -18  160  -18   8  0  0 L3E 1E
E29 FF 61045 133800  780 304 2637    +1663636    +64          -7    +28   17  98  159  +17  232   -5  232   -5  10  0  0 L3E 1D
E30 FF 61045 133800  780 638  878    +5943580   +421         -19    +14   13  98   90   +4  154   -7  154   -7   7  0  0 L3E 04
E34 FF 61045 133800  780 407  999    +2278323    -20         -25    -43   20  98  124   -9  203   -1  203   -1  11  0  0 L3E F5
E36 FF 61045 133800  780 239  404    +5047143    +38         -13    -15   12  98  198  +23  249  +27  249   27   8  0  0 L3E 28
E15 FF 61045 135400  780 250 1531    +2262260    +28         -30     +0   17 100  191  -46  290  -76  290  -76  11  0  0 L3E 2E
E19 FF 61045 135400  780 232 3106   -26078548   -346         -20     +0   21 100  204   -5  288  -10  288  -10  13  0  0 L3E 45
E21 FF 61045 135400  780 133 2792    +7129297     -7          -6    -33   32 100  346 -119  359  -21  359  -21  20  0  0 L3E 48
E27 FF 61045 135400  780 661 2851    +8716044   +115         -21    +11   14  99   88   -4  155   -8  155   -8   8  0  0 L3E 0F
E29 FF 61045 135400  780 266 2585    +1663667    +92          -9    +56   15 100  179  +26  257  -13  257  -13   9  0  0 L3E 50
E30 FF 61045 135400  780 585  930    +5943970   +438         -20    +31   10 100   95   +6  155  -21  155  -21   6  0  0 L3E 17
E34 FF 61045 135400  780 436  925    +2278354    +62         -17    +39   17 100  117   -5  187  -35  187  -35  10  0  0 L3E 3D
E36 FF 61045 135400  780 207  361    +5047196   +102         -11    +48   18 100  227  +38  266   +3  266    3  11  0  0 L3E 16
E15 FF 61045 141000  780 312 1514    +2262286    -14         -29    -41   18 102  156  -29  239   +5  239    5  11  0  0 L3E 17
E19 FF 61045 141000  780 234 3048   -26078869   -320          -7    +26   32 102  202   +3  278  -27  278  -27  20  0  0 L3E 5A
E21 FF 61045 141000  780 180 2825    +7129299    +57         -25    +31   23 102  260  -68  322  -69  322  -69  15  0  0 L3E 5A
E27 FF 61045 141000  780 716 2891    +8716156   +114          -9    +10    9  99   85   -3  145   -6  145   -6   5  0  0 L3E EC
E29 FF 61045 141000  780 223 2539    +1663703    +63          -9    +27   21 102  212  +42  280   +9  280    9  14  0  0 L3E 04
E30 FF 61045 141000  780 532  978    +5944363   +355         -18    -51   17 102  101   +7  162  +49  162   49  10  0  0 L3E 34
E34 FF 61045 141000  780 454  843    +2278379     +3         -14    -20   18 102  113   -2  176  +19  176   19  11  0  0 L3E 0A
E36 FF 61045 141000  780 168  326    +5047253    -41          -5    -94   25 102  275  +66  281  +61  281   61  15  0  0 L3E 24
E15 FF 61045 142600  780 375 1492    +2262316     +4         -24    -24   16 103  133  -20  213  -19  213  -19  10  0  0 L3E 28
E19 FF 61045 142600  780 226 2990   -26079191   -318           1    +27   19 103  209  +11  266  -24  266  -24  12  0  0 L3E 62
E21 FF 61045 142600  780 228 2856    +7129343    +22          -2     -3   21 103  208  -43  264  -40  264  -40  12  0  0 L3E 1D
E27 FF 61045 142600  780 773 2928    +8716250    +97         -17     -8   12  99   83   -2  142   -5  142   -5   7  0  0 L3E F5
E29 FF 61045 142600  780 176 2498    +1663730    +18         -16    -18   23 102  264  +70  314  +46  314   46  14  0  0 L3E 4E
E30 FF 61045 142600  780 479 1024    +5944756   +434         -16    +28   14 103  109   +9  171   -3  171   -3   9  0  0 L3E 23
E34 FF 61045 142600  780 457  758    +2278399    +29         -16     +6   21 103  113   +1  179   -1  179   -1  12  0  0 L3E 03
E36 FF 61045 142600  780 125  300    +5047310   +108           2    +55   22 103  364 +127  278  -47  278  -47  14  0  0 L3E 40
E15 FF 61045 144200  780 437 1462    +2262350     +4         -17    -23   13 105  117  -14  195   +5  195    5   8  0  0 L3E F5
E19 FF 61045 144200  780 209 2933   -26079528   -399          -5    -53   26 105  225  +22  278  +51  278   51  16  0  0 L3E 78
E21 FF 61045 144200  780 278 2884    +7129346    -25         -20    -50   20 105  173  -30  245   +2  245    2  13  0  0 L3E 15
E27 FF 61045 144200  780 830 2958    +8716344   +137         -22    +32    8  99   81   -1  142  -24  142  -24   5  0  0 L3E 18
E29 FF 61045 144200  780 128 2463    +1663757    +43         -24     +7   22 102  357 +133  356  +40  356   40  14  0  0 L3E 45
E30 FF 61045 144200  780 427 1068    +5945149   +401         -12     -6   12 105  119  +12  185  +15  185   15   7  0  0 L3E 2D
E34 FF 61045 144200  780 448  676    +2278429    +36         -10    +13   13 105  115   +3  171  -12  171  -12   7  0  0 L3E 0F
E13 FF 61045 145800  780 114 1853     +459311    +35          -2    +28   20 102  406 -209  334 -110  334 -110  13  0  0 L3E 47
E15 FF 61045 145800  780 497 1421    +2262375    +40         -19    +12   14 106  106  -10  181  -25  181  -25   8  0  0 L3E 37
E19 FF 61045 145800  780 184 2880   -26079857   -271          -1    +74   29 106  253  +38  284  -40  284  -40  18  0  0 L3E 8C
E21 FF 61045 145800  780 328 2909    +7129368    +21         -20     -3   22 106  149  -21  219  -17  219  -17  14  0  0 L3E 46
E27 FF 61045 145800  780 888 2885    +8716446   +112         -18     +8   11 106   81   +0  136   -5  136   -5   6  0  0 L3E 10
E30 FF 61045 145800  780 374 1110    +5945534   +405         -18     -2   16 106  133  +16  204  +15  204   15   9  0  0 L3E 24
E34 FF 61045 145800  780 425  604    +2278445    +49         -15    +26   14 106  119   +6  175  -15  175  -15   8  0  0 L3E 2B
E04 FF 61045 151400  780 101 3364     +334592   +165         -25    +57   42 108  446  -44  333  -34  333  -34  26  0  0 L3E 50
E13 FF 61045 151400  780 174 1858     +459300     -7         -20    -15   18 102  270  -94  297  -25  297  -25  11  0  0 L3E 38
E15 FF 61045 151400  780 552 1362    +2262403    +37         -18     +9   17 108   98   -7  167  -16  167  -16  10  0  0 L3E 25
E19 FF 61045 151400  780 153 2831   -26080196   -311          -8    +35   35 106  302  +66  308   +0  308    0  20  0  0 L3E 25
E21 FF 61045 151400  780 380 2930    +7129406    +37          -6    +12   12 108  131  -16  193  -21  193  -21   7  0  0 L3E 1F
E27 FF 61045 151400  780 852 1293    +8716565   +110           2     +6   12 108   81   +1  126   -2  126   -2   7  0  0 L3E CF
E30 FF 61045 151400  780 322 1150    +5945927   +399         -15     -8   14 106  151  +22  217  +22  217   22   8  0  0 L3E 2D
E34 FF 61045 151400  780 393  544    +2278462     -6         -19    -29   15 108  127  +10  181  +23  181   23   9  0  0 L3E 15
E04 FF 61045 153000  780 107 3315     +334690   +155         -33    +47   44 110  422   -8  340  -32  340  -32  26  0  0 L3E 29
E13 FF 61045 153000  780 235 1866     +459324    +35           6    +28   22 110  202  -52  243  -64  243  -64  14  0  0 L3E 17
E15 FF 61045 153000  780 600 1278    +2262431     -6         -17    -33   14 110   93   -4  157  +10  157   10   8  0  0 L3E E8
E19 FF 61045 153000  780 116 2786   -26080526   -347          -7     -1   35 106  391 +127  329  +22  329   22  23  0  0 L3E 62
E21 FF 61045 153000  780 434 2946    +7129417    +35         -18    +10   13 110  118  -12  182  -29  182  -29   8  0  0 L3E 3D
E27 FF 61045 153000  780 792 1311    +8716649   +145         -14    +41   10 110   82   +2  134  -26  134  -26   5  0  0 L3E 22
E30 FF 61045 153000  780 270 1188    +5946314   +406         -18     -1   22 110  177  +32  232  +11  232   11  12  0  0 L3E 24
E34 FF 61045 153000  780 353  499    +2278491    -14         -11    -36   14 110  139  +15  179  +21  179   21   8  0  0 L3E 28
E04 FF 61045 154600  780 105 3265     +334801   +112         -27     +4   28 111  430  +24  327   -3  327   -3  18  0  0 L3E 06
E13 FF 61045 154600  780 299 1875     +459325    +11           1     +4   19 111  162  -33  210  -35  210  -35  13  0  0 L3E 02
E15 FF 61045 154600  780 634 1163    +2262458    +53         -18    +25   11 111   90   -2  147  -27  147  -27   7  0  0 L3E 1D
E21 FF 61045 154600  780 488 2953    +7129441     -4         -17    -28   15 111  107   -9  166   +0  166    0   9  0  0 L3E F7
E27 FF 61045 154600  780 732 1341    +8716743    +95         -20     -9   11 111   84   +3  136   -1  136   -1   7  0  0 L3E E5
E30 FF 61045 154600  780 219 1223    +5946705   +422         -18    +15   23 111  215  +49  244   -5  244   -5  14  0  0 L3E 39
E34 FF 61045 154600  780 308  466    +2278515    +16          -8     -7   17 111  157  +22  173   +2  173    2  10  0  0 L3E E7
E13 FF 61045 160200  780 363 1886     +459322    -30          -9    -36   15 111  137  -22  191   -2  191   -2   9  0  0 L3E F6
E15 FF 61045 160200  780 651 1023    +2262477    +13         -27    -14   16 113   89   +0  144   +0  144    0   9  0  0 L3E D3
E21 FF 61045 160200  780 543 2950    +7129462    +30         -19     +6    9 113  100   -7  152  -18  152  -18   5  0  0 L3E 00
E27 FF 61045 160200  780 670 1373    +8716850   +157         -12    +52   10 113   88   +4  130  -31  130  -31   6  0  0 L3E 1E
E30 FF 61045 160200  780 167 1257    +5947089   +404         -24     -3   16 113  277  +83  261  +22  261   22  10  0  0 L3E 40
E34 FF 61045 160200  780 259  445    +2278527    +23         -17     +0   20 113  184  +34  174   -9  174   -9  12  0  0 L3E 0A
E13 FF 61045 161800  780 429 1897     +459325    +35         -12    +28   17 111  119  -15  170  -49  170  -49  11  0  0 L3E 4E
E15 FF 61045 161800  780 646  878    +2262509     +3         -21    -25   13 114   89   +1  129   +1  129    1   8  0  0 L3E CC
E21 FF 61045 161800  780 597 2929    +7129499    +46          -6    +22    9 114   94   -5  128  -33  128  -33   5  0  0 L3E 1C
E27 FF 61045 161800  780 609 1404    +8716946   +126         -17    +22   12 114   92   +6  132  -18  132  -18   8  0  0 L3E 36
E30 FF 61045 161800  780 116 1288    +5947479   +447         -25    +41   28 114  392 +167  263  -16  263  -16  19  0  0 L3E 97
E34 FF 61045 161800  780 208  434    +2278542     +7         -23    -16   16 114  225  +54  169   -2  169   -2  10  0  0 L3E 0A
E13 FF 61045 163400  780 495 1907     +459321     +9         -23     +2   17 111  106  -11  148  -28  148  -28  11  0  0 L3E 1A
E15 FF 61045 163400  780 622  755    +2262532    +29         -25     +2   11 114   91   +3  118  -15  118  -15   6  0  0 L3E EB
E21 FF 61045 163400  780 648 2882    +7129528    +17          -2     -8   10 116   89   -4  109  -10  109  -10   6  0  0 L3E 00
E23 FF 61045 163400  780 140 3058     +210440    -39         -14    -52   23 116  332 -119  255  -42  255  -42  16  0  0 L3E 43
E27 FF 61045 163400  780 547 1433    +8717040   +110         -23     +6   11 116   99   +8  129  -11  129  -11   7  0  0 L3E 18
E34 FF 61045 163400  780 157  431    +2278577    +64         -11    +41   25 116  295  +95  143  -60  143  -60  17  0  0 L3E 49
E13 FF 61045 165000  780 561 1915     +459342    +16          -8    +10   13 118   97   -8  114  -26  114  -26   7  0  0 L3E F9
E15 FF 61045 165000  780 583  666    +2262556     +3         -28    -25   13 114   95   +5  104   -2  104   -2   8  0  0 L3E D0
E21 FF 61045 165000  780 694 2792    +7129540    +30         -15     +5   13 118   86   -2  103  -20  103  -20   7  0  0 L3E FA
E23 FF 61045 165000  780 190 3070     +210424    +45         -41    +33   21 117  247  -65  221  -75  221  -75  14  0  0 L3E 2A
E27 FF 61045 165000  780 485 1462    +8717141    +72         -22    -33   14 118  108  +11  121   +9  121    9   8  0  0 L3E 09
E34 FF 61045 165000  780 105  434    +2278592    +25         -16     +3   29 118  430 +203  117  -36  117  -36  17  0  0 L3E 3C
E13 FF 61045 170600  780 628 1917     +459344    -39         -12    -45   12 119   91   -6   98   +9   98    9   7  0  0 L3E E0
E15 FF 61045 170600  780 536  609    +2262585     +6         -26    -22   10 114  100   +7   91   -3   91   -3   6  0  0 L3E B9
E21 FF 61045 170600  780 726 2640    +7129570    +51          -9    +26    9 119   85   -1   86  -30   86  -30   5  0  0 L3E E4
E23 FF 61045 170600  780 242 3075     +210446     +0         -31    -12   22 117  197  -41  166  -46  166  -46  13  0  0 L3E 22
E26 FF 61045 170600  780 136 2157    -1826994   -118         -18     -8   30 119  341 -137  240  -31  240  -31  18  0  0 L3E 6E
E27 FF 61045 170600  780 423 1488    +8717246   +127         -17    +22   13 119  120  +15  116   -7  116   -7   8  0  0 L3E 33
E13 FF 61045 172200  780 694 1907     +459355    -15          -6    -21   14 121   86   -4   70   -2   70   -2   8  0  0 L3E B4
E15 FF 61045 172200  780 484  576    +2262617    +20         -15     -8   14 121  108   +9   75   +0   75    0   8  0  0 L3E B3
E21 FF 61045 172200  780 735 2435    +7129599    +15          -4    -10   10 121   84   +0   66   -4   66   -4   6  0  0 L3E C1
E23 FF 61045 172200  780 293 3073     +210480    +10          -9     -2   14 117  165  -27  115  -32  115  -32   9  0  0 L3E F6
E26 FF 61045 172200  780 192 2184    -1827102   -128         -20    -19   18 121  245  -71  196  -32  196  -32  12  0  0 L3E 67
E27 FF 61045 172200  780 362 1512    +8717345   +116         -18    +12   14 121  136  +20  114   -6  114   -6   8  0  0 L3E 1C
E13 FF 61045 173800  780 758 1863     +459366    +29          -1    +22   11 121   83   -2   55  -25   55  -25   7  0  0 L3E E3
E15 FF 61045 173800  780 430  560    +2262635    +45         -24    +18   11 122  118  +12   64  -15   64  -15   7  0  0 L3E FF
E21 FF 61045 173800  780 717 2238    +7129625    +43          -2    +18    9 122   85   +2   56  -17   56  -17   5  0  0 L3E E5
E23 FF 61045 173800  780 344 3062     +210478     -7         -22    -19   16 117  143  -19   96  -10   96  -10  10  0  0 L3E 09
E26 FF 61045 173800  780 248 2213    -1827203    -91         -15    +18   23 122  193  -42  140  -61  140  -61  14  0  0 L3E 48
E27 FF 61045 173800  780 302 1535    +8717452    +71         -11    -34   16 122  160  +30  111  +18  111   18  10  0  0 L3E 2B
E13 FF 61045 175400  780 815 1717     +459356    +22         -17    +16   11 121   82   -1   56  -14   56  -14   6  0  0 L3E E6
E15 FF 61045 175400  780 376  557    +2262662    +26         -23     -1   12 124  132  +17   58   -2   58   -2   7  0  0 L3E D6
E21 FF 61045 175400  780 676 2099    +7129642    +94         -10    +70   13 124   87   +3   54  -52   54  -52   7  0  0 L3E 0A
E23 FF 61045 175400  780 394 3040     +210496    +54         -12    +42   18 124  127  -14   61  -40   61  -40  11  0  0 L3E 05
E26 FF 61045 175400  780 304 2246    -1827300    -87          -7    +22   20 124  160  -28   99  -51   99  -51  11  0  0 L3E 26
E27 FF 61045 175400  780 242 1555    +8717544   +161         -19    +56   19 122  196  +46  118  -30  118  -30  11  0  0 L3E 6F
E13 FF 61045 181000  780 845 1244     +459382     -9           3    -15   15 121   81   +0   38   +5   38    5   8  0  0 L3E 85
E15 FF 61045 181000  780 322  563    +2262689    +26         -22     -1   19 126  151  +23   54   +3   54    3  11  0  0 L3E C8
E21 FF 61045 181000  780 623 2014    +7129665    +74         -11    +50   13 126   91   +5   51  -31   51  -31   8  0  0 L3E E4
E23 FF 61045 181000  780 440 3004     +210498    +18         -20     +7   14 125  116  -10   52  -15   52  -15   8  0  0 L3E D9
E26 FF 61045 181000  780 361 2283    -1827411   -134         -12    -25   19 126  137  -19   75  -10   75  -10  12  0  0 L3E 39
E27 FF 61045 181000  780 184 1572    +8717645   +124         -17    +19   12 126  254  +79  119  -12  119  -12   8  0  0 L3E 60
E13 FF 61045 182600  780 814  790     +459379    -36         -11    -42    9   0   82   +1   39  +19   39   19   5  0  0 L3E A9
E15 FF 61045 182600  780 269  577    +2262704    +38         -32    +11   15   0  178  +33   59   -9   59   -9   9  0  0 L3E DE
E21 FF 61045 182600  780 564 1963    +7129686    +62         -14    +37   14   0   97   +7   51  -25   51  -25   8  0  0 L3E E9
E23 FF 61045 182600  780 480 2952     +210512    +33         -18    +21   11 125  109   -7   42  -21   42  -21   6  0  0 L3E DD
E26 FF 61045 182600  780 418 2322    -1827514   -161         -10    -51   17   0  121  -14   56  +18   56   18  10  0  0 L3E 04
E27 FF 61045 182600  780 126 1587    +8717728    +71         -34    -33   23   0  363 +160  134  +22  134   22  15  0  0 L3E 35
E03 FF 61045 184200  780 116  559      -81258    +30         -14     +8   41   0  392  -79   44  -13   44  -13  26  0  0 L3E C3
E13 FF 61045 184200  780 760  656     +459370    +52         -26    +45   11   2   83   +2   42  -35   42  -35   6  0  0 L3E AF
E15 FF 61045 184200  780 217  596    +2262749    +58         -13    +30   21   2  217  +50   46  -16   46  -16  13  0  0 L3E F8
E21 FF 61045 184200  780 502 1933    +7129708    +37         -16    +12   10   2  105  +10   53   -4   53   -4   6  0  0 L3E BE
E23 FF 61045 184200  780 512 2882     +210540     +3          -1     -9   13 125  104   -4   26   +0   26    0   8  0  0 L3E 72
E26 FF 61045 184200  780 474 2365    -1827620    -99         -10    +10   14   2  110  -10   47  -13   47  -13   8  0  0 L3E F1
E03 FF 61045 185800  780 136  508      -81248    +32         -26     +9   30   0  337  -41   47  -11   47  -11  19  0  0 L3E C1
E13 FF 61045 185800  780 702  623     +459381    -38         -22    -45    9   3   86   +3   39  +25   39   25   5  0  0 L3E A8
E15 FF 61045 185800  780 166  619    +2262766     -3         -22    -30   22   3  278  +81   53  +21   53   21  14  0  0 L3E DA
E21 FF 61045 185800  780 438 1914    +7129740    +26          -8     +1   13   3  116  +14   50   +4   50    4   8  0  0 L3E 9C
E23 FF 61045 185800  780 533 2795     +210529     -4         -25    -16   14   3  101   -2   38  +11   38   11   8  0  0 L3E AE
E26 FF 61045 185800  780 531 2413    -1827721   -118          -5     -8   13   3  101   -8   41   +1   41    1   8  0  0 L3E 99
E31 FF 61045 185800  780 146 3209    +1103050    +23           2     -2   18   0  318 -103   35   -5   35   -5  11  0  0 L3E A9
E03 FF 61045 191400  780 149  456      -81211    +22         -11     -1   28   0  309  -18   34   -4   34   -4  18  0  0 L3E 8E
E08 FF 61045 191400  780 119  956     +681414   -289          45   -357  146   5  386 -142   49 +185   49  185  80  0  0 L3E 70
E13 FF 61045 191400  780 644  624     +459389    -42         -21    -49   10   5   89   +4   35  +28   35   28   6  0  0 L3E BA
E15 FF 61045 191400  780 118  646    +2262792    +40         -22    +13   22   5  387 +154   59   +1   59    1  15  0  0 L3E DA
E21 FF 61045 191400  780 374 1903    +7129764    +17          -8     -7   10   5  132  +20   57  +12   57   12   6  0  0 L3E C4
E23 FF 61045 191400  780 539 2696     +210553    +26         -13    +13   17   4  100   +0   29   -8   29   -8  10  0  0 L3E B7
E26 FF 61045 191400  780 587 2467    -1827828   -113          -7     -3   15   5   95   -6   35   -2   35   -2   8  0  0 L3E BB
E31 FF 61045 191400  780 192 3192    +1103066    +37          -8    +11   25   5  244  -57   36  -20   36  -20  15  0  0 L3E EA
E03 FF 61045 193000  780 153  404      -81192    +43          -7    +20   34   7  301   +0   31  -16   31  -16  23  0  0 L3E 8C
E08 FF 61045 193000  780 162  914     +681436    +81           1    +14   26   7  288  -73   64  -20   64  -20  17  0  0 L3E CE
E13 FF 61045 193000  780 587  641     +459399     -8         -18    -15   11   5   94   +6   34   +6   34    6   6  0  0 L3E 84
E21 FF 61045 193000  780 311 1895    +7129792    +14          -4    -11   14   5  156  +29   60   +6   60    6   8  0  0 L3E B7
E23 FF 61045 193000  780 530 2596     +210551     +7         -26     -5   11   4  101   +2   38   +3   38    3   7  0  0 L3E 69
E26 FF 61045 193000  780 643 2528    -1827935   -125          -9    -15   16   5   90   -4   31   -2   31   -2   9  0  0 L3E BA
E31 FF 61045 193000  780 236 3166    +1103081     -5         -18    -31   28   7  201  -35   37  +15   37   15  17  0  0 L3E DE
E33 FF 61045 193000  780 140 2493       +7331     +5          -4     -6   27   7  330 -112   72  -15   72  -15  19  0  0 L3E A4
E03 FF 61045 194600  780 149  352      -81193    +68         -28    +45   33   8  309  +17   41  -20   41  -20  20  0  0 L3E D1
E08 FF 61045 194600  780 201  868     +681483    +50         -16    -18   24   8  234  -42   64   -9   64   -9  14  0  0 L3E DB
E13 FF 61045 194600  780 532  666     +459400     -9         -23    -16   12   5  101   +7   37  +11   37   11   7  0  0 L3E 9B
E21 FF 61045 194600  780 249 1889    +7129797     +5         -23    -20   19   5  191  +45   80  +16   80   16  12  0  0 L3E 04
E23 FF 61045 194600  780 506 2505     +210577     -8         -12    -20   16   4  104   +5   31  +13   31   13   9  0  0 L3E 9D
E26 FF 61045 194600  780 698 2603    -1828050   -120         -19    -11   15   5   86   -3   31   +1   31    1   9  0  0 L3E B4
E31 FF 61045 194600  780 275 3131    +1103122    +30          -1     +4   17   8  175  -22   23   -8   23   -8  11  0  0 L3E A6
E33 FF 61045 194600  780 188 2532       +7334    +27         -10    +16   19   8  249  -63   66   +1   66    1  12  0  0 L3E AA
E03 FF 61045 200200  780 137  302      -81160    +51         -17    +29   23  10  335  +40   29  -28   29  -28  14  0  0 L3E CD
E08 FF 61045 200200  780 235  817     +681549    +88         -14    +21   24  10  202  -26   48  -25   48  -25  16  0  0 L3E F8
E13 FF 61045 200200  780 478  696     +459397     -4         -31    -11   14  10  109   +9   41   +5   41    5   9  0  0 L3E 91
E21 FF 61045 200200  780 188 1884    +7129846    +24           3     -1   18   5  248  +77   69   +5   69    5  12  0  0 L3E BE
E23 FF 61045 200200  780 470 2427     +210580    +16         -21     +4   11  10  110   +8   40   +6   40    6   6  0  0 L3E 70
E26 FF 61045 200200  780 751 2703    -1828162   -118         -21     -8   14  10   84   -2   32   +1   32    1   9  0  0 L3E 9F
E31 FF 61045 200200  780 308 3087    +1103140    +24          -3     -2   20  10  157  -14   25   +4   25    4  13  0  0 L3E 95
E33 FF 61045 200200  780 236 2573       +7362    +24           7    +14   21  10  201  -40   47  -32   47  -32  12  0  0 L3E A4
E03 FF 61045 201800  780 116  257      -81159    -26         -37    -48   25  11  391  +79   43  +25   43   25  16  0  0 L3E E1
E07 FF 61045 201800  780 149 1285     +370796    -28         -17    -50   30  11  312 -110   84  +25   84   25  19  0  0 L3E 12
E08 FF 61045 201800  780 262  761     +681601    +83         -25    +15   20  11  182  -16   45  -18   45  -18  12  0  0 L3E EF
E13 FF 61045 201800  780 425  730     +459401    -19         -32    -26   13  10  119  +12   43  +15   43   15   8  0  0 L3E C3
E21 FF 61045 201800  780 129 1879    +7129853    +25         -16     +1   17  11  354 +155   88  +17   88   17  11  0  0 L3E 20
E23 FF 61045 201800  780 425 2364     +210594    +21         -18     +9   16  11  119  +11   47   +1   47    1  10  0  0 L3E AB
E26 FF 61045 201800  780 800 2864    -1828269   -113         -23     -3   12  11   82   -1   31   +0   31    0   7  0  0 L3E 9F
E31 FF 61045 201800  780 334 3032    +1103158    +30         -10     +5   25  10  147   -9   28   -1   28   -1  15  0  0 L3E AF
E33 FF 61045 201800  780 285 2615       +7364    +29          -2    +19   17  11  169  -27   36  -28   36  -28  11  0  0 L3E DD
E07 FF 61045 203400  780 202 1255     +370813     +5         -19    -17   25  13  233  -60   78   -4   78   -4  17  0  0 L3E D0
E08 FF 61045 203400  780 281  701     +681667    +29         -23    -38   23  13  171   -8   38  +21   38   21  14  0  0 L3E D8
E13 FF 61045 203400  780 374  766     +459413    +48         -27    +41    9  10  132  +16   42  -23   42  -23   6  0  0 L3E CC
E23 FF 61045 203400  780 375 2314     +210606     +0         -18    -12   15  13  132  +16   48   -3   48   -3   9  0  0 L3E A9
E26 FF 61045 203400  780 838 3202    -1828370   -123         -19    -12    9  13   81   +0   24   +2   24    2   5  0  0 L3E A4
E31 FF 61045 203400  780 350 2970    +1103183    +37          -7    +12   19  13  141   -4   23   -5   23   -5  12  0  0 L3E B4
E33 FF 61045 203400  780 334 2659       +7370    +11          -6     +0   15  11  147  -20   31  -11   31  -11  10  0  0 L3E 94
E07 FF 61045 205000  780 255 1220     +370827    +43         -26    +21   25  15  188  -37   76  -19   76  -19  15  0  0 L3E 11
E08 FF 61045 205000  780 291  638     +681740    +50         -15    -18   18  13  166   -3   30  +15   30   15  11  0  0 L3E C7
E13 FF 61045 205000  780 324  804     +459424    +55         -23    +48   18  15  150  +21   47  -23   47  -23  11  0  0 L3E E8
E23 FF 61045 205000  780 321 2274     +210629     +4          -7     -8   15  13  151  +24   40  +11   40   11   9  0  0 L3E 8E
E26 FF 61045 205000  780 839  177    -1828476   -101         -18     +9    9  15   81   +0   22   -9   22   -9   5  0  0 L3E AC
E31 FF 61045 205000  780 356 2903    +1103199    +44         -17    +18   19  15  139   +0   30  -11   30  -11  11  0  0 L3E E8
E33 FF 61045 205000  780 383 2703       +7371    +21         -15    +10   12  11  130  -15   30  -10   30  -10   6  0  0 L3E 99
E07 FF 61045 210600  780 305 1179     +370854    +28         -20     +7   18  16  159  -24   70  -12   70  -12  10  0  0 L3E EB
E08 FF 61045 210600  780 290  575     +681817    +56          -2    -11   22  13  166   +3   21   +4   21    4  15  0  0 L3E 91
E13 FF 61045 210600  780 276  843     +459435     +6         -20     -1   12  16  174  +29   54  +14   54   14   7  0  0 L3E B0
E23 FF 61045 210600  780 266 2241     +210636    +22         -11    +10   18  13  180  +36   52   +8   52    8  11  0  0 L3E B5
E26 FF 61045 210600  780 802  522    -1828592   -126         -30    -16   11  16   82   +1   30  +12   30   12   7  0  0 L3E BF
E31 FF 61045 210600  780 350 2834    +1103225    +26         -17     +1   19  16  140   +4   29   -4   29   -4  13  0  0 L3E B8
E33 FF 61045 210600  780 433 2747       +7375    +10         -22     -1   16  11  118  -11   32   -3   32   -3  10  0  0 L3E 8A
E07 FF 61045 212200  780 353 1131     +370881    +28         -15     +6   16  18  140  -16   61   -9   61   -9  10  0  0 L3E C6
E08 FF 61045 212200  780 280  516     +681871    +87         -17    +19   17  18  171   +9   27   -6   27   -6  11  0  0 L3E CF
E13 FF 61045 212200  780 228  883     +459439     +5         -23     -2   20  18  207  +42   71  +24   71   24  12  0  0 L3E BB
E23 FF 61045 212200  780 210 2214     +210639    -44         -19    -56   21  13  224  +58   64  +39   64   39  14  0  0 L3E F3
E26 FF 61045 212200  780 754  687    -1828692    -94         -24    +16   10  18   83   +2   27  -10   27  -10   6  0  0 L3E DE
E31 FF 61045 212200  780 334 2767    +1103256    +37          -8    +12   14  18  146   +8   24   -5   24   -5   9  0  0 L3E B9
E33 FF 61045 212200  780 484 2792       +7386    -20         -17    -30   13  18  108   -9   28  +20   28   20   8  0  0 L3E B3
E07 FF 61045 213800  780 394 1074     +370890     +1         -28    -21   13  19  127  -11   61   -2   61   -2   8  0  0 L3E B9
E08 FF 61045 213800  780 259  462     +681941    +76         -12     +8   13  19  184  +16   27   -7   27   -7   8  0  0 L3E C8
E13 FF 61045 213800  780 181  923     +459430    -14         -38    -21   24  19  257  +65   91  +13   91   13  16  0  0 L3E EE
E23 FF 61045 213800  780 154 2189     +210649    -27         -20    -39   29  19  300 +106   75  +37   75   37  17  0  0 L3E 1D
E26 FF 61045 213800  780 703  790    -1828802   -103         -29     +7   13  19   86   +3   30   -1   30   -1   8  0  0 L3E AD
E29 FF 61045 213800  780 154 1604    +1664637    +47         -16    +12   20  19  302 -113   85  -22   85  -22  14  0  0 L3E 2A
E31 FF 61045 213800  780 309 2705    +1103274     +0         -15    -25   18  19  157  +14   28  +21   28   21  11  0  0 L3E E6
E33 FF 61045 213800  780 536 2837       +7402    +34         -10    +24   14  19  100   -7   20  -20   20  -20   8  0  0 L3E A1
E07 FF 61045 215400  780 429 1006     +370904    +22         -35     +0   14  19  119   -7   59   -7   59   -7   9  0  0 L3E B9
E08 FF 61045 215400  780 231  415     +681996    +62         -23     -6   22  21  204  +27   30   +1   30    1  13  0  0 L3E 9A
E26 FF 61045 215400  780 651  869    -1828907   -111         -29     -1   10  21   89   +4   33   +6   33    6   6  0  0 L3E AE
E29 FF 61045 215400  780 213 1591    +1664674    -40         -12    -75   14  21  222  -61   72  +28   72   28   9  0  0 L3E 04
E31 FF 61045 215400  780 275 2649    +1103297    +11         -16    -14   22  21  174  +22   30  +14   30   14  13  0  0 L3E ED
E33 FF 61045 215400  780 589 2883       +7403    +12         -18     +2   14  19   94   -6   22   -3   22   -3   8  0  0 L3E 7A
E07 FF 61045 221000  780 453  928     +370939    +17         -24     -5   15  23  114   -4   43   -3   43   -3   9  0  0 L3E 9A
E08 FF 61045 221000  780 196  377     +682072     +5         -13    -63   17  23  238  +45   21  +29   21   29  11  0  0 L3E D4
E26 FF 61045 221000  780 599  935    -1829009   -114         -25     -4   12  23   93   +5   38  +11   38   11   8  0  0 L3E CC
E29 FF 61045 221000  780 273 1577    +1664691    +43         -28     +8   13  23  176  -37   72  -18   72  -18   8  0  0 L3E 10
E31 FF 61045 221000  780 236 2599    +1103322    +48         -14    +22   19  23  200  +34   34   -6   34   -6  13  0  0 L3E DB
E33 FF 61045 221000  780 643 2929       +7421    -24         -10    -34   12  19   90   -4   17  +19   17   19   7  0  0 L3E 9D
E07 FF 61045 222600  780 464  844     +370945    +36         -40    +14   15  24  111   -1   47  -19   47  -19   9  0  0 L3E DB
E08 FF 61045 222600  780 156  346     +682140    +16         -12    -52   20  24  296  +79   22  +30   22   30  12  0  0 L3E D7
E12 FF 61045 222600  780 156 2868     +168693    +77          -4    +58   27  24  299  -90   38  -33   38  -33  17  0  0 L3E 22
E26 FF 61045 222600  780 546  993    -1829105    -90         -17    +20   10  24   99   +7   37   +1   37    1   6  0  0 L3E AD
E29 FF 61045 222600  780 334 1560    +1664730    +45         -23    +10   10  24  147  -25   64  -15   64  -15   6  0  0 L3E 00
E31 FF 61045 222600  780 192 2555    +1103354     +9          -9    -17   18  24  243  +56   54  +42   54   42  12  0  0 L3E E6
E33 FF 61045 222600  780 699 2976       +7429    +12         -12     +2    9  19   86   -3   17   +0   17    0   5  0  0 L3E 63
E07 FF 61045 224200  780 463  760     +370976    +45         -32    +23   11  26  112   +2   40  -11   40  -11   6  0  0 L3E B7
E08 FF 61045 224200  780 112  324     +682191   +129         -26    +61   20  25  404 +159   31  -32   31  -32  11  0  0 L3E 00
E12 FF 61045 224200  780 204 2900     +168695    +28         -20     +9   21  26  231  -55   46   -3   46   -3  13  0  0 L3E C8
E26 FF 61045 224200  780 493 1047    -1829214    -77         -21    +33   12  26  106   +9   48  -16   48  -16   7  0  0 L3E 03
E29 FF 61045 224200  780 395 1538    +1664769    +66         -17    +31   13  26  127  -17   55  -24   55  -24   8  0  0 L3E 25
E31 FF 61045 224200  780 146 2516    +1103369     +2         -19    -24   22  24  315 +100   82  +14   82   14  15  0  0 L3E F2
E33 FF 61045 224200  780 755 3025       +7438     +9         -15     -1   11  26   83   -2   18   +1   18    1   6  0  0 L3E 4E
E07 FF 61045 225800  780 448  682     +371011    +31         -18     +9   17  27  114   +4   33   -4   33   -4  10  0  0 L3E A2
E12 FF 61045 225800  780 253 2930     +168722     +7         -10    -12   25  27  189  -36   36  +11   36   11  16  0  0 L3E E5
E19 FF 61045 225800  780 104 1869   -26089837   -315         -24    +32   23  27  443 -243  105  -17  105  -17  15  0  0 L3E 88
E26 FF 61045 225800  780 440 1096    -1829325    -73         -27    +37   11  27  116  +11   57  -10   57  -10   6  0  0 L3E 0C
E29 FF 61045 225800  780 456 1508    +1664789    +22         -31    -13   15  27  113  -12   57   +2   57    2  10  0  0 L3E EE
E33 FF 61045 225800  780 813 3083       +7431    -19         -31    -29   11  27   82   -1   27  +17   27   17   6  0  0 L3E A5
E07 FF 61045 231400  780 422  615     +371024    +29         -28     +6   18  29  120   +7   39   -1   39   -1  11  0  0 L3E A2
E12 FF 61045 231400  780 304 2956     +168732     -6         -17    -24   30  29  159  -25   38  +10   38   10  19  0  0 L3E ED
E19 FF 61045 231400  780 162 1874   -26090174   -335         -22    +12   27  29  288 -105   92  -23   92  -23  17  0  0 L3E 61
E26 FF 61045 231400  780 387 1142    -1829430   -105         -27     +5   11  29  129  +15   61   +2   61    2   6  0  0 L3E CE
E29 FF 61045 231400  780 514 1466    +1664810    +26         -41     -9   17  29  103   -8   60   +3   60    3  10  0  0 L3E BE
E33 FF 61045 231400  780 872 3215       +7439    +12         -32     +2    9  29   81   +0   28   +1   28    1   6  0  0 L3E 4E
E07 FF 61045 233000  780 387  561     +371042     +4         -33    -18   14  30  129  +11   43  +18   43   18   8  0  0 L3E B9
E10 FF 61045 233000  780 126 2981    +7626161     +7         -11    -20   26  30  367 -141   35  +10   35   10  16  0  0 L3E F4
E12 FF 61045 233000  780 357 2978     +168759    +15          -8     -4   15  31  139  -19   27   +0   27    0   9  0  0 L3E B2
E19 FF 61045 233000  780 222 1881   -26090499   -316         -11    +31   21  30  213  -57   81  -26   81  -26  13  0  0 L3E 3C
E26 FF 61045 233000  780 334 1185    -1829528   -129         -20    -19   15  31  146  +21   67  +20   67   20   9  0  0 L3E 11
E29 FF 61045 233000  780 568 1406    +1664858    +64         -25    +29   16  30   97   -6   51  -10   51  -10   9  0  0 L3E F3
E33 FF 61045 233000  780 866 1204       +7461    +47         -19    +37    8  31   81   +0   26  -16   26  -16   5  0  0 L3E 99
E10 FF 61045 234600  780 175 3006    +7626193     +9          -4    -18   22  30  267  -76   27   +7   27    7  14  0  0 L3E D2
E12 FF 61045 234600  780 411 2994     +168771    +27         -14     +8   14  32  123  -14   31   -7   31   -7   9  0  0 L3E C1
E19 FF 61045 234600  780 284 1889   -26090831   -302          -9    +44   20  30  170  -35   75  -37   75  -37  13  0  0 L3E 46
E26 FF 61045 234600  780 281 1226    -1829638   -161         -26    -52   15  32  170  +30   79  +42   79   42   9  0  0 L3E 22
E29 FF 61045 234600  780 613 1320    +1664882    +24         -35    -11   17  30   92   -4   55   -3   55   -3   9  0  0 L3E C5
E33 FF 61045 234600  780 805 1314       +7458    +19         -32     +9   13  32   82   +2   39   +6   39    6   8  0  0 L3E 74
