CGGTTS     GENERIC DATA FORMAT VERSION = 2E
REV DATE = 2026-01-01                    
RCVR = POLARX5-TR                    R2CGGTTS v8.8    
CH = 99 
IMS = POLARX5-TR                    
LAB = PTB                           
X = +3844059.67 m 
Y =  +709661.67 m 
Z = +5023129.80 m 
FRAME = ITRF
COMMENTS =           IGS RINEX,AUSPOS XYZ          
INT DLY =   33.2 ns (GAL E1),   33.0 ns (GAL E5a)
CAB DLY =  205.7 ns 
REF DLY =   56.2 ns
REF = UTC(PTB)                      
CKSUM = 7B

SAT CL  MJD  STTIME TRKL ELV AZTH   REFSV      SRSV     REFSYS    SRSYS  DSG IOE MDTR SMDT MDIO SMDI MSIO SMSI ISG FR HC FRC CK
             hhmmss  s  .1dg .1dg    .1ns     .1ps/s     .1ns    .1ps/s .1ns     .1ns.1ps/s.1ns.1ps/s.1ns.1ps/s.1ns
E03 FF 61067 001400  780 183  532      -39238     +6          -9    -17   19  35  255  +70   36   +8   36    8  12  0  0 L3E 98
E07 FF 61067 001400  780 509 2143     +412886    +24          -9     +2   17  35  104  -10   69   -5   69   -5  10  0  0 L3E BE
E08 FF 61067 001400  780 688  765     +806750   +106          -3    +37   11  35   87   +3   32  -20   32  -20   6  0  0 L3E BE
E13 FF 61067 001400  780 570 1695     +472077    +31          -9    +25   14  35   96   +8   59   -4   59   -4   9  0  0 L3E B5
E26 FF 61067 001400  780 581 2924    -2028147   -109         -17     +0   10  35   95   -5   39   -1   39   -1   6  0  0 L3E C3
E33 FF 61067 001400  780 117 3164      +27067     +3          -2     -8   22  35  393 -171   40   -8   40   -8  13  0  0 L3E A4
E03 FF 61067 003000  780 132  544      -39229    +66         -23    +43   22  37  347 +129   41  -32   41  -32  14  0  0 L3E E8
E07 FF 61067 003000  780 571 2172     +412909    +39         -10    +17   14  37   96   -7   65  -18   65  -18   8  0  0 L3E E3
E08 FF 61067 003000  780 640  688     +806797    +40         -23    -28   16  37   90   +4   43  +19   43   19   9  0  0 L3E CA
E13 FF 61067 003000  780 503 1702     +472085    +36          -9    +29   18  37  105  +10   64  -14   64  -14  11  0  0 L3E E5
E26 FF 61067 003000  780 619 2836    -2028245   -119         -11     -9   16  37   92   -3   36  +10   36   10  10  0  0 L3E E3
E33 FF 61067 003000  780 169 3167      +27080    +21           2    +10   26  37  277  -84   31   +1   31    1  16  0  0 L3E 91
E07 FF 61067 004600  780 633 2203     +412927    +72         -14    +49   14  38   90   -5   62  -31   62  -31   8  0  0 L3E D3
E08 FF 61067 004600  780 586  649     +806880    +37          -6    -31   10  38   95   +6   33  +13   33   13   6  0  0 L3E B2
E13 FF 61067 004600  780 437 1711     +472087    +49         -15    +42   18  38  117  +15   75  -19   75  -19  11  0  0 L3E 17
E26 FF 61067 004600  780 642 2714    -2028344   -108          -4     +2   15  38   90   -1   36   +8   36    8   9  0  0 L3E AA
E29 FF 61067 004600  780 115 2318    +1729187    +46         -13    +11   31  38  400 -174  134  -16  134  -16  20  0  0 L3E 49
E33 FF 61067 004600  780 220 3162      +27092    +11           2     +0   14  38  215  -49   26   -3   26   -3   9  0  0 L3E 7C
E07 FF 61067 010200  780 695 2235     +412947    +44         -14    +21   11  40   86   -4   57  -25   57  -25   7  0  0 L3E D7
E08 FF 61067 010200  780 531  635     +806940    +69         -12     +0   17  40  101   +8   36   -2   36   -2   9  0  0 L3E 8F
E13 FF 61067 010200  780 371 1721     +472106    +13          -5     +5    9  40  134  +21   79   +9   79    9   6  0  0 L3E 8B
E26 FF 61067 010200  780 646 2572    -2028460   -101         -15     +8   14  40   89   +0   47   +3   47    3   8  0  0 L3E AF
E29 FF 61067 010200  780 166 2350    +1729217    +51         -17    +16   19  40  281  -86  117  -35  117  -35  12  0  0 L3E 40
E33 FF 61067 010200  780 271 3150      +27106    -19           6    -30   15  40  177  -31   25  +19   25   19  10  0  0 L3E B4
E07 FF 61067 011800  780 756 2268     +412973    +22          -9     -1    9  41   83   -2   50   +5   50    5   5  0  0 L3E 71
E08 FF 61067 011800  780 476  635     +807002    +71         -15     +2   13  41  109  +10   38   -4   38   -4   9  0  0 L3E A8
E13 FF 61067 011800  780 306 1731     +472113    +42          -5    +35   15  40  158  +31   90  -10   90  -10   9  0  0 L3E CC
E25 FF 61067 011800  780 102  318     -218995    -26         -20    -26   28  41  442  -17   73  +22   73   22  16  0  0 L3E EC
E26 FF 61067 011800  780 629 2435    -2028557   -117          -6     -7   13  41   91   +2   47  +10   47   10   8  0  0 L3E CB
E29 FF 61067 011800  780 217 2384    +1729260    +63          -7    +29   20  41  218  -51   89  -33   89  -33  14  0  0 L3E 1E
E33 FF 61067 011800  780 319 3127      +27094    +18         -16     +7   21  41  153  -21   37   -7   37   -7  12  0  0 L3E BD
E02 FF 61067 013400  780 121  775     -134258   -128         -12    -99   54  43  379 -110   69  +44   69   44  34  0  0 L3E 26
E07 FF 61067 013400  780 817 2301     +413006     -1           2    -24   10  43   82   -1   43   +8   43    8   5  0  0 L3E 57
E08 FF 61067 013400  780 422  646     +807072    +53         -10    -16   14  43  120  +13   37   +8   37    8   8  0  0 L3E AD
E13 FF 61067 013400  780 243 1740     +472127     -9           3    -16   16  40  195  +48   97  +29   97   29  10  0  0 L3E DB
E25 FF 61067 013400  780 102  268     -218995     -3         -17     -2   30  43  443  +18   82  +15   82   15  19  0  0 L3E CB
E26 FF 61067 013400  780 594 2323    -2028665   -114         -10     -4   12  43   94   +4   52   +8   52    8   7  0  0 L3E B6
E29 FF 61067 013400  780 269 2420    +1729300    +80          -1    +46   25  43  179  -33   74  -37   74  -37  15  0  0 L3E 17
E33 FF 61067 013400  780 364 3092      +27129     +8          10     -2   11  43  136  -14   20   -5   20   -5   7  0  0 L3E 78
E02 FF 61067 015000  780 154  728     -134277    -25          -3     +4   29  44  300  -59   52  -10   52  -10  18  0  0 L3E C7
E07 FF 61067 015000  780 877 2319     +413029    +21           3     -1    9  44   81   +0   40   -1   40   -1   5  0  0 L3E 55
E08 FF 61067 015000  780 369  664     +807138    +95         -10    +26   20  45  134  +17   34  -14   34  -14  12  0  0 L3E F3
E13 FF 61067 015000  780 181 1748     +472124    +12          -7     +5   13  40  257  +85  119  +21  119   21  10  0  0 L3E E7
E26 FF 61067 015000  780 547 2241    -2028770    -90         -10    +20   11  45   99   +7   59   -2   59   -2   6  0  0 L3E C6
E29 FF 61067 015000  780 320 2458    +1729335    +38           1     +3   20  45  152  -23   59   -5   59   -5  12  0  0 L3E C7
E33 FF 61067 015000  780 403 3044      +27128    +13          -1     +2   14  45  125   -9   25   -2   25   -2   9  0  0 L3E 70
E02 FF 61067 020600  780 182  678     -134301     +9           1    +38   22  44  257  -34   44  -32   44  -32  15  0  0 L3E BE
E07 FF 61067 020600  780 864  602     +413050    +12           0    -11   10  46   81   +1   39   +6   39    6   6  0  0 L3E 5B
E08 FF 61067 020600  780 317  687     +807198   +105         -15    +37   20  46  153  +23   40  -24   40  -24  13  0  0 L3E 04
E13 FF 61067 020600  780 121 1753     +472153    +35          15    +28   24  40  378 +181  118   -8  118   -8  14  0  0 L3E 0B
E26 FF 61067 020600  780 492 2182    -2028870    -93          -5    +16   21  46  107  +10   59   -5   59   -5  12  0  0 L3E ED
E29 FF 61067 020600  780 372 2498    +1729365    +50          -1    +16   14  46  134  -17   56  -14   56  -14   9  0  0 L3E 09
E33 FF 61067 020600  780 434 2982      +27131     -2          -8    -13   16  46  118   -6   30   +7   30    7  10  0  0 L3E 82
E02 FF 61067 022200  780 202  624     -134336    -61          -6    -32   27  44  232  -19   41  +18   41   18  17  0  0 L3E C8
E07 FF 61067 022200  780 806  631     +413071     -5          -3    -28   10  48   82   +1   39  +14   39   14   6  0  0 L3E 87
E08 FF 61067 022200  780 267  714     +807264    +84         -16    +15   17  48  179  +32   42   -4   42   -4  12  0  0 L3E D9
E26 FF 61067 022200  780 433 2141    -2028971   -105          -2     +5   11  48  118  +14   61   +4   61    4   6  0  0 L3E B3
E29 FF 61067 022200  780 424 2540    +1729399    +43          -1     +8   12  48  120  -12   49  -15   49  -15   8  0  0 L3E EE
E30 FF 61067 022200  780 132 1143    +6698717   +380         -14    -25   28  48  349 -128  111   +6  111    6  16  0  0 L3E 35
E33 FF 61067 022200  780 454 2907      +27145    -27          -2    -38   12  48  113   -3   26  +18   26   18   7  0  0 L3E B6
E02 FF 61067 023800  780 214  567     -134353    -34           5     -5   23  44  220   -8   31   -1   31   -1  15  0  0 L3E 7B
E07 FF 61067 023800  780 749  670     +413093    +35          -3    +12   12  49   84   +2   37  -10   37  -10   7  0  0 L3E AD
E08 FF 61067 023800  780 218  744     +807316    +88         -29    +20   24  49  216  +47   55  -11   55  -11  15  0  0 L3E 05
E12 FF 61067 023800  780 118 3304     +216719    -26           3    -53   25  46  391 -147   62  +10   62   10  15  0  0 L3E E8
E26 FF 61067 023800  780 372 2111    -2029081    -91          -6    +19   12  49  133  +20   74   +4   74    4   8  0  0 L3E C5
E29 FF 61067 023800  780 477 2584    +1729427    +51          -6    +16   15  49  109   -9   41  -13   41  -13   9  0  0 L3E FE
E30 FF 61067 023800  780 181 1107    +6699117   +419          -2    +14   26  49  259  -68   90  -24   90  -24  16  0  0 L3E 34
E33 FF 61067 023800  780 461 2824      +27149    +34          -7    +23   10  49  112   +0   30  -15   30  -15   6  0  0 L3E AD
E02 FF 61067 025400  780 217  511     -134380    -60           7    -31   22  51  216   +1   33  +23   33   23  13  0  0 L3E 95
E07 FF 61067 025400  780 693  710     +413114    +65          -5    +42   13  49   86   +3   38  -22   38  -22   7  0  0 L3E B2
E08 FF 61067 025400  780 170  777     +807402    +18          -9    -50   27  51  273  +74   47  +47   47   47  19  0  0 L3E F6
E12 FF 61067 025400  780 161 3278     +216734    +48          -8    +21   28  46  290  -74   52  -26   52  -26  18  0  0 L3E 06
E26 FF 61067 025400  780 310 2088    -2029190    -97         -11    +13   13  51  156  +29   89   +3   89    3   9  0  0 L3E E8
E29 FF 61067 025400  780 529 2630    +1729463    +63          -4    +28   14  51  101   -7   33  -19   33  -19   8  0  0 L3E F1
E30 FF 61067 025400  780 227 1067    +6699504   +397          -5     -7   20  51  209  -41   73  -12   73  -12  12  0  0 L3E 11
E33 FF 61067 025400  780 455 2738      +27160    +16          -6     +6   17  49  113   +3   30   +7   30    7  10  0  0 L3E 84
E02 FF 61067 031000  780 212  456     -134419    -12          -4    +17   22  53  222  +11   41   -9   41   -9  13  0  0 L3E A2
E07 FF 61067 031000  780 638  751     +413124    +19         -18     -4   12  53   90   +4   45   +3   45    3   7  0  0 L3E 74
E08 FF 61067 031000  780 123  810     +807474    +64          -3     -4   28  53  370 +135   51  +13   51   13  18  0  0 L3E CA
E12 FF 61067 031000  780 199 3245     +216754    +58         -19    +31   25  53  236  -42   44  -28   44  -28  15  0  0 L3E 13
E19 FF 61067 031000  780 109 2636   -26714161   -313          -7    +23   34  53  421 -173   74  -20   74  -20  22  0  0 L3E 38
E26 FF 61067 031000  780 248 2071    -2029301    -98         -18    +11   15  53  191  +45  105   +7  105    7  10  0  0 L3E FE
E29 FF 61067 031000  780 582 2678    +1729490    +14         -13    -21   17  53   95   -6   35  +13   35   13   9  0  0 L3E E6
E30 FF 61067 031000  780 271 1020    +6699894   +395          -4     -9   22  51  177  -26   61   +1   61    1  14  0  0 L3E DB
E33 FF 61067 031000  780 435 2656      +27174    -23          -2    -33   12  49  117   +6   32  +29   32   29   7  0  0 L3E B1
E02 FF 61067 032600  780 197  404     -134453    -50         -10    -21   15  54  238  +22   50  +21   50   21  11  0  0 L3E C7
E07 FF 61067 032600  780 584  794     +413156     -3          -8    -26   11  54   95   +6   39  +17   39   17   6  0  0 L3E AB
E12 FF 61067 032600  780 232 3203     +216789    +39          -8    +11   21  54  204  -25   34  -11   34  -11  14  0  0 L3E E1
E19 FF 61067 032600  780 155 2673   -26714481   -305          -2    +31   25  54  300  -89   66  -28   66  -28  16  0  0 L3E 49
E26 FF 61067 032600  780 187 2055    -2029412   -107         -25     +2   20  54  249  +78  118   +9  118    9  11  0  0 L3E 15
E27 FF 61067 032600  780 132 1462    +8910508    +85         -11    -19   35  54  350 -145  106   +4  106    4  22  0  0 L3E 1C
E29 FF 61067 032600  780 635 2730    +1729534    +10          -5    -25   15  54   90   -4   32  +17   32   17   9  0  0 L3E CB
E30 FF 61067 032600  780 309  968    +6700294   +381           4    -24   20  54  157  -17   46  +10   46   10  12  0  0 L3E EF
E33 FF 61067 032600  780 404 2584      +27186    +31           0    +21   14  49  124   +9   38   -5   38   -5   9  0  0 L3E 94
E02 FF 61067 034200  780 174  358     -134471    -15           0    +14   24  54  267  +40   49   -1   49   -1  16  0  0 L3E AD
E07 FF 61067 034200  780 531  836     +413175     -8         -12    -31   16  56  101   +7   43  +17   43   17   9  0  0 L3E B0
E10 FF 61067 034200  780 120 3348    +7673854    +73         -28    +48   32  56  382 -117   84  -35   84  -35  19  0  0 L3E 4C
E12 FF 61067 034200  780 258 3153     +216819     +0          -3    -27   16  56  185  -15   27   +9   27    9  10  0  0 L3E B9
E19 FF 61067 034200  780 201 2711   -26714799   -339          -1     -3   18  56  234  -54   51   +3   51    3  12  0  0 L3E F0
E26 FF 61067 034200  780 128 2041    -2029499   -100          -9    +10   22  56  357 +158  119  -11  119  -11  15  0  0 L3E 4C
E27 FF 61067 034200  780 188 1440    +8910602   +157         -17    +52   18  54  249  -74  100  -51  100  -51  13  0  0 L3E 4D
E29 FF 61067 034200  780 689 2786    +1729572    +39          -1     +4   11  56   87   -3   29   -1   29   -1   6  0  0 L3E BE
E30 FF 61067 034200  780 341  908    +6700675   +396          -6     -9   22  56  144  -11   47   -3   47   -3  14  0  0 L3E DF
E33 FF 61067 034200  780 364 2521      +27189     -1          -7    -12   14  56  136  +14   50  +12   50   12   9  0  0 L3E A4
E02 FF 61067 035800  780 144  317     -134491    -37           6     -8   19  57  319  +71   55  +16   55   16  12  0  0 L3E C9
E07 FF 61067 035800  780 479  878     +413200    -11          -8    -35   17  57  109   +9   43  +22   43   22  10  0  0 L3E CC
E10 FF 61067 035800  780 154 3312    +7673911    +21           5     -5   21  57  300  -61   48   -7   48   -7  13  0  0 L3E C8
E12 FF 61067 035800  780 274 3097     +216839    +38          -8    +10   13  57  175   -7   28   -4   28   -4   8  0  0 L3E C9
E19 FF 61067 035800  780 249 2747   -26715121   -354          -3    -18   16  57  192  -36   42   +2   42    2  10  0  0 L3E 0B
E27 FF 61067 035800  780 245 1417    +8910699   +120         -20    +16   17  54  194  -44   90  -29   90  -29  11  0  0 L3E 45
E29 FF 61067 035800  780 743 2852    +1729608    +25           1    -10   11  57   84   -2   27   +4   27    4   6  0  0 L3E A3
E30 FF 61067 035800  780 364  841    +6701069   +395          -2    -10   16  57  136   -6   45   +3   45    3  10  0  0 L3E CA
E33 FF 61067 035800  780 318 2469      +27203    +21          -4    +10   19  57  153  +22   53   -6   53   -6  13  0  0 L3E BB
E07 FF 61067 042600  780 390  952     +413229    +34         -16    +11   11  60  128  +14   53   -1   53   -1   7  0  0 L3E B0
E10 FF 61067 042600  780 198 3231    +7673947    +26          -5     +1   22  60  237  -21   40  -10   40  -10  13  0  0 L3E E5
E12 FF 61067 042600  780 279 2989     +216887    +45          -8    +18   19  60  172   +4   27  -12   27  -12  12  0  0 L3E FB
E19 FF 61067 042600  780 334 2810   -26715672   -304           9    +31   19  58  147  -20   25  -26   25  -26  11  0  0 L3E 2C
E27 FF 61067 042600  780 345 1365    +8910889   +134          -5    +30   18  60  143  -21   66  -19   66  -19  11  0  0 L3E 30
E29 FF 61067 042600  780 836 3062    +1729663    +30          -6     -5   12  60   81   -1   29   +4   29    4   7  0  0 L3E 9B
E30 FF 61067 042600  780 379  717    +6701743   +398          -8     -7   14  57  131   +0   40   -2   40   -2   9  0  0 L3E B8
E33 FF 61067 042600  780 228 2398      +27221     +1          -6    -10   18  60  207  +47   71  +19   71   19  10  0  0 L3E C0
E07 FF 61067 044200  780 340  993     +413250    +34         -19    +11   18  62  144  +19   60   +0   60    0  11  0  0 L3E AD
E10 FF 61067 044200  780 212 3177    +7673964    +27         -13     +1   26  62  222   -9   39   +3   39    3  16  0  0 L3E CC
E12 FF 61067 044200  780 268 2926     +216911    -22         -10    -49   21  62  178  +10   31  +31   31   31  13  0  0 L3E E6
E19 FF 61067 044200  780 385 2843   -26715986   -360          18    -25   16  62  130  -15   16  +18   16   18  10  0  0 L3E 3B
E27 FF 61067 044200  780 400 1325    +8910992   +108          -3     +3   14  61  126  -15   53  -18   53  -18   8  0  0 L3E F9
E29 FF 61067 044200  780 875  110    +1729707    +57           3    +22   13  60   81   +0   23  -13   23  -13   8  0  0 L3E AA
E30 FF 61067 044200  780 371  647    +6702142   +389           2    -16   17  57  134   +4   32  +14   32   14  10  0  0 L3E D2
E33 FF 61067 044200  780 174 2365      +27230    +20          -9     +9   24  62  267  +82   88  +12   88   12  15  0  0 L3E CD
E07 FF 61067 045800  780 290 1034     +413287    +50          -4    +26   17  63  166  +27   57   -4   57   -4  11  0  0 L3E D9
E10 FF 61067 045800  780 216 3121    +7673976    +35         -25     +9   23  63  218   +0   46   -9   46   -9  13  0  0 L3E E5
E11 FF 61067 045800  780 117 3379   -37710011  -1690         -26    -48   32  58  388  -77   82  +34   82   34  20  0  0 L3E 65
E12 FF 61067 045800  780 247 2867     +216966    +19          20     -8   23  63  192  +19   13   +6   13    6  16  0  0 L3E CA
E19 FF 61067 045800  780 437 2873   -26716329   -313           0    +23   21  63  117  -12   25  -19   25  -19  12  0  0 L3E 2E
E21 FF 61067 045800  780 133 1762    +7176323    +56           2    +31   18  57  349 -152  112  -27  112  -27  12  0  0 L3E 33
E27 FF 61067 045800  780 451 1274    +8911089   +106          -7     +2   15  61  114  -10   45   -6   45   -6   9  0  0 L3E DE
E29 FF 61067 045800  780 841  875    +1729739    +13           2    -23   12  60   81   +1   27  +14   27   14   7  0  0 L3E B5
E30 FF 61067 045800  780 353  584    +6702532   +407           3     +2   24  57  139   +8   32   +4   32    4  14  0  0 L3E A6
E33 FF 61067 045800  780 120 2336      +27233     +8         -17     -3   43  63  381 +168  107  +13  107   13  26  0  0 L3E F5
E07 FF 61067 051400  780 241 1073     +413294    +60         -20    +37   14  65  196  +39   83   -4   83   -4   9  0  0 L3E DA
E10 FF 61067 051400  780 211 3063    +7674020    +37          -5    +12   18  64  223  +10   35  -17   35  -17  12  0  0 L3E F0
E11 FF 61067 051400  780 137 3332   -37711582  -1613         -24    +28   29  65  335  -38   74  -33   74  -33  19  0  0 L3E 68
E12 FF 61067 051400  780 218 2812     +216965    +45          -7    +18   21  64  215  +31   35   -8   35   -8  14  0  0 L3E D4
E19 FF 61067 051400  780 490 2900   -26716644   -332          10     +4   16  64  107   -9   18   -4   18   -4  10  0  0 L3E EE
E21 FF 61067 051400  780 192 1759    +7176337    +26         -10     +1   17  65  245  -76  100   -7  100   -7  10  0  0 L3E 04
E27 FF 61067 051400  780 497 1209    +8911187    +67          -9    -37   15  61  106   -7   42  +18   42   18   9  0  0 L3E F8
E29 FF 61067 051400  780 787 1036    +1729768   +108          -4    +72    9  60   82   +2   31  -39   31  -39   5  0  0 L3E EE
E30 FF 61067 051400  780 326  530    +6702911   +426          -5    +20   19  65  149  +13   39   -8   39   -8  11  0  0 L3E E9
E07 FF 61067 053000  780 192 1111     +413327    -33         -11    -57   20  67  243  +60   98  +66   98   66  13  0  0 L3E 03
E10 FF 61067 053000  780 196 3006    +7674045    +11          -5    -14   21  64  238  +22   33   +4   33    4  12  0  0 L3E C2
E11 FF 61067 053000  780 149 3282   -37713140  -1622          -2    +19   23  67  310  -15   48  -16   48  -16  14  0  0 L3E 40
E12 FF 61067 053000  780 183 2762     +216975    +26         -22     -1   22  67  254  +52   47  +17   47   17  14  0  0 L3E EF
E19 FF 61067 053000  780 544 2922   -26716985   -305         -10    +30   20  64   99   -7   29  -13   29  -13  11  0  0 L3E 2C
E21 FF 61067 053000  780 253 1757    +7176364    +12          -6    -13   18  67  189  -45   83   +0   83    0  10  0  0 L3E E0
E27 FF 61067 053000  780 533 1126    +8911296   +131           1    +27   12  67  101   -4   35  -17   35  -17   7  0  0 L3E E6
E29 FF 61067 053000  780 730 1117    +1729799    +28          -8     -7   15  67   84   +3   37   +3   37    3   9  0  0 L3E AF
E30 FF 61067 053000  780 291  486    +6703302   +393          -2    -12   14  67  165  +20   36  +10   36   10   8  0  0 L3E DC
E07 FF 61067 054600  780 143 1148     +413340    +25         -21     +2   27  67  321 +107  151  +51  151   51  17  0  0 L3E 09
E10 FF 61067 054600  780 173 2952    +7674067    -22          -6    -47   29  64  268  +40   39  +27   39   27  18  0  0 L3E 23
E11 FF 61067 054600  780 152 3229   -37714718  -1649          -3     -7   27  68  304   +3   44   +8   44    8  18  0  0 L3E 09
E12 FF 61067 054600  780 143 2717     +217006    +11         -18    -16   34  68  322  +94   52  +16   52   16  20  0  0 L3E F2
E19 FF 61067 054600  780 600 2934   -26717290   -316           8    +20   16  64   93   -5   20  -12   20  -12   9  0  0 L3E F0
E21 FF 61067 054600  780 315 1755    +7176392    +21          -4     -5   18  68  155  -29   75   -6   75   -6  11  0  0 L3E EE
E27 FF 61067 054600  780 556 1029    +8911383    +45         -12    -60   15  68   98   -2   40  +35   40   35   9  0  0 L3E EF
E29 FF 61067 054600  780 673 1177    +1729839    +28          -1     -7   14  68   88   +4   38  +11   38   11   8  0  0 L3E DA
E30 FF 61067 054600  780 251  452    +6703697   +403           5     -2   21  68  189  +31   38   +8   38    8  12  0  0 L3E CA
E04 FF 61067 060200  780 104 2968     +536924   +151           0    +43   25  67  441 -201   27  -29   27  -29  15  0  0 L3E 13
E10 FF 61067 060200  780 143 2902    +7674093    +30          -7     +4   27  70  320  +72   30   -3   30   -3  19  0  0 L3E BF
E11 FF 61067 060200  780 145 3176   -37716286  -1686           6    -44   23  70  316  +22   33  +31   33   31  15  0  0 L3E 29
E19 FF 61067 060200  780 656 2933   -26717622   -316           3    +20   16  70   89   -4   24  -10   24  -10   9  0  0 L3E F2
E21 FF 61067 060200  780 379 1752    +7176413    +12          -8    -14   20  70  132  -20   71  +10   71   10  13  0  0 L3E E1
E27 FF 61067 060200  780 564  921    +8911494   +101          -3     -4   16  70   97   +0   35   +5   35    5   9  0  0 L3E 98
E29 FF 61067 060200  780 615 1226    +1729874    -14          -1    -49   13  70   92   +5   42  +36   42   36   7  0  0 L3E D3
E30 FF 61067 060200  780 206  427    +6704085   +356           5    -49   20  70  227  +49   51  +59   51   59  12  0  0 L3E FB
E04 FF 61067 061800  780 152 2991     +537019   +118          -8    +10   25  67  305  -98   35  -16   35  -16  16  0  0 L3E 1B
E11 FF 61067 061800  780 131 3123   -37717888  -1620         -21    +22   34  70  349  +48   45  -11   45  -11  19  0  0 L3E 59
E19 FF 61067 061800  780 713 2906   -26717940   -351           8    -15    8  71   85   -3   25  +15   25   15   5  0  0 L3E E6
E21 FF 61067 061800  780 443 1745    +7176435    +15         -12    -11   20  71  116  -14   71   +4   71    4  12  0  0 L3E DC
E27 FF 61067 061800  780 556  817    +8911599   +112           0     +7   14  71   98   +2   39   +5   39    5   8  0  0 L3E A6
E29 FF 61067 061800  780 556 1270    +1729898    +22         -12    -13   13  70   98   +7   59  +26   59   26   8  0  0 L3E 00
E30 FF 61067 061800  780 159  411    +6704469   +385          -1    -20   22  71  291  +86   78  +55   78   55  16  0  0 L3E 1B
E04 FF 61067 063400  780 203 3010     +537137    +93           7    -15   17  67  232  -57   27  +11   27   11  12  0  0 L3E D1
E11 FF 61067 063400  780 109 3073   -37719438  -1682           6    -41   17  70  416  +95   31  +29   31   29  10  0  0 L3E 38
E19 FF 61067 063400  780 766 2821   -26718264   -342           7     -6   12  73   83   -2   29   +8   29    8   6  0  0 L3E CE
E21 FF 61067 063400  780 508 1733    +7176472    -21          -2    -47   20  73  104  -10   62  +37   62   37  12  0  0 L3E F8
E27 FF 61067 063400  780 533  727    +8911692    +97          -6     -7    9  73  101   +4   51  +13   51   13   6  0  0 L3E B3
E29 FF 61067 063400  780 498 1309    +1729944     +9           0    -26   14  70  106   +9   70  +36   70   36   8  0  0 L3E D4
E30 FF 61067 063400  780 110  403    +6704853   +376          -4    -29   26  73  411 +178  114  +69  114   69  16  0  0 L3E 40
E04 FF 61067 065000  780 254 3024     +537241    +73           0    -35   24  75  188  -37   35  +28   35   28  15  0  0 L3E E5
E19 FF 61067 065000  780 807 2601   -26718589   -307           4    +29   12  75   82   -1   37   -7   37   -7   7  0  0 L3E EB
E21 FF 61067 065000  780 571 1711    +7176492    +46          -7    +20   13  75   96   -7   67   -9   67   -9   8  0  0 L3E D3
E23 FF 61067 065000  780 123 2052     +232838    +40         -37    +27   24  75  376 -171  191   -5  191   -5  15  0  0 L3E 1E
E27 FF 61067 065000  780 498  656    +8911791    +88          -8    -17   13  75  106   +6   65  +23   65   23   8  0  0 L3E F1
E29 FF 61067 065000  780 439 1345    +1729971    +62          -7    +26   13  70  116  +13  102  +17  102   17   7  0  0 L3E 0E
E04 FF 61067 070600  780 306 3032     +537346    +90           2    -19   28  76  159  -25   42  +26   42   26  17  0  0 L3E E7
E19 FF 61067 070600  780 813 2208   -26718908   -338           7     -1   11  76   82   +0   46  +16   46   16   7  0  0 L3E E5
E21 FF 61067 070600  780 633 1670    +7176515    +54          -8    +28   14  76   91   -5   71  -11   71  -11   8  0  0 L3E DF
E23 FF 61067 070600  780 180 2070     +232859     -3         -27    -15   20  76  261  -83  181  +13  181   13  14  0  0 L3E 09
E27 FF 61067 070600  780 456  606    +8911892   +125          -8    +20   10  76  113   +9   77   +3   77    3   5  0  0 L3E C8
E29 FF 61067 070600  780 381 1378    +1730008    +20          -7    -16   15  76  131  +18  136  +51  136   51   9  0  0 L3E 12
E04 FF 61067 072200  780 359 3033     +537445   +127          -3    +19   15  78  138  -18   57   +1   57    1  10  0  0 L3E DF
E06 FF 61067 072200  780 115 3083    +2247875    +61          -1    +12   17  78  399 -171   52   +2   52    2  13  0  0 L3E ED
E19 FF 61067 072200  780 777 1926   -26719237   -308           3    +28   12  78   83   +2   61   -5   61   -5   6  0  0 L3E E8
E21 FF 61067 072200  780 689 1596    +7176547    +49          -1    +23   10  78   87   -3   74   -9   74   -9   6  0  0 L3E DF
E23 FF 61067 072200  780 237 2090     +232872    +18         -23     +6   14  78  200  -48  170  -21  170  -21   9  0  0 L3E 01
E27 FF 61067 072200  780 408  572    +8911995    +74          -4    -31   18  76  123  +13   93  +42   93   42  11  0  0 L3E FF
E29 FF 61067 072200  780 322 1409    +1730032    +42         -17     +6   20  78  151  +25  183  +36  183   36  12  0  0 L3E 17
E04 FF 61067 073800  780 411 3024     +537538    +93         -13    -15   13  79  123  -13   75  +19   75   19   8  0  0 L3E FC
E06 FF 61067 073800  780 166 3092    +2247927    +57           4     +8   24  79  282  -86   66   +8   66    8  16  0  0 L3E EC
E19 FF 61067 073800  780 722 1807   -26719575   -351         -11    -15   13  78   85   +3   86  +23   86   23   7  0  0 L3E 24
E21 FF 61067 073800  780 735 1462    +7176576    +14           3    -11   12  79   84   -2   77  +11   77   11   7  0  0 L3E CD
E23 FF 61067 073800  780 296 2113     +232889    +44         -18    +32   20  79  163  -31  151  -20  151  -20  13  0  0 L3E 28
E27 FF 61067 073800  780 358  553    +8912093   +125          -7    +21   13  76  138  +18  115  +10  115   10   9  0  0 L3E 15
E29 FF 61067 073800  780 265 1437    +1730075    +48          -9    +12   23  78  180  +37  225  +44  225   44  14  0  0 L3E 32
E04 FF 61067 075400  780 462 3002     +537640   +109         -14     +0   13  81  112  -10   85   +9   85    9   8  0  0 L3E C1
E06 FF 61067 075400  780 217 3096    +2247957    +60         -15    +11   20  80  218  -50   96   +9   96    9  13  0  0 L3E 00
E19 FF 61067 075400  780 660 1759   -26719892   -354          -6    -17   12  78   88   +5   97  +25   97   25   7  0  0 L3E 30
E21 FF 61067 075400  780 760 1246    +7176610    +27          13     +1   11  81   83   +0   78   +4   78    4   6  0  0 L3E 98
E23 FF 61067 075400  780 356 2139     +232907    +28         -12    +16   14  81  139  -21  141  -27  141  -27  10  0  0 L3E 27
E27 FF 61067 075400  780 307  545    +8912192   +117          -8    +13   18  76  158  +25  144  +17  144   17  11  0  0 L3E 31
E29 FF 61067 075400  780 208 1462    +1730106    +37         -12     +1   24  78  226  +60  284  +76  284   76  15  0  0 L3E 2F
E04 FF 61067 081000  780 510 2963     +537739   +117         -18     +8   13  83  104   -7   95   +5   95    5   8  0  0 L3E CA
E06 FF 61067 081000  780 267 3092    +2248033    +10          11    -40   19  83  179  -33   91  +32   91   32  12  0  0 L3E F9
E19 FF 61067 081000  780 595 1740   -26720214   -335          -7     +2   13  83   94   +6  116  +21  116   21   7  0  0 L3E FD
E21 FF 61067 081000  780 754 1000    +7176633     -2          11    -28   10  82   83   +1   85  +20   85   20   5  0  0 L3E A9
E23 FF 61067 081000  780 415 2167     +232921    +25         -10    +12   15  83  122  -15  138   -9  138   -9   8  0  0 L3E F1
E27 FF 61067 081000  780 255  545    +8912290   +107          -9     +3   19  83  187  +36  172  +27  172   27  12  0  0 L3E 22
E29 FF 61067 081000  780 152 1484    +1730144    +51          -8    +15   22  78  305 +110  355  +74  355   74  13  0  0 L3E 32
E04 FF 61067 082600  780 552 2903     +537847   +143         -13    +34   13  84   98   -5   96  -15   96  -15   8  0  0 L3E 08
E06 FF 61067 082600  780 318 3080    +2248082    -16          13    -65   20  84  153  -22   96  +43   96   43  13  0  0 L3E 0D
E19 FF 61067 082600  780 530 1735   -26720542   -382         -13    -45   15  84  101   +9  144  +49  144   49   9  0  0 L3E 4C
E21 FF 61067 082600  780 722  824    +7176632    +35         -14     +9   12  82   85   +2  106   +4  106    4   7  0  0 L3E B7
E23 FF 61067 082600  780 476 2197     +232941    +20          -1     +8   11  84  109  -11  123  -14  123  -14   7  0  0 L3E ED
E27 FF 61067 082600  780 203  553    +8912402    +97           2     -8   21  84  230  +56  208  +57  208   57  14  0  0 L3E 00
E04 FF 61067 084200  780 585 2818     +537958    +96          -4    -12    9  86   95   -3  100  +19  100   19   5  0  0 L3E E5
E06 FF 61067 084200  780 366 3057    +2248112    +38          -6    -12   16  86  136  -15  114  +18  114   18  10  0  0 L3E 1E
E09 FF 61067 084200  780 149 3173    +1898157   +121          -7    -32   29  86  311 -104  132  +39  132   39  18  0  0 L3E 5A
E19 FF 61067 084200  780 465 1736   -26720853   -349          -4    -13   19  86  111  +12  155  +32  155   32  11  0  0 L3E 53
E21 FF 61067 084200  780 675  726    +7176678    +34           8     +9   13  82   87   +3  107  +12  107   12   7  0  0 L3E D0
E23 FF 61067 084200  780 536 2231     +232939    +21         -15     +8   17  84  100   -8  127   +0  127    0  10  0  0 L3E C6
E27 FF 61067 084200  780 153  566    +8912488    +67         -12    -38   27  86  302  +97  270  +87  270   87  16  0  0 L3E 55
E04 FF 61067 085800  780 605 2709     +538059    +99          -7     -9   16  87   93   -1  112  +18  112   18   9  0  0 L3E EC
E06 FF 61067 085800  780 410 3021    +2248167     +8           0    -42   16  87  123  -11  120  +39  120   39  10  0  0 L3E F2
E09 FF 61067 085800  780 199 3165    +1898307   +187          -5    +34   20  87  236  -58  145  -28  145  -28  13  0  0 L3E 72
E15 FF 61067 085800  780 111  450    +2314600    +75          -8    +46   35  87  410  -74  284  -35  284  -35  20  0  0 L3E 27
E19 FF 61067 085800  780 399 1741   -26721182   -336         -13     +0   16  87  125  +17  191  +48  191   48   9  0  0 L3E 5B
E21 FF 61067 085800  780 622  680    +7176686   +103          -9    +78   11  82   91   +5  130  -26  130  -26   6  0  0 L3E 09
E23 FF 61067 085800  780 597 2267     +232960     -6          -6    -19   15  84   94   -6  119   +9  119    9   9  0  0 L3E D4
E27 FF 61067 085800  780 103  584    +8912557    +44         -44    -60   47  87  437 +200  342  +89  342   89  28  0  0 L3E 64
E04 FF 61067 091400  780 607 2586     +538165   +112          -5     +3   13  89   93   +1  122   +8  122    8   7  0  0 L3E BB
E06 FF 61067 091400  780 449 2970    +2248213    +52          -1     +3   14  89  114   -7  127   -5  127   -5   8  0  0 L3E DE
E09 FF 61067 091400  780 248 3150    +1898456   +168          -6    +14   18  89  193  -36  150   -2  150   -2  11  0  0 L3E 30
E15 FF 61067 091400  780 127  399    +2314635    +16           0    -13   50  88  359  -35  271   -1  271   -1  31  0  0 L3E F0
E19 FF 61067 091400  780 335 1747   -26721501   -301          -8    +35   15  88  146  +25  227  +16  227   16   9  0  0 L3E 47
E21 FF 61067 091400  780 567  662    +7176715    +56          -4    +30   11  89   97   +6  138   -5  138   -5   6  0  0 L3E E1
E23 FF 61067 091400  780 657 2306     +232964     -5         -15    -18   12  84   89   -4  128  +11  128   11   6  0  0 L3E E4
E31 FF 61067 091400  780 150 2379    +1151348    +66           1    +40   41  89  310 -103  281  -46  281  -46  25  0  0 L3E 34
E04 FF 61067 093000  780 590 2468     +538266   +126          -7    +17   14  91   94   +3  126   -4  126   -4   8  0  0 L3E E4
E06 FF 61067 093000  780 480 2904    +2248269    +50           5     +0   18  91  109   -5  126   +5  126    5  10  0  0 L3E C8
E09 FF 61067 093000  780 293 3125    +1898609   +132          -2    -22   15  91  165  -23  156  +23  156   23   9  0  0 L3E 2F
E13 FF 61067 093000  780 112  853     +472336    +29          -6    +21   30  91  408 -153  380  -14  380  -14  24  0  0 L3E 16
E15 FF 61067 093000  780 136  346    +2314647    -46         -12    -75   31  91  338  -10  273  +48  273   48  19  0  0 L3E 36
E19 FF 61067 093000  780 272 1753   -26721827   -309         -12    +28   16  88  176  +38  264  +25  264   25   9  0  0 L3E 6C
E21 FF 61067 093000  780 512  661    +7176728    +53         -15    +27   13  90  103   +8  155   -6  155   -6   7  0  0 L3E EE
E23 FF 61067 093000  780 717 2352     +232985    +10          -4     -2   11  91   85   -3  123   +1  123    1   6  0  0 L3E 90
E31 FF 61067 093000  780 200 2414    +1151373    +27           0     +1   26  91  235  -59  258  -27  258  -27  16  0  0 L3E 0D
E04 FF 61067 094600  780 558 2368     +538365   +114         -12     +5   17  91   98   +5  139   +8  139    8  10  0  0 L3E F7
E06 FF 61067 094600  780 500 2823    +2248296    +35         -15    -15   13  92  105   -2  143  +20  143   20   8  0  0 L3E 05
E09 FF 61067 094600  780 335 3089    +1898747   +165         -11    +12   18  91  146  -16  166  -12  166  -12  11  0  0 L3E 6C
E13 FF 61067 094600  780 153  810     +472344    -12          -3    -20   33  92  304  -76  327  -10  327  -10  21  0  0 L3E FC
E15 FF 61067 094600  780 135  294    +2314683     +9          -4    -19   24  92  338  +11  270  +23  270   23  14  0  0 L3E 03
E19 FF 61067 094600  780 210 1758   -26722164   -310         -27    +26   17  88  223  +63  321  +37  321   37  11  0  0 L3E 62
E21 FF 61067 094600  780 458  672    +7176768    +42           1    +17   10  90  113  +11  158   +2  158    2   6  0  0 L3E D5
E23 FF 61067 094600  780 776 2407     +232995    +17          -5     +4   10  92   83   -2  123   -1  123   -1   6  0  0 L3E B2
E31 FF 61067 094600  780 250 2450    +1151387    +39         -11    +13   28  91  190  -37  243  -53  243  -53  17  0  0 L3E 44
E04 FF 61067 100200  780 514 2290     +538464    +93         -16    -15   16  94  103   +7  155  +24  155   24   9  0  0 L3E FD
E06 FF 61067 100200  780 506 2732    +2248351    +27          -7    -23   16  93  104   +0  149  +25  149   25   9  0  0 L3E F9
E09 FF 61067 100200  780 371 3041    +1898898   +160          -7     +7   19  94  134  -10  167   +1  167    1  12  0  0 L3E 06
E13 FF 61067 100200  780 189  762     +472361    -10           7    -17   21  94  248  -43  293  -43  293  -43  15  0  0 L3E 08
E15 FF 61067 100200  780 126  243    +2314700    +94         -13    +66   29  94  361  +37  287  -33  287  -33  20  0  0 L3E 30
E19 FF 61067 100200  780 150 1762   -26722477   -340         -17     -4   22  94  307 +119  370  +68  370   68  14  0  0 L3E 68
E21 FF 61067 100200  780 404  690    +7176790    +57          -1    +31   14  94  124  +14  172  -11  172  -11   8  0  0 L3E FC
E23 FF 61067 100200  780 835 2497     +233013    +16           1     +4    9  93   81   -1  120   -3  120   -3   5  0  0 L3E 76
E31 FF 61067 100200  780 301 2488    +1151426    +24           3     -3   22  91  161  -26  203   -6  203   -6  13  0  0 L3E CB
E04 FF 61067 101800  780 463 2231     +538576   +110          -8     +1   13  95  112  +10  169  +27  169   27   7  0  0 L3E FC
E06 FF 61067 101800  780 498 2640    +2248393    +50         -11     +0   15  95  106   +2  159   +3  159    3   8  0  0 L3E DC
E09 FF 61067 101800  780 399 2982    +1899049   +164          -3    +10   13  95  126   -6  168  -14  168  -14   7  0  0 L3E 41
E13 FF 61067 101800  780 219  709     +472360    -44          -2    -52   30  94  216  -26  269  +21  269   21  19  0  0 L3E 06
E15 FF 61067 101800  780 109  196    +2314727    +14         -13    -14   25  95  415  +78  299  +28  299   28  16  0  0 L3E 41
E21 FF 61067 101800  780 352  713    +7176815    -24           0    -50   21  95  140  +18  190  +58  190   58  12  0  0 L3E 03
E23 FF 61067 101800  780 886 3067     +233025    +22           1     +9   10  93   81   +0  121   -6  121   -6   6  0  0 L3E 90
E31 FF 61067 101800  780 352 2528    +1151442    +40          -6    +14   17  91  140  -18  200  -17  200  -17  11  0  0 L3E 0D
E04 FF 61067 103400  780 407 2188     +538686   +102          -1     -7   13  97  124  +15  190  +31  190   31   9  0  0 L3E FD
E06 FF 61067 103400  780 476 2554    +2248449    +40          -2    -10   15  97  109   +5  157   +9  157    9   8  0  0 L3E EE
E09 FF 61067 103400  780 416 2912    +1899200   +128          -1    -26   19  97  121   -3  164  +19  164   19  11  0  0 L3E 28
E13 FF 61067 103400  780 241  652     +472364    +46          -2    +39   27  97  197  -14  264   -3  264   -3  16  0  0 L3E F3
E21 FF 61067 103400  780 301  740    +7176842    +25           1     -1   20  95  160  +25  223  +55  223   55  12  0  0 L3E DA
E23 FF 61067 103400  780 847  534     +233038     +3           3     -9    7  93   81   +1  125   +5  125    5   5  0  0 L3E 5B
E26 FF 61067 103400  780 154 1177    -2032202    -92         -14    +17   28  97  302 -101  363 -112  363 -112  18  0  0 L3E 68
E31 FF 61067 103400  780 404 2570    +1151481     +2           7    -24   17  97  125  -14  172   -5  172   -5  10  0  0 L3E DC
E04 FF 61067 105000  780 349 2155     +538791   +120          -1    +12   13  97  141  +21  219  +23  219   23   9  0  0 L3E 03
E05 FF 61067 105000  780 109 3301      -82810    -73          -2    -45   25  99  418 -157  258  +48  258   48  16  0  0 L3E 28
E06 FF 61067 105000  780 443 2479    +2248483    +24         -15    -25   12  99  116   +8  172  +20  172   20   7  0  0 L3E 11
E09 FF 61067 105000  780 422 2836    +1899355   +164           7    +10   26  99  120   +0  157   -9  157   -9  18  0  0 L3E 15
E13 FF 61067 105000  780 255  591     +472385     -3          11    -10   28  99  187   -6  259  -14  259  -14  18  0  0 L3E 01
E21 FF 61067 105000  780 252  771    +7176864    +26          -1     +1   21  95  189  +35  272  +44  272   44  14  0  0 L3E 04
E23 FF 61067 105000  780 791  645     +233037    -22         -11    -35   11  93   82   +2  135  +28  135   28   6  0  0 L3E D1
E26 FF 61067 105000  780 206 1143    -2032318   -144         -23    -35   21  99  229  -56  321  -15  321  -15  14  0  0 L3E 45
E31 FF 61067 105000  780 455 2613    +1151493     +0          -7    -26   16  99  113  -10  168  +17  168   17   9  0  0 L3E 01
E04 FF 61067 110600  780 290 2129     +538898   +134           1    +26   17 100  166  +32  248  +16  248   16  10  0  0 L3E 24
E05 FF 61067 110600  780 149 3272      -82820    -29          15     +0   22 100  311  -78  248   +6  248    6  14  0  0 L3E D9
E06 FF 61067 110600  780 401 2417    +2248536    +27         -10    -23   11 100  125  +12  179  +25  179   25   6  0  0 L3E 20
E09 FF 61067 110600  780 415 2758    +1899494   +182           0    +28   16 100  122   +3  167   -5  167   -5   9  0  0 L3E 0F
E13 FF 61067 110600  780 258  530     +472388    -12           7    -20   25 100  185   +1  260  +25  260   25  15  0  0 L3E DD
E21 FF 61067 110600  780 204  803    +7176873    +34         -17     +9   18  95  230  +52  335  +58  335   58  11  0  0 L3E 1C
E23 FF 61067 110600  780 736  709     +233054    +23          -1    +11   11 100   84   +2  130   -1  130   -1   7  0  0 L3E 93
E26 FF 61067 110600  780 256 1103    -2032418    -94         -18    +15   21 100  187  -34  289  +10  289   10  14  0  0 L3E 3C
E31 FF 61067 110600  780 508 2657    +1151520    -11          -5    -37   12  99  104   -8  157  +16  157   16   7  0  0 L3E 00
E04 FF 61067 112200  780 230 2108     +539002    +90           0    -19   15 102  205  +51  286  +66  286   66   9  0  0 L3E F8
E05 FF 61067 112200  780 184 3236      -82871    -11          -9    +17   27 102  254  -44  262  -10  262  -10  17  0  0 L3E 11
E06 FF 61067 112200  780 353 2366    +2248586    +66          -9    +17   19 102  139  +18  197  +14  197   14  11  0  0 L3E 45
E09 FF 61067 112200  780 396 2683    +1899646   +135           5    -19   23 102  126   +7  175  +17  175   17  13  0  0 L3E 3E
E13 FF 61067 112200  780 252  471     +472397    +62           9    +55   16 102  189   +8  267  -15  267  -15   9  0  0 L3E FF
E21 FF 61067 112200  780 157  837    +7176904    +14          -7    -11   21 102  294  +86  380  +54  380   54  12  0  0 L3E 24
E23 FF 61067 112200  780 681  762     +233062    +55          -5    +42   15 102   87   +3  143  -12  143  -12   9  0  0 L3E D3
E26 FF 61067 112200  780 303 1056    -2032525   -138         -20    -29   19 100  160  -22  269  -50  269  -50  11  0  0 L3E 53
E31 FF 61067 112200  780 560 2703    +1151555     +9           6    -17   20 102   97   -6  150  +13  150   13  11  0  0 L3E D3
E04 FF 61067 113800  780 172 2089     +539106   +117           0     +9   23 102  270  +89  346  +70  346   70  14  0  0 L3E 16
E05 FF 61067 113800  780 213 3193      -82893    -33          -4     -5   25 103  221  -26  253   -4  253   -4  15  0  0 L3E E2
E06 FF 61067 113800  780 301 2325    +2248638    +57          -5     +7   15 103  160  +26  227  +35  227   35   9  0  0 L3E 10
E09 FF 61067 113800  780 367 2616    +1899791   +156           3     +2   15 103  135  +11  189  +11  189   11   9  0  0 L3E 27
E13 FF 61067 113800  780 235  416     +472394    +28          -1    +21   30 102  201  +17  283   -6  283   -6  18  0  0 L3E EC
E21 FF 61067 113800  780 111  871    +7176939    +85           3    +59   45 103  409 +163  408   -2  408   -2  26  0  0 L3E 21
E23 FF 61067 113800  780 627  811     +233068    +43         -10    +31   16 103   91   +5  156   -8  156   -8   9  0  0 L3E D3
E26 FF 61067 113800  780 344 1002    -2032627    -99         -18    +10   15 100  143  -15  248  -21  248  -21   9  0  0 L3E 36
E31 FF 61067 113800  780 613 2751    +1151575     +7           1    -20   15 103   92   -5  151   +6  151    6   9  0  0 L3E AD
E33 FF 61067 113800  780 138 1496      +27510    +19          -7     +8   20 102  336 -141  399  -58  399  -58  12  0  0 L3E 36
E04 FF 61067 115400  780 115 2072     +539196   +142         -13    +33   23 102  395 +187  415  +42  415   42  15  0  0 L3E 4E
E05 FF 61067 115400  780 234 3143      -82918    -13          -2    +16   19 103  203  -14  249   -2  249   -2  12  0  0 L3E EB
E06 FF 61067 115400  780 247 2290    +2248679    +40         -12     -9   19 103  192  +40  276  +61  276   61  11  0  0 L3E 3B
E09 FF 61067 115400  780 330 2557    +1899935   +149          -1     -5   17 105  148  +17  215  +28  215   28  10  0  0 L3E 43
E13 FF 61067 115400  780 211  367     +472417    +23          16    +16   25 105  223  +30  282   +9  282    9  14  0  0 L3E E4
E23 FF 61067 115400  780 574  858     +233072    -17         -18    -30   15 105   96   +6  169  +30  169   30   8  0  0 L3E F9
E26 FF 61067 115400  780 379  938    -2032725    -86         -13    +24   20 105  131   -9  232  -35  232  -35  12  0  0 L3E 2F
E31 FF 61067 115400  780 667 2802    +1151594     +8          -6    -18   19 105   88   -4  156  +18  156   18  11  0  0 L3E 0F
E33 FF 61067 115400  780 197 1478      +27504    -17         -24    -28   16 102  239  -72  371  -24  371  -24  11  0  0 L3E 36
E05 FF 61067 121000  780 246 3088      -82946    -87          -3    -59   21 103  193   -6  257  +36  257   36  12  0  0 L3E 14
E06 FF 61067 121000  780 193 2260    +2248744    +34           3    -16   24 107  242  +67  312  +53  312   53  15  0  0 L3E 17
E09 FF 61067 121000  780 286 2506    +1900083   +156          -1     +2   17 106  168  +25  238  +22  238   22  11  0  0 L3E 23
E13 FF 61067 121000  780 178  326     +472430    +34          22    +27   21 107  261  +51  298   +8  298    8  14  0  0 L3E EF
E23 FF 61067 121000  780 521  904     +233079    -43         -21    -55   10 107  102   +8  190  +46  190   46   6  0  0 L3E EC
E26 FF 61067 121000  780 404  867    -2032834   -119         -17    -10   19 107  124   -5  222  +12  222   12  11  0  0 L3E 19
E31 FF 61067 121000  780 721 2857    +1151627    +18           3     -8   12 107   85   -3  148   +7  148    7   7  0  0 L3E C0
E33 FF 61067 121000  780 257 1459      +27530    +73          -8    +62   22 102  186  -42  315  -55  315  -55  14  0  0 L3E 1A
E05 FF 61067 122600  780 249 3030      -82973    -14          -2    +14   21 108  191   +1  262   -4  262   -4  13  0  0 L3E D5
E06 FF 61067 122600  780 138 2234    +2248764    +12         -23    -38   17 108  332 +127  377  +74  377   74  11  0  0 L3E 67
E09 FF 61067 122600  780 239 2463    +1900226   +129          -6    -25   21 106  198  +39  276  +63  276   63  14  0  0 L3E 59
E13 FF 61067 122600  780 140  292     +472417    +17           3    +10   25 108  327  +93  325   +0  325    0  15  0  0 L3E C7
E23 FF 61067 122600  780 469  948     +233099    -15         -13    -27   15 108  110  +10  197  +20  197   20   9  0  0 L3E 16
E26 FF 61067 122600  780 418  790    -2032937   -129         -14    -20   11 108  121   -2  214   +2  214    2   7  0  0 L3E EB
E31 FF 61067 122600  780 776 2923    +1151648    +14           0    -12   10 108   83   -2  148   +4  148    4   6  0  0 L3E C7
E33 FF 61067 122600  780 318 1435      +27532    +22         -16    +11   18 108  153  -27  285  -55  285  -55  10  0  0 L3E 2E
E05 FF 61067 124200  780 243 2971      -83000    -37          -1     -9   27 110  195   +9  270  +25  270   25  17  0  0 L3E E6
E09 FF 61067 124200  780 189 2425    +1900377   +138          -3    -16   22 106  247  +65  320  +59  320   59  13  0  0 L3E 4D
E23 FF 61067 124200  780 418  991     +233112    -11         -10    -23   22 110  121  +13  210  +42  210   42  14  0  0 L3E E7
E26 FF 61067 124200  780 420  711    -2033045    -84         -17    +26   14 108  121   +1  216  -13  216  -13   8  0  0 L3E 01
E31 FF 61067 124200  780 831 3026    +1151675    +35           2     +9   13 108   81   -1  147   -7  147   -7   7  0  0 L3E C5
E33 FF 61067 124200  780 378 1406      +27552    +35          -6    +24   14 110  132  -18  254  -54  254  -54   8  0  0 L3E 08
E05 FF 61067 125800  780 227 2913      -83030     -5          -4    +23   22 111  208  +18  291   +9  291    9  14  0  0 L3E D4
E09 FF 61067 125800  780 138 2392    +1900518   +177         -10    +23   56 106  334 +122  379  +45  379   45  33  0  0 L3E 7D
E23 FF 61067 125800  780 367 1033     +233126     +1          -7    -11   17 111  135  +17  234  +31  234   31  10  0  0 L3E EC
E26 FF 61067 125800  780 408  636    -2033144    -88         -11    +22   20 108  123   +4  205  -14  205  -14  12  0  0 L3E 19
E31 FF 61067 125800  780 880 3497    +1151706    +46           8    +20   12 108   81   +0  141  -16  141  -16   7  0  0 L3E F8
E33 FF 61067 125800  780 437 1368      +27560     -4          -8    -15   15 111  117  -13  231  -15  231  -15  10  0  0 L3E FC
E03 FF 61067 131400  780 108 3357      -38166    +78         -11    +55   35 113  418  -65  328  -46  328  -46  21  0  0 L3E 3F
E05 FF 61067 131400  780 203 2858      -83060     -9          -7    +19   23 113  231  +30  309   +3  309    3  15  0  0 L3E CC
E12 FF 61067 131400  780 131 1802     +217763    +17         -29    -12   21 108  353 -160  444  -21  444  -21  13  0  0 L3E 3B
E23 FF 61067 131400  780 316 1074     +233132    -15         -14    -27   16 113  154  +23  259  +29  259   29   9  0  0 L3E 20
E26 FF 61067 131400  780 386  570    -2033254    -94         -16    +15   18 108  129   +8  206   -7  206   -7  10  0  0 L3E 0F
E31 FF 61067 131400  780 851  973    +1151729     +3           5    -23   11 108   81   +1  142  +13  142   13   6  0  0 L3E B7
E33 FF 61067 131400  780 492 1316      +27568    +34         -10    +23   15 113  107   -9  209  -38  209  -38   9  0  0 L3E 10
E03 FF 61067 133000  780 122 3310      -38132    +13           1    -10   24 114  375  -28  316   -2  316   -2  15  0  0 L3E C4
E05 FF 61067 133000  780 172 2808      -83088    -46          -8    -18   24 115  269  +52  334  +38  334   38  15  0  0 L3E 25
E12 FF 61067 133000  780 192 1804     +217779     +4         -28    -23   16 115  245  -78  396  -54  396  -54  11  0  0 L3E 46
E23 FF 61067 133000  780 265 1113     +233157    -24          -1    -36   14 115  180  +32  263  +32  263   32   9  0  0 L3E F7
E26 FF 61067 133000  780 353  516    -2033366   -155         -21    -45   17 115  139  +13  204  +31  204   31  11  0  0 L3E 2C
E31 FF 61067 133000  780 794 1118    +1151731    +57         -18    +31   18 115   82   +2  152  -20  152  -20  10  0  0 L3E 12
E33 FF 61067 133000  780 541 1246      +27576    -36         -13    -47   18 114  100   -6  188   +1  188    1  11  0  0 L3E E5
E03 FF 61067 134600  780 127 3259      -38115    +48          -4    +25   33 114  361   -3  309  -25  309  -25  20  0  0 L3E 07
E05 FF 61067 134600  780 136 2762      -83128    -14         -20    +14   21 116  337  +93  369  +28  369   28  13  0  0 L3E 30
E12 FF 61067 134600  780 254 1808     +217809    +57         -25    +30   16 116  188  -45  325  -90  325  -90  10  0  0 L3E 4B
E23 FF 61067 134600  780 215 1151     +233166    +34          -5    +22   24 116  218  +49  278  +10  278   10  14  0  0 L3E 13
E26 FF 61067 134600  780 314  474    -2033473    -89         -22    +21   23 116  154  +19  207   -8  207   -8  13  0  0 L3E 21
E31 FF 61067 134600  780 736 1189    +1151762    +19         -12     -7   11 116   84   +3  141   +0  141    0   6  0  0 L3E C9
E33 FF 61067 134600  780 580 1153      +27596     +7          -4     -4   14 114   95   -4  164  -22  164  -22   8  0  0 L3E C9
E03 FF 61067 140200  780 123 3208      -38084     +6           4    -17   26 118  370  +22  303   +8  303    8  16  0  0 L3E BC
E10 FF 61067 140200  780 117 1934    +7674859    +56         -15    +29   22 112  394 -195  456  -92  456  -92  15  0  0 L3E 8A
E12 FF 61067 140200  780 318 1812     +217830    +16         -29    -12   19 118  153  -29  258  -46  258  -46  12  0  0 L3E 48
E23 FF 61067 140200  780 165 1187     +233163    -16         -19    -28   25 116  280  +83  311  +38  311   38  15  0  0 L3E 30
E26 FF 61067 140200  780 270  443    -2033571    -82         -14    +28   16 118  177  +29  209   -7  209   -7  10  0  0 L3E 20
E31 FF 61067 140200  780 677 1241    +1151788    +53         -11    +27   14 118   87   +4  143  -11  143  -11   8  0  0 L3E 12
E33 FF 61067 140200  780 604 1039      +27605     +8          -5     -3   19 114   93   -2  151  -11  151  -11  11  0  0 L3E B9
E03 FF 61067 141800  780 112 3157      -38078     +5         -11    -18   26 119  406  +54  320  +22  320   22  16  0  0 L3E FE
E10 FF 61067 141800  780 177 1946    +7674891     +5           2    -21   19 119  265  -90  355  -78  355  -78  13  0  0 L3E 4F
E12 FF 61067 141800  780 384 1817     +217861    +19         -24     -8   17 119  130  -20  211  -34  211  -34   9  0  0 L3E 19
E23 FF 61067 141800  780 116 1221     +233186    -15          -9    -27   43 119  393 +164  318  +27  318   27  26  0  0 L3E 3E
E25 FF 61067 141800  780 104 2991     -218999    -12           3    -11   20 118  439 -201  343  -23  343  -23  12  0  0 L3E 33
E26 FF 61067 141800  780 222  422    -2033668    -89          -5    +21   26 119  212  +45  212  -10  212  -10  17  0  0 L3E 1D
E31 FF 61067 141800  780 618 1285    +1151812    -10         -12    -36   17 119   92   +5  144  +24  144   24   9  0  0 L3E 0B
E33 FF 61067 141800  780 610  912      +27612    +53          -8    +42   14 114   92   +0  144  -31  144  -31   8  0  0 L3E C2
E10 FF 61067 143400  780 237 1960    +7674911    +30          -1     +4   20 121  200  -50  267  -79  267  -79  15  0  0 L3E 32
E12 FF 61067 143400  780 450 1820     +217884    +50         -27    +23   17 119  114  -14  175  -43  175  -43  10  0  0 L3E 38
E25 FF 61067 143400  780 153 3011     -219005    +30          -2    +31   24 121  303  -98  301  -71  301  -71  15  0  0 L3E 09
E26 FF 61067 143400  780 172  411    -2033793   -103         -24     +7   27 121  270  +77  232   +4  232    4  16  0  0 L3E 01
E31 FF 61067 143400  780 558 1325    +1151830     -9         -19    -35   13 121   98   +7  150  +28  150   28   7  0  0 L3E 02
E33 FF 61067 143400  780 597  792      +27623    -17          -9    -28   11 121   94   +2  141  +16  141   16   6  0  0 L3E CD
E10 FF 61067 145000  780 300 1977    +7674934    +26          -3     +0   17 123  162  -32  213  -69  213  -69  11  0  0 L3E 2E
E12 FF 61067 145000  780 517 1820     +217920    +26         -17     -1   18 119  103  -10  152   -3  152   -3  10  0  0 L3E EA
E25 FF 61067 145000  780 204 3027     -218998    +20           5    +21   18 123  231  -57  251  -62  251  -62  11  0  0 L3E 17
E26 FF 61067 145000  780 121  407    -2033876    -86          -1    +24   16 123  376 +154  210  -45  210  -45  11  0  0 L3E 33
E31 FF 61067 145000  780 498 1361    +1151859    +48         -15    +22   21 121  106  +10  156   -3  156   -3  13  0  0 L3E 1E
E33 FF 61067 145000  780 568  694      +27631    +49          -9    +38   13 123   96   +4  141  -21  141  -21   7  0  0 L3E DB
E10 FF 61067 150600  780 363 1996    +7674954    +24          -9     -2   17 124  137  -21  188   -7  188   -7   9  0  0 L3E 22
E11 FF 61067 150600  780 107 2090   -37769825  -1648         -16     -9   29 119  428 -221  400 -135  400 -135  23  0  0 L3E BE
E12 FF 61067 150600  780 583 1813     +217944    +22         -16     -5   13 124   95   -7  139  -10  139  -10   8  0  0 L3E FA
E25 FF 61067 150600  780 255 3038     -219016    -25         -12    -24   19 124  187  -37  220  -18  220  -18  12  0  0 L3E 3B
E31 FF 61067 150600  780 439 1395    +1151875     -6         -24    -32   16 121  116  +13  179  +35  179   35   9  0  0 L3E 31
E33 FF 61067 150600  780 528  624      +27634     +7         -16     -3   15 124  101   +6  142   -9  142   -9   9  0  0 L3E AF
E10 FF 61067 152200  780 427 2017    +7674972     +2         -17    -24   17 125  119  -15  162  -10  162  -10  11  0  0 L3E 32
E11 FF 61067 152200  780 164 2112   -37771397  -1600         -12    +39   22 126  285  -99  308  -72  308  -72  16  0  0 L3E 9D
E12 FF 61067 152200  780 649 1793     +217972    +36         -13     +9   15 126   89   -5  123  -21  123  -21   9  0  0 L3E 03
E25 FF 61067 152200  780 307 3042     -219002     +0           1     +1   22 126  158  -25  180  -27  180  -27  13  0  0 L3E E0
E31 FF 61067 152200  780 379 1425    +1151906    +71         -18    +45   18 121  131  +18  184  -16  184  -16  10  0  0 L3E 4D
E33 FF 61067 152200  780 480  577      +27653    -35          -8    -46   14 126  109   +9  130  +21  130   21   8  0  0 L3E D7
E10 FF 61067 153800  780 491 2040    +7674995    +22         -19     -4   16 125  107  -11  139  -23  139  -23  11  0  0 L3E 45
E11 FF 61067 153800  780 221 2137   -37772956  -1617           2    +22   19   0  214  -55  246 -109  246 -109  13  0  0 L3E 77
E12 FF 61067 153800  780 712 1744     +218001    +14         -10    -13   11   0   85   -3  106   -9  106   -9   7  0  0 L3E AC
E25 FF 61067 153800  780 359 3038     -219010     -8          -6     -8   19   0  138  -18  162  -15  162  -15  13  0  0 L3E EE
E31 FF 61067 153800  780 320 1453    +1151928    +24         -23     -2   18   0  152  +26  197  +13  197   13  11  0  0 L3E 02
E33 FF 61067 153800  780 429  549      +27644     +2         -26     -9   12   0  118  +12  134   +6  134    6   8  0  0 L3E 94
E10 FF 61067 155400  780 556 2063    +7675030    +42          -9    +16   18 125   98   -8  113  -23  113  -23  11  0  0 L3E 1A
E11 FF 61067 155400  780 279 2165   -37774532  -1679          -1    -40   19   2  173  -34  199  -17  199  -17  12  0  0 L3E 7D
E12 FF 61067 155400  780 768 1628     +218035    +12          -3    -15   14   2   83   -2   91   -1   91   -1   8  0  0 L3E 88
E25 FF 61067 155400  780 411 3023     -219014    -46         -10    -46   19   2  123  -13  143  +11  143   11  12  0  0 L3E EB
E31 FF 61067 155400  780 262 1478    +1151954    +23         -23     -3   17   1  182  +39  211  +20  211   20  11  0  0 L3E F4
E33 FF 61067 155400  780 375  536      +27654    +19         -25     +8   14   2  132  +17  129   -5  129   -5   8  0  0 L3E BD
E10 FF 61067 161000  780 621 2088    +7675050    -11         -13    -38   14   4   91   -6  101   +6  101    6   8  0  0 L3E B6
E11 FF 61067 161000  780 337 2197   -37776105  -1643          -1     -4   18   4  145  -23  162  -30  162  -30  10  0  0 L3E 39
E12 FF 61067 161000  780 806 1362     +218043    +31         -24     +4   16   4   82   -1   95  -12   95  -12   9  0  0 L3E A3
E25 FF 61067 161000  780 460 2995     -219027    +22         -22    +23   17   3  112   -9  135  -25  135  -25  10  0  0 L3E FC
E31 FF 61067 161000  780 204 1501    +1151985    +22         -16     -4   22   1  230  +63  222  +17  222   17  15  0  0 L3E E9
E33 FF 61067 161000  780 322  534      +27675    +12         -14     +1   13   4  151  +23  120   +5  120    5   8  0  0 L3E 7D
E10 FF 61067 162600  780 686 2112    +7675076     +9         -13    -17   14   5   87   -4   88   +1   88    1   8  0  0 L3E AC
E11 FF 61067 162600  780 396 2231   -37777678  -1626          -3    +13   16   5  127  -16  132  -44  132  -44  10  0  0 L3E 60
E12 FF 61067 162600  780 803  982     +218070    +44         -23    +17   12   5   82   +1   88  -17   88  -17   7  0  0 L3E BC
E25 FF 61067 162600  780 505 2950     -219023     +4         -16     +5   13   3  105   -7  120  -17  120  -17   8  0  0 L3E C2
E31 FF 61067 162600  780 147 1521    +1152011     -1         -15    -27   25   1  313 +118  230  +28  230   28  16  0  0 L3E 01
E33 FF 61067 162600  780 268  540      +27692    +27          -7    +17   17   5  178  +33  115  -12  115  -12  10  0  0 L3E E3
E10 FF 61067 164200  780 750 2133    +7675105    -36          -8    -62   10   7   84   -3   75  +25   75   25   6  0  0 L3E C0
E11 FF 61067 164200  780 455 2270   -37779246  -1657           2    -18   16   7  113  -12  106  -20  106  -20   9  0  0 L3E 3A
E12 FF 61067 164200  780 763  754     +218116    +47          -4    +20   15   7   83   +2   69  -20   69  -20   9  0  0 L3E A4
E25 FF 61067 164200  780 543 2884     -219011     +6          -6     +7   12   7   99   -4   98  -13   98  -13   7  0  0 L3E A7
E33 FF 61067 164200  780 216  553      +27709     -2           0    -13   18   7  218  +51  104   +3  104    3  11  0  0 L3E 7E
E02 FF 61067 165800  780 131 3188     -135838     -3           3    +27   19   8  352 -131  196  -56  196  -56  14  0  0 L3E 1A
E10 FF 61067 165800  780 813 2138    +7675133    +28          -4     +2   11   8   82   -1   65   -9   65   -9   7  0  0 L3E A0
E11 FF 61067 165800  780 514 2312   -37780828  -1645          -6     -7   19   7  103   -9   94   -9   94   -9  11  0  0 L3E 0F
E12 FF 61067 165800  780 710  662     +218139    -11          -6    -37    8   7   85   +3   64  +18   64   18   5  0  0 L3E 91
E25 FF 61067 165800  780 571 2795     -219016     +3         -11     +4   10   8   96   -2   94   -6   94   -6   6  0  0 L3E 90
E33 FF 61067 165800  780 165  572      +27714     -4          -6    -14   24   8  281  +85   99   +7   99    7  14  0  0 L3E A5
E02 FF 61067 171400  780 180 3179     -135875    -50          -5    -21   31  10  260  -69  174  -17  174  -17  19  0  0 L3E 27
E10 FF 61067 171400  780 875 2003    +7675155    +25          -6     -1   14   9   81   +0   60   -4   60   -4   8  0  0 L3E 89
E11 FF 61067 171400  780 573 2360   -37782410  -1633         -17     +6   20  10   96   -7   89  -15   89  -15  11  0  0 L3E 2E
E12 FF 61067 171400  780 653  630     +218169     -4          -2    -31   14   7   89   +4   59  +13   59   13   8  0  0 L3E 89
E25 FF 61067 171400  780 584 2688     -219030    -23         -23    -23   10  10   95   -1   99   +8   99    8   6  0  0 L3E BA
E29 FF 61067 171400  780 114  463    +1731289    +43         -15     +8   30  10  399  -55   88  -13   88  -13  18  0  0 L3E 10
E33 FF 61067 171400  780 115  594      +27725    +45          -3    +35   53  10  396 +165   89  -31   89  -31  32  0  0 L3E F8
E02 FF 61067 173000  780 227 3161     -135897    -84           0    -55   21  12  209  -41  139  +11  139   11  13  0  0 L3E F9
E10 FF 61067 173000  780 860  628    +7675180    +17          -5     -8   10  12   81   +1   55   +1   55    1   6  0  0 L3E 79
E11 FF 61067 173000  780 631 2415   -37783986  -1643         -19     -5   12  12   91   -5   81   -8   81   -8   7  0  0 L3E 04
E12 FF 61067 173000  780 595  626     +218186    -21         -11    -48   15   7   94   +6   61  +22   61   22   8  0  0 L3E A8
E25 FF 61067 173000  780 581 2574     -219019    -17         -11    -17   13  12   95   +1   91   +5   91    5   7  0  0 L3E A7
E29 FF 61067 173000  780 126  413    +1731331    +48          -7    +13   31  11  363  -23   78  -12   78  -12  20  0  0 L3E EB
E36 FF 61067 173000  780 133 2420    +5151129    +32         -25    -23   25  10  346 -127  235  -40  235  -40  16  0  0 L3E 3D
E02 FF 61067 174600  780 271 3135     -135919    -36           5     -7   19  13  177  -26  115  -10  115  -10  11  0  0 L3E F8
E10 FF 61067 174600  780 801  576    +7675188     -5         -22    -31   10  13   82   +2   60  +15   60   15   6  0  0 L3E B4
E11 FF 61067 174600  780 688 2482   -37785554  -1650         -15    -12   13  13   87   -3   68   -4   68   -4   7  0  0 L3E 23
E12 FF 61067 174600  780 539  637     +218202    -10         -23    -37   17  13  100   +7   66  +21   66   21  10  0  0 L3E C8
E19 FF 61067 174600  780 145  827   -26731805   -315         -21    +20   26  13  318  -82  111  -20  111  -20  16  0  0 L3E 49
E25 FF 61067 174600  780 560 2467     -219019    -24         -11    -23   17  13   97   +3   89  +17   89   17  10  0  0 L3E EE
E29 FF 61067 174600  780 130  362    +1731349    +64         -22    +28   37  13  352   +0   83  -23   83  -23  20  0  0 L3E F5
E36 FF 61067 174600  780 183 2458    +5151199    -21          -7    -75   39  10  257  -69  181  +21  181   21  25  0  0 L3E 3C
E02 FF 61067 180200  780 311 3098     -135962    -45         -11    -16   20  15  156  -17  109  -11  109  -11  13  0  0 L3E 1D
E10 FF 61067 180200  780 742  594    +7675223    +57         -11    +31   10  15   84   +2   49  -24   49  -24   6  0  0 L3E D9
E11 FF 61067 180200  780 744 2569   -37787119  -1648          -7    -10   11  13   84   -2   55   -2   55   -2   6  0  0 L3E FD
E12 FF 61067 180200  780 484  657     +218231    +18         -21     -9   14  15  108   +9   62   +6   62    6   8  0  0 L3E 95
E19 FF 61067 180200  780 181  780   -26732122   -262         -20    +73   29  15  259  -46   91  -63   91  -63  19  0  0 L3E 49
E25 FF 61067 180200  780 526 2378     -219021    -21         -14    -20   13  15  102   +6   91  +11   91   11   8  0  0 L3E C1
E29 FF 61067 180200  780 126  311    +1731386    +65         -18    +30   36  15  363  +24   70  -27   70  -27  22  0  0 L3E 08
E36 FF 61067 180200  780 232 2498    +5151252    +36          -7    -18   23  10  205  -42  153  -19  153  -19  16  0  0 L3E 2F
E02 FF 61067 181800  780 344 3051     -135987    -26          -9     +3   16  16  143  -11   95   -8   95   -8  10  0  0 L3E D3
E10 FF 61067 181800  780 684  625    +7675236    +92         -22    +66   17  16   87   +4   52  -41   52  -41  10  0  0 L3E F7
E11 FF 61067 181800  780 797 2709   -37788694  -1624         -10    +14   11  13   82   -1   49  -16   49  -16   6  0  0 L3E 44
E12 FF 61067 181800  780 430  683     +218261    -10         -18    -37   18  16  118  +12   59  +26   59   26  11  0  0 L3E F0
E19 FF 61067 181800  780 210  729   -26732435   -355         -12    -19   28  16  224  -28   75   +2   75    2  18  0  0 L3E 17
E25 FF 61067 181800  780 482 2307     -219025    +12         -18    +13   13  15  108   +8   95   -9   95   -9   8  0  0 L3E D4
E29 FF 61067 181800  780 113  263    +1731407    +44         -31     +9   35  16  401  +56   70  -12   70  -12  22  0  0 L3E EB
E36 FF 61067 181800  780 281 2540    +5151299    +48         -13     -7   20  16  171  -29  132  -31  132  -31  12  0  0 L3E 2B
E02 FF 61067 183400  780 370 2993     -136014     +0         -12    +28   15  18  134   -7   80  -29   80  -29  10  0  0 L3E E3
E04 FF 61067 183400  780 138 1229     +541777    +41         -11    -66   52  18  336 -125  117  +29  117   29  30  0  0 L3E 3F
E10 FF 61067 183400  780 628  661    +7675258    +47         -24    +22   16  18   91   +5   49  -15   49  -15   9  0  0 L3E F4
E11 FF 61067 183400  780 841 3018   -37790268  -1637         -11     +1   13  13   81   -1   44   -8   44   -8   8  0  0 L3E F4
E12 FF 61067 183400  780 378  714     +218279    +39         -25    +12   19  18  131  +16   55   -5   55   -5  12  0  0 L3E DF
E19 FF 61067 183400  780 233  673   -26732760   -299         -11    +37   28  18  203  -16   69  -25   69  -25  18  0  0 L3E 58
E25 FF 61067 183400  780 430 2253     -219016    -25          -8    -25   14  15  118  +12   93  +19   93   19   8  0  0 L3E E1
E36 FF 61067 183400  780 331 2584    +5151360    +49          -5     -6   18  18  148  -20   95  -23   95  -23  11  0  0 L3E 08
E02 FF 61067 185000  780 385 2926     -136033    -42          -4    -13   14  20  130   -3   70   +4   70    4   8  0  0 L3E 91
E04 FF 61067 185000  780 190 1197     +541875   +104         -17     -3   24  20  248  -66  106  -10  106  -10  15  0  0 L3E 23
E10 FF 61067 185000  780 573  700    +7675285    +30         -20     +4   13  20   96   +6   44   -2   44   -2   7  0  0 L3E 97
E11 FF 61067 185000  780 847   62   -37791836  -1643          -1     -5   12  20   81   +0   33   +1   33    1   7  0  0 L3E A0
E12 FF 61067 185000  780 327  747     +218308    +61         -22    +34   19  18  149  +21   57  -24   57  -24  11  0  0 L3E FC
E19 FF 61067 185000  780 247  614   -26733066   -325           2    +11   26  20  193   -7   54   -8   54   -8  16  0  0 L3E EA
E25 FF 61067 185000  780 375 2211     -219028    +14         -19    +14   11  15  132  +18  106   -1  106   -1   6  0  0 L3E DE
E36 FF 61067 185000  780 381 2629    +5151405    +73         -10    +19   21  20  131  -15   80  -22   80  -22  12  0  0 L3E 08
E02 FF 61067 190600  780 389 2855     -136068    +25         -11    +54   16  21  128   +0   72  -39   72  -39  10  0  0 L3E 01
E04 FF 61067 190600  780 240 1160     +541981   +149         -13    +42   22  21  198  -40   94  -37   94  -37  14  0  0 L3E 23
E06 FF 61067 190600  780 133 1396    +2249930    +91         -29    +43   65  21  349 -142  137  -50  137  -50  41  0  0 L3E 60
E10 FF 61067 190600  780 520  740    +7675309    +26         -19     +0   10  21  102   +8   44   +1   44    1   6  0  0 L3E 8D
E11 FF 61067 190600  780 809  443   -37793412  -1654          -3    -16    9  21   82   +1   32   +9   32    9   5  0  0 L3E C6
E12 FF 61067 190600  780 278  782     +218346    +50          -9    +23   19  18  172  +29   53   -5   53   -5  12  0  0 L3E D0
E19 FF 61067 190600  780 251  555   -26733391   -321          -1    +15   22  21  189   +0   53  -12   53  -12  13  0  0 L3E 02
E25 FF 61067 190600  780 318 2179     -219023     -2         -15     -2   17  15  153  +26  112  +10  112   10  10  0  0 L3E DD
E36 FF 61067 190600  780 432 2676    +5151470    +47           2     -8   16  21  118  -12   62  -11   62  -11  10  0  0 L3E E1
E02 FF 61067 192200  780 382 2782     -136099    -20         -15     +8   15  23  130   +4   78   -1   78   -1   9  0  0 L3E B7
E04 FF 61067 192200  780 288 1117     +542091   +110          -6     +3   16  21  167  -26   78   -9   78   -9  10  0  0 L3E DC
E06 FF 61067 192200  780 187 1371    +2250001    +58          -6     +9   19  23  251  -73  110  -37  110  -37  12  0  0 L3E 0F
E10 FF 61067 192200  780 468  782    +7675336    +34         -16     +9   11  23  111  +10   43   -5   43   -5   6  0  0 L3E C2
E11 FF 61067 192200  780 760  605   -37794993  -1611         -10    +27   12  23   83   +2   33  -20   33  -20   7  0  0 L3E 09
E12 FF 61067 192200  780 229  819     +218392    +43          10    +16   13  18  206  +41   46   -7   46   -7   8  0  0 L3E BA
E19 FF 61067 192200  780 246  497   -26733727   -333         -15     +3   18  21  193   +7   59   -5   59   -5  12  0  0 L3E 07
E25 FF 61067 192200  780 260 2153     -219016    +28          -5    +29   17  23  183  +39  116   -8  116   -8  10  0  0 L3E F8
E30 FF 61067 192200  780 132 3290    +6723522   +457          -9    +52   28  23  349  -94   75  -35   75  -35  17  0  0 L3E 39
E36 FF 61067 192200  780 483 2724    +5151507    +61         -13     +6   16  22  108   -9   60  -15   60  -15   9  0  0 L3E E9
E02 FF 61067 193800  780 364 2712     -136125    -57         -14    -28   22  24  136   +8   76  +18   76   18  13  0  0 L3E FB
E04 FF 61067 193800  780 332 1068     +542187   +115         -13     +8   18  24  147  -17   72  -18   72  -18  10  0  0 L3E 13
E06 FF 61067 193800  780 243 1344    +2250054    +39           0     -9   24  24  196  -43   91   -1   91   -1  14  0  0 L3E C7
E09 FF 61067 193800  780 110 1548    +1904218   +162          -8     +8   30  24  419 -213  134  -27  134  -27  18  0  0 L3E 49
E10 FF 61067 193800  780 417  824    +7675372    +30          -5     +5   18  24  121  +12   38   -4   38   -4  10  0  0 L3E C2
E11 FF 61067 193800  780 708  705   -37796572  -1664         -16    -26   12  24   86   +3   35  +16   35   16   7  0  0 L3E 21
E12 FF 61067 193800  780 182  857     +218397    +35         -11     +8   20  24  255  +64   69   +7   69    7  12  0  0 L3E D0
E19 FF 61067 193800  780 232  442   -26734031   -303           4    +33   25  21  204  +16   48  -27   48  -27  15  0  0 L3E 13
E25 FF 61067 193800  780 202 2131     -219020    -23          -9    -22   12  24  232  +64  136  +28  136   28   7  0  0 L3E F2
E30 FF 61067 193800  780 165 3253    +6723912   +382          -8    -24   19  24  282  -51   72  +15   72   15  12  0  0 L3E 1D
E36 FF 61067 193800  780 534 2774    +5151552    +44         -20    -10   20  22  101   -7   56   -3   56   -3  12  0  0 L3E DE
E02 FF 61067 195400  780 335 2648     -136151    -20         -12     +9   19  26  146  +13   77   -6   77   -6  11  0  0 L3E DD
E04 FF 61067 195400  780 371 1009     +542281   +133         -23    +25   15  26  134  -11   68  -20   68  -20   9  0  0 L3E 03
E06 FF 61067 195400  780 298 1311    +2250098    +17          -2    -31   14  26  163  -28   84  +10   84   10   9  0  0 L3E EE
E09 FF 61067 195400  780 167 1532    +1904370   +167          -3    +13   23  24  280  -97  116   -8  116   -8  14  0  0 L3E 29
E10 FF 61067 195400  780 367  867    +7675392    +11          -8    -14   13  26  135  +16   45   +8   45    8   8  0  0 L3E D3
E11 FF 61067 195400  780 656  781   -37798149  -1689         -18    -51   15  26   89   +4   37  +29   37   29   9  0  0 L3E 45
E12 FF 61067 195400  780 136  895     +218411     +4         -23    -23   29  26  336 +110   85  +31   85   31  19  0  0 L3E F0
E19 FF 61067 195400  780 209  394   -26734336   -299          21    +37   24  21  225  +28   32  -28   32  -28  16  0  0 L3E 3E
E25 FF 61067 195400  780 145 2111     -219024    -11         -12    -10   24  26  318 +121  155  +23  155   23  15  0  0 L3E 17
E30 FF 61067 195400  780 192 3210    +6724293   +421         -17    +15   26  24  244  -29   73  -16   73  -16  16  0  0 L3E 37
E36 FF 61067 195400  780 586 2826    +5151616    +52          -9     -2   12  22   95   -6   41   -7   41   -7   7  0  0 L3E B5
E02 FF 61067 201000  780 299 2591     -136180    -68         -13    -39   18  28  161  +20   82  +32   82   32  11  0  0 L3E FA
E04 FF 61067 201000  780 402  942     +542396    +82         -12    -25   18  28  125   -7   55   +8   55    8   9  0  0 L3E AC
E06 FF 61067 201000  780 351 1273    +2250142    +83          -4    +34   16  28  141  -19   76  -28   76  -28   9  0  0 L3E FA
E09 FF 61067 201000  780 226 1515    +1904512   +139          -3    -14   20  28  210  -54  107   +2  107    2  13  0  0 L3E ED
E10 FF 61067 201000  780 318  909    +7675422    +39          -3    +14   19  27  153  +22   50   +0   50    0  11  0  0 L3E AF
E11 FF 61067 201000  780 604  845   -37799733  -1652         -28    -14   13  27   93   +5   44  +12   44   12   8  0  0 L3E 0B
E19 FF 61067 201000  780 179  352   -26734685   -390         -15    -54   31  28  260  +48   47  +45   47   45  19  0  0 L3E 42
E30 FF 61067 201000  780 211 3161    +6724689   +413         -10     +8   29  24  223  -16   67   +5   67    5  17  0  0 L3E E9
E34 FF 61067 201000  780 128 2776    +2323291    +16          -5     -8   23  28  361 -128  128  -23  128  -23  14  0  0 L3E 2D
E36 FF 61067 201000  780 639 2881    +5151665    +47         -11     -7   12  28   90   -4   41   +4   41    4   7  0  0 L3E A5
E02 FF 61067 202600  780 258 2541     -136209    -48         -13    -19   22  29  185  +30   87  +22   87   22  13  0  0 L3E 02
E04 FF 61067 202600  780 422  867     +542489    +91         -23    -16   20  29  120   -4   56   +0   56    0  11  0  0 L3E AD
E06 FF 61067 202600  780 401 1225    +2250185    +77          -8    +29   15  29  125  -13   69  -24   69  -24   9  0  0 L3E 04
E09 FF 61067 202600  780 286 1496    +1904656   +108          -5    -45   16  29  169  -34   96  +15   96   15  10  0  0 L3E 31
E10 FF 61067 202600  780 269  952    +7675418    +54         -30    +29   18  27  177  +30   78   -4   78   -4  11  0  0 L3E 00
E11 FF 61067 202600  780 552  903   -37801291  -1586         -14    +53   16  27   98   +6   40  -24   40  -24  10  0  0 L3E 1F
E19 FF 61067 202600  780 142  317   -26734979   -295          15    +40   25  29  323  +86   44  -15   44  -15  16  0  0 L3E 3C
E30 FF 61067 202600  780 222 3107    +6725083   +406          -5     +1   27  24  213   -6   64   -9   64   -9  17  0  0 L3E D3
E34 FF 61067 202600  780 174 2812    +2323315    +36          -5    +12   23  29  269  -72  100  -44  100  -44  14  0  0 L3E 1C
E36 FF 61067 202600  780 693 2941    +5151724    +80          -3    +26   10  29   86   -3   33  -19   33  -19   6  0  0 L3E E1
E02 FF 61067 204200  780 212 2498     -136230    -63          -7    -34   24  31  221  +48   93  +41   93   41  15  0  0 L3E E1
E04 FF 61067 204200  780 430  789     +542584    +74         -30    -33   20  30  118   -1   58  +14   58   14  12  0  0 L3E D2
E06 FF 61067 204200  780 446 1166    +2250224    +33         -16    -15   13  31  115   -9   65   +1   65    1   8  0  0 L3E B6
E09 FF 61067 204200  780 346 1473    +1904808   +175          -1    +21   19  31  142  -23   81  -28   81  -28  12  0  0 L3E 1C
E10 FF 61067 204200  780 221  993    +7675451    +13         -22    -12   18  27  213  +44   84  +23   84   23  10  0  0 L3E F2
E11 FF 61067 204200  780 500  957   -37802866  -1619         -17    +19   14  27  105   +8   46   -5   46   -5   8  0  0 L3E 10
E19 FF 61067 204200  780 102  290   -26735312   -347           5    -11   27  31  444 +180   72  +56   72   56  17  0  0 L3E 19
E30 FF 61067 204200  780 223 3050    +6725471   +429          -2    +24   21  31  211   +3   60  -26   60  -26  12  0  0 L3E E9
E34 FF 61067 204200  780 221 2847    +2323343    +59           1    +35   24  31  214  -45   77  -48   77  -48  17  0  0 L3E 0A
E36 FF 61067 204200  780 747 3013    +5151774    +77          -5    +23   10  30   84   -2   31  -19   31  -19   6  0  0 L3E D1
E02 FF 61067 205800  780 164 2461     -136254    -55          -3    -26   26  32  283  +83  112  +35  112   35  16  0  0 L3E 09
E04 FF 61067 205800  780 426  711     +542687   +139         -29    +32   13  30  119   +2   53  -22   53  -22   7  0  0 L3E E3
E06 FF 61067 205800  780 483 1093    +2250286    +13          -2    -36   15  32  108   -6   47  +13   47   13   9  0  0 L3E DA
E09 FF 61067 205800  780 406 1442    +1904941   +164         -16    +10   16  32  124  -16   81  -12   81  -12  10  0  0 L3E 1C
E10 FF 61067 205800  780 174 1034    +7675488     -3          -9    -28   27  27  267  +71   87  +26   87   26  16  0  0 L3E 15
E11 FF 61067 205800  780 448 1007   -37804439  -1601         -17    +37   15  27  114  +11   51  -14   51  -14   9  0  0 L3E 3E
E30 FF 61067 205800  780 216 2993    +6725871   +440          10    +35   16  32  218  +12   50  -22   50  -22  10  0  0 L3E 12
E34 FF 61067 205800  780 270 2881    +2323362     -9          -2    -33   19  32  177  -31   63  +15   63   15  14  0  0 L3E EF
E36 FF 61067 205800  780 801 3118    +5151813    +60         -17     +6    8  30   82   -1   34   -6   34   -6   5  0  0 L3E 9C
E02 FF 61067 211400  780 115 2427     -136294    -20         -16     +9   39  34  397 +167  138   +8  138    8  23  0  0 L3E 0C
E04 FF 61067 211400  780 410  639     +542807   +136         -13    +29   16  34  123   +6   39  -20   39  -20   9  0  0 L3E E0
E05 FF 61067 211400  780 105 1836      -83907    -60         -25    -31   24  34  438 -237  140  +15  140   15  15  0  0 L3E 19
E06 FF 61067 211400  780 509 1007    +2250309     +5         -26    -44   15  34  104   -3   57  +22   57   22   9  0  0 L3E CC
E09 FF 61067 211400  780 464 1402    +1905096   +179          -9    +25   18  33  112  -11   68  -26   68  -26  11  0  0 L3E 25
E10 FF 61067 211400  780 127 1074    +7675510    -30         -16    -55   87  34  361 +131   97  +38   97   38  50  0  0 L3E 32
E11 FF 61067 211400  780 396 1055   -37806013  -1608         -16    +30   20  34  126  +14   58   -5   58   -5  12  0  0 L3E 29
E30 FF 61067 211400  780 199 2938    +6726246   +444          -1    +39   21  34  235  +23   63  -19   63  -19  13  0  0 L3E 2C
E34 FF 61067 211400  780 321 2912    +2323387    +23           1     -1   20  34  152  -22   49   -8   49   -8  12  0  0 L3E BA
E36 FF 61067 211400  780 853 3366    +5151866    +53         -16     -1   10  30   81   -1   30   -2   30   -2   6  0  0 L3E A0
E04 FF 61067 213000  780 383  578     +542915   +100          -9     -7   13  36  130   +9   35   +4   35    4   8  0  0 L3E 8F
E05 FF 61067 213000  780 163 1838      -83930     +5         -19    +34   22  36  286 -103  130  -29  130  -29  13  0  0 L3E 18
E06 FF 61067 213000  780 522  913    +2250354    +11         -28    -38   18  36  102   -1   53  +20   53   20  10  0  0 L3E C9
E09 FF 61067 213000  780 517 1348    +1905237   +172         -15    +19   15  33  103   -8   63  -18   63  -18   9  0  0 L3E 13
E11 FF 61067 213000  780 345 1101   -37807587  -1651         -17    -13   14  34  142  +19   67  +15   67   15   9  0  0 L3E 3B
E30 FF 61067 213000  780 175 2885    +6726638   +447           4    +42   17  35  265  +41   62  -30   62  -30  11  0  0 L3E 14
E34 FF 61067 213000  780 372 2940    +2323406    +34          -2    +10   23  36  133  -17   46  -11   46  -11  14  0  0 L3E ED
E36 FF 61067 213000  780 864  684    +5151932    +56          -2     +2    9  30   81   +0   22   +4   22    4   5  0  0 L3E 62
E04 FF 61067 214600  780 348  529     +543016   +106         -11     -1   17  37  141  +14   35   +0   35    0  10  0  0 L3E A9
E05 FF 61067 214600  780 224 1842      -83953    -48         -14    -19   16  37  212  -57  112   -2  112   -2   9  0  0 L3E EA
E06 FF 61067 214600  780 519  817    +2250406    +59         -23    +10   14  37  103   +1   46   -5   46   -5   8  0  0 L3E BE
E09 FF 61067 214600  780 564 1273    +1905381   +179         -18    +25   19  33   97   -5   57  -23   57  -23  11  0  0 L3E 24
E11 FF 61067 214600  780 294 1144   -37809166  -1619         -23    +20   15  34  164  +27   83   -2   83   -2   9  0  0 L3E 2B
E27 FF 61067 214600  780 110 3318    +8917403    +79         -12    -26   50  37  413  -23   59  +19   59   19  29  0  0 L3E 29
E30 FF 61067 214600  780 145 2836    +6727017   +418          -6    +13   21  35  317  +71   75   -6   75   -6  12  0  0 L3E 02
E34 FF 61067 214600  780 426 2963    +2323431    +25           2     +1   13  37  119  -13   42   -3   42   -3   8  0  0 L3E A7
E36 FF 61067 214600  780 815 1070    +5151953    +35         -26    -18   17  37   82   +1   41  +12   41   12  10  0  0 L3E DE
E04 FF 61067 220200  780 307  491     +543140   +107           9     -1   18  39  158  +21   23   +7   23    7  11  0  0 L3E 96
E05 FF 61067 220200  780 286 1847      -83972    -60          -5    -31   18  39  169  -35   95  +11   95   11  11  0  0 L3E EE
E06 FF 61067 220200  780 503  730    +2250460    +68         -17    +19   15  39  105   +4   41   -9   41   -9   8  0  0 L3E BC
E09 FF 61067 220200  780 600 1173    +1905539    +94         -13    -60   14  39   93   -3   48  +31   48   31   8  0  0 L3E E0
E11 FF 61067 220200  780 242 1184   -37810723  -1622          -8    +17   20  39  195  +40   85   +1   85    1  12  0  0 L3E 08
E27 FF 61067 220200  780 111 3268    +8917508    +82          -9    -23   30  39  406   +7   57  +14   57   14  20  0  0 L3E F5
E30 FF 61067 220200  780 109 2791    +6727407   +494          -4    +89   39  39  414 +138   82  -51   82  -51  26  0  0 L3E 4D
E34 FF 61067 220200  780 481 2980    +2323438     -2         -14    -26   19  39  109  -10   47  +13   47   13  11  0  0 L3E F8
E36 FF 61067 220200  780 758 1191    +5152019    +25         -11    -29   14  38   83   +2   33  +16   33   16   8  0  0 L3E D7
E04 FF 61067 221800  780 262  465     +543236   +143           2    +36   20  40  182  +31   28  -16   28  -16  12  0  0 L3E DC
E05 FF 61067 221800  780 349 1852      -84000    -30          -4     -1   16  40  141  -23   86   -2   86   -2  11  0  0 L3E A1
E06 FF 61067 221800  780 474  657    +2250506    +62         -18    +13   16  40  110   +6   42  -14   42  -14   9  0  0 L3E DA
E09 FF 61067 221800  780 621 1052    +1905683   +165         -16    +12   12  40   91   -1   46  -10   46  -10   7  0  0 L3E E9
E11 FF 61067 221800  780 191 1222   -37812297  -1626         -11    +12   22  40  244  +64   98   -4   98   -4  14  0  0 L3E 36
E27 FF 61067 221800  780 105 3218    +8917597   +108         -19     +3   29  40  428  +40   54   -8   54   -8  18  0  0 L3E 15
E34 FF 61067 221800  780 536 2989    +2323457    +40         -17    +16   11  39  100   -8   46  -15   46  -15   6  0  0 L3E 05
E36 FF 61067 221800  780 698 1262    +5152066    +89         -16    +35   12  38   86   +3   39  -12   39  -12   7  0  0 L3E 00
E04 FF 61067 223400  780 214  449     +543346    +94          10    -13   23  42  220  +49   23  +20   23   20  15  0  0 L3E C3
E05 FF 61067 223400  780 413 1857      -84029    -15          -3    +14   20  42  122  -16   75  -19   75  -19  12  0  0 L3E E6
E06 FF 61067 223400  780 436  601    +2250577    +47           5     -2   13  42  117   +9   26   +1   26    1   8  0  0 L3E 7A
E09 FF 61067 223400  780 622  921    +1905827   +170         -16    +16   12  42   91   +1   46   -9   46   -9   7  0  0 L3E CC
E11 FF 61067 223400  780 140 1258   -37813867  -1653         -11    -14   35  42  328 +117  105  +17  105   17  22  0  0 L3E 79
E34 FF 61067 223400  780 593 2985    +2323490    +28          -7     +5    8  39   94   -6   36   -4   36   -4   5  0  0 L3E AB
E36 FF 61067 223400  780 637 1317    +5152113    +24         -19    -29   13  38   90   +5   44  +18   44   18   8  0  0 L3E E2
E04 FF 61067 225000  780 164  440     +543448    +95           8    -12   25  44  282  +85   25  +15   25   15  15  0  0 L3E CE
E05 FF 61067 225000  780 478 1860      -84058    -47          -5    -18   19  44  109  -12   68   +1   68    1  12  0  0 L3E C6
E06 FF 61067 225000  780 392  561    +2250609    +25         -11    -24   19  44  127  +13   35  +16   35   16  11  0  0 L3E EE
E09 FF 61067 225000  780 605  803    +1905984   +143          -8    -10   13  44   93   +2   39   +8   39    8   7  0  0 L3E B4
E15 FF 61067 225000  780 137 3056    +2315997    +51           4    +23   21  44  337 -123   30  -32   30  -32  16  0  0 L3E 00
E34 FF 61067 225000  780 649 2959    +2323509    +46         -10    +22   10  39   89   -4   35  -13   35  -13   5  0  0 L3E EF
E36 FF 61067 225000  780 576 1362    +5152171    +76         -13    +23   15  38   96   +7   46   -8   46   -8   9  0  0 L3E DB
E04 FF 61067 230600  780 114  440     +543543   +106           0     -1   24  45  400 +172   34  +15   34   15  14  0  0 L3E BA
E05 FF 61067 230600  780 544 1860      -84091     -6         -10    +23   16  45   99   -8   65  -24   65  -24   9  0  0 L3E C4
E06 FF 61067 230600  780 344  536    +2250669    +37           1    -12   17  45  142  +18   26   +9   26    9  11  0  0 L3E BC
E09 FF 61067 230600  780 573  710    +1906131   +207          -9    +53   14  45   96   +4   39  -29   39  -29   8  0  0 L3E EC
E15 FF 61067 230600  780 189 3072    +2316003    +47         -17    +19   20  45  249  -68   46   -8   46   -8  14  0  0 L3E 09
E34 FF 61067 230600  780 702 2894    +2323525     +6          -8    -17   10  45   86   -3   36  +10   36   10   6  0  0 L3E B3
E36 FF 61067 230600  780 514 1402    +5152218    +54         -17     +0   19  45  103   +9   61   +6   61    6  11  0  0 L3E B6
E03 FF 61067 232200  780 134 2131      -37347    +14         -20     -8   21  47  345 -142  129   +1  129    1  16  0  0 L3E D6
E05 FF 61067 232200  780 609 1850      -84115    -48          -5    -19   11  47   93   -6   52   +2   52    2   7  0  0 L3E 85
E06 FF 61067 232200  780 294  521    +2250718    +86           2    +37   14  47  164  +26   27  -22   27  -22   8  0  0 L3E DC
E09 FF 61067 232200  780 531  645    +1906276   +159         -14     +6   14  47  101   +6   41   -5   41   -5   8  0  0 L3E C2
E15 FF 61067 232200  780 241 3083    +2316055    +35           8     +7   22  45  197  -42   28   -9   28   -9  14  0  0 L3E D0
E34 FF 61067 232200  780 747 2760    +2323542     -6         -12    -29   11  46   84   -2   40  +18   40   18   7  0  0 L3E C7
E36 FF 61067 232200  780 453 1438    +5152258    +30         -28    -24   18  46  113  +12   75  +28   75   28  10  0  0 L3E 13
E03 FF 61067 233800  780 190 2154      -37314    +37          -8    +15   19  48  248  -72  111  -20  111  -20  12  0  0 L3E FC
E05 FF 61067 233800  780 672 1825      -84153    -26         -14     +3   13  48   88   -4   53   -8   53   -8   8  0  0 L3E A6
E06 FF 61067 233800  780 243  516    +2250767    +57           3     +7   21  48  195  +39   31   -5   31   -5  13  0  0 L3E BC
E09 FF 61067 233800  780 482  603    +1906435   +156          -3     +2   11  48  108   +9   34   +0   34    0   6  0  0 L3E 9D
E15 FF 61067 233800  780 294 3087    +2316084    +11          11    -17   27  48  164  -28   27  +12   27   12  17  0  0 L3E 08
E34 FF 61067 233800  780 771 2526    +2323561    +38         -14    +15   13  46   83   +0   42  -10   42  -10   8  0  0 L3E DB
E36 FF 61067 233800  780 392 1470    +5152330    +15          -7    -39   15  46  128  +17   74  +28   74   28   9  0  0 L3E 03
E03 FF 61067 235400  780 246 2180      -37299    +24         -13     +2   21  50  194  -43  101  -18  101  -18  14  0  0 L3E F9
E05 FF 61067 235400  780 732 1763      -84174     -4          -8    +26   14  50   84   -3   44  -18   44  -18   8  0  0 L3E B0
E06 FF 61067 235400  780 192  519    +2250809   +118          -2    +69   25  50  243  +63   33  -49   33  -49  15  0  0 L3E 19
E09 FF 61067 235400  780 431  580    +1906593   +166           5    +12   13  50  118  +12   29   -6   29   -6   8  0  0 L3E D0
E15 FF 61067 235400  780 347 3083    +2316108    +35           9     +8   19  50  142  -20   26   -8   26   -8  13  0  0 L3E CA
E34 FF 61067 235400  780 760 2258    +2323573    +13         -25    -10   11  46   83   +1   50   +6   50    6   6  0  0 L3E AA
E36 FF 61067 235400  780 331 1498    +5152372    +35         -17    -19   20  46  148  +25   88  +19   88   19  12  0  0 L3E 2C
