CGGTTS     GENERIC DATA FORMAT VERSION = 2E
REV DATE = 2026-01-01                    
RCVR = POLARX5-TR                    R2CGGTTS v8.8    
CH = 99 
IMS = POLARX5-TR                    
LAB = PTB                           
X = +3844059.67 m 
Y =  +709661.67 m 
Z = +5023129.80 m 
FRAME = ITRF
COMMENTS =           IGS RINEX,AUSPOS XYZ          
INT DLY =   33.2 ns (GAL E1),   33.0 ns (GAL E5a)
CAB DLY =  205.7 ns 
REF DLY =   56.2 ns
REF = UTC(PTB)                      
CKSUM = 7B

SAT CL  MJD  STTIME TRKL ELV AZTH   REFSV      SRSV     REFSYS    SRSYS  DSG IOE MDTR SMDT MDIO SMDI MSIO SMSI ISG FR HC FRC CK
             hhmmss  s  .1dg .1dg    .1ns     .1ps/s     .1ns    .1ps/s .1ns     .1ns.1ps/s.1ns.1ps/s.1ns.1ps/s.1ns
E03 FF 61051 001400  780 449 1944      -70923     +8         -14    -14   20   1  115  -13   55   +8   55    8  13  0  0 L3E 93
E05 FF 61051 001400  780 654  896      -42141    -57         -13    -28   10   1   89   +1   33  +20   33   20   6  0  0 L3E 7B
E09 FF 61051 001400  780 200  464    +1681763   +101           4    -52   17   1  234  +58  104  +33  104   33  10  0  0 L3E DB
E15 FF 61051 001400  780 597 2977    +2275253    +34         -10     +7   13   0   94   -5   48  -12   48  -12   8  0  0 L3E C4
E34 FF 61051 001400  780 623 1448    +2289318    +35          -8    +13   13   1   91   +6   31   -3   31   -3   8  0  0 L3E 8C
E36 FF 61051 001400  780 116 1329    +5072653     +7         -20    -47   26   1  394 +173   79  +21   79   21  15  0  0 L3E FC
E03 FF 61051 003000  780 514 1955      -70904    +21         -19     -2   16   3  103  -10   53   +3   53    3  11  0  0 L3E 79
E05 FF 61051 003000  780 627  777      -42179    -26         -22     +3   10   1   91   +3   41   +1   41    1   6  0  0 L3E 3C
E09 FF 61051 003000  780 149  464    +1681900   +231          -8    +78   26   3  309 +103  111  -67  111  -67  15  0  0 L3E 23
E13 FF 61051 003000  780 133 3099     +462400     +3          -8     -4   19   3  347 -132  137  +21  137   21  14  0  0 L3E CD
E15 FF 61051 003000  780 649 2926    +2275275    +51         -13    +24    9   0   89   -4   41  -22   41  -22   5  0  0 L3E B8
E34 FF 61051 003000  780 559 1480    +2289339    +34         -12    +11   11   3   97   +8   42   -5   42   -5   7  0  0 L3E A8
E03 FF 61051 004600  780 579 1963      -70887    +37         -24    +14   15   4   95   -7   56  -12   56  -12   9  0  0 L3E C4
E05 FF 61051 004600  780 587  694      -42197    -52         -16    -23   12   4   95   +5   38  +13   38   13   7  0  0 L3E 9A
E13 FF 61051 004600  780 185 3110     +462405    -70          -9    -76   21   4  253  -71  110  +28  110   28  14  0  0 L3E E4
E15 FF 61051 004600  780 696 2830    +2275301    +49         -14    +22    9   0   86   -2   40  -11   40  -11   5  0  0 L3E AC
E34 FF 61051 004600  780 495 1509    +2289359     +3         -14    -20   10   4  106  +10   52  +18   52   18   6  0  0 L3E CC
E03 FF 61051 010200  780 644 1964      -70863    +54         -23    +31   10   4   90   -5   49  -21   49  -21   6  0  0 L3E A3
E05 FF 61051 010200  780 539  642      -42225    -54         -16    -25   14   6  100   +7   37  +15   37   15   8  0  0 L3E 91
E08 FF 61051 010200  780 149 2199     +712278   +152         -18    +84   28   6  312 -113   84  -57   84  -57  18  0  0 L3E 30
E13 FF 61051 010200  780 237 3115     +462410    +12          -7     +6   31   6  200  -43   89  -33   89  -33  17  0  0 L3E BD
E15 FF 61051 010200  780 727 2670    +2275330    +31         -14     +4   11   6   85   -1   41   -5   41   -5   6  0  0 L3E 81
E34 FF 61051 010200  780 431 1536    +2289386    +12         -11    -11   12   6  118  +14   49   +7   49    7   7  0  0 L3E BC
E03 FF 61051 011800  780 707 1949      -70834    +52         -15    +29   13   4   86   -3   42  -20   42  -20   8  0  0 L3E A9
E05 FF 61051 011800  780 487  613      -42253    -29         -15     +0   14   7  107   +9   37   +0   37    0   8  0  0 L3E 5F
E08 FF 61051 011800  780 204 2227     +712344    +67         -17     -1   16   7  231  -61   76  -15   76  -15  10  0  0 L3E DA
E13 FF 61051 011800  780 290 3112     +462413     +2          -9     -4   20   7  167  -28   67  -14   67  -14  12  0  0 L3E B3
E15 FF 61051 011800  780 734 2458    +2275356    +13         -14    -15   13   7   84   +0   41  +11   41   11   8  0  0 L3E B2
E34 FF 61051 011800  780 368 1561    +2289401    +18         -18     -5   13   7  134  +20   60  +15   60   15   8  0  0 L3E CC
E03 FF 61051 013400  780 769 1897      -70820     -5         -22    -28   12   4   83   -2   44  +14   44   14   7  0  0 L3E 90
E05 FF 61051 013400  780 434  601      -42279     +8         -13    +37   10   9  117  +12   36  -25   36  -25   7  0  0 L3E A0
E08 FF 61051 013400  780 259 2258     +712413    +72         -13     +4   20   9  185  -38   63   -7   63   -7  13  0  0 L3E C2
E13 FF 61051 013400  780 342 3100     +462422    +31          -5    +25   20   9  144  -20   49  -29   49  -29  13  0  0 L3E CD
E15 FF 61051 013400  780 711 2262    +2275380    +33         -19     +6   11   9   85   +2   44   +1   44    1   6  0  0 L3E 7B
E34 FF 61051 013400  780 306 1583    +2289433    +32          -9     +9    9   8  158  +30   63   -1   63   -1   5  0  0 L3E 9E
E03 FF 61051 015000  780 822 1721      -70787    +48         -12    +25   11  11   82   -1   37  -15   37  -15   6  0  0 L3E B0
E05 FF 61051 015000  780 380  600      -42311    -28         -18     +1   13  11  131  +16   40   -3   40   -3   7  0  0 L3E 6A
E08 FF 61051 015000  780 314 2292     +712481    +76         -10     +9   20  11  155  -25   56  -14   56  -14  12  0  0 L3E E2
E13 FF 61051 015000  780 392 3076     +462424    -27          -8    -34   12  11  128  -14   42  +12   42   12   7  0  0 L3E BF
E15 FF 61051 015000  780 668 2128    +2275403    +73         -22    +46   15  11   88   +3   51  -26   51  -26   8  0  0 L3E DF
E34 FF 61051 015000  780 244 1603    +2289461    -10          -3    -33   17   8  194  +47   69  +32   69   32  11  0  0 L3E E7
E03 FF 61051 020600  780 844 1212      -70745    +27           8     +4   10  12   81   +0   24   -1   24   -1   6  0  0 L3E 47
E05 FF 61051 020600  780 327  608      -42340    -45         -19    -16   19  12  149  +22   43  +14   43   14  11  0  0 L3E C2
E08 FF 61051 020600  780 370 2328     +712552    +66          -3     -2   17  12  134  -18   47   +2   47    2  10  0  0 L3E A0
E13 FF 61051 020600  780 438 3038     +462428    +13         -11     +6   16  12  117  -10   41   -8   41   -8  10  0  0 L3E B4
E15 FF 61051 020600  780 612 2047    +2275430    +84         -21    +57   16  12   92   +5   54  -30   54  -30   9  0  0 L3E D5
E34 FF 61051 020600  780 184 1620    +2289484     +8          -6    -15   20  12  254  +81   73  +13   73   13  13  0  0 L3E DE
E03 FF 61051 022200  780 809  822      -70735     -2          -4    -25   10  14   82   +1   29  +12   29   12   6  0  0 L3E 67
E05 FF 61051 022200  780 275  623      -42358    -25          -9     +4   11  14  174  +31   36   -2   36   -2   6  0  0 L3E 79
E08 FF 61051 022200  780 425 2368     +712622    +54           0    -14   14  14  120  -13   38   +0   38    0   9  0  0 L3E 8A
E13 FF 61051 022200  780 478 2983     +462417     -7         -27    -14   13  13  109   -7   47   +4   47    4   8  0  0 L3E AA
E15 FF 61051 022200  780 551 1999    +2275467    +20         -12     -8   11  14   98   +8   51   +7   51    7   7  0  0 L3E A9
E34 FF 61051 022200  780 124 1634    +2289497     -8         -16    -31   17  14  368 +169   79  +15   79   15  11  0  0 L3E 23
E03 FF 61051 023800  780 755  709      -70723    +71         -15    +48    9  15   83   +2   34  -32   34  -32   5  0  0 L3E 9D
E05 FF 61051 023800  780 224  642      -42385    -44          -8    -15   23  15  210  +46   35  +11   35   11  14  0  0 L3E AE
E08 FF 61051 023800  780 481 2411     +712678    +61          -9     -6   14  15  109  -10   34   -5   34   -5   9  0  0 L3E AE
E13 FF 61051 023800  780 510 2909     +462427    +25         -24    +19   15  13  104   -4   39  -19   39  -19   9  0  0 L3E E9
E15 FF 61051 023800  780 487 1970    +2275488    +25         -17     -2   14  15  107  +11   54   +4   54    4   9  0  0 L3E CB
E03 FF 61051 025400  780 698  681      -70711    -22         -25    -45   13  17   86   +3   36  +26   36   26   8  0  0 L3E AA
E05 FF 61051 025400  780 175  666      -42406    -37          -1     -8   24  17  266  +73   26   +4   26    4  16  0  0 L3E 92
E08 FF 61051 025400  780 537 2458     +712741    +36         -13    -31   17  17  100   -7   31  +12   31   12  10  0  0 L3E CC
E13 FF 61051 025400  780 529 2819     +462438    -40         -18    -46   14  17  101   -2   36  +24   36   24   9  0  0 L3E D8
E15 FF 61051 025400  780 421 1952    +2275520     +0         -13    -27   12  17  120  +16   52  +25   52   25   8  0  0 L3E CD
E25 FF 61051 025400  780 103 1010     -218194    -21          -4    -20   42  17  442 -190   53  -15   53  -15  29  0  0 L3E EF
E26 FF 61051 025400  780 139 3248    -1878110   -105          -2     +5   23  14  332 -114   73  -36   73  -36  14  0  0 L3E 15
E03 FF 61051 031000  780 642  684      -70679     -4         -13    -27   12  19   90   +4   27  +17   27   17   7  0  0 L3E 91
E05 FF 61051 031000  780 127  693      -42456    -44         -23    -15   28  19  361 +132   36   -5   36   -5  20  0  0 L3E C9
E08 FF 61051 031000  780 592 2509     +712807    +46         -12    -22   10  19   94   -6   26   +5   26    5   6  0  0 L3E 9D
E13 FF 61051 031000  780 532 2719     +462436    +26         -24    +20   14  19  101   +1   39  -16   39  -16   8  0  0 L3E D2
E15 FF 61051 031000  780 356 1941    +2275547    +40         -13    +13   13  19  138  +23   54   +3   54    3   7  0  0 L3E C6
E25 FF 61051 031000  780 148  971     -218182    -27           9    -26   45  18  314  -91   38   +1   38    1  27  0  0 L3E AE
E26 FF 61051 031000  780 186 3230    -1878216    -77          -2    +33   22  14  252  -61   53  -42   53  -42  13  0  0 L3E FD
E03 FF 61051 032600  780 586  701      -70658    +13         -14    -10    9  20   95   +6   27   +5   27    5   5  0  0 L3E 66
E07 FF 61051 032600  780 130 2533     +381217    +36         -25    +14   32  20  356 -128   50  -18   50  -18  22  0  0 L3E 04
E08 FF 61051 032600  780 647 2567     +712867    +61         -17     -7   11  20   89   -4   27   +1   27    1   6  0  0 L3E 99
E13 FF 61051 032600  780 520 2619     +462452     -7         -13    -13   13  20  102   +3   32   +7   32    7   7  0  0 L3E 82
E15 FF 61051 032600  780 291 1933    +2275572    +33         -15     +5   19  20  165  +34   62   +6   62    6  12  0  0 L3E CF
E25 FF 61051 032600  780 189  928     -218213    -26         -22    -25   29  20  247  -52   46  +16   46   16  18  0  0 L3E F4
E26 FF 61051 032600  780 230 3202    -1878323   -104          -3     +6   19  20  206  -36   41  -19   41  -19  12  0  0 L3E F5
E03 FF 61051 034200  780 531  726      -70643     +6         -20    -17    9  22  101   +7   29   +9   29    9   5  0  0 L3E 64
E07 FF 61051 034200  780 177 2570     +381257    +15          -7     -8   32  22  264  -70   36   +7   36    7  20  0  0 L3E B3
E08 FF 61051 034200  780 702 2636     +712941    +44         -10    -23   11  22   86   -3   20  +14   20   14   6  0  0 L3E A5
E13 FF 61051 034200  780 493 2529     +462455    +22         -15    +16   10  22  106   +5   34  -12   34  -12   6  0  0 L3E C9
E15 FF 61051 034200  780 228 1927    +2275599     -5         -16    -32   19  22  207  +55   70  +23   70   23  12  0  0 L3E FB
E25 FF 61051 034200  780 227  880     -218204     -8         -12     -7   16  22  209  -31   30   -7   30   -7  11  0  0 L3E 9A
E26 FF 61051 034200  780 269 3165    -1878433   -137          -7    -27   23  22  178  -23   33  +11   33   11  15  0  0 L3E 0F
E02 FF 61051 035800  780 116 1348      -94703    -34         -22     -5   35  23  398 -181   57  -10   57  -10  20  0  0 L3E F4
E03 FF 61051 035800  780 478  756      -70625    +23         -24     +0   12  23  109   +9   32   +1   32    1   7  0  0 L3E 6C
E07 FF 61051 035800  780 225 2609     +381281     +9          -5    -14   16  23  211  -44   30   +1   30    1  12  0  0 L3E 97
E08 FF 61051 035800  780 755 2727     +713004    +72         -13     +4    8  23   83   -2   21   -4   21   -4   5  0  0 L3E 7E
E13 FF 61051 035800  780 455 2453     +462457     -7         -19    -13   11  23  113   +9   37  +10   37   10   6  0  0 L3E BB
E15 FF 61051 035800  780 166 1922    +2275633    +12          -9    -15   19  23  279 +100   67  +10   67   10  12  0  0 L3E 07
E25 FF 61051 035800  780 259  827     -218201    +13          -8    +14   24  23  184  -20   24   -8   24   -8  15  0  0 L3E BB
E26 FF 61051 035800  780 301 3119    -1878551   -103         -20     +7   16  23  161  -14   35  -13   35  -13   9  0  0 L3E FE
E02 FF 61051 041400  780 169 1321      -94732    -29         -24     -1   28  25  276  -87   49   -5   49   -5  17  0  0 L3E D4
E03 FF 61051 041400  780 426  789      -70593     -1         -15    -24   10  25  119  +12   28  +15   28   15   6  0  0 L3E AC
E07 FF 61051 041400  780 273 2647     +381299    +31          -9     +8   17  25  176  -30   28   -6   28   -6  11  0  0 L3E CC
E08 FF 61051 041400  780 806 2873     +713070    +76         -11     +8   10  24   82   -1   21   -3   21   -3   6  0  0 L3E 86
E13 FF 61051 041400  780 409 2392     +462469    +33         -13    +27   27  25  123  +13   33  -16   33  -16  15  0  0 L3E FA
E15 FF 61051 041400  780 107 1916    +2275671    +69           1    +41   29  25  426 +227   57  -26   57  -26  18  0  0 L3E 1C
E25 FF 61051 041400  780 283  768     -218200     -3          -6     -2   22  25  170  -12   19   -4   19   -4  14  0  0 L3E 8D
E26 FF 61051 041400  780 326 3063    -1878651   -117         -15     -7   16  25  150   -8   29   -6   29   -6  11  0  0 L3E EE
E02 FF 61051 043000  780 223 1292      -94752    -79         -16    -50   26  27  213  -50   40  +32   40   32  16  0  0 L3E D7
E03 FF 61051 043000  780 375  825      -70574    +10         -18    -13   11  27  132  +16   32  +14   32   14   6  0  0 L3E A8
E07 FF 61051 043000  780 322 2686     +381312    +15         -20     -8   18  27  152  -21   30   +3   30    3  11  0  0 L3E A1
E08 FF 61051 043000  780 848 3215     +713140    +79          -9    +11    7  27   81   +0   18   -8   18   -8   4  0  0 L3E 8C
E13 FF 61051 043000  780 356 2344     +462471    +32         -18    +26   14  27  138  +19   40   -7   40   -7   8  0  0 L3E CA
E25 FF 61051 043000  780 299  706     -218217    -27         -22    -26   24  27  162   -6   25  +12   25   12  14  0  0 L3E CD
E26 FF 61051 043000  780 341 3000    -1878748    -86          -4    +24   20  27  144   -4   22  -24   22  -24  12  0  0 L3E E6
E02 FF 61051 044600  780 276 1258      -94790    -13         -27    +16   20  28  174  -32   45  -11   45  -11  11  0  0 L3E EF
E03 FF 61051 044600  780 325  861      -70549    +45         -16    +22   15  28  150  +21   33  -15   33  -15  10  0  0 L3E CF
E07 FF 61051 044600  780 371 2725     +381337    +20         -17     -3   16  28  134  -16   26   +2   26    2  10  0  0 L3E B4
E08 FF 61051 044600  780 848  298     +713203    +78         -13    +11   13  28   81   +0   19   -5   19   -5   7  0  0 L3E A2
E13 FF 61051 044600  780 301 2305     +462480     +1         -15     -5   18  27  160  +28   46   +4   46    4  11  0  0 L3E 9C
E25 FF 61051 044600  780 305  642     -218213    +51         -17    +52   28  27  159   +0   24  -27   24  -27  16  0  0 L3E DC
E26 FF 61051 044600  780 344 2932    -1878865   -114         -16     -4   20  28  143   +1   28   +1   28    1  12  0  0 L3E D6
E02 FF 61051 050200  780 328 1217      -94806    -14         -16    +14   23  30  149  -21   38   -4   38   -4  14  0  0 L3E C3
E03 FF 61051 050200  780 276  899      -70537    +56         -27    +33   16  30  173  +29   46   -6   46   -6   9  0  0 L3E C2
E07 FF 61051 050200  780 422 2763     +381356    +14         -20     -9   13  30  120  -12   28   +2   28    2   8  0  0 L3E 98
E08 FF 61051 050200  780 807  642     +713275    +58          -7    -10    8  30   82   +1   19   +8   19    8   5  0  0 L3E 6E
E13 FF 61051 050200  780 244 2273     +462480    -33         -21    -39   20  30  194  +44   53  +38   53   38  13  0  0 L3E EE
E25 FF 61051 050200  780 301  580     -218219    +47         -23    +47   18  30  161   +5   29  -33   29  -33  10  0  0 L3E D3
E26 FF 61051 050200  780 337 2863    -1878962   -134          -9    -24   18  30  145   +5   21  +20   21   20  11  0  0 L3E F1
E33 FF 61051 050200  780 127 3348      +12296   +111         -19   +100   30  30  362  -97   46  -75   46  -75  18  0  0 L3E 17
E02 FF 61051 053000  780 408 1125      -94848     -5         -10    +24   17  30  123  -11   31  -19   31  -19  10  0  0 L3E C6
E03 FF 61051 053000  780 193  965      -70488    +62         -16    +39   16  30  242  +58   60   +1   60    1  11  0  0 L3E A8
E07 FF 61051 053000  780 513 2827     +381403    +14         -11     -9   17  33  104   -8   23   +3   23    3  10  0  0 L3E 93
E08 FF 61051 053000  780 717  861     +713380    +35         -18    -33   15  33   85   +3   35  +20   35   20   8  0  0 L3E AA
E13 FF 61051 053000  780 144 2228     +462498    +24         -14    +18   21  33  320 +123   73   +0   73    0  14  0  0 L3E CA
E25 FF 61051 053000  780 270  482     -218217    +36         -22    +36   20  33  177  +16   35  -17   35  -17  12  0  0 L3E E8
E26 FF 61051 053000  780 299 2751    -1879141    -99          -6    +11   20  33  161  +15   25  -15   25  -15  13  0  0 L3E 08
E30 FF 61051 053000  780 150 1647    +6142434   +341         -25    -65   25  33  310 -119   76  +38   76   38  16  0  0 L3E 31
E33 FF 61051 053000  780 177 3274      +12333    +71           4    +61   18  33  264  -33   24  -42   24  -42  11  0  0 L3E C0
E02 FF 61051 054600  780 445 1058      -94880     +3         -15    +31   16  30  115   -7   34  -20   34  -20  10  0  0 L3E B9
E03 FF 61051 054600  780 146 1003      -70464     -1         -15    -24   22  30  315  +99   86  +54   86   54  15  0  0 L3E D4
E07 FF 61051 054600  780 566 2861     +381426    +15         -11     -8   13  34   97   -6   22   +8   22    8   8  0  0 L3E 9A
E08 FF 61051 054600  780 664  935     +713460    +53          -4    -15   10  34   88   +4   29  +15   29   15   6  0  0 L3E AA
E25 FF 61051 054600  780 240  436     -218196    -43          -1    -42   21  34  197  +26   26  +35   26   35  12  0  0 L3E D3
E26 FF 61051 054600  780 265 2694    -1879257    -97         -17    +13   18  34  180  +24   37   -9   37   -9  12  0  0 L3E 1C
E30 FF 61051 054600  780 209 1637    +6142849   +460           0    +54   15  34  226  -63   55  -37   55  -37   9  0  0 L3E 0D
E33 FF 61051 054600  780 195 3223      +12321    -31         -18    -41   22  34  240  -17   36  +24   36   24  14  0  0 L3E D0
E02 FF 61051 060200  780 472  979      -94906     +0         -11    +29   15  36  110   -4   29  -17   29  -17   9  0  0 L3E B5
E07 FF 61051 060200  780 621 2891     +381455    +29          -4     +6   11  36   91   -5   18   -2   18   -2   6  0  0 L3E 87
E08 FF 61051 060200  780 610  997     +713512    +60         -17     -9   13  36   92   +5   40   +9   40    9   8  0  0 L3E 80
E25 FF 61051 060200  780 205  398     -218207     +7         -12     +8   22  36  229  +42   35   +1   35    1  14  0  0 L3E 8E
E26 FF 61051 060200  780 226 2644    -1879363   -139         -18    -29   16  36  209  +38   42  +28   42   28  10  0  0 L3E 32
E30 FF 61051 060200  780 270 1625    +6143231   +393          -7    -13   16  36  178  -39   57   +1   57    1   9  0  0 L3E D8
E33 FF 61051 060200  780 204 3169      +12347    -10          -2    -20   24  36  230   -5   22  +16   22   16  15  0  0 L3E 9D
E02 FF 61051 061800  780 487  892      -94932    -39          -8    -10   11  37  107   -1   38  +12   38   12   6  0  0 L3E AB
E07 FF 61051 061800  780 677 2913     +381484    +52           3    +29   11  37   87   -4   15  -12   15  -12   7  0  0 L3E BB
E08 FF 61051 061800  780 556 1052     +713572   +111         -23    +43   14  36   98   +7   52  -20   52  -20   8  0  0 L3E DB
E25 FF 61051 061800  780 164  369     -218224    +41         -29    +42   23  36  282  +72   56  -18   56  -18  13  0  0 L3E 01
E26 FF 61051 061800  780 181 2600    -1879453   -156          -3    -46   26  37  256  +64   39  +29   39   29  14  0  0 L3E 2E
E29 FF 61051 061800  780 146 2882    +1681003    +27          -8     -8   33  37  317 -102   20   +6   20    6  22  0  0 L3E D0
E30 FF 61051 061800  780 332 1612    +6143622   +380          -6    -26   15  37  148  -25   54  +11   54   11  10  0  0 L3E F9
E33 FF 61051 061800  780 204 3112      +12342    +24         -18    +14   23  37  230   +5   33  -16   33  -16  15  0  0 L3E BF
E02 FF 61051 063400  780 488  803      -94945    -45           7    -16   13  39  107   +1   37  +23   37   23   8  0  0 L3E A1
E07 FF 61051 063400  780 734 2922     +381506    +22           4     -1    7  39   84   -3   18   +9   18    9   4  0  0 L3E 67
E08 FF 61051 063400  780 502 1102     +713649    +63         -11     -5   13  36  105   +9   58  +23   58   23   7  0  0 L3E BC
E25 FF 61051 063400  780 120  348     -218223    -29         -27    -29   26  36  379 +140   65  +41   65   41  15  0  0 L3E 01
E26 FF 61051 063400  780 134 2560    -1879566    -40         -11    +70   28  38  341 +120   46  -40   46  -40  18  0  0 L3E 2E
E29 FF 61051 063400  780 194 2910    +1681047    -17           3    -52   32  39  242  -60   11  +42   11   42  20  0  0 L3E DE
E30 FF 61051 063400  780 394 1595    +6144002   +421         -16    +15   13  39  127  -18   63   -2   63   -2   8  0  0 L3E F0
E33 FF 61051 063400  780 194 3056      +12366    +47          -4    +37   19  39  241  +17   24  -27   24  -27  12  0  0 L3E E4
E02 FF 61051 065000  780 475  719      -94987    -52          -9    -23   12  40  109   +3   57  +26   57   26   7  0  0 L3E B6
E07 FF 61051 065000  780 791 2896     +381519     +6          -3    -17   11  41   82   -2   28  +16   28   16   6  0  0 L3E AC
E08 FF 61051 065000  780 448 1148     +713715    +71         -11     +3   14  36  114  +11   78  +25   78   25   8  0  0 L3E D5
E29 FF 61051 065000  780 244 2934    +1681076    +28          -3     -7   24  41  195  -39   16  +10   16   10  16  0  0 L3E E9
E30 FF 61051 065000  780 456 1571    +6144390   +395         -17    -11   13  41  113  -12   69  +13   69   13   7  0  0 L3E 08
E33 FF 61051 065000  780 176 3001      +12375    -33          -4    -43   20  41  264  +33   24  +26   24   26  11  0  0 L3E B6
E02 FF 61051 070600  780 450  647      -95014     -5          -9    +24   12  42  114   +6   68   -3   68   -3   7  0  0 L3E 76
E07 FF 61051 070600  780 845 2732     +381530    -11         -13    -34   10  42   81   -1   44  +30   44   30   5  0  0 L3E AB
E08 FF 61051 070600  780 394 1191     +713788    +56          -3    -12   11  36  127  +15  101  +36  101   36   6  0  0 L3E F2
E27 FF 61051 070600  780 131 1929    +8767606   +107          11     +3   19  42  354 -156  146  +14  146   14  13  0  0 L3E 3B
E29 FF 61051 070600  780 295 2955    +1681109    +60          -3    +25   25  42  164  -27   23   -1   23   -1  15  0  0 L3E E0
E30 FF 61051 070600  780 516 1536    +6144786   +383         -11    -23   14  42  103   -9   72  +21   72   21   9  0  0 L3E F6
E33 FF 61051 070600  780 150 2949      +12383    +13          -6     +2   35  42  307  +59   25  -12   25  -12  22  0  0 L3E C0
E02 FF 61051 072200  780 415  590      -95038    -47          -5    -19   19  44  122  +10   80  +28   80   28  11  0  0 L3E C1
E07 FF 61051 072200  780 861 1966     +381550    +63         -14    +40    9  44   81   +0   58   -5   58   -5   5  0  0 L3E A6
E08 FF 61051 072200  780 340 1231     +713845   +102         -15    +34   16  44  144  +21  139  +17  139   17   9  0  0 L3E 10
E27 FF 61051 072200  780 189 1938    +8767694    +69          -1    -35   11  42  248  -77  158  +20  158   20   7  0  0 L3E 36
E29 FF 61051 072200  780 347 2971    +1681142    +34          -4     -2   23  44  142  -20   33  +10   33   10  15  0  0 L3E CE
E30 FF 61051 072200  780 573 1484    +6145177   +408          -9     +1   14  44   96   -6   78   +9   78    9   8  0  0 L3E C4
E33 FF 61051 072200  780 117 2901      +12384    -41         -16    -51   31  44  387 +113   33  +42   33   42  21  0  0 L3E E1
E02 FF 61051 073800  780 374  548      -95068    -64          -6    -36   13  45  133  +14   99  +46   99   46   8  0  0 L3E DC
E07 FF 61051 073800  780 812 1614     +381571     +0         -14    -22   11  44   82   +1   74  +27   74   27   6  0  0 L3E AC
E08 FF 61051 073800  780 286 1268     +713910    +51         -16    -17   21  45  168  +30  173  +53  173   53  12  0  0 L3E 23
E12 FF 61051 073800  780 102 3363     +179204    +73         -25    +44   26  45  440   +5   60  -21   60  -21  16  0  0 L3E E2
E27 FF 61051 073800  780 250 1950    +8767785    +97         -10     -7   21  42  191  -45  155   -9  155   -9  13  0  0 L3E 2A
E29 FF 61051 073800  780 400 2980    +1681171    +24          -9    -12   16  45  126  -15   50  +28   50   28  10  0  0 L3E F6
E30 FF 61051 073800  780 624 1406    +6145572   +446          -3    +40    9  45   91   -4   83  -16   83  -16   5  0  0 L3E DE
E02 FF 61051 075400  780 328  518      -95100    +44          -8    +73   13  47  149  +20  117  -29  117  -29   8  0  0 L3E EB
E07 FF 61051 075400  780 751 1552     +381593    +47         -14    +24    9  44   84   +2   87   +0   87    0   5  0  0 L3E 9B
E08 FF 61051 075400  780 232 1303     +713976    +73         -18     +4   16  47  204  +46  222  +54  222   54  10  0  0 L3E 04
E27 FF 61051 075400  780 311 1963    +8767900    +96           5     -9   12  42  156  -29  137   +5  137    5   8  0  0 L3E E7
E29 FF 61051 075400  780 454 2980    +1681207    +38          -6     +3   15  47  114  -11   60  +10   60   10   9  0  0 L3E CF
E30 FF 61051 075400  780 663 1292    +6145955   +404         -10     -3   11  47   88   -2   92   +4   92    4   7  0  0 L3E BC
E02 FF 61051 081000  780 279  500      -95134    -18         -13    +11   18  49  172  +29  133  +12  133   12  10  0  0 L3E E0
E07 FF 61051 081000  780 688 1543     +381612     +6         -20    -17    9  49   87   +4  101  +25  101   25   5  0  0 L3E BF
E08 FF 61051 081000  780 178 1335     +714044    +70         -16     +1   26  49  261  +77  283  +87  283   87  16  0  0 L3E 20
E27 FF 61051 081000  780 373 1977    +8767986    +95         -11    -10   12  49  133  -20  136   -8  136   -8   7  0  0 L3E 27
E29 FF 61051 081000  780 507 2969    +1681226    +18         -19    -17   17  49  104   -8   79  +19   79   19  10  0  0 L3E 1F
E30 FF 61051 081000  780 685 1141    +6146345   +417          -8    +11   10  49   87   -1   94   -6   94   -6   6  0  0 L3E C9
E02 FF 61051 082600  780 228  492      -95148    -46           0    -17   24  49  207  +44  144  +31  144   31  13  0  0 L3E DA
E07 FF 61051 082600  780 624 1551     +381635    +19         -20     -4    9  50   91   +5  110   +7  110    7   6  0  0 L3E 95
E08 FF 61051 082600  780 125 1364     +714106    +12         -20    -57   51  50  365 +151  363 +117  363  117  30  0  0 L3E 46
E19 FF 61051 082600  780 102 3088   -26250853   -364          -7    -19   29  46  447 -215   77  +35   77   35  19  0  0 L3E 5C
E27 FF 61051 082600  780 437 1993    +8768081    +99         -17     -5   20  50  117  -14  134   -9  134   -9  11  0  0 L3E 23
E29 FF 61051 082600  780 559 2940    +1681256    +27         -23     -9   15  50   98   -6   87   +8   87    8   9  0  0 L3E D3
E30 FF 61051 082600  780 684  976    +6146735   +427          -7    +21    8  50   87   +1   95  -10   95  -10   5  0  0 L3E D6
E02 FF 61051 084200  780 178  491      -95190    -31         -15     -2   19  49  262  +73  181  +29  181   29  12  0  0 L3E F5
E07 FF 61051 084200  780 560 1565     +381661     -2         -17    -25   11  52   97   +8  117  +27  117   27   7  0  0 L3E E0
E19 FF 61051 084200  780 153 3099   -26251190   -347         -26     -2   21  52  304 -101  102   +8  102    8  15  0  0 L3E 24
E27 FF 61051 084200  780 500 2008    +8768186   +121         -11    +17   15  52  105  -10  121  -16  121  -16  11  0  0 L3E 32
E29 FF 61051 084200  780 607 2887    +1681298    +35         -14     +0   12  52   93   -4   85   +5   85    5   7  0  0 L3E BB
E30 FF 61051 084200  780 661  835    +6147124   +396          -9    -10    9  50   88   +2  101  +14  101   14   5  0  0 L3E CD
E02 FF 61051 085800  780 127  497      -95218   -110         -15    -81   24  49  360 +140  212  +84  212   84  15  0  0 L3E 23
E07 FF 61051 085800  780 496 1582     +381688    -11         -12    -34   12  53  106  +10  131  +37  131   37   7  0  0 L3E 0E
E19 FF 61051 085800  780 204 3105   -26251528   -286         -34    +59   30  53  231  -57  117  -23  117  -23  18  0  0 L3E 6E
E27 FF 61051 085800  780 565 2023    +8768288   +109          -9     +4   15  52   97   -8  116   -9  116   -9   9  0  0 L3E 01
E29 FF 61051 085800  780 648 2799    +1681333    +28         -14     -7    8  52   89   -3   90   +6   90    6   5  0  0 L3E BB
E30 FF 61051 085800  780 623  736    +6147508   +430         -16    +23   12  53   91   +4  113   -6  113   -6   7  0  0 L3E DF
E07 FF 61051 091400  780 432 1599     +381713     +5         -12    -18   13  55  118  +14  148  +35  148   35   8  0  0 L3E 04
E19 FF 61051 091400  780 255 3104   -26251837   -318         -10    +27   27  55  187  -36  110  -23  110  -23  17  0  0 L3E 60
E21 FF 61051 091400  780 122 2234    +7141833    +21          -8     -4   25  55  378 -163  308  -11  308  -11  16  0  0 L3E 21
E27 FF 61051 091400  780 629 2034    +8768386   +111         -11     +6   13  52   91   -5  112  -11  112  -11   8  0  0 L3E FE
E29 FF 61051 091400  780 675 2671    +1681365    +62         -16    +26   12  52   87   -1   92  -14   92  -14   7  0  0 L3E F7
E30 FF 61051 091400  780 576  674    +6147897   +390         -18    -17   11  54   96   +5  119  +13  119   13   6  0  0 L3E 15
E07 FF 61051 093000  780 369 1616     +381733    +27         -15     +4   10  57  134  +20  169  +21  169   21   6  0  0 L3E F7
E19 FF 61051 093000  780 306 3094   -26252176   -360         -17    -15   13  57  159  -24  114  +10  114   10   8  0  0 L3E 3D
E21 FF 61051 093000  780 175 2262    +7141843    -34         -23    -60   29  57  268  -81  237  -44  237  -44  18  0  0 L3E 51
E27 FF 61051 093000  780 693 2036    +8768480   +130         -16    +26   15  57   86   -4  105  -23  105  -23   8  0  0 L3E 26
E29 FF 61051 093000  780 683 2512    +1681394    +68         -19    +33   14  57   87   +0   94  -16   94  -16   8  0  0 L3E 04
E30 FF 61051 093000  780 524  640    +6148293   +402         -12     -5   11  54  102   +7  119   +4  119    4   6  0  0 L3E C3
E07 FF 61051 094600  780 307 1631     +381768    -15          -2    -39   16  57  158  +30  175  +38  175   38  11  0  0 L3E 23
E19 FF 61051 094600  780 355 3074   -26252500   -340          -8     +5   19  58  139  -17  106   +0  106    0  12  0  0 L3E 0A
E21 FF 61051 094600  780 228 2293    +7141870    +23         -21     -2   25  58  208  -48  190  -36  190  -36  15  0  0 L3E 36
E27 FF 61051 094600  780 755 2017    +8768571   +108         -24     +4   18  58   83   -2  104   -1  104   -1  10  0  0 L3E FA
E29 FF 61051 094600  780 667 2356    +1681436    +39         -11     +4   10  58   88   +2   90   +4   90    4   6  0  0 L3E B5
E30 FF 61051 094600  780 471  625    +6148681   +389         -14    -17   11  54  110  +10  124  +16  124   16   7  0  0 L3E 1A
E07 FF 61051 100200  780 245 1645     +381781    +23         -12     +0   18  57  193  +46  206  +30  206   30  11  0  0 L3E F2
E19 FF 61051 100200  780 402 3042   -26252831   -317         -10    +28   19  60  125  -12  106  -20  106  -20  12  0  0 L3E 39
E21 FF 61051 100200  780 282 2326    +7141902    -39         -14    -65   21  60  171  -31  165  +31  165   31  14  0  0 L3E 19
E27 FF 61051 100200  780 814 1930    +8768699   +132           6    +28   11  60   82   -1   90  -17   90  -17   6  0  0 L3E E5
E29 FF 61051 100200  780 633 2232    +1681472    +56         -11    +21   13  60   90   +3   99   -7   99   -7   7  0  0 L3E C3
E30 FF 61051 100200  780 417  623    +6149070   +406         -16     +0   12  60  121  +13  133   +2  133    2   7  0  0 L3E B8
E36 FF 61051 100200  780 105  260    +5074564    +69         -38    +14   33  54  432  -18  195  -10  195  -10  20  0  0 L3E 21
E07 FF 61051 101800  780 185 1657     +381802    -19         -13    -42   17  57  252  +79  241  +68  241   68  11  0  0 L3E 2E
E19 FF 61051 101800  780 443 2995   -26253156   -332          -4    +12   19  61  116   -8  104   -6  104   -6  11  0  0 L3E 18
E21 FF 61051 101800  780 336 2362    +7141927    +33         -14     +8   16  61  146  -22  158  -22  158  -22   9  0  0 L3E 18
E27 FF 61051 101800  780 857 1519    +8768805   +105          11     +1   12  61   81   +0   84   -4   84   -4   7  0  0 L3E BB
E29 FF 61051 101800  780 585 2145    +1681501    +57         -17    +22   15  61   95   +5  108   -9  108   -9   9  0  0 L3E F2
E30 FF 61051 101800  780 364  630    +6149458   +421         -19    +14   20  61  136  +18  142   +0  142    0  12  0  0 L3E F0
E34 FF 61051 101800  780 111  699    +2290165    +58         -21    +35   33  61  411 -130  251  -46  251  -46  23  0  0 L3E 33
E36 FF 61051 101800  780 105  209    +5074627    +53         -19     -1   26  61  431  +16  183   -3  183   -3  17  0  0 L3E F0
E07 FF 61051 103400  780 127 1667     +381832    +36         -11    +12   24  63  362 +162  269  +29  269   29  16  0  0 L3E 3B
E19 FF 61051 103400  780 476 2932   -26253498   -356         -16    -12   16  63  109   -5  108   +4  108    4   9  0  0 L3E 21
E21 FF 61051 103400  780 390 2401    +7141954    +10          -9    -16   17  63  128  -16  136  -17  136  -17  10  0  0 L3E 1E
E27 FF 61051 103400  780 836  878    +8768908   +123          14    +19    9  63   81   +1   81  -13   81  -13   6  0  0 L3E DF
E29 FF 61051 103400  780 530 2086    +1681537    +49         -16    +14   15  62  101   +8  115   -1  115   -1   9  0  0 L3E E8
E30 FF 61051 103400  780 312  645    +6149842   +448         -25    +41   16  63  155  +24  158  -11  158  -11  10  0  0 L3E 34
E34 FF 61051 103400  780 144  652    +2290190    +24         -18     +0   32  62  321  -67  217  -35  217  -35  19  0  0 L3E 0F
E19 FF 61051 105000  780 499 2853   -26253809   -338           5     +6   13  65  106   -3   95   +2   95    2   7  0  0 L3E D2
E21 FF 61051 105000  780 445 2442    +7141972     +8         -16    -17   12  65  115  -12  124   -9  124   -9   6  0  0 L3E EE
E27 FF 61051 105000  780 783  722    +8768986    +68          -9    -36   10  65   83   +2   94  +23   94   23   6  0  0 L3E DA
E29 FF 61051 105000  780 470 2047    +1681576    +50         -11    +14   14  62  110  +11  114   -2  114   -2   9  0  0 L3E E5
E30 FF 61051 105000  780 260  665    +6150239   +419         -17    +13   17  65  183  +34  167  +15  167   15  10  0  0 L3E 2A
E34 FF 61051 105000  780 171  601    +2290222    +59          -9    +35   25  62  272  -37  193  -41  193  -41  17  0  0 L3E 15
E04 FF 61051 110600  780 124 3253     +389260   +131          -8    +22   13  63  370 -135  153   -3  153   -3   8  0  0 L3E F3
E19 FF 61051 110600  780 509 2763   -26254146   -343          -2     +1   16  66  104   +0  102   -2  102   -2  10  0  0 L3E E8
E21 FF 61051 110600  780 499 2486    +7142003    +64          -8    +38   15  66  106   -9  109  -33  109  -33   9  0  0 L3E 14
E27 FF 61051 110600  780 726  692    +8769097    +87           1    -18   11  66   85   +3   87  +12   87   12   7  0  0 L3E CB
E29 FF 61051 110600  780 409 2020    +1681623    +40           2     +5   14  62  123  +16  111   +3  111    3   9  0  0 L3E A1
E30 FF 61051 110600  780 210  688    +6150620   +428         -26    +22   21  66  223  +51  190   +8  190    8  14  0  0 L3E FC
E34 FF 61051 110600  780 190  546    +2290233    +63         -20    +39   27  62  246  -19  185  -32  185  -32  16  0  0 L3E 2E
E04 FF 61051 112200  780 169 3231     +389376    +98           4    -11   16  63  276  -70  153   +5  153    5   9  0  0 L3E D5
E15 FF 61051 112200  780 172 1013    +2276378    +13          -9    -15   32  63  271  -74  217   +3  217    3  21  0  0 L3E EA
E19 FF 61051 112200  780 504 2669   -26254475   -366          -4    -22   16  68  105   +2  101   +7  101    7   9  0  0 L3E FD
E21 FF 61051 112200  780 554 2533    +7142025     -3         -10    -28   10  68   98   -7  103  +10  103   10   5  0  0 L3E C8
E27 FF 61051 112200  780 669  698    +8769191   +141          -7    +36   12  68   88   +4   94  -17   94  -17   7  0  0 L3E 04
E29 FF 61051 112200  780 346 2001    +1681653    +30          -2     -5    8  62  142  +23  124  +19  124   19   5  0  0 L3E D3
E30 FF 61051 112200  780 162  716    +6151021   +395         -15    -12   23  68  286  +83  201  +31  201   31  14  0  0 L3E 12
E34 FF 61051 112200  780 201  490    +2290263    +49         -13    +25   24  62  234   -7  180  -25  180  -25  14  0  0 L3E 06
E04 FF 61051 113800  780 210 3202     +389458   +107         -14     -2   19  69  225  -41  168   +2  168    2  13  0  0 L3E F5
E15 FF 61051 113800  780 218  970    +2276395    +51         -17    +23   28  69  217  -43  198  -48  198  -48  16  0  0 L3E 56
E19 FF 61051 113800  780 485 2580   -26254798   -340           3     +4   13  69  108   +4  103   +3  103    3   7  0  0 L3E E1
E21 FF 61051 113800  780 608 2585    +7142047    +11         -13    -14   17  68   93   -5  100  +10  100   10   9  0  0 L3E E3
E27 FF 61051 113800  780 614  718    +8769283   +116         -17    +12   14  69   92   +5  104   -2  104   -2   8  0  0 L3E ED
E29 FF 61051 113800  780 285 1986    +1681687    +51          -8    +16   15  69  169  +34  148  +10  148   10   9  0  0 L3E 2F
E30 FF 61051 113800  780 115  745    +6151404   +457         -22    +51   57  69  396 +156  225   +0  225    0  37  0  0 L3E 20
E34 FF 61051 113800  780 202  433    +2290273     -3         -20    -26   21  69  232   +4  183  +11  183   11  12  0  0 L3E DD
E04 FF 61051 115400  780 245 3164     +389581    +80           3    -28   16  71  194  -25  155   +9  155    9  10  0  0 L3E E8
E15 FF 61051 115400  780 259  921    +2276424    -14         -13    -42   21  71  184  -27  177   +2  177    2  13  0  0 L3E F9
E19 FF 61051 115400  780 454 2501   -26255133   -350          -6     -5   14  71  113   +7  112  +10  112   10   8  0  0 L3E EE
E21 FF 61051 115400  780 662 2642    +7142082    +20          -2     -5   17  68   88   -4   93   -1   93   -1   9  0  0 L3E A0
E23 FF 61051 115400  780 140 2596     +216421    +58         -10    +46   32  71  332 -110  203  -59  203  -59  21  0  0 L3E 29
E27 FF 61051 115400  780 559  746    +8769383   +112         -16     +8   11  71   97   +6  111   +5  111    5   6  0  0 L3E D2
E29 FF 61051 115400  780 224 1974    +1681716    +27         -13     -9   14  71  211  +55  178  +46  178   46   9  0  0 L3E 26
E34 FF 61051 115400  780 194  379    +2290300    +92         -14    +69   31  71  241  +15  176  -37  176  -37  20  0  0 L3E 31
E04 FF 61051 121000  780 275 3118     +389680    +99          -3    -10   18  73  175  -16  158   +7  158    7  11  0  0 L3E F7
E06 FF 61051 121000  780 107 3309    +2180499    +45         -17     -4   29  73  428 -157  222  +25  222   25  16  0  0 L3E 31
E13 FF 61051 121000  780 125 1387     +462636    +24         -43    +16   40  73  371 -166  322  -30  322  -30  25  0  0 L3E 29
E15 FF 61051 121000  780 295  866    +2276454    +28         -10     +0   24  73  164  -17  157  -12  157  -12  15  0  0 L3E 16
E19 FF 61051 121000  780 413 2435   -26255464   -306          -9    +38   11  73  122  +11  123  -11  123  -11   7  0  0 L3E 25
E21 FF 61051 121000  780 716 2710    +7142094    +25         -13     +0    9  73   85   -3  101   +6  101    6   6  0  0 L3E 95
E23 FF 61051 121000  780 186 2633     +216436    -17          -6    -29   24  73  252  -63  183  +13  183   13  15  0  0 L3E 08
E27 FF 61051 121000  780 506  778    +8769492   +135          -7    +31   11  73  104   +8  110  -15  110  -15   6  0  0 L3E 02
E29 FF 61051 121000  780 164 1963    +1681761    +88          -3    +52   29  73  282  +99  211  +13  211   13  17  0  0 L3E 25
E34 FF 61051 121000  780 177  328    +2290317    +14         -17     -9   21  73  263  +31  190   +7  190    7  14  0  0 L3E DF
E04 FF 61051 122600  780 296 3063     +389783    +80          -6    -29   20  74  163   -9  165  +26  165   26  12  0  0 L3E 0F
E06 FF 61051 122600  780 144 3277    +2180560    +58          -3    +10   19  74  321  -77  220   -1  220   -1  10  0  0 L3E EE
E13 FF 61051 122600  780 181 1363     +462661    +60         -25    +53   30  74  259  -81  253  -92  253  -92  17  0  0 L3E 33
E15 FF 61051 122600  780 323  804    +2276472     +7         -18    -21   17  74  151  -10  156   +3  156    3  10  0  0 L3E D9
E19 FF 61051 122600  780 366 2382   -26255792   -329          -7    +15   17  73  135  +16  141   +9  141    9  10  0  0 L3E 2E
E21 FF 61051 122600  780 769 2799    +7142121    +23         -11     -2   10  74   83   -2  101   +1  101    1   6  0  0 L3E A8
E23 FF 61051 122600  780 234 2671     +216447    -31          -7    -44   28  73  203  -40  173  +21  173   21  17  0  0 L3E 00
E27 FF 61051 122600  780 453  812    +8769582   +110         -17     +6   14  74  113  +10  125  +11  125   11   8  0  0 L3E FF
E29 FF 61051 122600  780 107 1952    +1681764    +16         -35    -20   20  74  425 +217  279  +77  279   77  13  0  0 L3E 5E
E34 FF 61051 122600  780 152  282    +2290331    +37         -25    +14   24  74  304  +57  193   -9  193   -9  15  0  0 L3E 0A
E04 FF 61051 124200  780 308 3003     +389886    +68          -8    -41   27  75  157   -3  167  +28  167   28  16  0  0 L3E 18
E06 FF 61051 124200  780 176 3239    +2180592    +35         -18    -13   22  76  265  -43  223   -6  223   -6  13  0  0 L3E 19
E13 FF 61051 124200  780 239 1337     +462671     -5         -21    -12   30  76  199  -47  212  -26  212  -26  18  0  0 L3E 19
E15 FF 61051 124200  780 341  737    +2276499    +28         -17     +1   19  76  144   -5  155   +0  155    0  11  0  0 L3E D6
E19 FF 61051 124200  780 314 2338   -26256124   -344          -9     +0   22  73  154  +24  161  +27  161   27  13  0  0 L3E 28
E21 FF 61051 124200  780 821 2951    +7142148    +24          -7     -1    9  76   82   -1  100   +1  100    1   6  0  0 L3E 85
E23 FF 61051 124200  780 282 2708     +216451    +21         -14     +9   19  73  171  -28  178  -13  178  -13  13  0  0 L3E 18
E27 FF 61051 124200  780 402  849    +8769692   +112          -8     +7   13  75  125  +13  131   +7  131    7   8  0  0 L3E E0
E34 FF 61051 124200  780 120  243    +2290353    +49         -24    +26   20  76  380 +108  191  -15  191  -15  13  0  0 L3E 2C
E04 FF 61051 125800  780 309 2939     +389967   +175         -31    +66   28  75  157   +2  185  -39  185  -39  16  0  0 L3E 62
E06 FF 61051 125800  780 202 3194    +2180655    +47          -3     -2   25  77  233  -25  204   -7  204   -7  17  0  0 L3E F4
E13 FF 61051 125800  780 296 1306     +462678    -25         -20    -32   22  77  163  -30  183   -9  183   -9  14  0  0 L3E 16
E15 FF 61051 125800  780 349  667    +2276526    +34         -16     +6   22  77  141   -1  147   -6  147   -6  13  0  0 L3E F2
E19 FF 61051 125800  780 260 2302   -26256455   -340          -7     +4   20  77  183  +37  183  +27  183   27  13  0  0 L3E 3B
E21 FF 61051 125800  780 861 3388    +7142175    +13          -5    -13   12  76   81   +0   98   +2   98    2   7  0  0 L3E AD
E23 FF 61051 125800  780 331 2745     +216468    +28          -8    +16   17  73  148  -20  164  -19  164  -19  11  0  0 L3E 25
E27 FF 61051 125800  780 352  886    +8769794   +121          -6    +17   12  75  140  +18  140   -2  140   -2   8  0  0 L3E 04
E04 FF 61051 131400  780 301 2875     +390089   +145         -12    +36   19  79  161   +7  178  -18  178  -18  11  0  0 L3E 3B
E06 FF 61051 131400  780 220 3144    +2180689    +55         -17     +7   35  78  215  -13  210   +0  210    0  20  0  0 L3E DC
E09 FF 61051 131400  780 106 3358    +1688905   +151         -11     -1   34  79  430 -126  225  +14  225   14  20  0  0 L3E 39
E13 FF 61051 131400  780 352 1268     +462687     -8         -16    -15   24  79  140  -20  160   +1  160    1  14  0  0 L3E DB
E15 FF 61051 131400  780 345  598    +2276561    +43          -9    +15   24  79  142   +4  139   -9  139   -9  14  0  0 L3E FA
E19 FF 61051 131400  780 205 2272   -26256798   -388         -21    -44   22  78  229  +60  223  +56  223   56  12  0  0 L3E 6A
E21 FF 61051 131400  780 847  546    +7142199    +57          -4    +32   11  76   81   +1   95  -19   95  -19   6  0  0 L3E D7
E23 FF 61051 131400  780 381 2781     +216472    -12         -16    -24   17  73  131  -15  157  +11  157   11  10  0  0 L3E 09
E27 FF 61051 131400  780 303  925    +8769900   +112          -1     +7   14  79  160  +24  143   +7  143    7   9  0  0 L3E D9
E04 FF 61051 133000  780 282 2813     +390193   +101         -12     -7   21  81  170  +13  188  +15  188   15  14  0  0 L3E 0C
E06 FF 61051 133000  780 229 3089    +2180750    +92          -3    +43   25  78  207   -4  201  -24  201  -24  14  0  0 L3E 0A
E09 FF 61051 133000  780 134 3317    +1689072   +139          11    -13   17  81  343  -64  216   +7  216    7  10  0  0 L3E 0C
E13 FF 61051 133000  780 405 1221     +462697    +36         -12    +29   17  81  124  -13  145  -29  145  -29  10  0  0 L3E 20
E15 FF 61051 133000  780 330  534    +2276584    +47         -10    +20   16  81  148   +8  145   -3  145   -3  10  0  0 L3E E3
E19 FF 61051 133000  780 150 2245   -26257123   -288         -18    +55   16  81  308 +111  251   +5  251    5  11  0  0 L3E 38
E21 FF 61051 133000  780 799  805    +7142221    -36          -6    -62    7  76   82   +1   98  +35   98   35   4  0  0 L3E B8
E23 FF 61051 133000  780 432 2815     +216494     +7          -6     -5   17  73  118  -12  137  -14  137  -14  11  0  0 L3E EA
E26 FF 61051 133000  780 107 1687    -1882300   -145         -26    -36   28  81  428 -230  292  -61  292  -61  20  0  0 L3E 6A
E27 FF 61051 133000  780 254  963    +8769986   +113         -15     +9   13  81  187  +34  170  +20  170   20   9  0  0 L3E 1C
E04 FF 61051 134600  780 255 2756     +390301   +110          -9     +2   18  82  186  +21  194   -2  194   -2  11  0  0 L3E EA
E06 FF 61051 134600  780 228 3032    +2180778    +79         -21    +30   21  78  207   +4  214  -13  214  -13  12  0  0 L3E 1B
E09 FF 61051 134600  780 155 3272    +1689205   +140          -2    -13   21  82  298  -34  221   -1  221   -1  12  0  0 L3E 08
E13 FF 61051 134600  780 453 1162     +462697    +15         -18     +8   12  82  114   -9  142   -8  142   -8   8  0  0 L3E D9
E15 FF 61051 134600  780 305  478    +2276618    +37          -2     +9   16  82  158  +14  147   -4  147   -4  10  0  0 L3E ED
E21 FF 61051 134600  780 746  920    +7142250    +19          -2     -6   12  76   84   +2   97   +5   97    5   7  0  0 L3E 8A
E23 FF 61051 134600  780 484 2847     +216510    +40          -2    +27   16  73  108   -9  122  -32  122  -32  10  0  0 L3E F4
E26 FF 61051 134600  780 167 1681    -1882388   -105          -8     +4   20  82  280 -101  228  -42  228  -42  13  0  0 L3E 46
E27 FF 61051 134600  780 206 1001    +8770090   +117         -11    +12   21  82  227  +51  187  +19  187   19  12  0  0 L3E 38
E04 FF 61051 140200  780 221 2703     +390411   +127          -4    +19   20  84  213  +34  205   +9  205    9  13  0  0 L3E DA
E06 FF 61051 140200  780 219 2974    +2180844    +61          -5    +12   21  84  215  +13  207   -1  207   -1  13  0  0 L3E F0
E09 FF 61051 140200  780 169 3222    +1689354   +118           0    -34   18  82  275  -15  217  +35  217   35  11  0  0 L3E 27
E13 FF 61051 140200  780 493 1088     +462704    +21         -19    +14   12  84  107   -6  137  -17  137  -17   7  0  0 L3E 05
E15 FF 61051 140200  780 272  432    +2276639    +59          -8    +32   15  84  176  +22  157  -15  157  -15   9  0  0 L3E 16
E21 FF 61051 140200  780 692  997    +7142264    +31         -12     +5    9  84   86   +3  104   +2  104    2   6  0  0 L3E 99
E23 FF 61051 140200  780 538 2876     +216517    +24          -6    +12   11  73  100   -7  112  -18  112  -18   7  0  0 L3E E3
E26 FF 61051 140200  780 228 1675    -1882493   -116          -6     -7   21  84  208  -55  194  -26  194  -26  13  0  0 L3E 45
E27 FF 61051 140200  780 159 1038    +8770190    +76         -12    -28   24  82  291  +85  208  +37  208   37  16  0  0 L3E 44
E04 FF 61051 141800  780 182 2657     +390518    +85          -2    -24   24  85  256  +57  231  +63  231   63  16  0  0 L3E 18
E06 FF 61051 141800  780 201 2919    +2180888    +91          -9    +42   30  85  233  +25  223  -12  223  -12  18  0  0 L3E 28
E09 FF 61051 141800  780 174 3169    +1689479   +197         -21    +45   26  85  267   -1  243   -9  243   -9  16  0  0 L3E 45
E13 FF 61051 141800  780 521  999     +462719    +47         -10    +40   12  85  102   -3  128  -31  128  -31   7  0  0 L3E F3
E15 FF 61051 141800  780 233  395    +2276661    +13         -11    -14   17  85  203  +35  159  +22  159   22  10  0  0 L3E 16
E21 FF 61051 141800  780 637 1058    +7142292    +41          -8    +16   11  84   90   +4  106  -11  106  -11   7  0  0 L3E E6
E23 FF 61051 141800  780 593 2899     +216520    +29         -14    +17   10  73   94   -6  113  -11  113  -11   6  0  0 L3E F0
E26 FF 61051 141800  780 291 1669    -1882608   -134         -15    -24   17  85  166  -34  182   +5  182    5  12  0  0 L3E 36
E27 FF 61051 141800  780 112 1075    +8770300   +133          -2    +28   70  82  406 +165  223   -3  223   -3  43  0  0 L3E 1A
E04 FF 61051 143400  780 139 2615     +390612    +95         -12    -14   28  87  330 +103  279  +58  279   58  18  0  0 L3E 47
E06 FF 61051 143400  780 175 2866    +2180952    +43           8     -6   21  85  265  +43  234  +28  234   28  13  0  0 L3E 0D
E09 FF 61051 143400  780 170 3114    +1689641   +146          -6     -6   29  87  273  +13  245   +5  245    5  18  0  0 L3E 0A
E13 FF 61051 143400  780 536  899     +462734    -24          -2    -31   11  87  100   -1  119  +20  119   20   7  0  0 L3E CD
E15 FF 61051 143400  780 189  368    +2276688    -17         -11    -44   29  87  247  +59  156  +16  156   16  18  0  0 L3E 4B
E21 FF 61051 143400  780 581 1111    +7142300     +7         -22    -18   12  87   95   +6  120  +18  120   18   7  0  0 L3E D2
E23 FF 61051 143400  780 649 2912     +216540    +31          -5    +19   12  87   89   -4  108  -18  108  -18   7  0  0 L3E EF
E26 FF 61051 143400  780 356 1661    -1882708   -123         -10    -14   14  87  139  -23  157  -14  157  -14   9  0  0 L3E 4D
E31 FF 61051 143400  780 140 2910    +1115909    +17          -4     -8   28  85  330 -112  259  -25  259  -25  20  0  0 L3E 28
E06 FF 61051 145000  780 144 2818    +2180989    +87          -2    +38   24  85  320  +75  271  +24  271   24  16  0  0 L3E 2D
E09 FF 61051 145000  780 157 3061    +1689798   +176           3    +23   28  89  294  +30  253   -1  253   -1  17  0  0 L3E 22
E13 FF 61051 145000  780 534  797     +462739    +25          -3    +18   11  89  101   +1  120   -8  120   -8   7  0  0 L3E BA
E15 FF 61051 145000  780 142  349    +2276701     +8         -21    -19   23  89  324 +108  134  -40  134  -40  16  0  0 L3E 22
E21 FF 61051 145000  780 526 1159    +7142334     -9         -12    -34   10  89  102   +8  120  +32  120   32   6  0  0 L3E E1
E23 FF 61051 145000  780 705 2909     +216558     +6           2     -6    8  89   86   -3  102   +4  102    4   5  0  0 L3E 71
E26 FF 61051 145000  780 421 1649    -1882816   -132         -11    -23   15  89  121  -16  138   +2  138    2   9  0  0 L3E 10
E31 FF 61051 145000  780 189 2936    +1115932     +5          -6    -20   24  85  249  -64  238  -17  238  -17  15  0  0 L3E 2B
E06 FF 61051 150600  780 107 2774    +2181049    +44          10     -5   38  85  423 +148  297  +44  297   44  25  0  0 L3E 38
E09 FF 61051 150600  780 137 3010    +1689947   +166           5    +13   24  90  335  +57  273  +12  273   12  14  0  0 L3E 27
E13 FF 61051 150600  780 517  704     +462739    +26          -9    +19   12  89  103   +4  123  -14  123  -14   7  0  0 L3E DF
E21 FF 61051 150600  780 470 1203    +7142351    +13         -19    -12   12  90  110  +10  130  +11  130   11   8  0  0 L3E E2
E23 FF 61051 150600  780 761 2870     +216557    +16          -9     +4   10  90   83   -2  108   -4  108   -4   6  0  0 L3E AB
E26 FF 61051 150600  780 486 1631    -1882925   -146         -15    -37   14  90  108  -11  133  +14  133   14   8  0  0 L3E 35
E31 FF 61051 150600  780 239 2958    +1115959    +23          -3     -3   27  85  199  -41  209  -30  209  -30  18  0  0 L3E 2B
E09 FF 61051 152200  780 110 2961    +1690087   +183          -3    +30   24  92  413 +110  301   -7  301   -7  17  0  0 L3E 15
E13 FF 61051 152200  780 487  628     +462748    -22          -6    -28   10  89  107   +6  116  +10  116   10   6  0  0 L3E D5
E21 FF 61051 152200  780 414 1243    +7142379    +43         -14    +18   15  92  122  +14  131   -8  131   -8   8  0  0 L3E F7
E23 FF 61051 152200  780 813 2728     +216569    +21          -8     +9   13  92   82   -1  103  -12  103  -12   7  0  0 L3E C4
E26 FF 61051 152200  780 549 1602    -1883035    -77         -20    +33   11  91   99   -8  127  -31  127  -31   6  0  0 L3E 11
E31 FF 61051 152200  780 290 2977    +1116000    -31           7    -57   26  92  167  -28  171   +6  171    6  15  0  0 L3E EF
E33 FF 61051 152200  780 135 1962      +12717    +36          -1    +26   24  92  343 -149  234  -59  234  -59  19  0  0 L3E 26
E13 FF 61051 153800  780 447  570     +462742    +21         -18    +14   11  89  115   +9  115  -22  115  -22   7  0  0 L3E EE
E21 FF 61051 153800  780 358 1281    +7142405    +14         -13    -11   13  93  137  +19  134  +10  134   10   7  0  0 L3E 07
E23 FF 61051 153800  780 840 2299     +216570    +22         -19    +10   11  93   81   +0  102  -11  102  -11   7  0  0 L3E D8
E26 FF 61051 153800  780 610 1554    -1883136    -95         -15    +15   11  91   92   -5  111  -25  111  -25   7  0  0 L3E 08
E31 FF 61051 153800  780 342 2989    +1116028    -14          10    -40   19  93  144  -20  150   +0  150    0  13  0  0 L3E E6
E33 FF 61051 153800  780 195 1977      +12710    +51         -17    +41   20  93  242  -74  227  -42  227  -42  13  0  0 L3E 19
E13 FF 61051 155400  780 401  530     +462757    +36          -8    +30   15  95  125  +13  101  -22  101  -22  10  0  0 L3E E4
E21 FF 61051 155400  780 303 1316    +7142430     +2         -12    -24   18  95  159  +27  138  +23  138   23  11  0  0 L3E 0D
E23 FF 61051 155400  780 813 1860     +216590    -14         -11    -26   10  95   82   +1   93  +11   93   11   6  0  0 L3E BA
E26 FF 61051 155400  780 665 1473    -1883250   -138         -24    -28   12  91   88   -4  105   +0  105    0   7  0  0 L3E EF
E31 FF 61051 155400  780 395 2995    +1116040    +27          -5     +1   14  95  127  -15  135  -15  135  -15   9  0  0 L3E 09
E33 FF 61051 155400  780 255 1994      +12737    +22          -1    +11   12  95  187  -43  181  -33  181  -33   9  0  0 L3E FA
E13 FF 61051 161000  780 351  505     +462771     +6          -1     -1   15  96  140  +18   87  -14   87  -14   9  0  0 L3E AC
E21 FF 61051 161000  780 248 1348    +7142462    +23          -4     -3   21  95  191  +41  141  +11  141   11  13  0  0 L3E EB
E23 FF 61051 161000  780 758 1708     +216597    +22         -17    +10   10  97   83   +2   93  -12   93  -12   5  0  0 L3E D1
E26 FF 61051 161000  780 709 1340    -1883348    -99         -19    +11   12  97   86   -2   89  -18   89  -18   6  0  0 L3E 10
E31 FF 61051 161000  780 448 2991    +1116063     +4          -6    -22   12  97  115  -11  119   -6  119   -6   8  0  0 L3E DF
E33 FF 61051 161000  780 317 2014      +12735    +31         -12    +21   15  97  154  -28  160  -39  160  -39  10  0  0 L3E 03
E13 FF 61051 162600  780 300  491     +462773     -4          -5    -11   20  98  161  +26   71   -6   71   -6  12  0  0 L3E A6
E21 FF 61051 162600  780 193 1377    +7142478    +22         -12     -3   30  95  242  +67  147   +6  147    6  19  0  0 L3E 07
E23 FF 61051 162600  780 697 1660     +216602    +31         -23    +19   13  97   86   +4   90  -14   90  -14   7  0  0 L3E D8
E26 FF 61051 162600  780 731 1148    -1883465   -119         -31    -10   16  98   84   +0   84   -5   84   -5   9  0  0 L3E EC
E31 FF 61051 162600  780 501 2974    +1116077     +9         -16    -17   15  98  105   -8  105  -11  105  -11   8  0  0 L3E 03
E33 FF 61051 162600  780 380 2036      +12748    -28         -10    -39   16  98  131  -19  126  -11  126  -11   9  0  0 L3E 08
E13 FF 61051 164200  780 247  488     +462773    +12         -11     +5   24 100  192  +39   57  -25   57  -25  14  0  0 L3E F7
E21 FF 61051 164200  780 139 1404    +7142496    -63         -18    -88   28  95  331 +126  152  +55  152   55  19  0  0 L3E 58
E23 FF 61051 164200  780 633 1646     +216614     +4         -23     -8   11  97   90   +5   84   -3   84   -3   6  0  0 L3E 8E
E26 FF 61051 164200  780 725  939    -1883565   -103         -27     +7   12 100   85   +1   71  -13   71  -13   6  0  0 L3E E8
E31 FF 61051 164200  780 552 2940    +1116101     +0         -16    -25   11 100   98   -6   88   -7   88   -7   6  0  0 L3E BB
E33 FF 61051 164200  780 443 2060      +12752    -12         -16    -22   12  98  116  -14  103  -10  103  -10   7  0  0 L3E E1
E13 FF 61051 165800  780 195  492     +462789    -13          -1    -19   19 101  240  +63   41   +6   41    6  13  0  0 L3E C7
E23 FF 61051 165800  780 568 1647     +216634     -8         -14    -20   11  97   96   +7   73   +4   73    4   6  0  0 L3E A6
E26 FF 61051 165800  780 694  780    -1883678    -95         -34    +14   13 100   86   +2   62  -17   62  -17   7  0  0 L3E 05
E31 FF 61051 165800  780 598 2880    +1116128    +50         -12    +25   13 101   94   -4   65  -29   65  -29   7  0  0 L3E 03
E33 FF 61051 165800  780 507 2087      +12757    -23         -22    -34   15  98  104  -10   82   -6   82   -6   9  0  0 L3E CD
E13 FF 61051 171400  780 143  502     +462792    -21          -4    -28   20 103  322 +114   33  +23   33   23  14  0  0 L3E D6
E23 FF 61051 171400  780 503 1654     +216639    +14         -20     +2   11 103  105  +10   71   -7   71   -7   7  0  0 L3E B4
E26 FF 61051 171400  780 649  684    -1883760   -129         -13    -19   10 103   89   +4   40   +3   40    3   6  0  0 L3E CE
E31 FF 61051 171400  780 635 2788    +1116143     -4         -20    -30   13 103   90   -3   59   +9   59    9   7  0  0 L3E B6
E33 FF 61051 171400  780 571 2116      +12766    +28         -23    +17   15  98   96   -7   63  -30   63  -30   9  0  0 L3E CB
E12 FF 61051 173000  780 104 2273     +180280    +15         -19    -16   27 103  439 -215  240 -113  240 -113  18  0  0 L3E 57
E23 FF 61051 173000  780 439 1664     +216649    +25         -22    +13   22 104  116  +14   77   -3   77   -3  12  0  0 L3E EB
E26 FF 61051 173000  780 596  633    -1883867   -110         -13     -1   10 105   94   +5   36   -3   36   -3   6  0  0 L3E C4
E31 FF 61051 173000  780 657 2662    +1116168    +31         -20     +6   11 104   89   -1   49   -7   49   -7   7  0  0 L3E C3
E33 FF 61051 173000  780 636 2147      +12778    +36         -17    +25   14 105   90   -5   46  -32   46  -32   8  0  0 L3E D4
E12 FF 61051 174600  780 157 2305     +180308    -19         -19    -50   43 106  298  -99  150  -33  150  -33  26  0  0 L3E 46
E23 FF 61051 174600  780 375 1675     +216665     +6         -17     -6   15 104  132  +20   78  +13   78   13  10  0  0 L3E E8
E26 FF 61051 174600  780 541  609    -1883971    -94         -12    +15   17 106  100   +7   33   -5   33   -5   9  0  0 L3E DC
E31 FF 61051 174600  780 660 2514    +1116192    +40         -21    +15   15 104   88   +1   46  -11   46  -11   9  0  0 L3E E1
E33 FF 61051 174600  780 699 2180      +12784    +56         -21    +45   11 106   86   -4   41  -36   41  -36   6  0  0 L3E DB
E12 FF 61051 180200  780 209 2340     +180338    +62         -17    +31   36 108  226  -56  110  -62  110  -62  22  0  0 L3E 22
E23 FF 61051 180200  780 312 1685     +216678    +37         -15    +25   13 104  155  +29   86   -9   86   -9   8  0  0 L3E F8
E26 FF 61051 180200  780 486  604    -1884087   -108         -23     +1   15 108  108   +9   39   -4   39   -4   9  0  0 L3E E4
E31 FF 61051 180200  780 642 2374    +1116217    +26         -20     +0   13 104   90   +2   44   +6   44    6   7  0  0 L3E 94
E33 FF 61051 180200  780 763 2216      +12791    +40         -26    +29   11 108   83   -2   39  -19   39  -19   6  0  0 L3E D7
E08 FF 61051 181800  780 100  263     +716515    +43         -38    -25   35 109  450   +1   96  +23   96   23  23  0  0 L3E E8
E12 FF 61051 181800  780 261 2377     +180357    +56         -26    +26   20 109  183  -35   81  -38   81  -38  12  0  0 L3E 25
E23 FF 61051 181800  780 250 1695     +216690    +10         -16     -2   15 109  190  +45   93  +14   93   14   9  0  0 L3E EA
E26 FF 61051 181800  780 431  611    -1884186   -100         -17    +10   15 109  118  +12   35   -9   35   -9   9  0  0 L3E F8
E31 FF 61051 181800  780 607 2262    +1116258    -17          -4    -43   12 104   93   +4   35  +26   35   26   7  0  0 L3E D2
E33 FF 61051 181800  780 825 2258      +12801    +13         -25     +2    7 109   82   -1   36   -4   36   -4   4  0  0 L3E 81
E07 FF 61051 183400  780 132  705     +382466    -58         -26    -80   33 109  349  -83   34  +43   34   43  19  0  0 L3E 0F
E12 FF 61051 183400  780 314 2417     +180396    +42         -14    +12   19 110  155  -24   59  -21   59  -21  11  0  0 L3E 09
E23 FF 61051 183400  780 189 1704     +216715    +23          -3    +11   19 111  246  +76   96  -11   96  -11  13  0  0 L3E 03
E26 FF 61051 183400  780 377  626    -1884301   -108         -24     +2   12 111  132  +16   39   -7   39   -7   8  0  0 L3E EA
E31 FF 61051 183400  780 559 2181    +1116267     +7         -21    -19   17 111   97   +6   48  +16   48   16  10  0  0 L3E EE
E33 FF 61051 183400  780 886 2361      +12808    +22         -27    +12    9 111   81   +0   35  -11   35  -11   5  0  0 L3E AD
E07 FF 61051 185000  780 161  656     +382495    +56         -17    +33   22 113  289  -46   30  -20   30  -20  14  0  0 L3E 01
E10 FF 61051 185000  780 135 2457    +7639253    +62         -12    +36   34 113  343 -122   96  -53   96  -53  23  0  0 L3E 45
E12 FF 61051 185000  780 367 2460     +180414    +32         -25     +1   24 110  135  -17   54  -15   54  -15  13  0  0 L3E ED
E23 FF 61051 185000  780 130 1710     +216702    -25         -28    -37   24 112  351 +153  117  +31  117   31  16  0  0 L3E 23
E26 FF 61051 185000  780 324  647    -1884403    -86         -22    +24   12 113  150  +22   41  -11   41  -11   7  0  0 L3E F3
E31 FF 61051 185000  780 504 2124    +1116295    +24         -17     -1   12 112  105   +9   49   +7   49    7   7  0  0 L3E B8
E33 FF 61051 185000  780 853  496      +12823    +22         -21    +12   10 113   81   +1   31   -8   31   -8   6  0  0 L3E 83
E07 FF 61051 190600  780 182  604     +382526    +48          -9    +25   19 114  256  -25   25  -16   25  -16  12  0  0 L3E FB
E10 FF 61051 190600  780 183 2496    +7639289     -4          -2    -30   26 114  256  -67   73   +1   73    1  16  0  0 L3E E7
E12 FF 61051 190600  780 419 2506     +180442    -25         -26    -56   20 110  121  -13   46  +28   46   28  11  0  0 L3E FC
E26 FF 61051 190600  780 273  672    -1884502   -119         -16     -9   20 114  175  +31   35   +5   35    5  12  0  0 L3E EB
E31 FF 61051 190600  780 446 2085    +1116329    +43          -9    +17   14 112  115  +13   50   -3   50   -3   8  0  0 L3E D0
E33 FF 61051 190600  780 794  548      +12843     +3         -11     -7    8 114   82   +2   26   +8   26    8   5  0  0 L3E 5F
E07 FF 61051 192200  780 196  549     +382549     +9         -10    -13   31 116  238  -12   29  +16   29   16  19  0  0 L3E F7
E10 FF 61051 192200  780 232 2536    +7639320     +2           3    -24   23 116  205  -42   51   +4   51    4  14  0  0 L3E AE
E12 FF 61051 192200  780 472 2555     +180469     +7         -18    -22   12 116  110  -10   42  +11   42   11   7  0  0 L3E CD
E25 FF 61051 192200  780 127 3258     -218249     -5         -15     -4   18 113  362 -124   57   -1   57   -1  11  0  0 L3E E2
E26 FF 61051 192200  780 223  701    -1884598    -83          -6    +27   22 116  211  +45   28  -18   28  -18  13  0  0 L3E 15
E29 FF 61051 192200  780 154 1077    +1682653    +56         -18    +21   26 116  301  -91   71  -19   71  -19  18  0  0 L3E 39
E31 FF 61051 192200  780 385 2057    +1116339     -6         -23    -32   12 112  129  +18   66  +29   66   29   8  0  0 L3E 03
E33 FF 61051 192200  780 736  593      +12840    +41         -22    +31    8 116   84   +3   31  -22   31  -22   5  0  0 L3E 99
E07 FF 61051 193800  780 202  493     +382568    +49         -14    +26   23 117  232   -1   35  -10   35  -10  13  0  0 L3E EC
E10 FF 61051 193800  780 281 2579    +7639329    +14         -12    -13   21 117  171  -28   48   -1   48   -1  13  0  0 L3E 10
E12 FF 61051 193800  780 525 2607     +180497    +32         -17     +2   14 117  102   -7   38  -11   38  -11   8  0  0 L3E DF
E25 FF 61051 193800  780 170 3234     -218255     -6         -20     -5   21 113  275  -65   56   -2   56   -2  13  0  0 L3E CF
E26 FF 61051 193800  780 175  733    -1884710    -74         -13    +36   19 117  266  +71   34  -20   34  -20  13  0  0 L3E 23
E29 FF 61051 193800  780 200 1037    +1682697    +26          -7     -9   19 117  235  -52   56   -5   56   -5  12  0  0 L3E FB
E31 FF 61051 193800  780 323 2036    +1116364    +19         -23     -7   12 112  150  +26   71   +9   71    9   7  0  0 L3E CD
E33 FF 61051 193800  780 679  636      +12849    +10         -22     +0   11 117   87   +4   31   -3   31   -3   6  0  0 L3E 83
E07 FF 61051 195400  780 198  438     +382580    -34         -24    -57   22 119  236   +9   46  +50   46   50  14  0  0 L3E FD
E10 FF 61051 195400  780 330 2622    +7639363    +11          -2    -16   13 119  148  -20   34   +3   34    3   8  0  0 L3E C9
E12 FF 61051 195400  780 577 2664     +180519    +34         -22     +5   15 119   96   -6   34   -8   34   -8   9  0  0 L3E C6
E25 FF 61051 195400  780 208 3201     -218253     +9         -18    +10   18 119  226  -38   48  -13   48  -13  12  0  0 L3E 06
E26 FF 61051 195400  780 128  767    -1884808   -167          -6    -57   51 119  358 +127   37  +56   37   56  31  0  0 L3E 53
E29 FF 61051 195400  780 243  992    +1682719     +4         -19    -31   24 118  196  -32   56  +19   56   19  15  0  0 L3E 1D
E31 FF 61051 195400  780 262 2020    +1116387    +49         -23    +24   19 119  182  +40   82   -8   82   -8  12  0  0 L3E 07
E33 FF 61051 195400  780 624  680      +12865    +28         -17    +17   14 119   91   +5   29   -8   29   -8   8  0  0 L3E B4
E07 FF 61051 201000  780 185  387     +382599    +50         -26    +27   26 121  251  +22   57  -10   57  -10  17  0  0 L3E 02
E10 FF 61051 201000  780 380 2667    +7639386    +39          -4    +12   10 119  131  -15   31  -17   31  -17   6  0  0 L3E FC
E11 FF 61051 201000  780 112 2635   -35477056  -1756          -6    -32   25 121  409 -164   72  +11   72   11  16  0  0 L3E 49
E12 FF 61051 201000  780 629 2727     +180538     +5         -29    -24   17 120   91   -4   37  +16   37   16  10  0  0 L3E CD
E25 FF 61051 201000  780 241 3160     -218239    +46          -5    +46   19 121  197  -23   33  -37   33  -37  11  0  0 L3E FB
E29 FF 61051 201000  780 281  942    +1682757    +33         -15     -2   23 121  171  -21   46   -7   46   -7  14  0  0 L3E DE
E31 FF 61051 201000  780 203 2006    +1116424    -23         -11    -48   19 121  231  +66   86  +55   86   55  12  0  0 L3E 06
E33 FF 61051 201000  780 570  724      +12875    +20         -17     +9   11 121   96   +6   31   -5   31   -5   6  0  0 L3E 73
E07 FF 61051 202600  780 165  339     +382632    +43         -14    +20   30 122  281  +41   60   -2   60   -2  19  0  0 L3E C8
E10 FF 61051 202600  780 430 2712    +7639405    +12         -10    -14   18 119  118  -12   30  +12   30   12  10  0  0 L3E F0
E11 FF 61051 202600  780 158 2674   -35478714  -1640         -10    +83   31 122  295  -86   60  -55   60  -55  20  0  0 L3E 6E
E12 FF 61051 202600  780 682 2800     +180578    +39         -18     +9   13 120   87   -3   31   -4   31   -4   8  0  0 L3E A9
E19 FF 61051 202600  780 176 1381   -26265724   -348         -29     -3   31 122  266  -84  100  -11  100  -11  18  0  0 L3E 5C
E25 FF 61051 202600  780 266 3111     -218233     +8           3     +9   18 122  180  -14   22  -14   22  -14  12  0  0 L3E B8
E29 FF 61051 202600  780 313  884    +1682791    +47         -16    +12   20 122  155  -13   38  -13   38  -13  11  0  0 L3E 13
E31 FF 61051 202600  780 144 1993    +1116447    +44         -13    +18   20 122  320 +125  101   -2  101   -2  14  0  0 L3E 0F
E33 FF 61051 202600  780 517  768      +12880     -5         -22    -15   14 122  103   +8   35  +11   35   11   8  0  0 L3E 9F
E07 FF 61051 204200  780 137  298     +382656     -7         -12    -30   22 124  335  +75   63  +26   63   26  14  0  0 L3E EA
E10 FF 61051 204200  780 481 2759    +7639433    +28          -9     +2   11 119  109   -9   28   +0   28    0   6  0  0 L3E B6
E11 FF 61051 204200  780 204 2713   -35480372  -1718         -15     +5   22 124  230  -52   50  -18   50  -18  14  0  0 L3E 3B
E12 FF 61051 204200  780 733 2892     +180616    +23          -8     -6   10 120   84   -2   25   +6   25    6   6  0  0 L3E 81
E19 FF 61051 204200  780 232 1355   -26266043   -356         -18    -11   30 124  205  -48   79  -11   79  -11  18  0  0 L3E 53
E25 FF 61051 204200  780 283 3056     -218249    -25         -13    -24   20 124  170   -7   29   +5   29    5  13  0  0 L3E CE
E29 FF 61051 204200  780 337  821    +1682821    +34         -18     -1   19 124  145   -8   37   -2   37   -2  12  0  0 L3E CE
E33 FF 61051 204200  780 466  812      +12888    -32         -24    -43    9 124  111  +10   37  +28   37   28   5  0  0 L3E C0
E07 FF 61051 205800  780 103  263     +382644    -79         -45   -102   30 125  440 +151   85  +65   85   65  18  0  0 L3E 28
E10 FF 61051 205800  780 532 2806    +7639447    +49         -14    +23   15 125  101   -7   28  -19   28  -19   8  0  0 L3E 16
E11 FF 61051 205800  780 252 2753   -35482017  -1693          -6    +30   25 125  189  -35   37  -20   37  -20  16  0  0 L3E 57
E12 FF 61051 205800  780 782 3025     +180639    +42         -11    +13   10 125   83   -1   27   -5   27   -5   6  0  0 L3E B1
E19 FF 61051 205800  780 288 1325   -26266381   -365         -25    -19   20 125  168  -31   75   +9   75    9  11  0  0 L3E 3D
E25 FF 61051 205800  780 291 2995     -218242    +47          -6    +48   22 125  166   -1   24  -25   24  -25  13  0  0 L3E FB
E29 FF 61051 205800  780 351  753    +1682852    +40         -20     +5   12 125  140   -3   35   -4   35   -4   9  0  0 L3E B7
E33 FF 61051 205800  780 415  856      +12909    +20         -13    +10   10 125  122  +12   34   -2   34   -2   6  0  0 L3E 9B
E10 FF 61051 211400  780 585 2855    +7639476    +45          -9    +19   10   0   95   -6   22  -12   22  -12   7  0  0 L3E C5
E11 FF 61051 211400  780 300 2791   -35483669  -1762          -5    -39   20 125  161  -25   33  +14   33   14  12  0  0 L3E 3C
E12 FF 61051 211400  780 826 3273     +180664    +25         -16     -3   11   0   82   -1   28   -1   28   -1   6  0  0 L3E 75
E19 FF 61051 211400  780 343 1289   -26266705   -349         -16     -4   20 125  143  -21   60  -11   60  -11  12  0  0 L3E 31
E25 FF 61051 211400  780 288 2933     -218240    +34          -5    +34   15   0  167   +4   26  -20   26  -20   9  0  0 L3E B1
E29 FF 61051 211400  780 355  685    +1682893    +41         -12     +6   20 125  139   +1   27   -6   27   -6  12  0  0 L3E D3
E33 FF 61051 211400  780 365  900      +12909    +26         -23    +15   11   0  135  +16   44   -4   44   -4   7  0  0 L3E 82
E10 FF 61051 213000  780 638 2905    +7639492    +15         -15    -11   12   2   90   -4   25   +5   25    5   7  0  0 L3E 98
E11 FF 61051 213000  780 350 2828   -35485330  -1714         -11     +9   16 125  141  -18   31  -12   31  -12   9  0  0 L3E 2A
E12 FF 61051 213000  780 844  190     +180683    +48         -24    +19   11   2   81   +0   29  -13   29  -13   7  0  0 L3E 9F
E19 FF 61051 213000  780 395 1243   -26267031   -379          -5    -33   15   2  127  -14   46  +13   46   13   9  0  0 L3E FD
E25 FF 61051 213000  780 276 2871     -218252    +63         -17    +64   18   2  174  +10   31  -41   31  -41  11  0  0 L3E DF
E29 FF 61051 213000  780 347  618    +1682922    +32         -17     -2   27 125  141   +5   27   -4   27   -4  15  0  0 L3E CD
E33 FF 61051 213000  780 316  944      +12931    +32         -12    +22   16   2  154  +22   41  -10   41  -10   9  0  0 L3E 93
E02 FF 61051 214600  780 117 3334      -96550    -38         -17     -9   26 125  389  -75   77   -7   77   -7  16  0  0 L3E F7
E04 FF 61051 214600  780 134 1724     +393446   +124           5    +15   21   3  346 -150   99  -33   99  -33  15  0  0 L3E FE
E10 FF 61051 214600  780 693 2959    +7639526    +45          -5    +19    9   3   86   -3   18  -13   18  -13   5  0  0 L3E C9
E11 FF 61051 214600  780 401 2864   -35486988  -1733         -15    -10   12 125  125  -14   33   +9   33    9   8  0  0 L3E 2B
E12 FF 61051 214600  780 817  650     +180722    +41         -12    +12    8   3   82   +1   23   -6   23   -6   5  0  0 L3E 5F
E19 FF 61051 214600  780 443 1187   -26267367   -350          -9     -5   14   3  116  -10   44   -2   44   -2   9  0  0 L3E DA
E25 FF 61051 214600  780 254 2813     -218245    +45          -9    +45   16   3  187  +18   29  -23   29  -23  10  0  0 L3E E8
E29 FF 61051 214600  780 329  558    +1682965    +73          -7    +38   18 125  148   +9   20  -18   20  -18  11  0  0 L3E 0C
E33 FF 61051 214600  780 267  986      +12926    +13         -26     +3   18   2  179  +31   57  +12   57   12  11  0  0 L3E B1
E02 FF 61051 220200  780 137 3288      -96576    -44         -13    -15   21   5  336  -38   68  +10   68   10  12  0  0 L3E D8
E04 FF 61051 220200  780 193 1719     +393536   +116          -8     +7   18   5  244  -75   87  -21   87  -21  12  0  0 L3E EE
E10 FF 61051 220200  780 748 3019    +7639555    +51           1    +25    9   5   84   -2   17  -14   17  -14   5  0  0 L3E A1
E11 FF 61051 220200  780 453 2897   -35488647  -1704         -15    +19   15   5  114  -11   30  -14   30  -14   9  0  0 L3E 2D
E12 FF 61051 220200  780 771  862     +180737    +69         -21    +41   11   5   83   +2   30  -22   30  -22   6  0  0 L3E 95
E19 FF 61051 220200  780 483 1117   -26267691   -369          -4    -24   16   5  108   -6   39  +15   39   15   9  0  0 L3E 01
E25 FF 61051 220200  780 225 2758     -218242    -13          -7    -13   19   4  209  +29   29  +14   29   14  11  0  0 L3E CF
E29 FF 61051 220200  780 302  505    +1683001     -5          -7    -40   14   5  160  +15   19  +26   19   26   8  0  0 L3E 9F
E33 FF 61051 220200  780 219 1028      +12958     +1          -4     -9   21   2  215  +46   49   +9   49    9  13  0  0 L3E 78
E02 FF 61051 221800  780 148 3239      -96594     +5          -4    +34   21   5  311  -15   58  -30   58  -30  14  0  0 L3E BE
E04 FF 61051 221800  780 254 1715     +393630    +97         -16    -12   19   6  188  -44   82   +2   82    2  14  0  0 L3E CB
E10 FF 61051 221800  780 805 3100    +7639567    -16         -11    -41    9   6   82   -1   24  +22   24   22   5  0  0 L3E A6
E11 FF 61051 221800  780 507 2927   -35490312  -1754         -26    -31   14   6  104   -8   34  +18   34   18   8  0  0 L3E 14
E12 FF 61051 221800  780 718  981     +180766     +9         -19    -19   11   6   85   +3   30  +10   30   10   7  0  0 L3E 89
E19 FF 61051 221800  780 513 1032   -26268021   -319          -5    +26   14   6  104   -4   37  -12   37  -12   8  0  0 L3E EB
E25 FF 61051 221800  780 190 2709     -218250    +12         -14    +12   22   4  246  +48   41   -6   41   -6  14  0  0 L3E BE
E29 FF 61051 221800  780 268  462    +1683025     +7         -17    -28   17   6  178  +24   28  +21   28   21  10  0  0 L3E DC
E33 FF 61051 221800  780 171 1069      +12963    -17          -9    -27   25   2  271  +74   58  +32   58   32  14  0  0 L3E CB
E02 FF 61051 223400  780 151 3187      -96627     -3          -9    +26   22   5  305   +2   53  -21   53  -21  13  0  0 L3E 9E
E04 FF 61051 223400  780 317 1710     +393721   +111         -26     +3   19   8  154  -29   83   -4   83   -4  12  0  0 L3E C8
E06 FF 61051 223400  780 117 1868    +2182373     -4           5    -53   26   6  395 -193   90  +27   90   27  18  0  0 L3E F3
E10 FF 61051 223400  780 860 3296    +7639594    +43          -6    +18    7   8   81   -1   22  -13   22  -13   4  0  0 L3E B2
E11 FF 61051 223400  780 562 2952   -35491963  -1707         -20    +16   11   8   97   -7   32  -10   32  -10   7  0  0 L3E 0A
E12 FF 61051 223400  780 664 1064     +180795    +11         -18    -18   13   8   88   +4   32  +14   32   14   7  0  0 L3E AD
E19 FF 61051 223400  780 530  936   -26268329   -353          15     -8   10   8  101   -1   22   +0   22    0   6  0  0 L3E 98
E25 FF 61051 223400  780 150 2664     -218245    -37          -8    -37   32   4  307  +84   43  +32   43   32  20  0  0 L3E D0
E29 FF 61051 223400  780 228  429    +1683074    +31          -3     -5   26   8  207  +37   26   -3   26   -3  17  0  0 L3E B1
E33 FF 61051 223400  780 124 1108      +12977    +42         -11    +31   57   8  369 +138   62   -9   62   -9  32  0  0 L3E D5
E02 FF 61051 225000  780 145 3134      -96658    -18          -9    +12   26  10  316  +21   51  -13   51  -13  18  0  0 L3E D2
E04 FF 61051 225000  780 381 1703     +393833    +93         -18    -15   19   8  131  -19   73   -2   73   -2  12  0  0 L3E D0
E06 FF 61051 225000  780 175 1872    +2182413    +34          -2    -15   16   6  267  -90   85   +8   85    8  10  0  0 L3E CB
E10 FF 61051 225000  780 871  910    +7639616    +57          -9    +31    8  10   81   +0   23  -14   23  -14   5  0  0 L3E A2
E11 FF 61051 225000  780 618 2969   -35493616  -1715         -16     +8   13  10   92   -5   30   -1   30   -1   8  0  0 L3E E5
E12 FF 61051 225000  780 608 1130     +180824    +23         -16     -6   10  10   92   +5   32   +4   32    4   5  0  0 L3E 68
E19 FF 61051 225000  780 531  837   -26268673   -342          -2     +3   10  10  101   +1   30   -5   30   -5   6  0  0 L3E A7
E25 FF 61051 225000  780 107 2624     -218251    -37         -14    -36   25   4  424 +170   59  +29   59   29  17  0  0 L3E 03
E29 FF 61051 225000  780 184  405    +1683086    +23         -23    -12   20   9  253  +62   47  +13   47   13  13  0  0 L3E DD
E36 FF 61051 225000  780 123 2954    +5077076    -11          -7    -65   23   5  374 -145   24  +57   24   57  17  0  0 L3E 09
E02 FF 61051 230600  780 132 3083      -96681    -56          -4    -26   25  11  347  +45   42   +1   42    1  15  0  0 L3E A5
E04 FF 61051 230600  780 445 1692     +393939   +109         -18     +1   17  11  115  -14   66  -10   66  -10  10  0  0 L3E FD
E06 FF 61051 230600  780 235 1878    +2182469    +41           7     -8   18   6  202  -51   73   +0   73    0  11  0  0 L3E A2
E10 FF 61051 230600  780 814 1196    +7639647    -10          -3    -36    9  11   82   +1   22  +22   22   22   5  0  0 L3E A5
E11 FF 61051 230600  780 676 2972   -35495263  -1712          -8    +11   10  11   87   -4   26   -9   26   -9   6  0  0 L3E F6
E12 FF 61051 230600  780 552 1186     +180855    +41         -12    +12   12  11   98   +7   31   -6   31   -6   7  0  0 L3E 9C
E19 FF 61051 230600  780 517  744   -26269009   -358          -6    -14   16  10  103   +3   32   +7   32    7   9  0  0 L3E C9
E29 FF 61051 230600  780 137  389    +1683130     -9         -13    -44   18   9  335 +114   55  +44   55   44  10  0  0 L3E F1
E36 FF 61051 230600  780 172 2981    +5077131    +82          -4    +28   25   5  271  -78   30  -26   30  -26  15  0  0 L3E F9
E02 FF 61051 232200  780 111 3033      -96713    -63          -7    -33   26  13  409  +88   41  +17   41   17  15  0  0 L3E CB
E04 FF 61051 232200  780 509 1674     +394045    +97         -17    -11   11  12  104  -10   60   +5   60    5   7  0  0 L3E B1
E06 FF 61051 232200  780 297 1886    +2182510    +46           2     -3   16  13  163  -32   65   -5   65   -5  10  0  0 L3E C0
E10 FF 61051 232200  780 754 1282    +7639665    +15         -10    -11   11  13   83   +2   27   +8   27    8   6  0  0 L3E AC
E11 FF 61051 232200  780 734 2947   -35496906  -1716           4     +7    9  11   84   -3   21   -3   21   -3   5  0  0 L3E BB
E12 FF 61051 232200  780 495 1236     +180873     +4         -23    -24   14  13  106   +9   42  +22   42   22   8  0  0 L3E B0
E19 FF 61051 232200  780 490  666   -26269338   -360          -5    -15   13  10  107   +5   32  +16   32   16   8  0  0 L3E EA
E36 FF 61051 232200  780 223 3004    +5077179    -42         -11    -95   18  13  213  -48   32  +60   32   60  11  0  0 L3E FC
E04 FF 61051 233800  780 572 1644     +394151   +119         -15    +11   13  12   96   -7   54   -7   54   -7   8  0  0 L3E C6
E06 FF 61051 233800  780 360 1894    +2182559    +44           4     -5   16  14  138  -22   57   -2   57   -2  10  0  0 L3E CA
E09 FF 61051 233800  780 144 2009    +1694629   +123         -20    -30   23  12  323 -129  102   -2  102   -2  15  0  0 L3E 21
E10 FF 61051 233800  780 692 1337    +7639684     -8         -17    -34    8  14   86   +4   32  +22   32   22   5  0  0 L3E C1
E11 FF 61051 233800  780 789 2855   -35498571  -1732          -7     -9   15  11   82   -2   26   +2   26    2   9  0  0 L3E E3
E12 FF 61051 233800  780 438 1280     +180907    +30         -18     +1   12  14  116  +13   42   +2   42    2   7  0  0 L3E 93
E19 FF 61051 233800  780 454  605   -26269678   -382         -14    -37   16  14  113   +8   39  +21   39   21   9  0  0 L3E 17
E36 FF 61051 233800  780 275 3023    +5077242    +62           0     +9   23  14  175  -32   25  -11   25  -11  14  0  0 L3E D7
E04 FF 61051 235400  780 631 1592     +394256   +106         -13     -2   12  12   91   -5   49   -1   49   -1   7  0  0 L3E A7
E06 FF 61051 235400  780 424 1902    +2182608    +68           6    +19   16  16  120  -15   50  -24   50  -24  10  0  0 L3E EA
E09 FF 61051 235400  780 202 2025    +1694782   +146         -13     -7   19  12  233  -67   85   -5   85   -5  13  0  0 L3E 01
E10 FF 61051 235400  780 630 1382    +7639716    -10         -11    -35   13  16   91   +5   32  +25   32   25   7  0  0 L3E CA
E11 FF 61051 235400  780 830 2564   -35500225  -1753          -7    -30    9  11   81   +0   24  +13   24   13   5  0  0 L3E D4
E12 FF 61051 235400  780 381 1321     +180937    +11         -15    -18   18  14  131  +17   46  +17   46   17  11  0  0 L3E E9
E19 FF 61051 235400  780 410  562   -26270007   -364         -17    -20   12  16  123  +12   36  +12   36   12   8  0  0 L3E F7
E36 FF 61051 235400  780 328 3036    +5077282    +46         -11     -7   20  14  149  -23   32   +4   32    4  13  0  0 L3E CB
