CGGTTS     GENERIC DATA FORMAT VERSION = 2E
REV DATE = 2024-12-02                    
RCVR = Septentrio PolaRx2 S/N 3252   R2CGGTTS v8.8    
CH = 20 
IMS = Septentrio PolaRx2 S/N 3252   
LAB = NMI Australia                 
X = -4648241.00 m 
Y = +2560636.48 m 
Z = -3526317.74 m 
FRAME = ITRF
COMMENTS =           IGS antenna SYDN              
INT DLY =  211.7 ns (GPS P1),  213.3 ns (GPS P2)     CAL_ID = 1015-2021           
CAB DLY = 2484.6 ns 
REF DLY =  338.6 ns
REF = UTC(AUS)                      
CKSUM = 82

SAT CL  MJD  STTIME TRKL ELV AZTH   REFSV      SRSV     REFSYS    SRSYS  DSG IOE MDTR SMDT MDIO SMDI MSIO SMSI ISG FR HC FRC CK
             hhmmss  s  .1dg .1dg    .1ns     .1ps/s     .1ns    .1ps/s .1ns     .1ns.1ps/s.1ns.1ps/s.1ns.1ps/s.1ns
G10 FF 61061 000600  780 564 2591    +5839245    +40         157    +15   22  29   98   -4   93  -14   93  -14  15  0  0 L3P 15
G15 FF 61061 000600  780 224 1359    -3785114    -87         145    -51   49  43  211  +52  132  +45  132   45  41  0  0 L3P 40
G18 FF 61061 000600  780 547 1029    +4458032   -105         162     -9   25  84  100   +5   90  +18   90   18  18  0  0 L3P 0D
G23 FF 61061 000600  780 609 1645    -6020900    -65         152    -15   21  74   93   +5   73  +21   73   21  15  0  0 L3P EF
G27 FF 61061 000600  780 360 2318     +228528   +114         171    +34   42  47  138  -18   93  -17   93  -17  31  0  0 L3P 30
G10 FF 61061 002200  780 595 2448    +5839275     +0         163    -25   29  29   94   -3   87   +2   87    2  21  0  0 L3P D7
G18 FF 61061 002200  780 508  917    +4457947   -113         169    -16   27  84  105   +6   94  +10   94   10  19  0  0 L3P 20
G23 FF 61061 002200  780 556 1547    -6020950    -58         149     -8   25  74   98   +6   77   +4   77    4  18  0  0 L3P E5
G27 FF 61061 002200  780 407 2382     +228605    +75         171     -5   40  47  125  -11   90   -7   90   -7  28  0  0 L3P E4
G32 FF 61061 002200  780 354 3464    +1539756   -152         193    +20   88  17  141  -28  159 -112  159 -112  80  0  0 L3P 90
G08 FF 61061 003800  780 191 2251    -5018991   +111         158    +67   44  71  247  -62  120  -56  120  -56  32  0  0 L3P 66
G10 FF 61061 003800  780 616 2289    +5839293     -1         158    -26   23  29   92   -1   78  +10   78   10  15  0  0 L3P FA
G18 FF 61061 003800  780 463  820    +4457827   -123         142    -26   37  84  112   +9  109  +20  109   20  25  0  0 L3P 31
G23 FF 61061 003800  780 504 1463    -6021003    -34         144    +16   35  74  105   +8   76   -6   76   -6  26  0  0 L3P F2
G27 FF 61061 003800  780 444 2465     +228674    +69         163    -10   52  47  116   -7   86   +5   86    5  40  0  0 L3P ED
G32 FF 61061 003800  780 432 3452    +1539546   -368         147   -196   74  17  119  -18  138 +101  138  101  58  0  0 L3P A1
G08 FF 61061 005400  780 237 2298    -5018948    +46         158     +2   51  71  202  -35  115   -7  115   -7  37  0  0 L3P 28
G10 FF 61061 005400  780 624 2121    +5839313    +25         154     +0   21  29   92   +0   73   -2   73   -2  15  0  0 L3P B9
G18 FF 61061 005400  780 415  735    +4457721   -102         129     -5   35  84  122  +13  131  +25  131   25  27  0  0 L3P 25
G23 FF 61061 005400  780 453 1387    -6021066    -17         129    +33   28  74  114  +10   88  -14   88  -14  19  0  0 L3P 35
G27 FF 61061 005400  780 468 2566     +228745    +76         159     -3   44  47  112   -3   85   +1   85    1  31  0  0 L3P D6
G32 FF 61061 005400  780 513 3435    +1539407   -255         174    -83   50  17  104  -12   93  +43   93   43  40  0  0 L3P 31
G08 FF 61061 011000  780 275 2358    -5018896   +108         167    +64   53  71  175  -21  107  -53  107  -53  38  0  0 L3P 74
G10 FF 61061 011000  780 620 1953    +5839336    +22         153     -3   16  29   92   +1   72   -6   72   -6  12  0  0 L3P C8
G18 FF 61061 011000  780 362  661    +4457648   -107         148    -10   33  84  137  +18  132  +10  132   10  27  0  0 L3P 36
G23 FF 61061 011000  780 404 1316    -6021110    -41         134     +9   40  74  125  +13   92   -8   92   -8  31  0  0 L3P D9
G27 FF 61061 011000  780 474 2679     +228821    +79         158     -1   36  47  110   +0   87   -2   87   -2  26  0  0 L3P DF
G32 FF 61061 011000  780 595 3412    +1539220   -189         151    -17   20  17   94   -8   98   -3   98   -3  16  0  0 L3P 04
G08 FF 61061 012600  780 304 2429    -5018847     -6         173    -50   41  71  160  -12   96  +42   96   42  31  0  0 L3P 13
G10 FF 61061 012600  780 606 1795    +5839352    +20         145     -5   26  29   93   +2   72   -7   72   -7  20  0  0 L3P DA
G18 FF 61061 012600  780 307  597    +4457535   -169         128    -72   69  84  158  +27  170  +84  170   84  51  0  0 L3P 70
G23 FF 61061 012600  780 357 1248    -6021171    -18         120    +32   41  74  139  +16  100  -17  100  -17  28  0  0 L3P 38
G27 FF 61061 012600  780 462 2792     +228889    +77         150     -2   50  47  112   +4   97   +4   97    4  33  0  0 L3P DB
G32 FF 61061 012600  780 679 3379    +1539046   -172         142     +0   18  17   88   -5   86  -15   86  -15  15  0  0 L3P 24
G02 FF 61061 014200  780 156 2243     -210682   -101         171    -19   42  23  302 -120  143   +0  143    0  31  0  0 L3P FD
G08 FF 61061 014200  780 322 2509    -5018814    +10         164    -34   54  71  152   -5  105  +33  105   33  42  0  0 L3P 1C
G10 FF 61061 014200  780 585 1651    +5839371    +11         139    -14   21  29   95   +3   77  +10   77   10  18  0  0 L3P FD
G23 FF 61061 014200  780 312 1182    -6021225    -95         114    -45   40  74  156  +20  116  +48  116   48  30  0  0 L3P 31
G27 FF 61061 014200  780 434 2897     +228958    +81         142     +1   28  47  118   +8  112  +20  112   20  22  0  0 L3P 05
G32 FF 61061 014200  780 762 3324    +1538886   -158         146    +14   24  17   84   -3   75  -20   75  -20  18  0  0 L3P 27
G02 FF 61061 015800  780 219 2233     -210780    -75         152     +7   33  23  218  -63  137  -25  137  -25  22  0  0 L3P 25
G08 FF 61061 015800  780 327 2596    -5018791    +67         144    +23   40  71  150   +1  127   -2  127   -2  32  0  0 L3P 19
G10 FF 61061 015800  780 558 1521    +5839404    +32         148     +7   25  29   98   +4   71   +2   71    2  18  0  0 L3P CE
G23 FF 61061 015800  780 269 1118    -6021250    -61         137    -11   49  74  179  +27  114  +43  114   43  37  0  0 L3P 45
G27 FF 61061 015800  780 393 2989     +229040   +117         148    +37   38  47  128  +13  128   -2  128   -2  28  0  0 L3P 41
G32 FF 61061 015800  780 844 3162    +1538725   -165         150     +7   26  17   82   -1   68  -15   68  -15  20  0  0 L3P 15
G02 FF 61061 021400  780 285 2232     -210853    -96         159    -15   23  35  170  -38  118   -3  118   -3  19  0  0 L3P 19
G08 FF 61061 021400  780 319 2684    -5018736    +49         156     +5   75  72  153   +6  127   +4  127    4  53  0  0 L3P 0C
G10 FF 61061 021400  780 527 1403    +5839434    +42         153    +17   28  30  102   +5   70   -8   70   -8  20  0  0 L3P E3
G27 FF 61061 021400  780 344 3067     +229126    +94         154    +15   42  48  143  +20  147  +25  147   25  32  0  0 L3P 2B
G32 FF 61061 021400  780 862 1918    +1538569   -164         162     +8   21  18   81   +1   61   -7   61   -7  15  0  0 L3P EF
G02 FF 61061 023000  780 353 2243     -210927   -119         163    -37   39  35  141  -25  101   +8  101    8  29  0  0 L3P 0F
G08 FF 61061 023000  780 298 2769    -5018691    +76         157    +32   65  72  163  +13  141  -10  141  -10  49  0  0 L3P 59
G10 FF 61061 023000  780 493 1296    +5839457    +13         152    -12   26  30  107   +6   77  +17   77   17  20  0  0 L3P 0F
G28 FF 61061 023000  780 322  234    +6083398    -29         132    +25   36 145  153  -30  179  -98  179  -98  26  0  0 L3P 70
G32 FF 61061 023000  780 785 1650    +1538400   -172         158     -1   17  18   83   +2   62   -1   62   -1  12  0  0 L3P D4
G02 FF 61061 024600  780 421 2269     -211021   -119         147    -37   26  35  121  -16   95  +10   95   10  19  0  0 L3P 11
G08 FF 61061 024600  780 268 2848    -5018654    +40         152     -4   46  72  179  +21  162  +29  162   29  36  0  0 L3P 49
G10 FF 61061 024600  780 458 1197    +5839471     +0         142    -25   39  30  113   +7   78  +18   78   18  28  0  0 L3P 10
G28 FF 61061 024600  780 391  277    +6083340    -60         126     -6   45 145  129  -20  126  -55  126  -55  33  0  0 L3P 48
G32 FF 61061 024600  780 707 1575    +1538231   -181         154     -9   27  18   86   +4   61   +5   61    5  18  0  0 L3P E4
G01 FF 61061 030200  780 195 2228    -3418267    +56         154    +16   41  25  243  -77  160  -27  160  -27  30  0  0 L3P 4D
G02 FF 61061 030200  780 487 2318     -211097    -55         150    +27   25  35  108  -11   90  -17   90  -17  19  0  0 L3P 16
G10 FF 61061 030200  780 420 1106    +5839485    +59         132    +34   36  30  121   +9   98  -10   98  -10  25  0  0 L3P 12
G28 FF 61061 030200  780 460  331    +6083292    -72         130    -18   39 145  113  -13   94   -6   94   -6  28  0  0 L3P 0E
G32 FF 61061 030200  780 632 1523    +1538067   -168         154     +4   20  18   91   +6   66  +10   66   10  13  0  0 L3P EC
G01 FF 61061 031800  780 258 2234    -3418218    +21         164    -19   28  25  187  -44  132   +6  132    6  21  0  0 L3P 1A
G02 FF 61061 031800  780 547 2397     -211169   -103         156    -21   25  35  100   -7   82  +14   82   14  20  0  0 L3P FF
G10 FF 61061 031800  780 381 1021    +5839522    +39         145    +14   44  30  131  +12   95   +0   95    0  31  0  0 L3P E3
G28 FF 61061 031800  780 525  404    +6083241    -29         131    +25   35 145  102   -9   77  -26   77  -26  25  0  0 L3P 23
G31 FF 61061 031800  780 318   73    +1714995    -40         140    -20   50  77  154  -33  168  -21  168  -21  40  0  0 L3P 2B
G32 FF 61061 031800  780 561 1477    +1537909   -181         161     -9   20  18   98   +8   70  +23   70   23  17  0  0 L3P 0B
G01 FF 61061 033400  780 321 2253    -3418184    +13         161    -27   24  25  153  -28  121   +3  121    3  17  0  0 L3P 01
G02 FF 61061 033400  780 594 2518     -211256    -84         148     -2   20  35   94   -4   85   -3   85   -3  13  0  0 L3P C6
G10 FF 61061 033400  780 340  941    +5839549    +31         148     +6   50  30  145  +16   99   -4   99   -4  37  0  0 L3P F6
G28 FF 61061 033400  780 583  507    +6083180    -52         123     +2   32 145   96   -6   79   -2   79   -2  22  0  0 L3P DE
G31 FF 61061 033400  780 392   94    +1714971    -81         136    -61   32  77  129  -21  121   +5  121    5  25  0  0 L3P F8
G32 FF 61061 033400  780 492 1433    +1537739   -160         156    +12   26  18  107  +11   86   +1   86    1  20  0  0 L3P 05
G01 FF 61061 035000  780 382 2286    -3418154     +4         152    -35   37  25  131  -18  121  +14  121   14  27  0  0 L3P 1C
G02 FF 61061 035000  780 618 2679     -211334    -96         149    -15   23  35   92   -1   86   +9   86    9  18  0  0 L3P E0
G10 FF 61061 035000  780 298  868    +5839571     +5         146    -20   86  30  163  +22  117  +23  117   23  60  0  0 L3P 23
G28 FF 61061 035000  780 626  650    +6083138    -68         134    -14   35 145   92   -3   72   +9   72    9  25  0  0 L3P EA
G31 FF 61061 035000  780 468  120    +1714963    -14         148     +7   27  77  112  -15   88  -28   88  -28  18  0  0 L3P 20
G32 FF 61061 035000  780 428 1388    +1537585   -203         167    -32   32  18  119  +15   91  +34   91   34  24  0  0 L3P 3A
G01 FF 61061 040600  780 440 2339    -3418119    +68         152    +29   24  26  117  -12  116  -29  116  -29  16  0  0 L3P 50
G02 FF 61061 040600  780 614 2857     -211414    -76         150     +6   19  36   93   +2   88   +1   88    1  15  0  0 L3P B6
G03 FF 61061 040600  780 187 2337    -5927824    +80         164    -24   59  25  252  -68  203   -8  203   -8  46  0  0 L3P 45
G28 FF 61061 040600  780 645  828    +6083073    -73         124    -18   31 146   90   +0   83  +13   83   13  21  0  0 L3P FD
G31 FF 61061 040600  780 544  157    +1714948    -33         158    -13   23  78  100  -10   79  +10   79   10  17  0  0 L3P 0E
G32 FF 61061 040600  780 367 1342    +1537403   -205         152    -33   37  34  135  +19  117  +46  117   46  27  0  0 L3P 52
G01 FF 61061 042200  780 490 2416    -3418082    +46         150     +6   22  26  108   -8  109   -4  109   -4  18  0  0 L3P FE
G02 FF 61061 042200  780 582 3015     -211496   -127         146    -46   25  36   96   +5   94  +33   94   33  17  0  0 L3P 06
G03 FF 61061 042200  780 240 2294    -5927708   +149         181    +46   37  25  200  -44  158  -72  158  -72  30  0  0 L3P 6F
G28 FF 61061 042200  780 634 1010    +6083024    -62         127     -7   22 146   91   +2   83  +11   83   11  16  0  0 L3P E7
G31 FF 61061 042200  780 619  214    +1714916    -14         146     +7   23  78   92   -7   82   -9   82   -9  16  0  0 L3P D3
G32 FF 61061 042200  780 310 1295    +1537237   -211         151    -40   35  34  157  +26  135  +52  135   52  27  0  0 L3P 44
G01 FF 61061 045000  780 543 2614    -3418024    +54         141    +14   24  26  100   -2  113  -10  113  -10  18  0  0 L3P 0C
G02 FF 61061 045000  780 483 3202     -211642   -103         138    -21   41  36  109  +11  110  +27  110   27  31  0  0 L3P 14
G03 FF 61061 045000  780 340 2227    -5927567   +122         149    +19   36  25  145  -24  155  -31  155  -31  27  0  0 L3P 66
G04 FF 61061 045000  780 229 2750     -394490    +57         141    +80   33  74  208  -40  234  -74  234  -74  25  0  0 L3P 46
G28 FF 61061 045000  780 558 1232    +6082940    -47         135     +7   32 146   98   +7   99  +12   99   12  24  0  0 L3P 15
G31 FF 61061 045000  780 733  447    +1714880    -12         145     +9   21  78   85   -2   79   -4   79   -4  15  0  0 L3P D4
G01 FF 61061 050600  780 546 2750    -3417978    +31         149     -9   32  26  100   +1  108   +6  108    6  25  0  0 L3P F9
G02 FF 61061 050600  780 417 3270     -211730   -135         128    -53   44  36  122  +17  132  +42  132   42  34  0  0 L3P 28
G03 FF 61061 050600  780 402 2194    -5927463    +97         153     -7   23  25  126  -17  135  -14  135  -14  18  0  0 L3P 45
G04 FF 61061 050600  780 274 2684     -394504    -41         149    -18   34  74  176  -27  202   -8  202   -8  26  0  0 L3P 2B
G28 FF 61061 050600  780 497 1301    +6082897    -45         145     +9   28 146  106  +10  110   +7  110    7  19  0  0 L3P 23
G31 FF 61061 050600  780 763  734    +1714862    -22         146     -2   23  78   84   +0   81   +1   81    1  15  0  0 L3P AF
G01 FF 61061 052200  780 527 2882    -3417952    +45         136     +5   36  26  102   +4  121   +7  121    7  27  0  0 L3P F2
G02 FF 61061 052200  780 348 3323     -211812    -46         125    +36   52  36  142  +25  159   +4  159    4  41  0  0 L3P 02
G03 FF 61061 052200  780 467 2166    -5927368   +135         149    +31   32  25  112  -13  124  -27  124  -27  23  0  0 L3P 61
G04 FF 61061 052200  780 318 2614     -394525    -27         150     -4   33  74  154  -20  177  -26  177  -26  27  0  0 L3P 36
G26 FF 61061 052200  780 308  569    +3146409    +59         158     +0   75  52  159  -22  131   -7  131   -7  60  0  0 L3P 12
G28 FF 61061 052200  780 432 1341    +6082851    -97         151    -42   29 146  119  +15  129  +64  129   64  23  0  0 L3P 62
G31 FF 61061 052200  780 747 1046    +1714845    -22         149     -2   26  78   84   +2   87  +14   87   14  17  0  0 L3P FB
G01 FF 61061 053800  780 489 2996    -3417914    +37         136     -3   28  26  108   +7  124   +2  124    2  20  0  0 L3P 04
G02 FF 61061 053800  780 280 3366     -211883    -96         132    -14   69  36  172  +39  175  +35  175   35  49  0  0 L3P 50
G03 FF 61061 053800  780 537 2144    -5927267    +70         150    -34   21  25  101  -10  109   +7  109    7  15  0  0 L3P 18
G04 FF 61061 053800  780 360 2541     -394558    -31         139     -8   33  74  138  -15  154  -32  154  -32  25  0  0 L3P 39
G26 FF 61061 053800  780 351  641    +3146443    +63         135     +3   37  52  141  -15  140  -14  140  -14  29  0  0 L3P 1D
G28 FF 61061 053800  780 365 1360    +6082790   -106         142    -51   39 146  136  +22  154  +47  154   47  30  0  0 L3P 72
G31 FF 61061 053800  780 695 1233    +1714823    -11         147    +10   19  78   87   +4   97   -2   97   -2  14  0  0 L3P F6
G01 FF 61061 055400  780 440 3088    -3417875    +42         137     +2   33  26  117  +12  128  +11  128   11  23  0  0 L3P 21
G03 FF 61061 055400  780 609 2132    -5927178    +69         141    -35   25  25   93   -7  104  +10  104   10  17  0  0 L3P 1D
G04 FF 61061 055400  780 402 2463     -394585     -9         134    +13   26  74  126  -11  135  -26  135  -26  20  0  0 L3P 2B
G26 FF 61061 055400  780 388  722    +3146506    +69         142    +10   39  52  130   -9  132  -18  132  -18  32  0  0 L3P 2E
G28 FF 61061 055400  780 299 1366    +6082743     +3         148    +58   38 146  162  +33  178   -8  178   -8  27  0  0 L3P 5A
G31 FF 61061 055400  780 630 1324    +1714798    -37         141    -17   23  78   91   +6  109  +22  109   22  16  0  0 L3P 23
G01 FF 61061 061000  780 383 3161    -3417822    +99         150    +60   47  27  131  +18  129  -27  129  -27  37  0  0 L3P 57
G03 FF 61061 061000  780 685 2138    -5927086    +45         134    -60   18  26   87   -5  103  +40  103   40  15  0  0 L3P 1E
G04 FF 61061 061000  780 444 2380     -394597    -42         148    -19   30  75  116   -9  127  +17  127   17  20  0  0 L3P 2A
G26 FF 61061 061000  780 415  813    +3146564    +57         140     -2   39  53  123   -5  129   +3  129    3  30  0  0 L3P DF
G28 FF 61061 061000  780 235 1360    +6082709    -71         169    -17   41 147  203  +53  211  +70  211   70  34  0  0 L3P 4A
G31 FF 61061 061000  780 561 1364    +1714780     +2         144    +23   25  79   98   +8  114   -4  114   -4  18  0  0 L3P F3
G01 FF 61061 062600  780 322 3221    -3417787    +94         147    +54   49  27  152  +26  149   -8  149   -8  38  0  0 L3P 49
G03 FF 61061 062600  780 762 2188    -5926978   +104         141     +0   18  26   84   -3   94   +1   94    1  14  0  0 L3P E7
G04 FF 61061 062600  780 484 2291     -394623    -11         144    +12   29  75  109   -7  131  -10  131  -10  22  0  0 L3P 1C
G09 FF 61061 062600  780 204 2501    -7704055    -19         184    -17   48   5  232  -50  180   +1  180    1  37  0  0 L3P 09
G26 FF 61061 062600  780 428  912    +3146620   +117         140    +57   34  53  119   -1  133  -26  133  -26  26  0  0 L3P 38
G28 FF 61061 062600  780 173 1347    +6082659    -13         171    +41   38 147  270  +93  265  +71  265   71  31  0  0 L3P 6A
G31 FF 61061 062600  780 492 1377    +1714755     -6         139    +15   26  79  107  +11  137  +12  137   12  20  0  0 L3P 32
G01 FF 61061 064200  780 261 3271    -3417754    +91         142    +51   69  27  183  +41  173   -7  173   -7  56  0  0 L3P 38
G03 FF 61061 064200  780 833 2427    -5926872    +91         147    -14   19  26   82   -1   87   +0   87    0  14  0  0 L3P EA
G04 FF 61061 064200  780 524 2194     -394631    -38         157    -15   18  75  103   -6  118   +6  118    6  14  0  0 L3P 05
G09 FF 61061 064200  780 250 2444    -7704065    -17         175    -16   65   5  192  -34  180   -9  180   -9  50  0  0 L3P 2C
G16 FF 61061 064200  780 397  548    -1921064   -103         139    -27   50  12  127  -14  128   -1  128   -1  36  0  0 L3P 2D
G26 FF 61061 064200  780 427 1011    +3146689    +44         151    -15   40  53  120   +2  135  +12  135   12  27  0  0 L3P 18
G31 FF 61061 064200  780 425 1375    +1714745    -58         149    -37   35  79  120  +16  152  +49  152   49  24  0  0 L3P 59
G03 FF 61061 065800  780 837 3220    -5926785    +92         134    -12   21  26   82   +1   92   +9   92    9  14  0  0 L3P EC
G04 FF 61061 065800  780 562 2088     -394670    -22         140     +0   21  75   98   -4  126   -8  126   -8  17  0  0 L3P F5
G09 FF 61061 065800  780 297 2388    -7704065    -44         176    -43   41   5  164  -25  161   +9  161    9  30  0  0 L3P 2C
G16 FF 61061 065800  780 445  630    -1921144    -61         132    +15   49  12  116   -9  129  -14  129  -14  36  0  0 L3P 30
G26 FF 61061 065800  780 410 1104    +3146734    +47         140    -12   36  53  124   +6  155  +19  155   19  27  0  0 L3P 2E
G31 FF 61061 065800  780 360 1361    +1714716    +24         139    +45   31  79  138  +22  188   +1  188    1  21  0  0 L3P 23
G03 FF 61061 071400  780 765 3501    -5926686   +124         132    +20   22  26   84   +3   93  -12   93  -12  15  0  0 L3P 19
G04 FF 61061 071400  780 598 1967     -394693    -22         139     +0   20  75   94   -3  123   +2  123    2  13  0  0 L3P DE
G06 FF 61061 071400  780 140 2355    +6044623    +47         155    +12   54  88  330  -21  262  -15  262  -15  37  0  0 L3P 4B
G09 FF 61061 071400  780 346 2331    -7704093     +6         149     +7   40   5  143  -19  161   -6  161   -6  27  0  0 L3P FD
G16 FF 61061 071400  780 482  728    -1921215    -40         134    +36   33  12  109   -5  127  -25  127  -25  22  0  0 L3P 25
G26 FF 61061 071400  780 380 1184    +3146787    +40         136    -19   40  53  132  +11  177  +44  177   44  25  0  0 L3P 4A
G31 FF 61061 071400  780 298 1341    +1714685    +60         128    +81   41  79  163  +31  242  +10  242   10  27  0  0 L3P 3A
G03 FF 61061 073000  780 682 3568    -5926582    +95         136    -10   23  26   88   +5   99  +21   99   21  17  0  0 L3P 1F
G04 FF 61061 073000  780 629 1828     -394716    -26         138     -3   20  75   91   -2  130  +16  130   16  16  0  0 L3P FC
G06 FF 61061 073000  780 144 2426    +6044663    +52         161    +17   45  88  322   +3  245  -23  245  -23  32  0  0 L3P 38
G09 FF 61061 073000  780 398 2274    -7704092    +11         152    +12   43   5  127  -15  156   +0  156    0  30  0  0 L3P 01
G16 FF 61061 073000  780 504  841    -1921278    -87         144    -11   30  12  105   -2  124  +13  124   13  21  0  0 L3P 04
G26 FF 61061 073000  780 340 1250    +3146841    +63         134     +4   51  53  145  +17  229  +70  229   70  38  0  0 L3P 2A
G31 FF 61061 073000  780 239 1314    +1714687    -57         149    -37   51  79  200  +47  318 +108  318  108  35  0  0 L3P 7A
G03 FF 61061 074600  780 597 3592    -5926478    +93         139    -12   20  26   94   +8  109  +29  109   29  14  0  0 L3P 49
G04 FF 61061 074600  780 654 1666     -394730    -15         146     +8   17  75   89   -1  139  +19  139   19  14  0  0 L3P 1F
G06 FF 61061 074600  780 138 2497    +6044699    +65         165    +31   52  88  335  +26  233  -18  233  -18  40  0  0 L3P 6F
G07 FF 61061 074600  780 252 2888    +1381966    +35         157    -16   63  85  191  -38  172   -9  172   -9  47  0  0 L3P 5F
G09 FF 61061 074600  780 452 2215    -7704088     +8         156     +9   26   5  115  -11  159   +9  159    9  19  0  0 L3P 08
G16 FF 61061 074600  780 509  961    -1921348    -85         147     -9   30  12  105   +1  142  +44  142   44  22  0  0 L3P 0F
G26 FF 61061 074600  780 292 1301    +3146901     +5         137    -54   43  53  166  +27  294  +95  294   95  32  0  0 L3P 48
G31 FF 61061 074600  780 182 1283    +1714674    +20         156    +40   62  79  257  +76  375   +5  375    5  44  0  0 L3P 37
G03 FF 61061 080200  780 513    3    -5926374   +107         146     +3   34  28  104  +12  121  +16  121   16  25  0  0 L3P F1
G04 FF 61061 080200  780 667 1482     -394749    -21         153     +2   23  76   88   +0  159  +15  159   15  14  0  0 L3P 0D
G07 FF 61061 080200  780 303 2824    +1381996    +97         133    +45   60 106  161  -25  174  -41  174  -41  43  0  0 L3P 68
G09 FF 61061 080200  780 509 2155    -7704079     +0         172     +1   18  31  105   -9  170   +9  170    9  14  0  0 L3P E8
G16 FF 61061 080200  780 495 1074    -1921417    -49         152    +27   30  13  107   +4  183  +20  183   20  24  0  0 L3P 25
G26 FF 61061 080200  780 238 1337    +3146967    +98         138    +39   62  54  200  +44  314  -29  314  -29  48  0  0 L3P 6C
G04 FF 61061 081800  780 666 1287     -394768    -49         155    -26   24  76   89   +1  171  +26  171   26  18  0  0 L3P 3A
G07 FF 61061 081800  780 354 2753    +1382076    +31         164    -20   46 106  140  -18  145  +14  145   14  34  0  0 L3P 4F
G09 FF 61061 081800  780 569 2090    -7704077    -21         175    -19   25  31   97   -7  168   +9  168    9  19  0  0 L3P 2D
G16 FF 61061 081800  780 465 1172    -1921482    -53         161    +23   32  13  112   +7  206  +10  206   10  24  0  0 L3P 18
G26 FF 61061 081800  780 182 1361    +3147034    +42         149    -17   58  54  257  +79  250 -102  250 -102  42  0  0 L3P 76
G04 FF 61061 083400  780 648 1101     -394802    -30         143     -7   30  76   90   +2  185  +12  185   12  19  0  0 L3P F7
G07 FF 61061 083400  780 402 2675    +1382114    +93         153    +42   35 106  126  -13  184  +43  184   43  28  0  0 L3P 55
G09 FF 61061 083400  780 631 2015    -7704087     +2         166     +3   17  31   91   -5  172   +2  172    2  11  0  0 L3P CC
G16 FF 61061 083400  780 422 1248    -1921561    -65         155    +11   29  13  121  +11  230  +11  230   11  22  0  0 L3P 1F
G03 FF 61061 085000  780 274   21    -5926070   +119         149    +15   73  28  176  +46  151   -3  151   -3  55  0  0 L3P 1D
G04 FF 61061 085000  780 616  940     -394828    -33         138    -11   31  76   92   +3  192  +15  192   15  22  0  0 L3P 04
G07 FF 61061 085000  780 448 2588    +1382165    +39         156    -12   40 106  115   -9  202  +20  202   20  30  0  0 L3P 34
G09 FF 61061 085000  780 694 1918    -7704086     -9         168     -8   23  31   87   -4  174   +8  174    8  19  0  0 L3P 08
G16 FF 61061 085000  780 370 1303    -1921633    -79         156     -3   34  13  135  +18  230   -1  230   -1  24  0  0 L3P 07
G30 FF 61061 085000  780 184 2749     -948121    -64         162    +60   76  93  257  -64  199  -60  199  -60  54  0  0 L3P 6C
G03 FF 61061 090600  780 200   29    -5925967   +108         151     +3   94  28  235  +82  163   -9  163   -9  75  0  0 L3P 21
G04 FF 61061 090600  780 573  807     -394856     +7         133    +29   27  76   96   +5  201  -17  201  -17  20  0  0 L3P 06
G07 FF 61061 090600  780 492 2490    +1382212    +59         153     +8   32 106  107   -7  210   -5  210   -5  22  0  0 L3P 0C
G09 FF 61061 090600  780 756 1766    -7704093     +4         163     +5   18  31   84   -2  177  -11  177  -11  12  0  0 L3P 18
G16 FF 61061 090600  780 313 1341    -1921706    -96         156    -20   45  13  156  +27  246  +48  246   48  33  0  0 L3P 51
G30 FF 61061 090600  780 230 2689     -948259    -24         142   +100   49  93  208  -41  247   -6  247   -6  33  0  0 L3P 42
G04 FF 61061 092200  780 522  699     -394868    -10         142    +13   28  76  103   +8  161  -52  161  -52  21  0  0 L3P 21
G07 FF 61061 092200  780 531 2382    +1382258    +64         150    +13   27 106  102   -5  200  -19  200  -19  20  0  0 L3P 36
G08 FF 61061 092200  780 292  642    -5017612    +66         134    +22   75  75  167  -23  203   +8  203    8  58  0  0 L3P 18
G09 FF 61061 092200  780 805 1464    -7704098     +7         158     +9   16  31   82   -1  175   -9  175   -9  12  0  0 L3P 01
G16 FF 61061 092200  780 254 1364    -1921793   -107         142    -31   54  13  188  +42  229  -61  229  -61  35  0  0 L3P 6F
G21 FF 61061 092200  780 150 2226    -3845930    -30         145    +44   41  52  311  -93  132  -22  132  -22  31  0  0 L3P 37
G27 FF 61061 092200  780 247  991     +231190    +97         166    +18   48  73  193  -10  317  -10  317  -10  34  0  0 L3P 36
G30 FF 61061 092200  780 276 2626     -948387   -200         133    -76   57  93  175  -28  288  +65  288   65  44  0  0 L3P 7B
G04 FF 61061 093800  780 465  612     -394889    -44         143    -21   41  76  112  +11  149  +15  149   15  30  0  0 L3P 2B
G07 FF 61061 093800  780 566 2259    +1382311    +17         154    -35   24 106   97   -4  185   +2  185    2  17  0  0 L3P 1E
G08 FF 61061 093800  780 331  716    -5017556    +70         148    +25   68  75  149  -15  191  -47  191  -47  52  0  0 L3P 63
G09 FF 61061 093800  780 810  950    -7704100     -1         158     +0   22  31   82   +1  159  -36  159  -36  15  0  0 L3P F8
G16 FF 61061 093800  780 194 1376    -1921859   -145         149    -69   51  13  242  +74  128  -37  128  -37  45  0  0 L3P 8F
G21 FF 61061 093800  780 192 2276    -3846011    -56         135    +18   36  52  246  -49  143   -2  143   -2  27  0  0 L3P 39
G30 FF 61061 093800  780 321 2561     -948496   -171         143    -47   50  93  153  -20  248  -28  248  -28  35  0  0 L3P 70
G04 FF 61061 095400  780 405  542     -394918    -75         136    -53   46  76  125  +16  160  +60  160   60  32  0  0 L3P 2B
G07 FF 61061 095400  780 595 2122    +1382360    +34         154    -17   24 106   94   -3  171   +7  171    7  17  0  0 L3P 12
G08 FF 61061 095400  780 362  797    -5017509    +44         153     +0   38  75  137   -9  185  +14  185   14  30  0  0 L3P 26
G09 FF 61061 095400  780 761  608    -7704101     -7         158     -6   26  31   84   +2  130   -6  130   -6  19  0  0 L3P D9
G21 FF 61061 095400  780 226 2337    -3846083    -36         134    +38   24  52  210  -27  175  +24  175   24  18  0  0 L3P 4E
G30 FF 61061 095400  780 367 2492     -948625    -85         133    +39   42  93  136  -15  233  -36  233  -36  29  0  0 L3P 62
G07 FF 61061 101000  780 617 1970    +1382409    +40         149    -11   20 107   92   -2  167   -3  167   -3  15  0  0 L3P 0F
G08 FF 61061 101000  780 383  887    -5017481    +38         140     -6   43  78  131   -4  204   -4  204   -4  28  0  0 L3P F7
G09 FF 61061 101000  780 693  449    -7704110     -4         152     -3   27  33   87   +4  127  -12  127  -12  21  0  0 L3P EB
G21 FF 61061 101000  780 251 2406    -3846154    -87         132    -13   35  53  191  -14  226  +45  226   45  28  0  0 L3P 3F
G30 FF 61061 101000  780 413 2419     -948732   -107         154    +17   36   3  123  -12  192  -53  192  -53  26  0  0 L3P 38
G07 FF 61061 102600  780 629 1806    +1382449    +32         140    -20   33 107   91   -1  165   +0  165    0  23  0  0 L3P FB
G08 FF 61061 102600  780 391  980    -5017452    +91         126    +46   27  78  129   +0  217  -15  217  -15  19  0  0 L3P 39
G09 FF 61061 102600  780 618  362    -7704125    +13         137    +14   29  33   92   +7  136   -7  136   -7  20  0  0 L3P F8
G14 FF 61061 102600  780 332 3100    -7301118    -87         127    -64   60  44  148  -26  171  +45  171   45  43  0  0 L3P 3E
G21 FF 61061 102600  780 264 2482    -3846225    -79         132     -5   38  53  182   -5  255  +22  255   22  32  0  0 L3P 27
G27 FF 61061 102600  780 212 1277     +231497    +85         163     +5   43  84  223  +30  163  -59  163  -59  37  0  0 L3P 3A
G30 FF 61061 102600  780 459 2342     -948861   -135         144    -11   26   3  113   -9  176   -9  176   -9  22  0  0 L3P 19
G05 FF 61061 104200  780 124 2292    +2276540     +3         156     -3   40  42  372  -54  113  +45  113   45  29  0  0 L3P 0E
G07 FF 61061 104200  780 631 1636    +1382510    +42         152     -9   22 107   91   +0  144   -6  144   -6  15  0  0 L3P F4
G08 FF 61061 104200  780 385 1072    -5017394    +81         143    +37   54  78  130   +4  208  -29  208  -29  41  0  0 L3P 47
G09 FF 61061 104200  780 542  305    -7704126    -44         138    -43   29  33  100  +10  147  +40  147   40  22  0  0 L3P 1C
G14 FF 61061 104200  780 396 3044    -7301124    -29         143     -6   49  44  128  -18  154   -8  154   -8  35  0  0 L3P 26
G21 FF 61061 104200  780 265 2563    -3846296    -86         132    -12   29  53  181   +3  247  -21  247  -21  24  0  0 L3P 45
G30 FF 61061 104200  780 506 2258     -948979   -170         145    -46   27   3  105   -7  159  +19  159   19  20  0  0 L3P 3B
G05 FF 61061 105800  780 137 2357    +2276550     -9         161    -15   55  42  338  -20  160  +48  160   48  42  0  0 L3P 39
G07 FF 61061 105800  780 622 1468    +1382562    +60         155     +9   27 107   92   +1  137   -4  137   -4  19  0  0 L3P 11
G08 FF 61061 105800  780 364 1157    -5017335    +61         159    +17   45  78  136   +9  188  -27  188  -27  34  0  0 L3P 64
G09 FF 61061 105800  780 465  264    -7704126    -35         138    -34   46  33  112  +15  160  +26  160   26  32  0  0 L3P 31
G14 FF 61061 105800  780 458 2977    -7301159    -58         130    -35   36  44  113  -12  141   +5  141    5  26  0  0 L3P 25
G21 FF 61061 105800  780 254 2643    -3846361    -28         138    +46   61  53  188  +11  211  -59  211  -59  46  0  0 L3P 63
G30 FF 61061 105800  780 552 2166     -949101   -135         141    -11   26   3   99   -6  149   -8  149   -8  19  0  0 L3P 0B
G05 FF 61061 111400  780 140 2426    +2276568     +5         172     -1   70  42  330   +3  184  +30  184   30  56  0  0 L3P FC
G07 FF 61061 111400  780 603 1312    +1382609    +76         153    +24   36 107   94   +2  141  -22  141  -22  27  0  0 L3P 29
G08 FF 61061 111400  780 332 1230    -5017283    +82         168    +38   47  78  148  +15  169  -48  169  -48  36  0  0 L3P 70
G09 FF 61061 111400  780 389  235    -7704109     +3         156     +4   36  33  129  +22  166  +36  166   36  29  0  0 L3P 1B
G14 FF 61061 111400  780 517 2893    -7301171     -3         139    +20   33  44  104   -8  123  -27  123  -27  25  0  0 L3P 20
G21 FF 61061 111400  780 234 2720    -3846426    -40         144    +34   54  53  204  +21  195  -35  195  -35  42  0  0 L3P 4A
G22 FF 61061 111400  780 334 3010     +562825    -19         150    +25   41  63  147  -23  157  -27  157  -27  31  0  0 L3P 34
G30 FF 61061 111400  780 598 2060     -949205   -120         156     +3   18   3   94   -4  126  -17  126  -17  13  0  0 L3P 05
G05 FF 61061 113000  780 134 2496    +2276565    +40         165    +34   72  42  344  +27  220  +14  220   14  55  0  0 L3P 34
G07 FF 61061 113000  780 574 1172    +1382657    +76         152    +25   27 107   96   +4  142   -5  142   -5  18  0  0 L3P 1D
G08 FF 61061 113000  780 290 1289    -5017251    +56         158    +11   60  78  167  +25  158  -29  158  -29  42  0  0 L3P 65
G09 FF 61061 113000  780 314  213    -7704131    -50         136    -49   61  33  155  +34  203  +79  203   79  42  0  0 L3P 2A
G13 FF 61061 113000  780 169 2209    -6890534    +39         201    +29   52  49  279  -99   70  +14   70   14  41  0  0 L3P 32
G14 FF 61061 113000  780 571 2790    -7301198    -75         135    -52   30  44   97   -6  119  +29  119   29  22  0  0 L3P 31
G21 FF 61061 113000  780 205 2793    -3846496    -17         145    +57   52  53  230  +35  186  -53  186  -53  37  0  0 L3P 67
G22 FF 61061 113000  780 390 2945     +562768    +38         136    +82   41  63  129  -16  147  -85  147  -85  30  0  0 L3P 57
G30 FF 61061 113000  780 641 1934     -949335   -108         145    +16   20   3   90   -3  121  -20  121  -20  13  0  0 L3P FB
G07 FF 61061 114600  780 539 1048    +1382709    +72         155    +21   34 107  101   +5  149   -7  149   -7  24  0  0 L3P 31
G08 FF 61061 114600  780 241 1335    -5017203    +34         163    -11   57  78  198  +41  125  -30  125  -30  44  0  0 L3P 45
G13 FF 61061 114600  780 230 2217    -6890546    +15         179     +4   48  49  208  -54  106  +18  106   18  37  0  0 L3P 42
G14 FF 61061 114600  780 618 2662    -7301219    -46         135    -23   25  44   92   -4  116  +23  116   23  19  0  0 L3P 1F
G22 FF 61061 114600  780 444 2870     +562732    -37         143     +8   41  63  116  -11  129   -6  129   -6  30  0  0 L3P 08
G30 FF 61061 114600  780 678 1776     -949454   -124         145     +0   22   3   88   -2  115   -3  115   -3  16  0  0 L3P EC
G07 FF 61061 120200  780 497  941    +1382762    +23         154    -28   30 143  106   +7  151  +16  151   16  22  0  0 L3P 25
G08 FF 61061 120200  780 187 1368    -5017175    +42         146     -3   72  80  250  +72   95  -44   95  -44  51  0  0 L3P 29
G13 FF 61061 120200  780 291 2235    -6890529    -18         186    -29   32  60  167  -33  109   -2  109   -2  26  0  0 L3P 37
G14 FF 61061 120200  780 654 2502    -7301241    -16         139     +6   25  45   89   -2  120   -4  120   -4  19  0  0 L3P E4
G22 FF 61061 120200  780 494 2781     +562695    -23         151    +21   38  64  107   -8  117  -30  117  -30  27  0  0 L3P 2B
G30 FF 61061 120200  780 705 1577     -949572   -142         148    -19   19  25   86   -1  111   +6  111    6  14  0  0 L3P FF
G07 FF 61061 121800  780 452  847    +1382804    +72         148    +21   42 143  114  +10  160   +3  160    3  29  0  0 L3P 0E
G13 FF 61061 121800  780 350 2268    -6890537     +2         167     -9   29  60  142  -21  116  +24  116   24  22  0  0 L3P 20
G14 FF 61061 121800  780 675 2313    -7301252     -2         150    +21   24  45   88   -1  108  -16  108  -16  18  0  0 L3P 0F
G17 FF 61061 121800  780 400 3552     +392469    +48         119    -65   90  44  127  -21  166  +34  166   34  75  0  0 L3P 46
G22 FF 61061 121800  780 540 2678     +562644    -65         142    -20   31  64  100   -6  117  +16  117   16  24  0  0 L3P 16
G30 FF 61061 121800  780 714 1343     -949703   -140         137    -16   29  25   86   +0  116  +10  116   10  20  0  0 L3P 0D
G07 FF 61061 123400  780 403  765    +1382857    +71         151    +19   54 143  125  +13  174   +3  174    3  39  0  0 L3P 22
G13 FF 61061 123400  780 406 2319    -6890517    -26         177    -36   27  60  125  -14  108  +26  108   26  24  0  0 L3P 4D
G14 FF 61061 123400  780 680 2109    -7301280     -7         144    +16   18  45   88   +0  112  -13  112  -13  13  0  0 L3P 04
G15 FF 61061 123400  780 141 2231    -3786659    +24         169    +59   53  60  330 -100   65  -89   65  -89  39  0  0 L3P 60
G22 FF 61061 123400  780 579 2556     +562603    -14         144    +30   32  64   96   -4  118  -23  118  -23  22  0  0 L3P 19
G30 FF 61061 123400  780 701 1110     -949820   -129         138     -5   24  25   86   +1  115   +3  115    3  16  0  0 L3P D8
G07 FF 61061 125000  780 352  694    +1382914    +21         159    -31   53 143  141  +19  190  +37  190   37  37  0  0 L3P 48
G13 FF 61061 125000  780 454 2390    -6890515    -11         170    -21   46  60  114   -9  112  +32  112   32  35  0  0 L3P 1D
G14 FF 61061 125000  780 668 1914    -7301299     -5         147    +17   31  45   88   +1  101  -13  101  -13  21  0  0 L3P 0E
G15 FF 61061 125000  780 181 2277    -3786702    -32         159     +4   72  60  259  -53   73  +16   73   16  51  0  0 L3P 1E
G17 FF 61061 125000  780 559 3557     +392688   +155         120    +41   31  44   98  -10  126  -35  126  -35  26  0  0 L3P 4D
G22 FF 61061 125000  780 610 2414     +562564    -53         147     -9   18  64   93   -2  111   +0  111    0  14  0  0 L3P BF
G30 FF 61061 125000  780 667  915     -949942   -145         135    -21   40  25   88   +3  114  +16  114   16  29  0  0 L3P 17
G07 FF 61061 130600  780 298  631    +1382991     +8         187    -43   69 143  163  +27  194  +60  194   60  52  0  0 L3P 4F
G13 FF 61061 130600  780 491 2486    -6890500    +11         175     +1   47  60  107   -5  111   -1  111   -1  31  0  0 L3P EF
G14 FF 61061 130600  780 644 1743    -7301327    -29         141     -7   25  45   90   +2  100   +9  100    9  18  0  0 L3P DF
G15 FF 61061 130600  780 215 2332    -3786721    -88         174    -53   57  60  221  -30   83  +73   83   73  44  0  0 L3P 32
G17 FF 61061 130600  780 641 3566     +392800   +106         123     -8   21  44   90   -7  110   +9  110    9  17  0  0 L3P DF
G19 FF 61061 130600  780 424 3430    -6865853     -3         162    +14   54  75  121  -19  133  -33  133  -33  32  0  0 L3P 3F
G22 FF 61061 130600  780 631 2255     +562519    -50         145     -6   28  64   91   -1  106   +2  106    2  21  0  0 L3P C7
G30 FF 61061 130600  780 620  767     -950071    -86         125    +38   29  25   92   +5  122  -18  122  -18  21  0  0 L3P 0A
G13 FF 61061 132200  780 511 2601    -6890485    +15         180     +4   25  60  104   -2  101  -10  101  -10  19  0  0 L3P 04
G14 FF 61061 132200  780 612 1599    -7301342    +26         147    +48   28  45   93   +3   98  -28   98  -28  21  0  0 L3P 24
G15 FF 61061 132200  780 239 2396    -3786751    -25         178    +10   52  60  199  -16  106  +19  106   19  39  0  0 L3P 5E
G17 FF 61061 132200  780 724 3594     +392918   +124         132    +10   25  44   85   -4  104   -4  104   -4  20  0  0 L3P FB
G22 FF 61061 132200  780 640 2083     +562485    -29         154    +16   26  64   90   +0   92  -17   92  -17  18  0  0 L3P FE
G30 FF 61061 132200  780 565  655     -950192   -119         123     +5   32  25   97   +7  130   -2  130   -2  21  0  0 L3P D6
G13 FF 61061 133800  780 512 2727    -6890474     +9         181     -1   40  60  104   +1   91  -17   91  -17  28  0  0 L3P FE
G14 FF 61061 133800  780 575 1476    -7301357    -41         154    -18   29  45   96   +4   94   +8   94    8  21  0  0 L3P F9
G15 FF 61061 133800  780 254 2467    -3786793     -4         170    +31   70  60  188   -7  116  -27  116  -27  56  0  0 L3P 4B
G17 FF 61061 133800  780 804   93     +393024    +94         129    -19   23  44   82   -2  109   +8  109    8  17  0  0 L3P D6
G19 FF 61061 133800  780 588 3385    -6865897     -3         151    +14   33  75   95   -9   94  -29   94  -29  26  0  0 L3P 3D
G22 FF 61061 133800  780 638 1910     +562446    -74         157    -30   27  64   91   +1   80  +13   80   13  18  0  0 L3P EE
G30 FF 61061 133800  780 504  570     -950300   -127         134     -3   34  25  105  +10  130   +9  130    9  24  0  0 L3P DE
G13 FF 61061 135400  780 492 2849    -6890462    -11         184    -21   34  60  107   +5   81  +11   81   11  25  0  0 L3P 0F
G14 FF 61061 135400  780 536 1369    -7301363    -20         170     +2   27  45  101   +5   89   +3   89    3  22  0  0 L3P D5
G15 FF 61061 135400  780 258 2542    -3786826    -16         171    +19   71  60  186   +1  123   -5  123   -5  56  0  0 L3P 29
G17 FF 61061 135400  780 859  694     +393145   +101         140    -12   22  44   82   +0  104  +11  104   11  16  0  0 L3P F4
G19 FF 61061 135400  780 671 3348    -6865901    +19         163    +36   27  75   88   -6   82  -26   82  -26  16  0  0 L3P 36
G22 FF 61061 135400  780 624 1745     +562405    -48         159     -4   18  64   92   +2   83   +6   83    6  13  0  0 L3P C3
G30 FF 61061 135400  780 440  503     -950412   -180         141    -56   35  25  117  +14  138  +61  138   61  27  0  0 L3P 27
G13 FF 61061 141000  780 455 2956    -6890434    +27         206    +17   33  67  114   +9   77   -2   77   -2  25  0  0 L3P 09
G14 FF 61061 141000  780 496 1274    -7301387    -11         167    +12   37  46  107   +7   92  -12   92  -12  28  0  0 L3P 1E
G15 FF 61061 141000  780 251 2620    -3786847    -39         182     -4   97  63  190   +9  108  -14  108  -14  65  0  0 L3P 42
G17 FF 61061 141000  780 809 1333     +393253   +109         133     -5   23  45   82   +2  101   -3  101   -3  15  0  0 L3P D9
G19 FF 61061 141000  780 754 3284    -6865909     -1         175    +16   26  76   84   -3   79  -15   79  -15  17  0  0 L3P 24
G22 FF 61061 141000  780 602 1595     +562374    -62         172    -17   24  94   94   +2   74  +12   74   12  20  0  0 L3P E5
G24 FF 61061 141000  780 157 2243    +1540849   -184         174    -31   52  14  298 -109   53   +2   53    2  45  0  0 L3P 22
G13 FF 61061 142600  780 407 3046    -6890435     +6         195     -4   38  67  124  +14   91   -4   91   -4  28  0  0 L3P F8
G14 FF 61061 142600  780 454 1187    -7301425     -5         149    +18   35  47  114   +8  101  -22  101  -22  24  0  0 L3P 1E
G15 FF 61061 142600  780 234 2695    -3786896    -55         166    -20   97  63  203  +18  111   -2  111   -2  71  0  0 L3P 3E
G17 FF 61061 142600  780 731 1432     +393357   +110         128     -4   27  45   85   +4   99   -6   99   -6  20  0  0 L3P E5
G19 FF 61061 142600  780 833 3108    -6865920    -33         180    -16   19  76   82   -1   76   +3   76    3  14  0  0 L3P F0
G22 FF 61061 142600  780 573 1460     +562327    -88         167    -44   25  94   96   +3   77  +21   77   21  18  0  0 L3P 05
G24 FF 61061 142600  780 216 2244    +1540720   -220         190    -68   58  14  221  -59   47  +35   47   35  41  0  0 L3P 33
G06 FF 61061 144200  780 338  254    +6045546    +18         151    -16   64  99  146  -28  147  -25  147  -25  47  0  0 L3P 5A
G13 FF 61061 144200  780 352 3119    -6890431    -70         189    -81   37  67  141  +21  106  +83  106   83  27  0  0 L3P 51
G14 FF 61061 144200  780 412 1106    -7301448    -66         148    -43   41  47  123  +11  109  +31  109   31  31  0  0 L3P 2E
G15 FF 61061 144200  780 209 2768    -3786911    -30         185     +6   77  63  226  +30   92   -1   92   -1  59  0  0 L3P 10
G17 FF 61061 144200  780 653 1447     +393472   +125         134    +12   26  45   89   +6   93  -12   93  -12  20  0  0 L3P 0D
G19 FF 61061 144200  780 862 2090    -6865933     +4         184    +21   29  76   81   +0   71  -19   71  -19  20  0  0 L3P 0A
G22 FF 61061 144200  780 540 1340     +562287    -45         170     -1   29  94  100   +5   78  +12   78   12  23  0  0 L3P E1
G24 FF 61061 144200  780 274 2256    +1540556   -106         173    +46   45  14  176  -36   59  -15   59  -15  30  0  0 L3P 4C
G06 FF 61061 145800  780 408  299    +6045585     +1         157    -33   36  99  125  -18  135  +34  135   34  23  0  0 L3P 38
G13 FF 61061 145800  780 293 3180    -6890435   +130         175   +120   50  67  165  +32  140  -59  140  -59  37  0  0 L3P 81
G14 FF 61061 145800  780 369 1031    -7301452    -75         166    -52   44  47  135  +14  102  +59  102   59  33  0  0 L3P 49
G17 FF 61061 145800  780 577 1438     +393591   +131         144    +17   25  45   96   +8   85   -1   85   -1  19  0  0 L3P 03
G19 FF 61061 145800  780 793 1695    -6865948    -11         185     +6   26  76   83   +2   66   -6   66   -6  18  0  0 L3P 10
G22 FF 61061 145800  780 503 1231     +562241    +34         167    +78   39  94  105   +6   88  -43   88  -43  29  0  0 L3P 20
G24 FF 61061 145800  780 333 2279    +1540403   -168         166    -15   41  14  148  -24   76  +26   76   26  28  0  0 L3P 45
G06 FF 61061 151400  780 477  356    +6045625    +16         164    -18   37  99  110  -12  126   -5  126   -5  27  0  0 L3P 27
G11 FF 61061 151400  780 175 3566    +4664007   -235         148   -102   62 127  271 -105  233   -4  233   -4  44  0  0 L3P 70
G12 FF 61061 151400  780 175 2465    +6067923    -58         137    -62   70   1  268  -69  115  +45  115   45  51  0  0 L3P 46
G14 FF 61061 151400  780 326  960    -7301475    -46         164    -23   51  47  150  +18  107  +18  107   18  40  0  0 L3P 31
G17 FF 61061 151400  780 504 1417     +393717   +109         161     -5   38  45  105  +11   71   +0   71    0  28  0  0 L3P DC
G19 FF 61061 151400  780 718 1595    -6865972    -36         178    -19   22  76   85   +4   68   +7   68    7  17  0  0 L3P 17
G22 FF 61061 151400  780 463 1133     +562192    -30         160    +14   43  94  112   +8   92  -19   92  -19  31  0  0 L3P 01
G24 FF 61061 151400  780 389 2318    +1540265   -167         174    -15   35  14  130  -16   75   +5   75    5  27  0  0 L3P 19
G06 FF 61061 153000  780 543  434    +6045660    +23         166    -11   28  99  100   -8  103   -2  103   -2  21  0  0 L3P F2
G12 FF 61061 153000  780 222 2414    +6067967    +81         177    +78   78   1  215  -45   77  -49   77  -49  54  0  0 L3P 44
G17 FF 61061 153000  780 434 1389     +393817   +112         151     -1   34  45  118  +15   68   -2   68   -2  26  0  0 L3P FB
G19 FF 61061 153000  780 646 1534    -6865993    -26         173     -9   27  76   90   +5   66   -3   66   -3  18  0  0 L3P 00
G22 FF 61061 153000  780 420 1044     +562164    -34         175    +10   38  94  121  +10   77   +5   77    5  26  0  0 L3P DC
G24 FF 61061 153000  780 440 2375    +1540117   -153         173     -1   44  14  117  -11   75   +2   75    2  31  0  0 L3P E4
G06 FF 61061 154600  780 600  546    +6045690    +55         164    +20   27  99   94   -5   94  -30   94  -30  19  0  0 L3P 0E
G11 FF 61061 154600  780 318 3587    +4663753    -78         149    +55   59 127  154  -34  147  -67  147  -67  49  0  0 L3P 9F
G12 FF 61061 154600  780 270 2364    +6067982    -54         189    -58   65   1  179  -31   60  +48   60   48  42  0  0 L3P 30
G17 FF 61061 154600  780 368 1357     +393928    +36         153    -77   47  45  135  +21   61  +43   61   43  31  0  0 L3P 23
G19 FF 61061 154600  780 577 1484    -6866000     +6         183    +23   36  76   96   +7   56  -16   56  -16  27  0  0 L3P 1F
G22 FF 61061 154600  780 376  961     +562121     -1         174    +44   44  94  133  +14   88  -11   88  -11  32  0  0 L3P FB
G24 FF 61061 154600  780 483 2455    +1539972   -153         174     -1   45  14  109   -7   77   -2   77   -2  31  0  0 L3P 0D
G06 FF 61061 160200  780 639  703    +6045725    +47         160    +13   31 101   91   -2   86  -16   86  -16  23  0  0 L3P 06
G12 FF 61061 160200  780 321 2316    +6067990    -25         190    -28   48   2  153  -23   56  +11   56   11  35  0  0 L3P 08
G17 FF 61061 160200  780 306 1320     +394054   +108         169     -6   62  46  159  +29   41  -19   41  -19  44  0  0 L3P 21
G19 FF 61061 160200  780 511 1437    -6866013    -30         193    -13   26  81  104  +10   51   +5   51    5  18  0  0 L3P ED
G22 FF 61061 160200  780 330  886     +562065    -14         160    +31   38   5  149  +19  115   +1  115    1  32  0  0 L3P D6
G24 FF 61061 160200  780 514 2558    +1539835   -163         181    -11   54  15  104   -3   74  +14   74   14  38  0  0 L3P 23
G06 FF 61061 161800  780 650  893    +6045748     +0         151    -34   35 101   90   +0   81   +7   81    7  25  0  0 L3P C7
G11 FF 61061 161800  780 474    6    +4663494   -190         143    -57   35 128  111  -15  105  +24  105   24  24  0  0 L3P 2F
G12 FF 61061 161800  780 375 2269    +6067977    -30         174    -33   37   2  133  -17   57   +9   57    9  28  0  0 L3P 0F
G17 FF 61061 161800  780 247 1280     +394131   +260         137   +147   67  46  193  +43   52 -116   52 -116  51  0  0 L3P 68
G19 FF 61061 161800  780 449 1390    -6866038    -46         185    -29   30  81  115  +12   50  +14   50   14  22  0  0 L3P 2A
G24 FF 61061 161800  780 527 2679    +1539676   -152         168     +0   44  15  102   -1   81   -5   81   -5  30  0  0 L3P 02
G06 FF 61061 163400  780 631 1073    +6045778    +29         148     -5   23 101   91   +3   69  -13   69  -13  16  0  0 L3P 13
G11 FF 61061 163400  780 555   20    +4663361   -159         137    -26   34 128   99  -10  101   +1  101    1  26  0  0 L3P FF
G12 FF 61061 163400  780 432 2223    +6067961    +33         154    +30   25   2  119  -13   58  -36   58  -36  18  0  0 L3P 1D
G17 FF 61061 163400  780 191 1237     +394273   +134         170    +20   60  46  245  +68   26   -8   26   -8  49  0  0 L3P 17
G19 FF 61061 163400  780 391 1344    -6866065    -20         174     -2   42  81  129  +16   55  -14   55  -14  30  0  0 L3P 24
G24 FF 61061 163400  780 520 2805    +1539525   -169         163    -17   39  15  103   +2   77   +0   77    0  29  0  0 L3P 03
G06 FF 61061 165000  780 587 1208    +6045810    +17         147    -17   30 101   95   +5   57   +5   57    5  20  0  0 L3P E9
G11 FF 61061 165000  780 638   46    +4663240   -135         144     -2   24 128   91   -7   84   -6   84   -6  16  0  0 L3P DE
G12 FF 61061 165000  780 492 2178    +6067958    +46         148    +43   23   2  107  -10   61  -32   61  -32  16  0  0 L3P 1D
G19 FF 61061 165000  780 336 1296    -6866078     +8         178    +25   41  81  146  +21   36  -21   36  -21  31  0  0 L3P 2B
G24 FF 61061 165000  780 494 2923    +1539368   -167         153    -15   36  15  107   +6   77   +4   77    4  27  0  0 L3P 17
G06 FF 61061 170600  780 529 1295    +6045839    +20         144    -14   40 101  102   +9   50   -8   50   -8  29  0  0 L3P 06
G11 FF 61061 170600  780 719  105    +4663115   -135         147     -2   24 128   86   -4   78  -12   78  -12  18  0  0 L3P 13
G12 FF 61061 170600  780 556 2134    +6067964    -52         151    -55   23   2   99   -8   58  +27   58   27  19  0  0 L3P 0C
G19 FF 61061 170600  780 284 1247    -6866095    -39         176    -22   43  81  170  +28   31   +9   31    9  32  0  0 L3P 17
G24 FF 61061 170600  780 454 3025    +1539222   -189         152    -37   42  15  114   +9   77  +15   77   15  31  0  0 L3P 28
G25 FF 61061 170600  780 178 2288    -4485582    +15         186     -9   58  84  264  -82   15   +1   15    1  40  0  0 L3P 08
G06 FF 61061 172200  780 463 1347    +6045861     +1         133    -33   36 101  112  +13   44  +13   44   13  26  0  0 L3P 05
G11 FF 61061 172200  780 793  269    +4662982   -147         141    -14   25 128   83   -2   72   -3   72   -3  18  0  0 L3P 09
G12 FF 61061 172200  780 623 2090    +6067959     -4         142     -7   22   2   92   -6   55   -1   55   -1  15  0  0 L3P AF
G24 FF 61061 172200  780 403 3108    +1539070   -191         146    -38   51  15  125  +14   80  +17   80   17  38  0  0 L3P 2D
G25 FF 61061 172200  780 236 2267    -4485586    +25         160     +1   56  84  203  -49   39  +10   39   10  41  0  0 L3P 18
G06 FF 61061 173800  780 395 1374    +6045891    +46         130    +12   39 101  127  +19   32  -14   32  -14  27  0  0 L3P 3F
G11 FF 61061 173800  780 830  784    +4662848   -120         135    +13   28 128   82   +0   62  -16   62  -16  20  0  0 L3P 1F
G12 FF 61061 173800  780 693 2041    +6067959     +2         140     -1   25   2   87   -4   52   +2   52    2  17  0  0 L3P A1
G24 FF 61061 173800  780 347 3178    +1538915   -202         138    -50   70  15  142  +22   94  +47   94   47  53  0  0 L3P 49
G25 FF 61061 173800  780 296 2251    -4485577     +6         146    -18   59  84  164  -32   49  +22   49   22  40  0  0 L3P 33
G06 FF 61061 175400  780 327 1385    +6045911    +11         117    -23   54 101  150  +28   38  +28   38   28  39  0  0 L3P 37
G11 FF 61061 175400  780 787 1243    +4662714   -141         128     -8   32 128   83   +2   58   +4   58    4  22  0  0 L3P F7
G12 FF 61061 175400  780 766 1977    +6067965     -6         142    -10   23   2   84   -3   50   +2   50    2  16  0  0 L3P BB
G25 FF 61061 175400  780 359 2244    -4485534     +1         166    -23   41  84  139  -22   33   +7   33    7  30  0  0 L3P F4
G29 FF 61061 175400  780 209 2617    +3891618    -51         132    +14   82   1  227  -47   69  -24   69  -24  58  0  0 L3P 3D
G06 FF 61061 181000  780 261 1383    +6045958    +74         130    +40   44 110  184  +44   33  -19   33  -19  34  0  0 L3P 3B
G11 FF 61061 181000  780 715 1377    +4662603   -101         142    +32   28 129   86   +4   56  -23   56  -23  21  0  0 L3P 26
G12 FF 61061 181000  780 840 1830    +6067977     +9         148     +5   27   3   82   -1   47   -2   47   -2  19  0  0 L3P BC
G21 FF 61061 181000  780 363  565    -3848264    -54         153    +18   52  58  137  -17  114  -42  114  -42  39  0  0 L3P 4D
G25 FF 61061 181000  780 424 2248    -4485518    +40         158    +16   37  86  121  -16   44  -14   44  -14  27  0  0 L3P 36
G29 FF 61061 181000  780 252 2555    +3891531     -8         134    +57   52  11  190  -32  101  -63  101  -63  39  0  0 L3P 3C
G05 FF 61061 182600  780 346  265    +2276699   +130         144   +124   45  50  143  -26  133  -93  133  -93  31  0  0 L3P 6C
G06 FF 61061 182600  780 196 1372    +6046022    +19         161    -15   39 110  239  +75   35  +36   35   36  31  0  0 L3P 36
G11 FF 61061 182600  780 639 1415    +4662479   -144         146    -11   27 129   90   +6   51   +7   51    7  18  0  0 L3P 0D
G12 FF 61061 182600  780 869  649    +6067983    +31         150    +28   27   3   81   +0   51   -8   51   -8  19  0  0 L3P D9
G21 FF 61061 182600  780 409  645    -3848333    -50         154    +23   45  58  124  -11   98  -29   98  -29  34  0  0 L3P 3D
G25 FF 61061 182600  780 489 2266    -4485489    +32         165     +8   48  86  108  -11   37   +5   37    5  36  0  0 L3P 16
G29 FF 61061 182600  780 296 2492    +3891489    -41         155    +24   68  11  164  -23   70  -21   70  -21  49  0  0 L3P 48
G05 FF 61061 184200  780 416  313    +2276717    +57         156    +51   44  50  123  -17  112  -47  112  -47  33  0  0 L3P 3A
G11 FF 61061 184200  780 565 1420    +4662348   -128         143     +5   31 129   97   +9   49   -7   49   -7  24  0  0 L3P 0F
G12 FF 61061 184200  780 794  310    +6067994     -7         158    -11   26   3   83   +2   55  +22   55   22  20  0  0 L3P CA
G21 FF 61061 184200  780 446  740    -3848400    -51         157    +22   42  58  116   -7   77  -23   77  -23  31  0  0 L3P 14
G25 FF 61061 184200  780 555 2307    -4485467    +13         164    -11   37  86   99   -8   42   +9   42    9  22  0  0 L3P F8
G29 FF 61061 184200  780 341 2427    +3891439    -75         167    -11   48  11  145  -18   60   +9   60    9  33  0  0 L3P 13
G05 FF 61061 185800  780 484  374    +2276732     +8         165     +2   35  50  109  -12   92  -23   92  -23  26  0  0 L3P 05
G11 FF 61061 185800  780 493 1409    +4662221   -167         143    -34   34 129  107  +12   50  +32   50   32  26  0  0 L3P 3E
G12 FF 61061 185800  780 714  238    +6067994    +18         155    +15   20   3   86   +4   65   -2   65   -2  13  0  0 L3P CF
G21 FF 61061 185800  780 470  849    -3848466    -61         161    +11   33  58  111   -3   65  -20   65  -20  26  0  0 L3P 17
G25 FF 61061 185800  780 616 2383    -4485443     +9         165    -15   23  86   92   -5   46  +20   46   20  16  0  0 L3P 03
G29 FF 61061 185800  780 387 2359    +3891353   -107         143    -42   32  11  130  -14   76  +31   76   31  24  0  0 L3P 40
G05 FF 61061 191400  780 547  458    +2276725     +7         153     +2   36  50  100   -8   81  -19   81  -19  26  0  0 L3P F2
G11 FF 61061 191400  780 424 1389    +4662095   -102         145    +31   30 129  120  +16   56  -15   56  -15  21  0  0 L3P 46
G12 FF 61061 191400  780 632  199    +6067996    -21         153    -25   29   3   91   +7   75  +23   75   23  20  0  0 L3P EB
G21 FF 61061 191400  780 476  964    -3848537    -81         159     -8   33  58  110   +1   60   -3   60   -3  26  0  0 L3P E7
G25 FF 61061 191400  780 666 2514    -4485415    +20         170     -3   24  86   89   -3   44   +1   44    1  17  0  0 L3P CE
G29 FF 61061 191400  780 434 2289    +3891299   -143         152    -78   31  11  118  -11   68  +53   68   53  23  0  0 L3P 51
G05 FF 61061 193000  780 601  576    +2276728    -12         150    -18   30  50   94   -4   71   -2   71   -2  22  0  0 L3P CB
G11 FF 61061 193000  780 359 1362    +4661981   -191         158    -58   42 129  138  +22   56  +56   56   56  28  0  0 L3P 67
G12 FF 61061 193000  780 551  174    +6067991    -30         145    -33   18   3   99  +10   87  +27   87   27  13  0  0 L3P FD
G21 FF 61061 193000  780 463 1074    -3848603    -67         163     +5   42  58  112   +4   57  -13   57  -13  31  0  0 L3P 0D
G25 FF 61061 193000  780 693 2710    -4485393     +6         169    -18   15  86   87   -1   46   +4   46    4  11  0  0 L3P E1
G29 FF 61061 193000  780 483 2216    +3891254    -54         169    +11   22  11  109   -9   53  -23   53  -23  16  0  0 L3P 20
G05 FF 61061 194600  780 635  735    +2276731    -15         148    -20   30  50   91   -2   66   +8   66    8  21  0  0 L3P D2
G11 FF 61061 194600  780 298 1330    +4661855   -140         160     -7   29 129  163  +30   71  +28   71   28  23  0  0 L3P 3D
G12 FF 61061 194600  780 470  155    +6067996     +6         147     +3   25   3  111  +15   90  -16   90  -16  20  0  0 L3P E7
G21 FF 61061 194600  780 434 1171    -3848679    -76         157     -3   40  58  118   +8   61   +2   61    2  28  0  0 L3P F1
G25 FF 61061 194600  780 687 2935    -4485374    +15         165     -9   21  86   87   +1   48   +2   48    2  17  0  0 L3P F0
G29 FF 61061 194600  780 533 2135    +3891175    -71         153     -6   22  11  101   -7   59   +2   59    2  17  0  0 L3P E1
G05 FF 61061 200200  780 642  919    +2276747     +9         153     +3   30  62   90   +1   59   +1   59    1  22  0  0 L3P 9D
G11 FF 61061 200200  780 240 1293    +4661701   -157         130    -24   43 130  198  +45  110  +53  110   53  34  0  0 L3P 46
G12 FF 61061 200200  780 392  142    +6068025    +73         169    +70   35   4  128  +22   84  -30   84  -30  27  0  0 L3P FF
G18 FF 61061 200200  780 281 2837    +4451047    -23         147    +74   62  95  172  -29  104  -50  104  -50  46  0  0 L3P 53
G21 FF 61061 200200  780 392 1248    -3848744   -101         164    -28   44  59  128  +13   67  +29   67   29  37  0  0 L3P 4C
G25 FF 61061 200200  780 648 3119    -4485352     +1         168    -22   30  89   90   +4   52  +23   52   23  23  0  0 L3P E6
G29 FF 61061 200200  780 583 2045    +3891108    -88         147    -23   21  12   95   -5   62  +14   62   14  14  0  0 L3P FD
G05 FF 61061 201800  780 619 1087    +2276744    -19         144    -25   33  62   92   +3   65  +15   65   15  24  0  0 L3P 08
G18 FF 61061 201800  780 329 2768    +4450968    -70         161    +27   48  95  149  -20   90  -25   90  -25  38  0  0 L3P 53
G21 FF 61061 201800  780 340 1306    -3848821    -56         157    +17   44  59  145  +21   80   -3   80   -3  35  0  0 L3P 0B
G25 FF 61061 201800  780 590 3243    -4485332    +33         165     +9   32  89   95   +7   60   -3   60   -3  23  0  0 L3P DD
G29 FF 61061 201800  780 634 1937    +3891038    -53         139    +12   18  12   91   -4   66  -20   66  -20  14  0  0 L3P 13
G05 FF 61061 203400  780 575 1212    +2276747    +17         142    +11   31  62   96   +6   65   +5   65    5  24  0  0 L3P D6
G18 FF 61061 203400  780 375 2691    +4450883    -71         168    +25   47  95  133  -14   77  -19   77  -19  39  0  0 L3P 5B
G21 FF 61061 203400  780 283 1347    -3848901   -128         147    -55   51  59  170  +33   99  +59   99   59  35  0  0 L3P 60
G25 FF 61061 203400  780 522 3324    -4485315     +7         160    -17   46  89  103  +10   71  +24   71   24  34  0  0 L3P 06
G29 FF 61061 203400  780 682 1799    +3890977    -32         140    +33   20  12   88   -3   63  -19   63  -19  16  0  0 L3P 27
G05 FF 61061 205000  780 517 1294    +2276754    +23         144    +18   31  62  103   +9   76   -7   76   -7  25  0  0 L3P FE
G18 FF 61061 205000  780 419 2608    +4450784   -136         163    -40   38  95  122  -10   77  +19   77   19  29  0  0 L3P 4C
G21 FF 61061 205000  780 224 1373    -3848971    -93         147    -20   47  59  212  +56  121  +44  121   44  38  0  0 L3P 4A
G23 FF 61061 205000  780 237 3328    -6024613    +23         156    +73   43  84  202  -59  122  -72  122  -72  31  0  0 L3P 47
G26 FF 61061 205000  780 180 2275    +3149733    +27         154    -32   66  48  261  -60  102  +20  102   20  48  0  0 L3P 35
G29 FF 61061 205000  780 722 1607    +3890921    -46         146    +19   28  12   85   -2   64   -9   64   -9  20  0  0 L3P F7
G05 FF 61061 210600  780 454 1342    +2276764    +11         148     +5   38  62  114  +13   80   +8   80    8  29  0  0 L3P E9
G18 FF 61061 210600  780 460 2517    +4450693    -70         163    +27   31  96  113   -8   76   -9   76   -9  24  0  0 L3P 0F
G23 FF 61061 210600  780 309 3301    -6024671    -36         146    +14   83  84  158  -35  108  -41  108  -41  57  0  0 L3P 54
G26 FF 61061 210600  780 218 2328    +3149789    +19         153    -40   47  48  217  -34  102  +32  102   32  36  0  0 L3P 46
G29 FF 61061 210600  780 744 1346    +3890858    -56         146     +9   23  12   84   +0   66   +1   66    1  17  0  0 L3P D7
G05 FF 61061 212200  780 388 1368    +2276774    +23         153    +17   38  62  129  +19   86   +9   86    9  29  0  0 L3P 22
G15 FF 61061 212200  780 356  592    -3787795    -61         140    -26   49  20  140  -16  111  +11  111   11  39  0  0 L3P 2C
G18 FF 61061 212200  780 497 2418    +4450618   -101         180     -4   28  96  106   -6   62   -4   62   -4  22  0  0 L3P FB
G23 FF 61061 212200  780 382 3264    -6024713     -6         156    +44   54  85  131  -22   92  -41   92  -41  41  0  0 L3P 18
G26 FF 61061 212200  780 248 2391    +3149851    +15         159    -44   65  48  193  -19  100  +37  100   37  50  0  0 L3P 4B
G29 FF 61061 212200  780 738 1056    +3890796    -65         145     +0   27  12   85   +1   68   -1   68   -1  20  0  0 L3P E0
G05 FF 61061 213800  780 322 1378    +2276781     -8         154    -14   47  62  152  +28  108  +37  108   37  34  0  0 L3P 41
G15 FF 61061 213800  780 398  672    -3787811    -19         158    +16   49  20  127  -11   90  -20   90  -20  33  0  0 L3P 2B
G18 FF 61061 213800  780 531 2309    +4450523   -129         178    -32   29  96  102   -4   61  +17   61   17  20  0  0 L3P 23
G23 FF 61061 213800  780 456 3217    -6024758    -40         159    +10   44  85  114  -15   86  -14   86  -14  35  0  0 L3P 3D
G26 FF 61061 213800  780 269 2463    +3149893     +2         144    -57   66  48  179   -9  115  +35  115   35  47  0  0 L3P 47
G29 FF 61061 213800  780 703  819    +3890740    -73         152     -9   26  12   86   +3   67  +10   67   10  19  0  0 L3P EB
G05 FF 61061 215400  780 257 1377    +2276785    +26         152    +21   31  62  186  +44  125  +15  125   15  26  0  0 L3P 46
G15 FF 61061 215400  780 431  765    -3787841    -30         162     +5   33  20  119   -6   83  -12   83  -12  24  0  0 L3P F9
G18 FF 61061 215400  780 562 2191    +4450426   -146         174    -49   25  96   98   -3   61  +30   61   30  19  0  0 L3P 20
G23 FF 61061 215400  780 528 3154    -6024799    -32         166    +18   26  85  102  -10   76  -21   76  -21  19  0  0 L3P 3B
G26 FF 61061 215400  780 277 2541    +3149969   +123         164    +64   54  48  174   -2  105  -40  105  -40  45  0  0 L3P 5B
G29 FF 61061 215400  780 650  655    +3890676    -90         150    -25   36  12   90   +4   75  +17   75   17  24  0  0 L3P 00
G05 FF 61061 221000  780 195 1366    +2276784    +54         145    +49   53  75  242  +74  148   +0  148    0  36  0  0 L3P 2D
G15 FF 61061 221000  780 451  867    -3787876    -62         159    -26   36  21  115   -3   80  +21   80   21  26  0  0 L3P 09
G16 FF 61061 221000  780 168 2276    -1925265   -102         164    -25   49  68  279  -55  121  +16  121   16  36  0  0 L3P 63
G18 FF 61061 221000  780 587 2061    +4450332    -90         173     +7   22  97   95   -2   57   -8   57   -8  16  0  0 L3P E7
G23 FF 61061 221000  780 598 3069    -6024856    -36         156    +14   36  86   94   -7   75   -9   75   -9  26  0  0 L3P 13
G26 FF 61061 221000  780 275 2622    +3150023    +47         157    -12   59  49  175   +5  106  +10  106   10  48  0  0 L3P 21
G29 FF 61061 221000  780 588  542    +3890616    -60         150     +5   28  13   95   +7   76   +1   76    1  20  0  0 L3P BB
G15 FF 61061 222600  780 456  973    -3787916    -65         152    -29   40  21  114   +1   83  +27   83   27  29  0  0 L3P 18
G16 FF 61061 222600  780 197 2336    -1925334    -21         168    +56   38  68  240  -29  111  -40  111  -40  30  0  0 L3P 50
G18 FF 61061 222600  780 606 1919    +4450228    -99         162     -2   16  97   93   -2   66  +10   66   10  12  0  0 L3P F9
G23 FF 61061 222600  780 663 2946    -6024892    -31         168    +19   19  86   89   -4   64  -20   64  -20  15  0  0 L3P 27
G26 FF 61061 222600  780 261 2702    +3150071    +70         149    +11   59  49  184  +13  117   -4  117   -4  40  0  0 L3P 1F
G29 FF 61061 222600  780 521  462    +3890545    -87         142    -22   30  13  103  +10   96  +33   96   33  23  0  0 L3P 0C
G10 FF 61061 224200  780 307 3048    +5841258    +23         175     -1   40  85  159  -29  116  -14  116  -14  30  0  0 L3P 39
G13 FF 61061 224200  780 212 1263    -6890118     +3         172     -7   34  97  223  +24  127  +26  127   26  25  0  0 L3P 1D
G15 FF 61061 224200  780 444 1074    -3787958    -49         144    -14   36  21  116   +4   95   +2   95    2  28  0  0 L3P 00
G16 FF 61061 224200  780 216 2403    -1925424   -102         152    -25   35  68  219  -14  123  +13  123   13  27  0  0 L3P 42
G18 FF 61061 224200  780 619 1767    +4450132   -102         158     -6   26  97   92   -1   71   +0   71    0  20  0  0 L3P D4
G23 FF 61061 224200  780 715 2760    -6024956    -56         152     -6   17  86   86   -2   72   -8   72   -8  13  0  0 L3P ED
G26 FF 61061 224200  780 238 2779    +3150120     +5         142    -54   88  49  200  +22  139  +64  139   64  63  0  0 L3P 3B
G29 FF 61061 224200  780 451  402    +3890490    -79         149    -14   38  13  114  +14  104  +25  104   25  28  0  0 L3P 2F
G10 FF 61061 225800  780 366 2984    +5841288    +33         182     +9   56  85  136  -19   97  -12   97  -12  40  0  0 L3P 43
G15 FF 61061 225800  780 417 1164    -3787987    -29         149     +6   42  21  122   +8   93   +8   93    8  30  0  0 L3P FA
G16 FF 61061 225800  780 225 2476    -1925505   -122         144    -46   32  68  211   -3  134  +47  134   47  26  0  0 L3P 4D
G18 FF 61061 225800  780 623 1609    +4450035    -94         154     +2   30  97   92   +0   73   +1   73    1  19  0  0 L3P C9
G23 FF 61061 225800  780 744 2490    -6025002    -50         154     +0   14  86   84   -1   66   +1   66    1  11  0  0 L3P BA
G29 FF 61061 225800  780 381  355    +3890439    -46         160    +19   75  13  131  +21  109   -6  109   -6  59  0  0 L3P 31
G10 FF 61061 231400  780 423 2908    +5841279     -2         150    -26   35  85  121  -13  107   +5  107    5  29  0  0 L3P 09
G15 FF 61061 231400  780 379 1236    -3788024    -43         145     -8   43  21  132  +13  102  +13  102   13  31  0  0 L3P 1A
G16 FF 61061 231400  780 223 2552    -1925574   -121         148    -45   31  68  212   +7  138  +34  138   34  25  0  0 L3P 48
G18 FF 61061 231400  780 617 1449    +4449949   -101         160     -5   28  97   92   +1   71   +9   71    9  20  0  0 L3P F0
G23 FF 61061 231400  780 741 2185    -6025054    -47         151     +3   16  86   85   +1   70   -1   70   -1  13  0  0 L3P C6
G27 FF 61061 231400  780 192 2224     +235223    +86         182     +5   48  13  247  -75  135  -31  135  -31  40  0  0 L3P 26
G29 FF 61061 231400  780 310  319    +3890397     +7         180    +72   88  13  157  +33  121  -22  121  -22  63  0  0 L3P 2B
G10 FF 61061 233000  780 476 2819    +5841317    +41         164    +17   36  85  110   -9   93   -7   93   -7  28  0  0 L3P 0B
G15 FF 61061 233000  780 332 1292    -3788045    -20         158    +15   23  21  148  +20  106  +22  106   22  13  0  0 L3P 28
G16 FF 61061 233000  780 211 2628    -1925641    -36         153    +41   29  68  224  +18  149  -21  149  -21  24  0  0 L3P 53
G18 FF 61061 233000  780 602 1296    +4449863    -93         167     +4   31  97   94   +2   72   +6   72    6  23  0  0 L3P DD
G23 FF 61061 233000  780 708 1940    -6025090    -19         162    +31   16  86   86   +2   68  -11   68  -11  11  0  0 L3P 07
G27 FF 61061 233000  780 250 2242     +235294    +74         176     -7   45  13  192  -43  123   -4  123   -4  33  0  0 L3P FE
G10 FF 61061 234600  780 524 2714    +5841345    +23         170     -1   33  85  103   -6   89   -4   89   -4  22  0  0 L3P E9
G15 FF 61061 234600  780 280 1332    -3788083    -31         154     +4   40  21  172  +32  130  +38  130   38  29  0  0 L3P 28
G16 FF 61061 234600  780 190 2702    -1925708    -41         159    +35   46  68  247  +32  162   -2  162   -2  35  0  0 L3P 38
G18 FF 61061 234600  780 578 1155    +4449763    -99         160     -2   28  97   96   +3   82   +8   82    8  20  0  0 L3P F4
G23 FF 61061 234600  780 661 1769    -6025128    -54         172     -4   22  86   89   +4   70  +15   70   15  15  0  0 L3P FA
G27 FF 61061 234600  780 307 2273     +235393    +16         198    -64   32  13  159  -27  102  +36  102   36  24  0  0 L3P 35
