CGGTTS     GENERIC DATA FORMAT VERSION = 2E
REV DATE = 2024-12-02                    
RCVR = Septentrio PolaRx2 S/N 3252   R2CGGTTS v8.8    
CH = 20 
IMS = Septentrio PolaRx2 S/N 3252   
LAB = NMI Australia                 
X = -4648241.00 m 
Y = +2560636.48 m 
Z = -3526317.74 m 
FRAME = ITRF
COMMENTS =           IGS antenna SYDN              
INT DLY =  211.7 ns (GPS P1),  213.3 ns (GPS P2)     CAL_ID = 1015-2021           
CAB DLY = 2484.6 ns 
REF DLY =  338.6 ns
REF = UTC(AUS)                      
CKSUM = 82

SAT CL  MJD  STTIME TRKL ELV AZTH   REFSV      SRSV     REFSYS    SRSYS  DSG IOE MDTR SMDT MDIO SMDI MSIO SMSI ISG FR HC FRC CK
             hhmmss  s  .1dg .1dg    .1ns     .1ps/s     .1ns    .1ps/s .1ns     .1ns.1ps/s.1ns.1ps/s.1ns.1ps/s.1ns
G10 FF 61056 001000  780 522 2718    +5828057    -20          93    -47   37   5  103   -6  106  +26  106   26  26  0  0 L3P 08
G15 FF 61056 001000  780 281 1331    -3770060    -75          65    -40   44   9  171  +31  164  +60  164   60  34  0  0 L3P 13
G16 FF 61056 001000  780 190 2698    -1886469   -122          91    -46   49 105  247  +31  189  +58  189   58  37  0  0 L3P 8A
G18 FF 61056 001000  780 580 1160    +4499913    -90          83     +8   27  19   96   +3  103   -5  103   -5  20  0  0 L3P E6
G23 FF 61056 001000  780 663 1772    -5999429    -71          79    -21   20  10   89   +4   90  +16   90   16  14  0  0 L3P FD
G27 FF 61056 001000  780 305 2271     +194645    +38          92    -39   27   8  160  -27  131   +3  131    3  22  0  0 L3P E0
G10 FF 61056 002600  780 563 2595    +5828080    +21          90     -6   26   5   98   -4  106   +5  106    5  19  0  0 L3P CF
G15 FF 61056 002600  780 226 1358    -3770081    -69          78    -33   58   9  210  +51  191  +56  191   56  46  0  0 L3P 3C
G18 FF 61056 002600  780 548 1033    +4499818    -68          82    +30   27  19   99   +4  116   -7  116   -7  20  0  0 L3P 13
G23 FF 61056 002600  780 610 1647    -5999471    -57          85     -7   25  10   93   +5   93  +16   93   16  17  0  0 L3P F9
G27 FF 61056 002600  780 359 2317     +194713    +69          86     -7   32   8  139  -18  127   +4  127    4  24  0  0 L3P EF
G10 FF 61056 004200  780 594 2453    +5828106     +2          90    -25   22   5   94   -3  107  +16  107   16  15  0  0 L3P E2
G15 FF 61056 004200  780 169 1374    -3770103     -9          89    +27   42   9  277  +92  226  +23  226   23  33  0  0 L3P 1F
G18 FF 61056 004200  780 509  921    +4499736    -73          94    +25   28  19  105   +6  121   +1  121    1  21  0  0 L3P EA
G23 FF 61056 004200  780 557 1548    -5999517    -53          87     -3   23  10   98   +6  103  +12  103   12  16  0  0 L3P 07
G27 FF 61056 004200  780 406 2380     +194790    +77          91     +1   34   8  125  -11  119  -12  119  -12  25  0  0 L3P 04
G32 FF 61056 004200  780 353 3465    +1613466   -140         120    +31   66   7  141  -28  148  -63  148  -63  59  0  0 L3P 59
G08 FF 61056 005800  780 190 2250    -5037891   +113         120    +69   32  11  249  -63  175  -63  175  -63  27  0  0 L3P 71
G10 FF 61056 005800  780 615 2295    +5828134    +16          91    -12   15   5   92   -1  106  +12  106   12  10  0  0 L3P E9
G18 FF 61056 005800  780 465  823    +4499634    -53          86    +45   43  19  112   +9  144  -10  144  -10  31  0  0 L3P 29
G23 FF 61056 005800  780 504 1464    -5999556    -50          96     +0   28  10  105   +8  111  +21  111   21  20  0  0 L3P 03
G27 FF 61056 005800  780 443 2462     +194871    +99          99    +23   32   8  116   -7  110  -10  110  -10  25  0  0 L3P 0A
G08 FF 61056 011400  780 236 2297    -5037849    +89         121    +45   53  11  203  -36  168  -43  168  -43  39  0  0 L3P 6C
G10 FF 61056 011400  780 623 2126    +5828172    +39         103    +12   25   5   92   +0  103   +1  103    1  17  0  0 L3P C4
G18 FF 61056 011400  780 416  737    +4499559    -92         105     +6   36  19  122  +13  156  +28  156   28  27  0  0 L3P 3C
G23 FF 61056 011400  780 454 1388    -5999598    -43         102     +7   33  10  114  +10  128  +17  128   17  24  0  0 L3P 3B
G27 FF 61056 011400  780 467 2563     +194953    +72         107     -4   25   8  112   -3  110   +4  110    4  22  0  0 L3P C8
G32 FF 61056 011400  780 512 3436    +1613144   -244         125    -74   53   7  104  -12  113  +33  113   33  40  0  0 L3P 25
G08 FF 61056 013000  780 274 2356    -5037811    +56         117    +13   60  11  176  -21  159  -21  159  -21  43  0  0 L3P 4B
G10 FF 61056 013000  780 620 1959    +5828200    +48         105    +20   15   5   92   +1  106   -5  106   -5  12  0  0 L3P DD
G18 FF 61056 013000  780 364  663    +4499474    -34         114    +63   37  19  136  +18  174  -19  174  -19  33  0  0 L3P 5C
G23 FF 61056 013000  780 405 1317    -5999650    -34          98    +16   47  10  125  +13  147   +9  147    9  35  0  0 L3P 20
G27 FF 61056 013000  780 474 2675     +195015   +106          96    +30   46   8  110   +0  122  -13  122  -13  32  0  0 L3P 02
G32 FF 61056 013000  780 594 3414    +1612955   -191         100    -21   25   7   95   -8  123   +9  123    9  18  0  0 L3P FE
G08 FF 61056 014600  780 304 2426    -5037756    +29         131    -14   49  11  160  -12  140  +11  140   11  39  0  0 L3P 31
G10 FF 61056 014600  780 607 1800    +5828226    +38         105    +10   25   5   93   +2  112   -6  112   -6  19  0  0 L3P E6
G18 FF 61056 014600  780 309  599    +4499388    -61         122    +37   45  19  157  +26  196   -2  196   -2  35  0  0 L3P 49
G23 FF 61056 014600  780 358 1249    -5999702    -59          94     -9   41  10  138  +16  169  +24  169   24  27  0  0 L3P 4B
G27 FF 61056 014600  780 462 2789     +195099    +38         107    -38   32   8  112   +4  123  +40  123   40  25  0  0 L3P 15
G32 FF 61056 014600  780 678 3381    +1612797   -181         106    -11   19   7   88   -5  111   -5  111   -5  16  0  0 L3P 14
G02 FF 61056 020200  780 153 2244     -175293   -110         134    -28   44   7  307 -124  203   -7  203   -7  35  0  0 L3P 1B
G08 FF 61056 020200  780 322 2507    -5037727    +18         118    -25   39  20  152   -5  146  +14  146   14  31  0  0 L3P 29
G10 FF 61056 020200  780 585 1656    +5828250     -4         108    -32   18   6   95   +3  118  +26  118   26  14  0  0 L3P 00
G23 FF 61056 020200  780 313 1183    -5999742    -80         100    -30   27  11  156  +20  185  +48  185   48  21  0  0 L3P 46
G27 FF 61056 020200  780 435 2894     +195166    +46         104    -31   46   9  118   +8  138  +22  138   22  35  0  0 L3P 18
G32 FF 61056 020200  780 761 3327    +1612634   -172         104     -2   20   8   84   -3  105   -5  105   -5  15  0  0 L3P E2
G02 FF 61056 021800  780 216 2234     -175401   -122         105    -40   36   7  221  -65  188   +7  188    7  26  0  0 L3P 0C
G08 FF 61056 021800  780 327 2593    -5037690    +43         114     +0   49  20  150   +1  149   -9  149   -9  37  0  0 L3P 16
G10 FF 61056 021800  780 559 1525    +5828283    +40         115    +13   24   6   98   +3  115   -4  115   -4  18  0  0 L3P F7
G23 FF 61056 021800  780 270 1119    -5999787    -18         104    +32   34  11  178  +27  207  +10  207   10  26  0  0 L3P 4A
G27 FF 61056 021800  780 394 2986     +195238    +75         102     -2   37   9  128  +13  151  +22  151   22  29  0  0 L3P 19
G32 FF 61056 021800  780 843 3172    +1612471   -167         104     +4   25   8   82   -1   99  -12   99  -12  20  0  0 L3P FC
G02 FF 61056 023400  780 282 2232     -175492    -63          93    +19   28   7  172  -39  172  -28  172  -28  20  0  0 L3P 2B
G08 FF 61056 023400  780 319 2681    -5037660    +43         102     +0   58  20  153   +6  164  +19  164   19  46  0  0 L3P 22
G10 FF 61056 023400  780 528 1407    +5828303    +28         109     +1   25   6  102   +4  124  +11  124   11  17  0  0 L3P EF
G27 FF 61056 023400  780 345 3064     +195310   +109         100    +32   34   9  143  +19  177  +21  177   21  27  0  0 L3P 27
G32 FF 61056 023400  780 863 1921    +1612307   -152         104    +19   13   8   81   +1   96   -7   96   -7  11  0  0 L3P E6
G02 FF 61056 025000  780 350 2242     -175555   -140         108    -58   27   7  142  -25  142  +24  142   24  20  0  0 L3P 1E
G08 FF 61056 025000  780 299 2766    -5037600     +1         120    -42   51  20  162  +13  168  +41  168   41  40  0  0 L3P 26
G10 FF 61056 025000  780 495 1299    +5828335     +7         115    -20   29   6  107   +6  131  +21  131   21  20  0  0 L3P FE
G28 FF 61056 025000  780 322  235    +6106554    -11          84    +41   36  82  153  -30  223  -79  223  -79  28  0  0 L3P 34
G32 FF 61056 025000  780 786 1650    +1612141   -179         101     -8   20   8   83   +2  102   +3  102    3  14  0  0 L3P CE
G02 FF 61056 030600  780 418 2268     -175648   -107          93    -25   22   7  122  -17  129  +11  129   11  16  0  0 L3P 21
G08 FF 61056 030600  780 269 2846    -5037585    +49          94     +5   41  20  178  +21  200  +31  200   31  28  0  0 L3P 22
G10 FF 61056 030600  780 459 1200    +5828346    +33          99     +5   14   6  113   +7  142  +15  142   15  10  0  0 L3P EC
G28 FF 61056 030600  780 390  278    +6106495   -105          75    -53   28  82  129  -20  186   +9  186    9  22  0  0 L3P 2F
G32 FF 61056 030600  780 708 1574    +1611973   -152          97    +18   13   8   86   +4  102   -7  102   -7   9  0  0 L3P F1
G01 FF 61056 032200  780 192 2228    -3434868     +3         111    -34   40 202  246  -79  197   -9  197   -9  27  0  0 L3P 43
G02 FF 61056 032200  780 484 2316     -175719    -62         101    +20   18   7  109  -11  118  -20  118  -20  14  0  0 L3P 17
G10 FF 61056 032200  780 422 1109    +5828378    +23         105     -5   23   6  121   +9  156  +19  156   19  16  0  0 L3P 0B
G28 FF 61056 032200  780 459  332    +6106444   -108          74    -56   29  82  113  -13  165  +23  165   23  22  0  0 L3P 37
G31 FF 61056 032200  780 247   53    +1723969    -39          94    -19   57  97  195  -53  280  -55  280  -55  38  0  0 L3P 4D
G32 FF 61056 032200  780 633 1523    +1611822   -163         110     +7   22   8   91   +6  105   +3  105    3  15  0  0 L3P CB
G01 FF 61056 033800  780 255 2234    -3434824    +32         119     -5   29 202  189  -45  166  -29  166  -29  21  0  0 L3P 63
G02 FF 61056 033800  780 544 2394     -175797    -70         102    +12   24   7  100   -7  109  -18  109  -18  19  0  0 L3P 24
G10 FF 61056 033800  780 383 1023    +5828416    -31         118    -58   38   6  131  +12  161  +49  161   49  29  0  0 L3P 3C
G28 FF 61056 033800  780 524  406    +6106395    -43          75     +9   25  82  103   -9  147  -24  147  -24  17  0  0 L3P 1E
G31 FF 61056 033800  780 318   74    +1723952    -39          98    -19   41  97  154  -33  228  -26  228  -26  30  0  0 L3P 3C
G32 FF 61056 033800  780 561 1477    +1611662   -173         114     -3   24   8   98   +8  105   +4  105    4  18  0  0 L3P EF
G01 FF 61056 035400  780 318 2252    -3434793    +55         114    +17   26 202  154  -28  141  -27  141  -27  19  0  0 L3P 62
G02 FF 61056 035400  780 592 2512     -175880    -66          97    +16   17   7   95   -4  106   -3  106   -3  13  0  0 L3P E0
G10 FF 61056 035400  780 342  944    +5828433    +31         108     +4   42   6  144  +16  181  +22  181   22  31  0  0 L3P FF
G28 FF 61056 035400  780 582  508    +6106347    -59          77     -7   22  82   96   -6  127   +4  127    4  15  0  0 L3P E5
G31 FF 61056 035400  780 392   95    +1723931    -95          96    -74   28  97  129  -21  178  +29  178   29  21  0  0 L3P 40
G32 FF 61056 035400  780 493 1433    +1611497   -146         112    +25   26   8  107  +11  115   +4  115    4  17  0  0 L3P 13
G01 FF 61056 041000  780 380 2285    -3434765    +65         106    +28   27 203  132  -19  133  -25  133  -25  19  0  0 L3P 5F
G02 FF 61056 041000  780 617 2672     -175961    -68         101    +14   19   8   92   -1  109   -4  109   -4  14  0  0 L3P E6
G10 FF 61056 041000  780 299  870    +5828460    +84         102    +58   56  96  162  +22  206  -12  206  -12  40  0  0 L3P 40
G28 FF 61056 041000  780 625  650    +6106293    -48          74     +4   22  83   92   -3  122   -5  122   -5  16  0  0 L3P D2
G31 FF 61056 041000  780 467  122    +1723908     -1          94    +20   32  98  112  -15  153  -29  153  -29  22  0  0 L3P 16
G32 FF 61056 041000  780 429 1389    +1611337   -137         117    +34   29   9  119  +14  126   -1  126   -1  21  0  0 L3P 25
G01 FF 61056 042600  780 437 2337    -3434736    +49          99    +11   23 203  118  -12  130  -29  130  -29  18  0  0 L3P 54
G02 FF 61056 042600  780 614 2850     -176036   -108         105    -26   16   8   93   +2  111  +13  111   13  12  0  0 L3P F4
G03 FF 61056 042600  780 185 2338    -5972624   +121         121    +18   53  45  254  -69  211  -59  211  -59  41  0  0 L3P 72
G28 FF 61056 042600  780 644  828    +6106248    -73          80    -21   20  83   90   +0  118   +4  118    4  15  0  0 L3P DC
G31 FF 61056 042600  780 543  158    +1723886    -23          92     -3   19  98  100  -10  138  -20  138  -20  13  0  0 L3P 1C
G32 FF 61056 042600  780 368 1343    +1611173   -224         118    -53   33   9  135  +19  148  +62  148   62  25  0  0 L3P 4C
G01 FF 61056 044200  780 488 2413    -3434689    +70         109    +33   18 203  108   -8  112  -23  112  -23  14  0  0 L3P 48
G02 FF 61056 044200  780 583 3008     -176115    -79         105     +3   21   8   95   +5  119   +8  119    8  15  0  0 L3P CD
G03 FF 61056 044200  780 238 2296    -5972524    +49         122    -55   39  45  201  -44  185   +6  185    6  29  0  0 L3P 3E
G28 FF 61056 044200  780 633 1009    +6106196    -52          77     +0   17  83   91   +2  120   +5  120    5  13  0  0 L3P CB
G31 FF 61056 044200  780 619  216    +1723863     -7          89    +13   18  98   92   -7  129  -18  129  -18  15  0  0 L3P 1A
G32 FF 61056 044200  780 311 1296    +1610983   -155          91    +16   26   9  157  +26  185  +19  185   19  19  0  0 L3P 4A
G01 FF 61056 051000  780 542 2609    -3434634    +26         101    -11   21 203  100   -2  116   +6  116    6  17  0  0 L3P F9
G02 FF 61056 051000  780 486 3197     -176253    -83         104     -1   36   8  108  +11  141   +5  141    5  28  0  0 L3P E3
G03 FF 61056 051000  780 337 2228    -5972354   +142         118    +39   33  45  146  -24  155  -59  155  -59  23  0  0 L3P 78
G04 FF 61056 051000  780 229 2751     -384445    -12         111    +12   30  10  208  -40  218  -55  218  -55  23  0  0 L3P 2B
G28 FF 61056 051000  780 557 1231    +6106115    -67          84    -14   23  83   98   +7  127  +14  127   14  15  0  0 L3P 14
G31 FF 61056 051000  780 732  449    +1723834    -28          94     -8   18  98   85   -2  113   -7  113   -7  13  0  0 L3P E6
G01 FF 61056 052600  780 546 2745    -3434605    +13          95    -24   16 203  100   +1  119  +26  119   26  12  0  0 L3P 25
G02 FF 61056 052600  780 419 3267     -176334    -27         102    +54   44   8  121  +17  157  -11  157  -11  33  0  0 L3P 29
G03 FF 61056 052600  780 399 2195    -5972258    +97         115     -6   30  45  127  -17  138   +0  138    0  22  0  0 L3P 23
G04 FF 61056 052600  780 274 2685     -384472     +0         107    +24   23  10  176  -27  189  -29  189  -29  18  0  0 L3P 4A
G28 FF 61056 052600  780 496 1300    +6106063    -18          82    +34   24  83  106  +10  133   -8  133   -8  17  0  0 L3P 18
G31 FF 61056 052600  780 762  734    +1723804    -17          83     +3   19  98   84   +0  112   -1  112   -1  13  0  0 L3P CD
G01 FF 61056 054200  780 527 2877    -3434571    +65          93    +27   23 203  102   +4  131   -4  131   -4  17  0  0 L3P 13
G02 FF 61056 054200  780 351 3320     -176409   -116         105    -34   34   8  141  +25  188  +69  188   69  27  0  0 L3P 43
G03 FF 61056 054200  780 465 2167    -5972153   +141         121    +37   18  45  112  -13  130  -21  130  -21  12  0  0 L3P 49
G04 FF 61056 054200  780 318 2615     -384477     +4         125    +28   25  10  154  -19  166  -23  166  -23  21  0  0 L3P 30
G26 FF 61056 054200  780 307  568    +3120546    +27         121    -33   36  91  159  -22  206  +17  206   17  30  0  0 L3P 2F
G28 FF 61056 054200  780 431 1340    +6106025    -58          95     -6   28  83  119  +15  148  +38  148   38  21  0  0 L3P 31
G31 FF 61056 054200  780 746 1043    +1723800     +1          99    +21   14  98   84   +2  110   -5  110   -5  10  0  0 L3P CF
G01 FF 61056 055800  780 491 2991    -3434525    +43         102     +5   30 203  107   +7  140  +12  140   12  22  0  0 L3P 16
G03 FF 61056 055800  780 534 2145    -5972043    +97         131     -7   20  45  101  -10  119   +2  119    2  16  0  0 L3P 06
G04 FF 61056 055800  780 361 2541     -384495    -70         129    -47   29  10  138  -15  156  +27  156   27  22  0  0 L3P 49
G26 FF 61056 055800  780 350  639    +3120608    +81         124    +20   34  91  142  -15  190  -18  190  -18  28  0  0 L3P 43
G28 FF 61056 055800  780 365 1360    +6105977    -92          97    -39   21  83  136  +22  175  +61  175   61  16  0  0 L3P 57
G31 FF 61056 055800  780 695 1231    +1723789     -3         108    +17   20  98   87   +4  111   -3  111   -3  15  0  0 L3P FD
G01 FF 61056 061400  780 442 3084    -3434484    +42         112     +4   27 204  116  +12  156  +19  156   19  20  0  0 L3P 35
G03 FF 61056 061400  780 607 2132    -5971941   +104         139     +1   14  46   93   -7  112   +2  112    2  10  0  0 L3P E7
G04 FF 61056 061400  780 403 2463     -384511    -17         132     +7   26  11  126  -11  147   -8  147   -8  19  0  0 L3P 06
G26 FF 61056 061400  780 387  720    +3120667    +62         126     +2   34  92  130  -10  180   -2  180   -2  24  0  0 L3P F8
G28 FF 61056 061400  780 299 1365    +6105945   -110         120    -58   30  84  162  +33  197  +82  197   82  22  0  0 L3P 6E
G31 FF 61056 061400  780 630 1322    +1723771    -35         106    -14   18  99   91   +6  121  +28  121   28  12  0  0 L3P 18
G01 FF 61056 063000  780 385 3158    -3434441    +75         119    +38   35 204  130  +17  170  -13  170  -13  27  0  0 L3P 5A
G03 FF 61056 063000  780 682 2137    -5971843    +85         137    -19   15  46   88   -5  111  +14  111   14  10  0  0 L3P 26
G04 FF 61056 063000  780 444 2380     -384529    -12         137    +12   14  11  116   -9  140  -14  140  -14  11  0  0 L3P 13
G26 FF 61056 063000  780 414  811    +3120733    +69         134     +9   26  92  123   -5  169  -12  169  -12  19  0  0 L3P 20
G28 FF 61056 063000  780 234 1360    +6105910    -44         136     +8   35  84  203  +53  229  +42  229   42  26  0  0 L3P 31
G31 FF 61056 063000  780 561 1363    +1723760    -15         115     +5   28  99   98   +8  126  +11  126   11  22  0  0 L3P 0D
G01 FF 61056 064600  780 324 3218    -3434410    +46         114     +8   39 204  151  +26  192  +17  192   17  29  0  0 L3P 43
G03 FF 61056 064600  780 760 2186    -5971742   +105         139     +1   12  46   84   -3  107   -4  107   -4   9  0  0 L3P 02
G04 FF 61056 064600  780 485 2291     -384542     -7         147    +17   18  11  109   -7  127  -21  127  -21  14  0  0 L3P 22
G09 FF 61056 064600  780 201 2503    -7702945    +23         145    +27   51  37  235  -51  212  -55  212  -55  34  0  0 L3P 52
G26 FF 61056 064600  780 428  909    +3120784    +70         128    +10   23  92  120   -2  166   -5  166   -5  18  0  0 L3P 11
G28 FF 61056 064600  780 173 1347    +6105850    -83         126    -31   34  84  271  +93  279  +53  279   53  27  0  0 L3P 69
G31 FF 61056 064600  780 492 1376    +1723735    -19         110     +2   18  99  107  +11  140   +8  140    8  14  0  0 L3P 0E
G01 FF 61056 070200  780 263 3269    -3434372    +97         117    +60   32 204  182  +40  211  -16  211  -16  25  0  0 L3P 54
G03 FF 61056 070200  780 831 2412    -5971644    +83         138    -20   15  46   82   -1  102   +5  102    5  11  0  0 L3P EB
G04 FF 61056 070200  780 524 2194     -384572    -34         140    -10   16  11  103   -6  122   -6  122   -6  11  0  0 L3P EE
G09 FF 61056 070200  780 247 2447    -7702944    -23         149    -20   47  37  194  -35  178   -5  178   -5  35  0  0 L3P 54
G16 FF 61056 070200  780 396  544    -1888303    -69         134     +7   32  16  128  -14  166  -29  166  -29  23  0  0 L3P 4C
G26 FF 61056 070200  780 427 1008    +3120858    +41         144    -19   34  92  120   +2  147   +0  147    0  28  0  0 L3P FF
G31 FF 61056 070200  780 425 1374    +1723711    -18         105     +3   21  99  120  +16  155   +8  155    8  13  0  0 L3P 04
G03 FF 61056 071800  780 838 3198    -5971554   +108         128     +5   15  46   82   +1  102   +1  102    1  11  0  0 L3P F9
G04 FF 61056 071800  780 562 2088     -384605     -8         130    +16   18  11   98   -4  119  -20  119  -20  12  0  0 L3P 0C
G06 FF 61056 071800  780 125 2285    +6028974    +23         131    -14   35  30  368  -57  252   -3  252   -3  27  0  0 L3P 38
G09 FF 61056 071800  780 294 2390    -7702971    -25         126    -22   36  37  165  -25  171   +1  171    1  25  0  0 L3P 2E
G16 FF 61056 071800  780 443  625    -1888385    -41         125    +35   35  16  116   -9  152  -40  152  -40  26  0  0 L3P 3C
G26 FF 61056 071800  780 411 1101    +3120909    +74         137    +14   31  92  123   +6  147   -6  147   -6  22  0  0 L3P 10
G31 FF 61056 071800  780 360 1361    +1723676    -15          90     +5   31  99  138  +22  174  +11  174   11  22  0  0 L3P 1E
G03 FF 61056 073400  780 768 3496    -5971457   +110         125     +7   14  46   83   +3  107   -5  107   -5   9  0  0 L3P 0E
G04 FF 61056 073400  780 598 1967     -384630    -14         127    +10   15  11   94   -3  114   -9  114   -9  11  0  0 L3P FE
G06 FF 61056 073400  780 139 2352    +6029023    +18         145    -19   40  30  332  -22  235   +1  235    1  27  0  0 L3P 10
G09 FF 61056 073400  780 343 2334    -7702978    -20         122    -17   33  37  144  -19  158   -5  158   -5  27  0  0 L3P 47
G16 FF 61056 073400  780 481  723    -1888457    -85         126     -8   29  16  109   -6  140   -8  140   -8  20  0  0 L3P 14
G26 FF 61056 073400  780 381 1182    +3120956    +46         126    -14   27  92  131  +11  159   +7  159    7  19  0  0 L3P 2D
G31 FF 61056 073400  780 298 1341    +1723659    +36          93    +57   36  99  163  +31  197  -19  197  -19  27  0  0 L3P 71
G03 FF 61056 075000  780 685 3566    -5971357   +107         126     +3   20  46   87   +5  111   +4  111    4  15  0  0 L3P FF
G04 FF 61056 075000  780 629 1827     -384660     -1         121    +23   17  11   91   -2  115  -26  115  -26  12  0  0 L3P FE
G06 FF 61056 075000  780 143 2422    +6029052    +80         138    +42   43  30  323   +2  233  -36  233  -36  31  0  0 L3P 29
G09 FF 61056 075000  780 394 2277    -7702981    +25         122    +29   27  37  128  -15  144  -31  144  -31  16  0  0 L3P 62
G16 FF 61056 075000  780 504  835    -1888527    -79         129     -3   26  16  105   -2  131   -4  131   -4  18  0  0 L3P 05
G26 FF 61056 075000  780 341 1249    +3121003    +60         115     -1   25  92  144  +17  178  +10  178   10  19  0  0 L3P 1F
G31 FF 61056 075000  780 238 1314    +1723642     +3          96    +23   43  99  200  +47  225  +17  225   17  31  0  0 L3P 1C
G03 FF 61056 080600  780 600 3591    -5971250   +110         137     +7   16   5   94   +8  118  +13  118   13  11  0  0 L3P 05
G04 FF 61056 080600  780 653 1665     -384676    -20         128     +4   19  12   89   -1  107   +2  107    2  13  0  0 L3P DC
G06 FF 61056 080600  780 137 2494    +6029108    +10         158    -28   41  31  336  +26  214  +21  214   21  34  0  0 L3P 39
G07 FF 61056 080600  780 249 2890    +1359695    +20         130    -31   61 131  192  -39  180   -2  180   -2  45  0  0 L3P 47
G09 FF 61056 080600  780 449 2219    -7702980    -14         126    -11   21  38  115  -12  131   -5  131   -5  17  0  0 L3P 2C
G16 FF 61056 080600  780 510  955    -1888599   -113         131    -37   33  17  105   +1  123  +25  123   25  26  0  0 L3P 39
G26 FF 61056 080600  780 293 1299    +3121071    +43         126    -17   32  93  165  +27  186  +30  186   30  22  0  0 L3P 4A
G31 FF 61056 080600  780 182 1283    +1723630    +23         104    +44   43 100  257  +76  252  +14  252   14  32  0  0 L3P 41
G03 FF 61056 082200  780 516    2    -5971153   +118         134    +15   30   5  104  +12  132   -2  132   -2  22  0  0 L3P D3
G04 FF 61056 082200  780 667 1482     -384699    -12         128    +11   18  12   89   +0  104   -7  104   -7  14  0  0 L3P 00
G07 FF 61056 082200  780 301 2826    +1359730    +99         116    +47   39 131  162  -26  167  -47  167  -47  30  0  0 L3P 7C
G09 FF 61056 082200  780 506 2159    -7702977    +18         132    +22   19  38  105   -9  115  -23  115  -23  14  0  0 L3P 49
G16 FF 61056 082200  780 497 1069    -1888675    -65         129    +12   22  17  107   +4  121   -3  121   -3  16  0  0 L3P 26
G26 FF 61056 082200  780 240 1336    +3121125   +146         122    +86   38  93  199  +44  210  -39  210  -39  30  0  0 L3P 60
G03 FF 61056 083800  780 434    9    -5971074    +67         114    -36   25   5  118  +18  162  +30  162   30  18  0  0 L3P 05
G04 FF 61056 083800  780 665 1287     -384724    -35         126    -11   22  12   89   +1  103   +5  103    5  17  0  0 L3P EC
G07 FF 61056 083800  780 352 2756    +1359790     -5         127    -56   48 131  141  -18  143  +22  143   22  36  0  0 L3P 55
G09 FF 61056 083800  780 565 2094    -7702974     -9         138     -5   17  38   97   -7  105   +0  105    0  14  0  0 L3P F6
G16 FF 61056 083800  780 467 1168    -1888743    -58         134    +18   18  17  112   +7  123  -10  123  -10  14  0  0 L3P 4C
G26 FF 61056 083800  780 184 1360    +3121199    +58         139     -2   32  93  255  +78  234  +40  234   40  19  0  0 L3P 44
G04 FF 61056 085400  780 647 1102     -384755    -26         117     -2   22  12   90   +2  111   +0  111    0  16  0  0 L3P BC
G07 FF 61056 085400  780 400 2678    +1359839    +51         126     +0   24 131  126  -13  128  -23  128  -23  19  0  0 L3P 55
G09 FF 61056 085400  780 627 2020    -7702975    -13         140    -10   13  38   91   -5  101   +3  101    3   9  0  0 L3P DF
G16 FF 61056 085400  780 424 1245    -1888822    -75         128     +1   24  17  120  +11  135   +9  135    9  18  0  0 L3P 19
G04 FF 61056 091000  780 616  941     -384781    -23         115     +1   17  12   92   +3  114   +0  114    0  13  0  0 L3P AC
G07 FF 61056 091000  780 446 2591    +1359888    +58         127     +6   32 131  116  -10  121  -10  121  -10  24  0  0 L3P 45
G09 FF 61056 091000  780 691 1926    -7702978     -5         140     -1   18  38   87   -4  100   -9  100   -9  12  0  0 L3P F7
G16 FF 61056 091000  780 373 1301    -1888875   -104         148    -28   21  17  134  +17  137  +29  137   29  17  0  0 L3P 6B
G30 FF 61056 091000  780 185 2749     -894753   -133         160     -9   59 116  255  -64  186  -36  186  -36  42  0  0 L3P 7F
G03 FF 61056 092600  780 203   29    -5970756   +142         134    +38   58   5  233  +81  214   +0  214    0  46  0  0 L3P FC
G04 FF 61056 092600  780 572  808     -384814    -26         105     -2   21  12   97   +5  119  +11  119   11  16  0  0 L3P EB
G07 FF 61056 092600  780 490 2494    +1359932    +48         121     -3   23 131  108   -7  116   -3  116   -3  16  0  0 L3P 1F
G09 FF 61056 092600  780 753 1780    -7702993    -22         129    -18   17  38   84   -2   96   +6   96    6  14  0  0 L3P 09
G16 FF 61056 092600  780 317 1340    -1888956   -129         140    -53   36  17  154  +26  152  +64  152   64  27  0  0 L3P 71
G30 FF 61056 092600  780 231 2690     -894881   -104         150    +20   66 116  207  -40  165  -40  165  -40  49  0  0 L3P 6B
G04 FF 61056 094200  780 521  701     -384849    +12          93    +36   37  12  103   +8  132  -15  132  -15  28  0  0 L3P 05
G07 FF 61056 094200  780 530 2386    +1359975    +52         116     +1   31 131  102   -5  111   -5  111   -5  21  0  0 L3P 07
G08 FF 61056 094200  780 290  640    -5036548    +28         106    -16   60  38  167  -23  186  -10  186  -10  49  0  0 L3P 53
G09 FF 61056 094200  780 804 1490    -7703001    -10         124     -7   22  38   82   -1   92   -2   92   -2  16  0  0 L3P CF
G16 FF 61056 094200  780 257 1364    -1889035     -6         135    +70   40  17  186  +41  178  -19  178  -19  31  0  0 L3P 5F
G27 FF 61056 094200  780 247  989     +197323    +67         140    -10   42  15  193  -10  179   +2  179    2  29  0  0 L3P 14
G30 FF 61056 094200  780 277 2627     -894988    -42         163    +82   57 116  175  -28  135  -76  135  -76  40  0  0 L3P 85
G04 FF 61056 095800  780 465  614     -384874    -17          90     +7   41  12  112  +11  138   +2  138    2  31  0  0 L3P DA
G07 FF 61056 095800  780 565 2265    +1360016    +51         107     +0   23 131   97   -4  111  -11  111  -11  17  0  0 L3P 16
G08 FF 61056 095800  780 330  713    -5036498    +26         115    -18   58  38  149  -15  164   -7  164   -7  45  0  0 L3P 42
G09 FF 61056 095800  780 812  975    -7703016    -13         113     -9   17  38   82   +1   94   +2   94    2  12  0  0 L3P C8
G16 FF 61056 095800  780 197 1376    -1889110    -28         133    +48   45  17  239  +71  199  -16  199  -16  37  0  0 L3P 8A
G21 FF 61056 095800  780 192 2276    -3813448    -24         126    +54   33 227  245  -49  204  -65  204  -65  25  0  0 L3P 7E
G30 FF 61056 095800  780 322 2561     -895143    -88         126    +36   41 116  152  -20  148  -32  148  -32  30  0  0 L3P 5B
G04 FF 61056 101400  780 405  543     -384924    -19          59     +5   50  13  125  +16  156  +21  156   21  36  0  0 L3P F7
G07 FF 61056 101400  780 594 2128    +1360064    +52         102     +1   23 132   94   -3  109   -7  109   -7  18  0  0 L3P FC
G08 FF 61056 101400  780 362  795    -5036475    +84          96    +41   53  39  138   -9  157  -53  157  -53  36  0  0 L3P 45
G09 FF 61056 101400  780 765  617    -7703027    -24         108    -20   24  44   84   +2   95  +10   95   10  18  0  0 L3P ED
G21 FF 61056 101400  780 227 2336    -3813540    -75         110     +2   36 228  210  -27  185  -34  185  -34  28  0  0 L3P 4E
G30 FF 61056 101400  780 368 2492     -895262   -106         126    +18   42   1  135  -15  127  -32  127  -32  32  0  0 L3P 3C
G07 FF 61056 103000  780 616 1977    +1360105    +32          94    -20   20 132   92   -2  107   +2  107    2  14  0  0 L3P E0
G08 FF 61056 103000  780 383  884    -5036444    +42          85     -1   40  39  131   -5  152  -13  152  -13  28  0  0 L3P 07
G09 FF 61056 103000  780 697  453    -7703040     +0          98     +4   23  44   87   +4  101   -4  101   -4  17  0  0 L3P B8
G21 FF 61056 103000  780 251 2405    -3813610   -100         115    -22   31 228  191  -14  171   +4  171    4  25  0  0 L3P 1F
G30 FF 61056 103000  780 414 2419     -895387   -177         120    -53   33   1  123  -12  123  +33  123   33  26  0  0 L3P 24
G07 FF 61056 104600  780 629 1813    +1360150    +43          90     -8   25 132   91   -1   99   -8   99   -8  17  0  0 L3P E9
G08 FF 61056 104600  780 391  977    -5036386    +32         101    -11   42  39  129   +0  133   -3  133   -3  29  0  0 L3P 09
G09 FF 61056 104600  780 623  363    -7703057     -3          84     +1   26  44   92   +7  116   +0  116    0  17  0  0 L3P B0
G14 FF 61056 104600  780 330 3102    -7291058    -63          91    -39   48 220  149  -27  153  +25  153   25  37  0  0 L3P 4E
G21 FF 61056 104600  780 264 2482    -3813696    -46         103    +31   38 228  182   -5  171  -40  171  -40  32  0  0 L3P 55
G27 FF 61056 104600  780 213 1275     +197604    +73         126     -4   46  16  222  +30  185   +7  185    7  35  0  0 L3P 03
G30 FF 61056 104600  780 460 2342     -895518   -146         107    -22   29   1  113   -9  122   -1  122   -1  22  0  0 L3P F9
G05 FF 61056 110200  780 123 2290    +2273777    +32         115    +27   43  69  373  -55  238  -51  238  -51  31  0  0 L3P 56
G07 FF 61056 110200  780 632 1643    +1360187    +46          77     -5   28 132   91   +0   94   -7   94   -7  22  0  0 L3P DC
G08 FF 61056 110200  780 385 1069    -5036359    +50          87     +7   60  39  130   +4  131  -12  131  -12  48  0  0 L3P 17
G09 FF 61056 110200  780 546  305    -7703076    -11          68     -7   27  44  100  +10  129  +13  129   13  18  0  0 L3P 05
G14 FF 61056 110200  780 393 3046    -7291082    -90          90    -67   45 220  128  -18  142  +30  142   30  35  0  0 L3P 40
G21 FF 61056 110200  780 266 2562    -3813767   -119         106    -41   56 228  181   +3  162  +27  162   27  43  0  0 L3P 5D
G30 FF 61056 110200  780 507 2258     -895640   -156         104    -32   18   1  105   -7  103   +2  103    2  12  0  0 L3P E2
G05 FF 61056 111800  780 137 2355    +2273803    -35         135    -41   49  69  338  -21  211  +17  211   17  38  0  0 L3P 49
G07 FF 61056 111800  780 623 1475    +1360238    +45          80     -6   19 132   92   +1   92   +2   92    2  13  0  0 L3P C2
G08 FF 61056 111800  780 365 1154    -5036319    +28          85    -15   31  39  136   +9  139  +19  139   19  22  0  0 L3P 37
G09 FF 61056 111800  780 469  265    -7703076    -16          72    -12   41  44  111  +14  133  +25  133   25  28  0  0 L3P 20
G14 FF 61056 111800  780 455 2979    -7291106    +11          89    +35   43 220  114  -12  126  -49  126  -49  31  0  0 L3P 5F
G21 FF 61056 111800  780 255 2642    -3813843    -93         104    -16   36 228  188  +11  165   +0  165    0  27  0  0 L3P 37
G30 FF 61056 111800  780 553 2165     -895768   -138          95    -14   25   1   99   -6  101   -5  101   -5  17  0  0 L3P FA
G05 FF 61056 113400  780 140 2424    +2273810    -15         137    -20   54  69  329   +3  203  +14  203   14  39  0  0 L3P 20
G07 FF 61056 113400  780 604 1318    +1360296    +83          88    +32   25 132   93   +2   95  -13   95  -13  18  0  0 L3P 13
G08 FF 61056 113400  780 333 1228    -5036261    +68         102    +25   47  39  147  +15  144   +3  144    3  34  0  0 L3P 1A
G09 FF 61056 113400  780 393  235    -7703072     -2          79     +1   35  44  128  +21  154  +32  154   32  26  0  0 L3P FA
G14 FF 61056 113400  780 514 2897    -7291124    -36          94    -12   29 220  104   -9  115  +10  115   10  22  0  0 L3P 28
G21 FF 61056 113400  780 235 2720    -3813919   -103         102    -26   38 228  203  +21  174  +32  174   32  29  0  0 L3P 5E
G22 FF 61056 113400  780 331 3012     +581729    -36         119     +8   43 113  149  -24  151  -30  151  -30  33  0  0 L3P 2D
G30 FF 61056 113400  780 598 2059     -895879   -114         104    +10   19   1   94   -4   95   -3   95   -3  12  0  0 L3P EC
G05 FF 61056 115000  780 134 2494    +2273828    -30         149    -36   51  69  343  +27  192   +8  192    8  38  0  0 L3P 3A
G07 FF 61056 115000  780 576 1176    +1360361    +51         105     +0   24 132   96   +4   94   +4   94    4  16  0  0 L3P D1
G08 FF 61056 115000  780 292 1288    -5036211    +34         111     -9   46  39  166  +24  154  +25  154   25  35  0  0 L3P 35
G09 FF 61056 115000  780 318  213    -7703058    -19          97    -16   44  44  154  +33  162  +44  162   44  35  0  0 L3P 2B
G13 FF 61056 115000  780 168 2209    -6895031    +56         115    +46   72  64  281 -101  196  -69  196  -69  51  0  0 L3P 84
G14 FF 61056 115000  780 568 2795    -7291136    -21         105     +3   22 220   97   -6  105  -10  105  -10  17  0  0 L3P 22
G21 FF 61056 115000  780 206 2793    -3813978    -48         118    +29   42 228  229  +35  177   -9  177   -9  32  0  0 L3P 68
G22 FF 61056 115000  780 387 2948     +581674    -64         106    -21   31 113  130  -16  141   -9  141   -9  26  0  0 L3P 30
G30 FF 61056 115000  780 641 1932     -895984   -122         117     +2   15   1   90   -3   86  -12   86  -12  10  0  0 L3P E4
G07 FF 61056 120600  780 541 1052    +1360392    +23          82    -28   31 133  100   +5  102  +16  102   16  22  0  0 L3P 08
G08 FF 61056 120600  780 243 1334    -5036174     +8         105    -36   56  42  196  +40  168  +30  168   30  43  0  0 L3P 34
G13 FF 61056 120600  780 229 2216    -6895008    +32         133    +22   40  75  209  -55  148  -60  148  -60  26  0  0 L3P 59
G14 FF 61056 120600  780 615 2667    -7291170    -52          90    -28   20 221   92   -4  106  +12  106   12  17  0  0 L3P 18
G22 FF 61056 120600  780 441 2873     +581635    -67         109    -24   39 114  117  -11  115   -5  115   -5  30  0  0 L3P 2A
G30 FF 61056 120600  780 678 1774     -896108   -120         108     +4   25   7   88   -2   84   -6   84   -6  17  0  0 L3P DF
G07 FF 61056 122200  780 499  944    +1360444    +55          85     +3   32 133  106   +7  106   +6  106    6  23  0  0 L3P E8
G08 FF 61056 122200  780 189 1367    -5036138    +79          99    +36   47  42  248  +71  189   +5  189    5  35  0  0 L3P 40
G13 FF 61056 122200  780 290 2235    -6895002    +23         128    +13   29  75  168  -33  131  -22  131  -22  22  0  0 L3P 43
G14 FF 61056 122200  780 652 2509    -7291186     -3          96    +21   33 221   90   -2   94  -19   94  -19  24  0  0 L3P 09
G17 FF 61056 122200  780 321 3548     +342841   +100          88    -16   83  20  153  -33  155  -22  155  -22  62  0  0 L3P 36
G22 FF 61056 122200  780 492 2785     +581594     -7         109    +36   25 114  107   -8  107  -31  107  -31  16  0  0 L3P 33
G30 FF 61056 122200  780 705 1575     -896233   -102         102    +22   23   7   86   -1   86  -18   86  -18  17  0  0 L3P 01
G07 FF 61056 123800  780 454  850    +1360489    +15          81    -36   31 133  114  +10  116  +30  116   30  23  0  0 L3P 1F
G13 FF 61056 123800  780 349 2267    -6895009    +14         112     +4   33  75  142  -21  126  -15  126  -15  23  0  0 L3P 41
G14 FF 61056 123800  780 674 2321    -7291215    -39          91    -15   25 221   88   -1   92   -3   92   -3  19  0  0 L3P F7
G17 FF 61056 123800  780 396 3550     +342966   +165         102    +50   50  20  128  -22  126  -65  126  -65  46  0  0 L3P 5A
G22 FF 61056 123800  780 537 2682     +581541    -26          98    +17   31 114  101   -6  100  -13  100  -13  22  0  0 L3P 19
G30 FF 61056 123800  780 713 1341     -896354   -121          99     +3   24   7   86   +0   81  -15   81  -15  17  0  0 L3P DF
G07 FF 61056 125400  780 405  768    +1360536    +53          79     +2   56 133  125  +13  123  +13  123   13  46  0  0 L3P 19
G13 FF 61056 125400  780 405 2317    -6894992     -3         119    -13   32  75  125  -14  105   -9  105   -9  25  0  0 L3P 2B
G14 FF 61056 125400  780 680 2118    -7291237    -10          91    +14   21 221   88   +0   88   -7   88   -7  15  0  0 L3P F3
G15 FF 61056 125400  780 140 2230    -3771620    +14         116    +49   58  28  332 -102  166  -64  166  -64  45  0  0 L3P 68
G22 FF 61056 125400  780 577 2561     +581500    -33          99    +10   28 114   96   -4   96  -10   96  -10  20  0  0 L3P FF
G30 FF 61056 125400  780 700 1109     -896480   -133          92     -9   29   7   86   +1   85  +13   85   13  21  0  0 L3P D5
G07 FF 61056 131000  780 354  696    +1360584    +20          78    -32   40 133  140  +19  144  +45  144   45  32  0  0 L3P 2D
G13 FF 61056 131000  780 453 2388    -6894981     +4         120     -6   64  75  114   -9   95   -2   95   -2  48  0  0 L3P F4
G14 FF 61056 131000  780 669 1922    -7291253    -12          98    +12   17 221   88   +1   84  -14   84  -14  13  0  0 L3P 12
G15 FF 61056 131000  780 181 2275    -3771662    -50         108    -15   55  28  261  -53  163   -2  163   -2  40  0  0 L3P 2B
G17 FF 61056 131000  780 554 3554     +343173   +114          86     -2   35  20   99  -10  113  -14  113  -14  25  0  0 L3P 0C
G22 FF 61056 131000  780 608 2421     +581458    -31          98    +12   25 114   93   -3   97  -12   97  -12  18  0  0 L3P FF
G30 FF 61056 131000  780 666  916     -896597   -138          94    -14   38   7   88   +3   89  +11   89   11  26  0  0 L3P F7
G07 FF 61056 132600  780 301  633    +1360625     +1          69    -51   74 133  161  +27  164  +68  164   68  52  0  0 L3P 28
G13 FF 61056 132600  780 490 2483    -6894981    +22         110    +12   49  75  108   -5   92  -14   92  -14  35  0  0 L3P 30
G14 FF 61056 132600  780 645 1751    -7291282    -24          92     +0   23 221   90   +2   87   +4   87    4  18  0  0 L3P D0
G15 FF 61056 132600  780 214 2330    -3771684    -43         119     -8   55  28  222  -30  139   +1  139    1  42  0  0 L3P 10
G17 FF 61056 132600  780 636 3562     +343285   +119          86     +3   28  20   91   -7  100   -7  100   -7  20  0  0 L3P E2
G19 FF 61056 132600  780 423 3431    -6858287    -29          78    -11   30  23  121  -19  135   +3  135    3  20  0  0 L3P 14
G22 FF 61056 132600  780 630 2263     +581425    -63         107    -20   20 114   91   -1   82  +17   82   17  15  0  0 L3P EF
G30 FF 61056 132600  780 619  768     -896727   -107          83    +16   28   7   92   +5  100   -2  100   -2  21  0  0 L3P DC
G13 FF 61056 134200  780 511 2598    -6894963    +18         119     +8   43  75  104   -2   88   +4   88    4  29  0  0 L3P 01
G14 FF 61056 134200  780 614 1605    -7291298    +16          99    +39   26 221   93   +3   86  -21   86  -21  19  0  0 L3P 24
G15 FF 61056 134200  780 239 2394    -3771713    -48         124    -13   55  28  200  -16  125   +4  125    4  38  0  0 L3P 26
G17 FF 61056 134200  780 719 3586     +343392   +112          82     -4   23  20   86   -4   98   -1   98   -1  16  0  0 L3P D4
G19 FF 61056 134200  780 504 3412    -6858279     -8         104    +10   33  23  106  -13  102  -14  102  -14  24  0  0 L3P 2D
G22 FF 61056 134200  780 640 2092     +581384    -30         107    +13   20 114   90   +0   82  -10   82  -10  14  0  0 L3P E8
G30 FF 61056 134200  780 564  657     -896832    -86          98    +38   28   7   98   +7   97  -18   97  -18  21  0  0 L3P 07
G13 FF 61056 135800  780 512 2724    -6894949    +15         123     +5   38  75  104   +1   90   -2   90   -2  25  0  0 L3P F3
G14 FF 61056 135800  780 577 1481    -7291318    -33         102     -9   21 221   96   +4   84   -1   84   -1  17  0  0 L3P F4
G15 FF 61056 135800  780 254 2465    -3771770    -81         102    -45   62  28  189   -7  137  +26  137   26  49  0  0 L3P 58
G17 FF 61056 135800  780 800   75     +343505   +115          84     -1   30  20   83   -2   88   -7   88   -7  23  0  0 L3P A7
G19 FF 61056 135800  780 587 3387    -6858301    -23          98     -5   27  23   95   -9   95  -15   95  -15  21  0  0 L3P 1F
G22 FF 61056 135800  780 638 1919     +581347    -62         111    -19   21 114   91   +1   74   +9   74    9  14  0  0 L3P EA
G30 FF 61056 135800  780 503  572     -896955   -128          94     -4   38   7  105  +10  109  +13  109   13  26  0  0 L3P 0D
G13 FF 61056 141400  780 493 2847    -6894935     -6         126    -16   28  76  107   +5   91  +11   91   11  20  0  0 L3P 13
G14 FF 61056 141400  780 538 1374    -7291345    -39          98    -16   34 222  101   +5   83  +11   83   11  24  0  0 L3P 15
G15 FF 61056 141400  780 258 2540    -3771793    -58         110    -22   78  82  186   +1  132  +22  132   22  57  0  0 L3P 3B
G17 FF 61056 141400  780 860  622     +343627   +113          95     -3   20  48   82   +0   80   -1   80   -1  15  0  0 L3P A4
G19 FF 61056 141400  780 670 3349    -6858298    +11         119    +30   24  32   88   -6   79  -23   79  -23  16  0  0 L3P 31
G22 FF 61056 141400  780 625 1753     +581297    -22         108    +21   17 115   92   +2   78  -19   78  -19  14  0  0 L3P 19
G30 FF 61056 141400  780 440  505     -897074   -162          95    -38   44  38  117  +14  120  +48  120   48  30  0  0 L3P 26
G13 FF 61056 143000  780 457 2954    -6894925     +6         126     -5   30  76  113   +9   93   +7   93    7  21  0  0 L3P E4
G14 FF 61056 143000  780 498 1278    -7291366     +5         100    +29   31 222  106   +7   80  -21   80  -21  23  0  0 L3P 15
G15 FF 61056 143000  780 251 2618    -3771822    -12         114    +23  100  82  190   +9  123   -9  123   -9  72  0  0 L3P 25
G17 FF 61056 143000  780 814 1327     +343729   +114          86     -2   29  48   82   +2   77   -4   77   -4  20  0  0 L3P D0
G19 FF 61056 143000  780 753 3286    -6858312    +10         122    +28   32  32   84   -3   67  -30   67  -30  22  0  0 L3P 0F
G22 FF 61056 143000  780 603 1602     +581253    -42         106     +1   28 115   93   +2   71   -4   71   -4  21  0  0 L3P B9
G24 FF 61056 143000  780 155 2243    +1605952   -171         115    -21   55  18  302 -112  123   +3  123    3  42  0  0 L3P 27
G13 FF 61056 144600  780 408 3044    -6894915    +63         126    +53   47  76  124  +14   98  -35   98  -35  34  0  0 L3P 56
G14 FF 61056 144600  780 456 1190    -7291385    -36         100    -12   39 223  113   +8   79   +4   79    4  25  0  0 L3P 0D
G15 FF 61056 144600  780 235 2693    -3771846    -99         125    -63   61  82  203  +18  117  +56  117   56  45  0  0 L3P 6A
G17 FF 61056 144600  780 736 1433     +343842   +100          88    -16   26  48   85   +4   71   +6   71    6  18  0  0 L3P D8
G19 FF 61056 144600  780 832 3116    -6858334    -12         117     +6   21  32   82   -1   56  -19   56  -19  14  0  0 L3P 09
G22 FF 61056 144600  780 575 1466     +581206    -86         101    -43   25 115   96   +3   74  +31   74   31  20  0  0 L3P 00
G24 FF 61056 144600  780 213 2244    +1605828   -212         135    -62   47  18  223  -60  100  +32  100   32  36  0  0 L3P 41
G06 FF 61056 150200  780 335  252    +6029983    +60          92    +22   76  34  147  -28  126  -33  126  -33  53  0  0 L3P 37
G13 FF 61056 150200  780 353 3117    -6894904    -13         128    -23   38  76  140  +21  106  +40  106   40  31  0  0 L3P 39
G14 FF 61056 150200  780 414 1109    -7291403    -45         105    -22   46 223  123  +11   79  +23   79   23  33  0  0 L3P 27
G15 FF 61056 150200  780 210 2766    -3771891    -30         114     +6   77  82  225  +30  133   +3  133    3  61  0  0 L3P 06
G17 FF 61056 150200  780 658 1449     +343959   +126          94    +10   34  48   89   +6   67   +4   67    4  23  0  0 L3P E8
G19 FF 61056 150200  780 863 2105    -6858351     -9         118     +9   19  32   81   +0   47  -10   47  -10  13  0  0 L3P EC
G22 FF 61056 150200  780 542 1345     +581180    +13         116    +56   31 115  100   +5   60  -22   60  -22  23  0  0 L3P F5
G24 FF 61056 150200  780 272 2255    +1605664   -112         115    +38   45  18  178  -37  101  -35  101  -35  32  0  0 L3P 5B
G06 FF 61056 151800  780 405  296    +6030048    +56         121    +18   44  34  125  -19   84  -38   84  -38  32  0  0 L3P 2B
G13 FF 61056 151800  780 294 3179    -6894890   +237         132   +227   56  76  165  +31  119 -149  119 -149  39  0  0 L3P D0
G14 FF 61056 151800  780 372 1034    -7291422    +15         110    +39   48 223  134  +14   81  -14   81  -14  34  0  0 L3P 35
G17 FF 61056 151800  780 582 1440     +344075   +109          98     -7   31  48   96   +8   63   +3   63    3  23  0  0 L3P C8
G19 FF 61056 151800  780 794 1697    -6858363    -30         123    -12   22  32   83   +2   39   +7   39    7  15  0  0 L3P F9
G22 FF 61056 151800  780 505 1236     +581126    -77         104    -34   32 115  105   +6   68  +16   68   16  25  0  0 L3P 11
G24 FF 61056 151800  780 331 2278    +1605510   -141         106     +9   44  18  149  -24   94  -21   94  -21  26  0  0 L3P 31
G06 FF 61056 153400  780 475  352    +6030065    +46         102     +9   32  34  110  -13   79   -6   79   -6  25  0  0 L3P E7
G12 FF 61056 153400  780 171 2468    +6066166    -28         118    -32   48  44  274  -72  101   +8  101    8  37  0  0 L3P 2D
G14 FF 61056 153400  780 328  963    -7291445   -100         109    -76   51 223  149  +18   79  +61   79   61  36  0  0 L3P 54
G17 FF 61056 153400  780 508 1419     +344184   +142          96    +26   31  48  105  +11   57  -10   57  -10  23  0  0 L3P 17
G19 FF 61056 153400  780 720 1596    -6858390    -15         114     +3   26  32   85   +4   43  +10   43   10  19  0  0 L3P F1
G22 FF 61056 153400  780 465 1137     +581094    -20         113    +24   35 115  112   +8   53  -14   53  -14  25  0  0 L3P 0B
G24 FF 61056 153400  780 387 2316    +1605368   -139         107    +11   35  18  130  -16   80  -12   80  -12  27  0  0 L3P 3D
G06 FF 61056 155000  780 541  429    +6030110    +68         111    +30   31  34  100   -8   66  -20   66  -20  21  0  0 L3P E7
G12 FF 61056 155000  780 218 2417    +6066152    -55          99    -60   74  44  218  -46  105   +6  105    6  54  0  0 L3P 1C
G14 FF 61056 155000  780 284  896    -7291437   +114         140   +138   45 223  170  +25   63  -97   63  -97  32  0  0 L3P 6E
G17 FF 61056 155000  780 439 1392     +344310   +151         111    +35   36  48  117  +15   55  -21   55  -21  23  0  0 L3P 1F
G19 FF 61056 155000  780 647 1535    -6858392    -22         130     -4   28  32   90   +5   41  +11   41   11  20  0  0 L3P E6
G22 FF 61056 155000  780 423 1047     +581051    -19         111    +24   33 115  120  +10   62   -9   62   -9  26  0  0 L3P F1
G24 FF 61056 155000  780 438 2373    +1605241   -128         124    +22   44  18  117  -11   61  -23   61  -23  31  0  0 L3P 2D
G06 FF 61056 160600  780 598  540    +6030144    +23         109    -15   24  35   94   -5   62   +5   62    5  18  0  0 L3P CA
G11 FF 61056 160600  780 318 3588    +4720929    -42         122    +91   67  63  154  -34  107  -78  107  -78  59  0  0 L3P 79
G12 FF 61056 160600  780 266 2367    +6066171    -40         114    -44   60  45  181  -32   85   +9   85    9  46  0  0 L3P 11
G17 FF 61056 160600  780 372 1359     +344414    +83         110    -33   38  54  134  +20   57  +29   57   29  28  0  0 L3P 1C
G19 FF 61056 160600  780 578 1484    -6858402    -33         137    -15   35  40   96   +7   32   +3   32    3  27  0  0 L3P EF
G22 FF 61056 160600  780 379  965     +581023    -92         122    -49   39  11  132  +14   62  +39   62   39  26  0  0 L3P 0F
G24 FF 61056 160600  780 482 2452    +1605105   -165         137    -15   33  19  109   -7   51   -1   51   -1  27  0  0 L3P 04
G06 FF 61056 162200  780 638  694    +6030178    +23         107    -15   25  35   91   -2   58   +6   58    6  20  0  0 L3P D2
G12 FF 61056 162200  780 317 2319    +6066190    +64         129    +60   50  45  155  -24   58  -68   58  -68  39  0  0 L3P 4C
G17 FF 61056 162200  780 310 1322     +344546   +124         131     +8   44  54  157  +29   41  -15   41  -15  30  0  0 L3P 08
G19 FF 61056 162200  780 512 1437    -6858431    -41         124    -23   25  40  104  +10   37  +16   37   16  16  0  0 L3P 1A
G22 FF 61056 162200  780 333  889     +580990    +17         130    +60   49  11  148  +19   59  -36   59  -36  37  0  0 L3P 29
G24 FF 61056 162200  780 513 2554    +1604954   -154         130     -4   35  19  104   -4   47   +0   47    0  25  0  0 L3P E1
G06 FF 61056 163800  780 651  884    +6030232    +43         125     +6   27  35   90   +0   46   +5   46    5  19  0  0 L3P B9
G11 FF 61056 163800  780 474    8    +4720653   -195         101    -62   29  63  111  -15   91  +35   91   35  19  0  0 L3P 0A
G12 FF 61056 163800  780 371 2272    +6066167    +30         102    +26   25  45  135  -18   71  -25   71  -25  20  0  0 L3P 28
G17 FF 61056 163800  780 251 1282     +344648   +148         121    +32   75  54  190  +42   62   -3   62   -3  55  0  0 L3P 10
G19 FF 61056 163800  780 450 1391    -6858439     -4         134    +14   37  40  115  +12   35   +5   35    5  26  0  0 L3P F7
G24 FF 61056 163800  780 526 2674    +1604805   -171         125    -21   37  19  102   -1   54  +22   54   22  27  0  0 L3P 1F
G06 FF 61056 165400  780 633 1066    +6030266    +55         123    +18   23  35   91   +3   47  -10   47  -10  17  0  0 L3P 02
G11 FF 61056 165400  780 555   23    +4720528   -140         104     -7   28  63   99  -10   75   -4   75   -4  21  0  0 L3P DB
G12 FF 61056 165400  780 427 2226    +6066179     +9         109     +4   26  45  120  -14   59  -12   59  -12  18  0  0 L3P 15
G19 FF 61056 165400  780 391 1345    -6858466    +30         125    +49   34  40  128  +16   49  -41   49  -41  26  0  0 L3P 4B
G24 FF 61056 165400  780 520 2801    +1604655   -144         119     +6   31  19  103   +2   58   +3   58    3  25  0  0 L3P E4
G06 FF 61056 171000  780 590 1203    +6030309    +44         130     +7   31  35   95   +5   41   -2   41   -2  24  0  0 L3P B7
G11 FF 61056 171000  780 637   50    +4720397    -94         100    +39   20  63   91   -7   65  -41   65  -41  13  0  0 L3P E7
G12 FF 61056 171000  780 488 2182    +6066180    +42         106    +38   27  45  108  -11   57  -36   57  -36  19  0  0 L3P 3C
G19 FF 61056 171000  780 337 1297    -6858465     -8         143    +10   36  40  146  +21   44   -1   44   -1  26  0  0 L3P 00
G24 FF 61056 171000  780 495 2919    +1604504   -158         112     -8   39  19  107   +5   67  +10   67   10  28  0  0 L3P 1B
G06 FF 61056 172600  780 532 1293    +6030354    +53         139    +15   23  35  101   +9   39   -8   39   -8  18  0  0 L3P 01
G11 FF 61056 172600  780 719  109    +4720272    -99         103    +34   20  63   86   -4   56  -31   56  -31  14  0  0 L3P FF
G12 FF 61056 172600  780 551 2138    +6066191    -17         113    -22   22  45   99   -8   46   +6   46    6  16  0  0 L3P E8
G19 FF 61056 172600  780 285 1248    -6858487     -6         139    +12   31  40  169  +28   50   +3   50    3  25  0  0 L3P 03
G24 FF 61056 172600  780 455 3021    +1604360   -175         112    -25   36  19  114   +9   73  +30   73   30  27  0  0 L3P 19
G25 FF 61056 172600  780 178 2289    -4495805     -8         152    -32   57  56  265  -83   65   +5   65    5  39  0  0 L3P 21
G06 FF 61056 174200  780 466 1345    +6030393    +18         142    -19   29  35  112  +13   35  +14   35   14  23  0  0 L3P 19
G11 FF 61056 174200  780 793  276    +4720153   -137         111     -4   29  63   83   -2   44   -2   44   -2  20  0  0 L3P D0
G12 FF 61056 174200  780 618 2094    +6066197     +4         114     +0   16  45   92   -6   39   -5   39   -5  12  0  0 L3P CD
G24 FF 61056 174200  780 405 3106    +1604231   -172         127    -22   44  19  125  +14   67  +14   67   14  33  0  0 L3P 27
G25 FF 61056 174200  780 235 2267    -4495812    +48         122    +25   59  56  203  -49   68  -41   68  -41  43  0  0 L3P 4E
G06 FF 61056 175800  780 398 1374    +6030417    +18         130    -19   37  35  126  +19   38   -6   38   -6  25  0  0 L3P 23
G11 FF 61056 175800  780 829  786    +4720021   -141         107     -8   20  63   82   +0   36   -2   36   -2  13  0  0 L3P D1
G12 FF 61056 175800  780 688 2047    +6066193    -22         106    -27   22  45   87   -4   31   +2   31    2  15  0  0 L3P E0
G24 FF 61056 175800  780 349 3175    +1604065   -139         105    +11   60  19  142  +21   85  -16   85  -16  46  0  0 L3P 4D
G25 FF 61056 175800  780 295 2252    -4495797     -4         113    -28   44  56  165  -32   55  -15   55  -15  30  0  0 L3P 3F
G06 FF 61056 181400  780 330 1385    +6030436    -32         117    -69   45  46  148  +28   59  +72   59   72  34  0  0 L3P 3B
G11 FF 61056 181400  780 786 1240    +4719881   -133          92     +0   24  64   83   +2   37   +1   37    1  17  0  0 L3P CB
G12 FF 61056 181400  780 761 1986    +6066197     +5         110     +0   29  46   84   -3   30   +2   30    2  20  0  0 L3P AD
G25 FF 61056 181400  780 358 2244    -4495755    +48         137    +24   42  57  139  -22   26  -25   26  -25  32  0  0 L3P 48
G29 FF 61056 181400  780 210 2618    +3919261    -47         114    +16   87  33  226  -46   70  -16   70  -16  67  0  0 L3P 43
G06 FF 61056 183000  780 264 1383    +6030505     +3         150    -34   47  46  182  +43   47  +40   47   40  39  0  0 L3P 0D
G11 FF 61056 183000  780 714 1375    +4719750   -155          88    -22   26  64   86   +4   44  +17   44   17  18  0  0 L3P 15
G12 FF 61056 183000  780 835 1858    +6066206    +11         115     +6   22  46   82   -1   29   +2   29    2  16  0  0 L3P C4
G21 FF 61056 183000  780 361  564    -3815855   -144         100    -67   49 233  138  -17   81  +38   81   38  34  0  0 L3P 4C
G25 FF 61056 183000  780 423 2247    -4495748    +41         122    +17   29  57  121  -16   31  -15   31  -15  17  0  0 L3P 31
G29 FF 61056 183000  780 253 2556    +3919245   -109         159    -46   46  33  190  -32   22  +30   22   30  32  0  0 L3P 39
G05 FF 61056 184600  780 344  264    +2273948    +58         110    +52   47 119  144  -26   94  -50   94  -50  36  0  0 L3P 47
G06 FF 61056 184600  780 200 1372    +6030540    -12         149    -49   51  46  236  +73   75  +49   75   49  37  0  0 L3P 37
G11 FF 61056 184600  780 638 1414    +4719631   -142          97     -9   26  64   90   +6   47  +11   47   11  18  0  0 L3P 01
G12 FF 61056 184600  780 873  710    +6066218    -15         123    -20   29  46   81   +0   31  +14   31   14  22  0  0 L3P DD
G21 FF 61056 184600  780 408  645    -3815917    -78         113     -1   43 233  124  -11   74   -3   74   -3  31  0  0 L3P 01
G25 FF 61056 184600  780 489 2265    -4495723    +40         124    +16   31  57  108  -11   35  -14   35  -14  24  0  0 L3P 3A
G29 FF 61056 184600  780 297 2492    +3919139    -79         114    -15   67  33  164  -23   51   -2   51   -2  51  0  0 L3P 28
G05 FF 61056 190200  780 414  312    +2273950    +34         106    +29   40 119  123  -18   84  -42   84  -42  30  0  0 L3P 25
G11 FF 61056 190200  780 564 1419    +4719496   -134          89     -1   30  64   97   +9   58   +2   58    2  23  0  0 L3P E5
G12 FF 61056 190200  780 800  309    +6066204     +5         104     +0   25  46   83   +2   43   -4   43   -4  19  0  0 L3P 9C
G21 FF 61056 190200  780 445  740    -3816011    -84          92     -7   46 233  116   -7   82   -2   82   -2  33  0  0 L3P D9
G25 FF 61056 190200  780 554 2306    -4495708     +9         115    -15   31  57   99   -8   39   +4   39    4  23  0  0 L3P E6
G29 FF 61056 190200  780 342 2427    +3919050   -118          86    -55   34  33  144  -17   66  +36   66   36  27  0  0 L3P 3D
G05 FF 61056 191800  780 482  373    +2273957    +22         108    +16   34 119  109  -12   68  -18   68  -18  26  0  0 L3P 4A
G11 FF 61056 191800  780 492 1409    +4719361   -149          82    -16   47  64  107  +12   66  +29   66   29  32  0  0 L3P 41
G12 FF 61056 191800  780 719  236    +6066199     +6          95     +2   28  46   85   +4   51   +8   51    8  20  0  0 L3P AA
G21 FF 61056 191800  780 469  848    -3816080    -65          97    +13   38 233  111   -3   69   -6   69   -6  32  0  0 L3P 0D
G25 FF 61056 191800  780 615 2381    -4495690    +10         110    -14   26  57   93   -5   39  +17   39   17  19  0  0 L3P 18
G29 FF 61056 191800  780 388 2359    +3918976    -72          73     -8   39  33  130  -14   70  +13   70   13  30  0  0 L3P 1E
G05 FF 61056 193400  780 546  456    +2273950    +11          95     +5   28 119  100   -8   76   +0   76    0  18  0  0 L3P D2
G11 FF 61056 193400  780 424 1388    +4719233   -113          82    +20   43  64  120  +16   80   -7   80   -7  31  0  0 L3P 07
G12 FF 61056 193400  780 638  198    +6066200     -7          91    -11   21  46   91   +7   64  +16   64   16  15  0  0 L3P D2
G21 FF 61056 193400  780 475  963    -3816164    -95          88    -18   38 233  110   +0   77  +12   77   12  28  0  0 L3P 1B
G25 FF 61056 193400  780 666 2511    -4495665    +26         113     +2   22  57   89   -3   41   +4   41    4  15  0  0 L3P D3
G29 FF 61056 193400  780 435 2289    +3918916   -134          74    -70   31  33  118  -11   75  +63   75   63  23  0  0 L3P 41
G05 FF 61056 195000  780 599  572    +2273946    -40          86    -46   33 119   94   -5   76  +23   76   23  24  0  0 L3P 13
G11 FF 61056 195000  780 359 1361    +4719120   -227          97    -94   37  64  138  +22   75  +88   75   88  28  0  0 L3P 51
G12 FF 61056 195000  780 556  172    +6066190    -11          78    -15   30  46   98  +10   80  +25   80   25  20  0  0 L3P EC
G21 FF 61056 195000  780 463 1073    -3816239    -69          87     +9   38 233  112   +4   77   -6   77   -6  28  0  0 L3P 0B
G25 FF 61056 195000  780 693 2707    -4495648    +11         106    -13   21  57   87   -1   45   +4   45    4  16  0  0 L3P ED
G29 FF 61056 195000  780 484 2215    +3918872    -66          92     -3   28  33  109   -9   61   +4   61    4  20  0  0 L3P DF
G05 FF 61056 200600  780 634  730    +2273953    -17          86    -23   22 120   91   -2   76   +9   76    9  17  0  0 L3P D5
G11 FF 61056 200600  780 297 1330    +4718979   -144          86    -11   36  65  163  +31  109  +24  109   24  26  0  0 L3P 51
G12 FF 61056 200600  780 476  154    +6066178    -43          61    -48   28  47  110  +14  107  +37  107   37  19  0  0 L3P 2A
G21 FF 61056 200600  780 434 1170    -3816315    -90          83    -13   37 234  118   +8   87   +4   87    4  24  0  0 L3P F3
G25 FF 61056 200600  780 688 2932    -4495632    +24          99     +0   17  58   87   +1   51   -6   51   -6  13  0  0 L3P DA
G29 FF 61056 200600  780 533 2134    +3918793   -100          76    -36   23  34  101   -7   71  +12   71   12  16  0  0 L3P 09
G05 FF 61056 202200  780 642  914    +2273955     -4          83     -9   25 120   90   +1   76   +7   76    7  18  0  0 L3P B1
G11 FF 61056 202200  780 240 1294    +4718836   -172          70    -39   34  65  199  +45  140  +56  140   56  27  0  0 L3P 55
G12 FF 61056 202200  780 397  140    +6066191    +15          70    +11   36  47  127  +22  116  +12  116   12  29  0  0 L3P 0A
G18 FF 61056 202200  780 279 2839    +4492852   -107          92    -10   47  30  173  -29  105  -19  105  -19  38  0  0 L3P 6B
G21 FF 61056 202200  780 392 1248    -3816391    -72          81     +5   40 234  128  +13   91   +3   91    3  31  0  0 L3P E4
G25 FF 61056 202200  780 650 3118    -4495619     +5          89    -19   24  58   90   +4   59  +19   59   19  20  0  0 L3P FB
G29 FF 61056 202200  780 584 2044    +3918721    -89          65    -26   18  34   95   -5   73  +12   73   12  13  0  0 L3P 00
G05 FF 61056 203800  780 620 1083    +2273959     +1          82     -4   26 120   92   +3   81  +17   81   17  19  0  0 L3P DB
G12 FF 61056 203800  780 320  132    +6066206    +71          81    +66   50  47  153  +33  141   -8  141   -8  37  0  0 L3P 00
G18 FF 61056 203800  780 327 2770    +4492756    -97          89     +1   34  30  150  -20   94  -12   94  -12  29  0  0 L3P 23
G21 FF 61056 203800  780 340 1306    -3816470    -82          77     -4   34 234  145  +21  105  +19  105   19  25  0  0 L3P 2E
G25 FF 61056 203800  780 591 3243    -4495595    +48          90    +24   30  58   95   +7   69   -2   69   -2  23  0  0 L3P FA
G29 FF 61056 203800  780 634 1935    +3918655    -47          61    +17   21  34   91   -4   80   -2   80   -2  14  0  0 L3P E4
G05 FF 61056 205400  780 576 1210    +2273969     +2          86     -4   22 120   96   +6   88  +14   88   14  16  0  0 L3P E9
G18 FF 61056 205400  780 374 2694    +4492666    -77          93    +21   32  30  134  -14   89   -8   89   -8  22  0  0 L3P 21
G21 FF 61056 205400  780 284 1347    -3816543   -105          77    -28   43 234  170  +33  126  +50  126   50  32  0  0 L3P 56
G25 FF 61056 205400  780 523 3325    -4495570    +28          93     +4   32  58  103  +10   86  +26   86   26  25  0  0 L3P 0B
G29 FF 61056 205400  780 682 1796    +3918609    -39          76    +25   17  34   88   -3   80  -12   80  -12  13  0  0 L3P 1A
G05 FF 61056 211000  780 519 1292    +2273961     -7          73    -13   17 120  103   +9  101  +16  101   16  11  0  0 L3P 03
G18 FF 61056 211000  780 417 2611    +4492561   -129          82    -31   20  30  122  -11   91  +18   91   18  16  0  0 L3P 15
G21 FF 61056 211000  780 224 1373    -3816625   -121          70    -43   29 234  212  +56  150  +67  150   67  25  0  0 L3P 4F
G26 FF 61056 211000  780 179 2274    +3123878   +124          99    +64   41  25  263  -61  130  -60  130  -60  31  0  0 L3P 50
G29 FF 61056 211000  780 722 1604    +3918537    -62          65     +1   13  34   85   -2   87   +5   87    5   9  0  0 L3P B6
G05 FF 61056 212600  780 455 1341    +2273978    +22          84    +17   18 120  114  +13  106   +1  106    1  14  0  0 L3P 0A
G18 FF 61056 212600  780 458 2520    +4492459    -69          74    +29   24  30  113   -8   98  -19   98  -19  18  0  0 L3P 3A
G26 FF 61056 212600  780 218 2326    +3123929    +57          92     -3   36  25  218  -34  131   +0  131    0  24  0  0 L3P F2
G29 FF 61056 212600  780 743 1344    +3918477    -68          66     -4   15  34   84   +0   96   +9   96    9  11  0  0 L3P DE
G05 FF 61056 214200  780 389 1368    +2273985     -4          86    -10   19 120  129  +19  121  +30  121   30  15  0  0 L3P 30
G15 FF 61056 214200  780 354  590    -3772779    -72          65    -36   37  29  140  -17  175  +17  175   17  27  0  0 L3P 47
G18 FF 61056 214200  780 496 2422    +4492376    -67          85    +31   14  30  107   -6   95  -17   95  -17   9  0  0 L3P 18
G26 FF 61056 214200  780 248 2389    +3123990    -34          95    -94   42  25  193  -19  131  +75  131   75  31  0  0 L3P 4C
G29 FF 61056 214200  780 736 1056    +3918421    -59          72     +5   16  34   85   +1   99   +8   99    8  12  0  0 L3P D7
G05 FF 61056 215800  780 323 1378    +2273993     +0          88     -6   31 120  151  +28  141  +46  141   46  21  0  0 L3P 20
G15 FF 61056 215800  780 397  670    -3772810    -33          68     +2   36  29  127  -11  156  -15  156  -15  30  0  0 L3P 2E
G18 FF 61056 215800  780 530 2313    +4492285   -104          88     -6   13  30  102   -5   97  +13   97   13   9  0  0 L3P F7
G23 FF 61056 215800  780 454 3219    -6003351    -13          76    +37   44  21  114  -15  133  -39  133  -39  34  0  0 L3P 41
G26 FF 61056 215800  780 268 2461    +3124040    +80          87    +20   48  25  179  -10  143  -18  143  -18  39  0  0 L3P 4A
G29 FF 61056 215800  780 702  820    +3918356    -53          67    +10   18  34   86   +3  107   +3  107    3  13  0  0 L3P DE
G05 FF 61056 221400  780 259 1377    +2273995    +12          79     +6   38 121  185  +44  160  +33  160   33  28  0  0 L3P 41
G15 FF 61056 221400  780 431  762    -3772839    -39          74     -4   20  32  119   -6  145   -6  145   -6  16  0  0 L3P F8
G18 FF 61056 221400  780 561 2195    +4492188   -112          84    -14   20  31   98   -3   99  +14   99   14  14  0  0 L3P 15
G23 FF 61056 221400  780 527 3156    -6003397    -61          81    -11   15  22  102  -10  124   +4  124    4  11  0  0 L3P F1
G26 FF 61056 221400  780 277 2539    +3124095    +53          85     -7   44  26  174   -2  147   +8  147    8  33  0  0 L3P 02
G29 FF 61056 221400  780 649  657    +3918302    -69          77     -5   15  35   90   +4  118  +14  118   14  11  0  0 L3P FE
G05 FF 61056 223000  780 196 1366    +2274022    -49         101    -54   32 121  240  +73  181  +73  181   73  24  0  0 L3P 4C
G15 FF 61056 223000  780 451  864    -3772871    -55          76    -20   26  32  115   -3  141  +10  141   10  19  0  0 L3P 06
G16 FF 61056 223000  780 166 2273    -1892563    -63         119    +13   36  35  282  -56  157  -14  157  -14  26  0  0 L3P 66
G18 FF 61056 223000  780 586 2065    +4492098   -118          88    -20   19  31   95   -2  100  +15  100   15  14  0  0 L3P 21
G23 FF 61056 223000  780 597 3071    -6003443    -58          83     -8   19  22   94   -7  119   -5  119   -5  14  0  0 L3P F8
G26 FF 61056 223000  780 275 2620    +3124151    +77          83    +16   41  26  175   +5  163  -16  163  -16  31  0  0 L3P 26
G29 FF 61056 223000  780 587  544    +3918247    -93          83    -30   16  35   95   +7  133  +39  133   39  13  0  0 L3P 1B
G15 FF 61056 224600  780 456  970    -3772906    -71          75    -35   27  32  114   +1  141  +25  141   25  20  0  0 L3P 12
G16 FF 61056 224600  780 195 2333    -1892653    -31         102    +45   28  35  242  -30  164  -40  164  -40  21  0  0 L3P 4E
G18 FF 61056 224600  780 606 1924    +4492006    -86          90    +12   21  31   93   -2  102   -1  102   -1  16  0  0 L3P E7
G23 FF 61056 224600  780 662 2949    -6003495    -43          79     +7   21  22   89   -4  114  -11  114  -11  16  0  0 L3P 14
G26 FF 61056 224600  780 262 2700    +3124210    +66          84     +6   32  26  183  +12  179  +13  179   13  24  0  0 L3P 1A
G29 FF 61056 224600  780 520  464    +3918186    -54          84    +10   22  35  103  +10  154  +25  154   25  17  0  0 L3P 1F
G10 FF 61056 230200  780 305 3050    +5830252    -13          95    -39   40  10  160  -30  201  +29  201   29  27  0  0 L3P 13
G13 FF 61056 230200  780 213 1261    -6894610     -4         100    -14   44  27  222  +24  197  +36  197   36  33  0  0 L3P 2E
G15 FF 61056 230200  780 444 1072    -3772945    -22          70    +14   26  32  116   +4  150   -1  150   -1  18  0  0 L3P F5
G16 FF 61056 230200  780 215 2400    -1892726   -103         102    -26   34  35  220  -15  168  +27  168   27  26  0  0 L3P 51
G18 FF 61056 230200  780 619 1773    +4491911   -105          89     -8   21  31   92   -1  109  +15  109   15  15  0  0 L3P 17
G23 FF 61056 230200  780 714 2765    -6003545    -59          77     -9   16  22   86   -2  113   +9  113    9  11  0  0 L3P E3
G26 FF 61056 230200  780 239 2777    +3124277    +14          93    -46   49  26  199  +22  202  +84  202   84  37  0  0 L3P 4B
G29 FF 61056 230200  780 450  403    +3918118    -17          76    +47   24  35  115  +14  183   +0  183    0  18  0  0 L3P F8
G10 FF 61056 231800  780 364 2986    +5830282    -18         100    -45   39  10  137  -20  182  +11  182   11  28  0  0 L3P 42
G13 FF 61056 231800  780 184 1323    -6894612     +6          88     -5   39  27  254  +44  222  +38  222   38  28  0  0 L3P 29
G15 FF 61056 231800  780 418 1161    -3772984    -39          64     -3   22  32  122   +8  162  +18  162   18  17  0  0 L3P 1D
G16 FF 61056 231800  780 224 2473    -1892804    -58          98    +18   24  35  212   -4  184  -10  184  -10  17  0  0 L3P 3E
G18 FF 61056 231800  780 623 1614    +4491807    -84          79    +14   18  31   92   +0  121   -6  121   -6  12  0  0 L3P FA
G23 FF 61056 231800  780 744 2496    -6003594    -45          76     +5   13  22   84   -1  114   -3  114   -3  10  0  0 L3P E4
G29 FF 61056 231800  780 380  357    +3918058    -27          78    +37   45  35  132  +21  219  +19  219   19  38  0  0 L3P 44
G10 FF 61056 233400  780 421 2911    +5830301     +1          94    -25   25  10  121  -13  170   -5  170   -5  19  0  0 L3P EB
G15 FF 61056 233400  780 380 1235    -3773000     -2          83    +33   37  32  132  +13  166   +8  166    8  27  0  0 L3P F9
G16 FF 61056 233400  780 223 2549    -1892904   -104          71    -28   29  35  213   +6  219  +43  219   43  23  0  0 L3P 40
G18 FF 61056 233400  780 618 1455    +4491709   -106          75     -8   21  31   92   +1  131  +14  131   14  16  0  0 L3P 0C
G23 FF 61056 233400  780 741 2191    -6003642    -44          76     +6   14  22   84   +1  118   -2  118   -2   9  0  0 L3P CE
G27 FF 61056 233400  780 190 2224     +201171   +132         136    +55   40  52  249  -76  181  -64  181  -64  30  0  0 L3P 4C
