CGGTTS     GENERIC DATA FORMAT VERSION = 2E
REV DATE = 2024-12-02                    
RCVR = Septentrio PolaRx2 S/N 3252   R2CGGTTS v8.8    
CH = 20 
IMS = Septentrio PolaRx2 S/N 3252   
LAB = NMI Australia                 
X = -4648241.00 m 
Y = +2560636.48 m 
Z = -3526317.74 m 
FRAME = ITRF
COMMENTS =           IGS antenna SYDN              
INT DLY =  211.7 ns (GPS P1),  213.3 ns (GPS P2)     CAL_ID = 1015-2021           
CAB DLY = 2484.6 ns 
REF DLY =  338.6 ns
REF = UTC(AUS)                      
CKSUM = 82

SAT CL  MJD  STTIME TRKL ELV AZTH   REFSV      SRSV     REFSYS    SRSYS  DSG IOE MDTR SMDT MDIO SMDI MSIO SMSI ISG FR HC FRC CK
             hhmmss  s  .1dg .1dg    .1ns     .1ps/s     .1ns    .1ps/s .1ns     .1ns.1ps/s.1ns.1ps/s.1ns.1ps/s.1ns
G08 FF 61070 000200  780 194 2254    -4983378   +135         240    +89   45  51  244  -60  185  -81  185  -81  33  0  0 L3P 7B
G10 FF 61070 000200  780 617 2279    +5857201     -1         220    -23   24  74   92   -1  114   +6  114    6  17  0  0 L3P D4
G18 FF 61070 000200  780 460  814    +4382847    -79         222    +18   33 202  113   +9  157  +10  157   10  24  0  0 L3P 27
G23 FF 61070 000200  780 502 1460    -6059224    -37         217    +12   32 187  106   +8  127   +8  127    8  24  0  0 L3P 14
G27 FF 61070 000200  780 446 2471     +293129    +77         241     -9   34  87  116   -6  126   -8  126   -8  27  0  0 L3P 07
G08 FF 61070 001800  780 239 2301    -4983344    +79         229    +32   47  51  200  -34  172  -35  172  -35  36  0  0 L3P 5A
G10 FF 61070 001800  780 624 2110    +5857212    +19         211     -3   23  74   92   +0  113   +9  113    9  15  0  0 L3P CE
G18 FF 61070 001800  780 411  730    +4382749    -87         217    +10   41 202  123  +13  181  +18  181   18  28  0  0 L3P 3C
G23 FF 61070 001800  780 451 1384    -6059281    -55         206     -6   34 187  114  +10  143  +17  143   17  25  0  0 L3P 40
G27 FF 61070 001800  780 468 2573     +293196    +84         225     -3   24  87  111   -3  124   +0  124    0  17  0  0 L3P E6
G32 FF 61070 001800  780 515 3433    +1170446   -105         210    +69   49 141  104  -12  156  -87  156  -87  38  0  0 L3P 7A
G08 FF 61070 003400  780 277 2361    -4983307    +67         221    +21   47  51  174  -20  164  -33  164  -33  39  0  0 L3P 58
G10 FF 61070 003400  780 619 1943    +5857239    +31         217    +10   22  74   92   +1  112   -3  112   -3  16  0  0 L3P F4
G18 FF 61070 003400  780 359  657    +4382648    -79         209    +17   44 202  138  +19  212  +23  212   23  34  0  0 L3P 4E
G23 FF 61070 003400  780 403 1314    -6059333    -32         201    +17   30 187  125  +13  160  +13  160   13  22  0  0 L3P 2C
G27 FF 61070 003400  780 474 2685     +293270    +80         216     -7   27  87  110   +1  132  +16  132   16  24  0  0 L3P 06
G32 FF 61070 003400  780 597 3409    +1170279   -135         209    +39   22 141   94   -8  141  -41  141  -41  17  0  0 L3P 52
G08 FF 61070 005000  780 306 2433    -4983260    +84         224    +38   50  51  159  -11  161  -27  161  -27  37  0  0 L3P 52
G10 FF 61070 005000  780 605 1786    +5857265    +21         222     -1   21  74   93   +2  118  +10  118   10  15  0  0 L3P F7
G18 FF 61070 005000  780 304  594    +4382593     -2         247    +94   60 202  160  +27  213  -27  213  -27  47  0  0 L3P 3F
G23 FF 61070 005000  780 356 1246    -6059373    -54         209     -5   40 187  139  +16  173  +22  173   22  29  0  0 L3P 4C
G27 FF 61070 005000  780 461 2798     +293370    +77         233     -9   35  87  113   +4  132  +24  132   24  27  0  0 L3P 13
G32 FF 61070 005000  780 681 3375    +1170120   -159         217    +15   12 141   88   -5  126  -17  126  -17   9  0  0 L3P 38
G02 FF 61070 010600  780 161 2243     -274045   -225         246   -143   49  65  292 -112  203  +88  203   88  39  0  0 L3P 6C
G08 FF 61070 010600  780 323 2514    -4983210    +42         228     -5   54  51  152   -5  157   +9  157    9  38  0  0 L3P 04
G10 FF 61070 010600  780 583 1643    +5857293    +27         229     +6   24  74   95   +3  123   +7  123    7  18  0  0 L3P F4
G23 FF 61070 010600  780 311 1180    -6059406    -74         222    -26   36 187  156  +21  190  +52  190   52  27  0  0 L3P 51
G27 FF 61070 010600  780 432 2903     +293459    +88         239     +2   45  87  119   +8  149  +18  149   18  35  0  0 L3P 2E
G32 FF 61070 010600  780 765 3318    +1169962   -188         226    -14   22 141   84   -3  115   +2  115    2  16  0  0 L3P 1D
G02 FF 61070 012200  780 225 2233     -274152    -38         217    +44   30  65  212  -60  202  -41  202  -41  20  0  0 L3P 14
G08 FF 61070 012200  780 327 2600    -4983158    +41         237     -6   42  51  150   +1  160  +18  160   18  30  0  0 L3P 0E
G10 FF 61070 012200  780 556 1513    +5857319    +28         234     +7   28  74   98   +4  129   +9  129    9  22  0  0 L3P FE
G27 FF 61070 012200  780 390 2993     +293539   +102         236    +16   39  87  129  +13  174  +15  174   15  27  0  0 L3P 53
G32 FF 61070 012200  780 846 3144    +1169808   -160         239    +14   19 141   82   -1  103   -9  103   -9  14  0  0 L3P 26
G02 FF 61070 013800  780 291 2233     -274236    -92         211    -11   26  65  167  -36  185   +0  185    0  19  0  0 L3P 0B
G08 FF 61070 013800  780 318 2688    -4983119    +10         230    -36   68  51  154   +7  180  +51  180   51  48  0  0 L3P 43
G10 FF 61070 013800  780 525 1396    +5857342    +36         237    +14   27  74  102   +5  136   -6  136   -6  18  0  0 L3P 22
G27 FF 61070 013800  780 341 3071     +293622    +49         237    -38   45  87  144  +20  198  +57  198   57  30  0  0 L3P 4E
G32 FF 61070 013800  780 859 1909    +1169636   -197         234    -23   17 141   82   +1  104  +24  104   24  12  0  0 L3P 45
G02 FF 61070 015400  780 359 2244     -274300    -96         226    -15   35  65  139  -24  165   +0  165    0  28  0  0 L3P 0E
G08 FF 61070 015400  780 297 2773    -4983077    +27         228    -19   57  51  163  +13  204  +40  204   40  45  0  0 L3P 53
G10 FF 61070 015400  780 491 1290    +5857361     -4         235    -26   35  74  107   +6  148  +32  148   32  25  0  0 L3P 24
G28 FF 61070 015400  780 323  232    +6039437    -48         204    +11   36  18  152  -30  244  -39  244  -39  26  0  0 L3P 41
G32 FF 61070 015400  780 783 1651    +1169459   -156         224    +18   23 141   83   +2  114  -11  114  -11  15  0  0 L3P 43
G02 FF 61070 021000  780 427 2272     -274381    -99         225    -17   29  66  120  -16  149   +0  149    0  20  0  0 L3P 08
G08 FF 61070 021000  780 267 2852    -4983030    +63         226    +17   47  52  180  +22  230   +9  230    9  38  0  0 L3P 1F
G10 FF 61070 021000  780 455 1192    +5857389    +27         244     +5   33  75  114   +7  159  +19  159   19  24  0  0 L3P 31
G28 FF 61070 021000  780 392  275    +6039384    -83         202    -24   43  19  129  -20  214  -16  214  -16  30  0  0 L3P 38
G32 FF 61070 021000  780 706 1575    +1169301   -140         234    +34   20 142   86   +4  120  -13  120  -13  14  0  0 L3P 26
G01 FF 61070 022600  780 200 2228    -3385408    +84         219    +40   52 143  238  -73  219  -52  219  -52  35  0  0 L3P 63
G02 FF 61070 022600  780 493 2323     -274470   -108         214    -26   19  66  107  -11  146  +14  146   14  15  0  0 L3P 3A
G10 FF 61070 022600  780 418 1101    +5857406     -4         241    -26   25  75  122   +9  177  +35  177   35  20  0  0 L3P 1C
G28 FF 61070 022600  780 461  329    +6039315    -29         190    +31   45  19  113  -13  201  -38  201  -38  31  0  0 L3P 36
G32 FF 61070 022600  780 631 1523    +1169138   -185         237    -11   19 142   91   +6  126  +14  126   14  13  0  0 L3P 38
G01 FF 61070 024200  780 262 2235    -3385352    +46         233     +2   24 143  184  -43  189  -32  189  -32  19  0  0 L3P 53
G02 FF 61070 024200  780 552 2405     -274550    -94         213    -12   18  66   99   -7  145  +13  145   13  15  0  0 L3P 0C
G10 FF 61070 024200  780 378 1016    +5857418     +2         232    -19   39  75  132  +12  197  +34  197   34  26  0  0 L3P 3D
G28 FF 61070 024200  780 527  402    +6039259    -66         190     -7   22  19  102   -9  182  -12  182  -12  17  0  0 L3P 1E
G31 FF 61070 024200  780 319   71    +1698736    +36         200    +58   70  82  154  -32  269  -70  269  -70  50  0  0 L3P 3D
G32 FF 61070 024200  780 559 1477    +1168949   -167         216     +7   25 142   98   +8  144   +6  144    6  17  0  0 L3P 2C
G01 FF 61070 025800  780 325 2254    -3385319    +59         222    +14   24 143  151  -27  179  -29  179  -29  18  0  0 L3P 78
G02 FF 61070 025800  780 598 2529     -274619    -69         223    +13   17  66   94   -4  138   -8  138   -8  12  0  0 L3P 1B
G10 FF 61070 025800  780 337  937    +5857440     +1         233    -21   32  75  146  +16  218  +39  218   39  25  0  0 L3P 2D
G28 FF 61070 025800  780 585  504    +6039212    -47         200    +12   21  19   95   -6  166  -17  166  -17  17  0  0 L3P 27
G31 FF 61070 025800  780 393   92    +1698714    -16         199     +6   38  82  128  -21  233  -36  233  -36  27  0  0 L3P 38
G32 FF 61070 025800  780 491 1432    +1168782   -176         216     -2   26 142  107  +11  154  +12  154   12  18  0  0 L3P 4C
G01 FF 61070 031400  780 387 2289    -3385274    +35         225    -10   20 143  130  -18  165   +3  165    3  17  0  0 L3P 2B
G02 FF 61070 031400  780 620 2694     -274690    -96         230    -14   19  66   92   -1  140  +11  140   11  14  0  0 L3P FF
G10 FF 61070 031400  780 295  864    +5857451    +41         224    +20   66  75  164  +23  252  +16  252   16  46  0  0 L3P 35
G28 FF 61070 031400  780 628  648    +6039159    -54         203     +5   24  19   91   -3  155   -6  155   -6  18  0  0 L3P F9
G31 FF 61070 031400  780 469  118    +1698707     +4         213    +26   32  82  111  -14  200  -42  200  -42  21  0  0 L3P 12
G32 FF 61070 031400  780 427 1387    +1168610   -187         210    -13   22 142  120  +15  169  +24  169   24  17  0  0 L3P 5D
G01 FF 61070 033000  780 444 2343    -3385231    +44         225     +0   27 143  116  -12  155   -2  155   -2  20  0  0 L3P 0A
G02 FF 61070 033000  780 613 2872     -274776   -100         222    -18   17  66   93   +2  150  +24  150   24  13  0  0 L3P 10
G03 FF 61070 033000  780 191 2334    -5845403   +117         246     +6   48  88  248  -66  246  -27  246  -27  34  0  0 L3P 68
G28 FF 61070 033000  780 647  828    +6039111    -31         212    +28   21  19   90   +0  146  -20  146  -20  16  0  0 L3P 09
G31 FF 61070 033000  780 545  154    +1698686    -19         212     +2   24  82  100  -10  177  -20  177  -20  18  0  0 L3P 25
G32 FF 61070 033000  780 366 1341    +1168440   -169         208     +5   33 142  136  +19  191  +24  191   24  26  0  0 L3P 4D
G01 FF 61070 034600  780 493 2422    -3385206    +51         208     +7   27 143  107   -7  160  -15  160  -15  22  0  0 L3P 31
G02 FF 61070 034600  780 579 3027     -274853   -110         224    -29   22  66   96   +5  156  +24  156   24  14  0  0 L3P 2B
G03 FF 61070 034600  780 243 2292    -5845294    +73         249    -37   36  88  197  -43  215   +7  215    7  28  0  0 L3P 45
G28 FF 61070 034600  780 636 1011    +6039049    -56         207     +4   23  19   91   +2  148  -11  148  -11  18  0  0 L3P 19
G31 FF 61070 034600  780 621  211    +1698656    -36         203    -15   19  82   92   -7  164  -11  164  -11  15  0  0 L3P 1C
G32 FF 61070 034600  780 309 1294    +1168281   -153         216    +21   31 142  157  +26  211  +16  211   16  23  0  0 L3P 51
G01 FF 61070 041400  780 545 2623    -3385112    +16         226    -28   13 144  100   -2  149  +27  149   27  12  0  0 L3P 34
G02 FF 61070 041400  780 479 3210     -274978    -85         234     -3   30  68  109  +12  198  +28  198   28  25  0  0 L3P 3C
G03 FF 61070 041400  780 343 2225    -5845106   +150         257    +40   30  91  144  -23  186  -40  186  -40  23  0  0 L3P 55
G04 FF 61070 041400  780 228 2748     -411881     +3         245    +24   28 191  209  -40  252  -40  252  -40  22  0  0 L3P 34
G28 FF 61070 041400  780 559 1233    +6038974    -51         229     +8   21  20   98   +7  153   +7  153    7  16  0  0 L3P FB
G31 FF 61070 041400  780 734  444    +1698634    -35         220    -13   17  83   85   -2  146   +7  146    7  13  0  0 L3P F2
G01 FF 61070 043000  780 546 2760    -3385074    +50         221     +6   21 144  100   +1  159  +13  159   13  16  0  0 L3P 17
G03 FF 61070 043000  780 406 2192    -5844991    +80         265    -31   29  91  125  -17  167  +10  167   10  23  0  0 L3P 47
G04 FF 61070 043000  780 273 2682     -411906    +22         240    +44   37 191  177  -27  226  -52  226  -52  27  0  0 L3P 51
G28 FF 61070 043000  780 498 1302    +6038924     +7         236    +66   20  20  106  +10  163  -30  163  -30  14  0  0 L3P 2A
G31 FF 61070 043000  780 765  735    +1698613    -10         219    +11   15  83   84   +0  143   -5  143   -5  11  0  0 L3P ED
G01 FF 61070 044600  780 525 2891    -3385030    +24         222    -21   25 144  102   +4  172  +34  172   34  19  0  0 L3P 31
G03 FF 61070 044600  780 472 2164    -5844885   +133         265    +23   17  91  111  -13  160  -24  160  -24  13  0  0 L3P 5E
G04 FF 61070 044600  780 317 2612     -411921     -5         246    +16   20 191  154  -20  215  -24  215  -24  16  0  0 L3P 29
G26 FF 61070 044600  780 310  572    +3192466    +45         284    -14   56  64  158  -22  249  -11  249  -11  44  0  0 L3P 4D
G28 FF 61070 044600  780 432 1341    +6038875    -83         244    -24   30  20  118  +15  178  +48  178   48  22  0  0 L3P 55
G31 FF 61070 044600  780 748 1049    +1698600     -6         227    +16   13  83   84   +2  142   -2  142   -2   9  0  0 L3P E8
G01 FF 61070 050200  780 487 3004    -3384992    +39         218     -5   27 144  108   +8  189  +16  189   16  20  0  0 L3P 45
G03 FF 61070 050200  780 541 2143    -5844788    +96         257    -15   12  91  100   -9  156   +1  156    1   9  0  0 L3P 03
G04 FF 61070 050200  780 360 2539     -411935     -4         253    +18   23 191  138  -15  199  -22  199  -22  18  0  0 L3P 49
G26 FF 61070 050200  780 354  644    +3192511    +77         273    +18   33  64  140  -14  241  -34  241  -34  25  0  0 L3P 36
G28 FF 61070 050200  780 366 1361    +6038818    -43         244    +16   31  20  136  +22  203   +9  203    9  23  0  0 L3P 12
G31 FF 61070 050200  780 696 1236    +1698585    -20         234     +1   13  83   87   +4  141  +10  141   10  10  0  0 L3P FB
G01 FF 61070 051800  780 437 3094    -3384945    +66         223    +22   29 144  117  +12  194   +5  194    5  23  0  0 L3P 3B
G03 FF 61070 051800  780 614 2131    -5844686   +112         252     +1   14  91   93   -7  143   -9  143   -9   9  0  0 L3P 00
G04 FF 61070 051800  780 402 2461     -411962    -24         247     -2   19 191  126  -11  184  -11  184  -11  17  0  0 L3P 34
G26 FF 61070 051800  780 390  726    +3192558    +62         263     +3   34  64  129   -9  223  -17  223  -17  26  0  0 L3P 2B
G28 FF 61070 051800  780 300 1366    +6038760    -41         242    +18   20  20  162  +33  226   +7  226    7  15  0  0 L3P 12
G31 FF 61070 051800  780 631 1326    +1698554    -42         223    -21   19  83   91   +6  149  +24  149   24  13  0  0 L3P 29
G01 FF 61070 053400  780 379 3166    -3384898    +47         226     +2   29 144  132  +18  215  +18  215   18  23  0  0 L3P 54
G03 FF 61070 053400  780 690 2138    -5844584    +92         249    -18   13  91   87   -5  142   +2  142    2   9  0  0 L3P FE
G04 FF 61070 053400  780 443 2378     -411982     -4         248    +17   16 191  116   -9  172  -29  172  -29  12  0  0 L3P 3D
G26 FF 61070 053400  780 416  817    +3192619    +48         267    -12   37  64  122   -5  209   -6  209   -6  29  0  0 L3P 20
G28 FF 61070 053400  780 236 1360    +6038697    +44         236   +103   27  20  202  +52  271  -34  271  -34  20  0  0 L3P 58
G31 FF 61070 053400  780 562 1365    +1698537    +10         227    +32   24  83   98   +8  157  -11  157  -11  18  0  0 L3P 3A
G01 FF 61070 055000  780 319 3225    -3384866    +37         216     -7   32 144  153  +27  253  +37  253   37  21  0  0 L3P 49
G03 FF 61070 055000  780 767 2193    -5844479   +110         248     +0   12  91   84   -3  140   -1  140   -1  10  0  0 L3P FB
G04 FF 61070 055000  780 484 2290     -412014    -29         236     -8   21 191  109   -7  173   +1  173    1  16  0  0 L3P F1
G09 FF 61070 055000  780 210 2496    -7703809    -44         274    -47   64  14  225  -47  242  +17  242   17  48  0  0 L3P 5A
G26 FF 61070 055000  780 429  916    +3192681    +65         272     +6   28  64  119   -1  199   -7  199   -7  22  0  0 L3P 1A
G28 FF 61070 055000  780 174 1346    +6038642    -82         238    -23   41  20  269  +92  312  +62  312   62  29  0  0 L3P 4B
G31 FF 61070 055000  780 493 1378    +1698511    -22         222     -1   27  83  107  +11  177  +21  177   21  21  0  0 L3P 2A
G03 FF 61070 060600  780 837 2457    -5844371   +117         251     +7   15  69   82   -1  140   +1  140    1  10  0  0 L3P F2
G04 FF 61070 060600  780 523 2194     -412013     +0         261    +22   19 192  103   -6  162   +4  162    4  14  0  0 L3P DB
G09 FF 61070 060600  780 256 2439    -7703798    -60         285    -62   66  26  188  -33  217  +39  217   39  51  0  0 L3P 75
G16 FF 61070 060600  780 400  554    -1979533    -74         228     +1   37  29  126  -14  232  -18  232  -18  29  0  0 L3P 3B
G26 FF 61070 060600  780 427 1015    +3192740    +74         276    +15   32  74  120   +2  199  -14  199  -14  23  0  0 L3P 41
G31 FF 61070 060600  780 425 1375    +1698493    -52         222    -30   33  84  120  +16  195  +42  195   42  24  0  0 L3P 49
G03 FF 61070 062200  780 834 3257    -5844257    +86         259    -24   17  69   82   +1  141  +25  141   25  12  0  0 L3P 2D
G04 FF 61070 062200  780 562 2087     -412029    -19         265     +2   22 192   98   -4  165   -3  165   -3  16  0  0 L3P FC
G09 FF 61070 062200  780 303 2382    -7703802     -9         279    -11   46  26  161  -24  214   +7  214    7  35  0  0 L3P 12
G16 FF 61070 062200  780 447  638    -1979584    -71         248     +4   33  29  116   -9  200  -20  200  -20  25  0  0 L3P 22
G26 FF 61070 062200  780 409 1108    +3192811    +84         291    +25   26  74  124   +6  194  -12  194  -12  18  0  0 L3P 41
G31 FF 61070 062200  780 361 1361    +1698475    -45         225    -23   35  84  138  +22  221  +48  221   48  24  0  0 L3P 48
G03 FF 61070 063800  780 760 3510    -5844143   +135         267    +25   16  69   84   +3  148  -10  148  -10  10  0  0 L3P 3F
G04 FF 61070 063800  780 598 1967     -412041    -27         274     -5   22 192   94   -3  152   -5  152   -5  15  0  0 L3P 06
G06 FF 61070 063800  780 142 2361    +6069414    +80         280    +51   51  15  327  -19  270  -30  270  -30  37  0  0 L3P 4B
G09 FF 61070 063800  780 353 2325    -7703781     -8         297    -11   30  26  141  -18  192   +0  192    0  21  0  0 L3P 11
G16 FF 61070 063800  780 483  737    -1979651    -29         254    +46   34  29  109   -5  190  -41  190  -41  25  0  0 L3P 4F
G26 FF 61070 063800  780 379 1188    +3192876    +80         299    +21   48  74  132  +11  204   +0  204    0  35  0  0 L3P 2A
G31 FF 61070 063800  780 298 1340    +1698483    +34         254    +56   45  84  163  +31  232  -15  232  -15  32  0  0 L3P 5B
G03 FF 61070 065400  780 677 3572    -5844038   +100         266    -10   20  69   88   +5  159  +19  159   19  15  0  0 L3P 4F
G04 FF 61070 065400  780 630 1828     -412077    -29         259     -8   19 192   91   -2  157  -11  157  -11  14  0  0 L3P 29
G06 FF 61070 065400  780 145 2431    +6069452    -14         292    -42   43  15  320   +4  265  +35  265   35  33  0  0 L3P 31
G09 FF 61070 065400  780 404 2268    -7703791    -14         285    -17   33  26  125  -14  184   -9  184   -9  22  0  0 L3P 48
G16 FF 61070 065400  780 504  851    -1979721    -94         256    -19   31  29  105   -2  176   -1  176   -1  24  0  0 L3P 1D
G26 FF 61070 065400  780 338 1253    +3192937    +73         303    +13   54  74  146  +18  218  +10  218   10  41  0  0 L3P 41
G31 FF 61070 065400  780 239 1314    +1698477    +18         268    +40   51  84  199  +46  258  +17  258   17  36  0  0 L3P 6D
G03 FF 61070 071000  780 592 3594    -5843940    +72         259    -38   23  69   95   +9  173  +35  173   35  18  0  0 L3P 49
G04 FF 61070 071000  780 654 1666     -412112    -26         245     -4   21 192   89   -1  152  -13  152  -13  16  0  0 L3P 0D
G06 FF 61070 071000  780 138 2503    +6069479     +3         291    -25   33  15  335  +28  273  +31  273   31  26  0  0 L3P 34
G07 FF 61070 071000  780 256 2884    +1421929    +39         258    -12   42  20  188  -37  250  -32  250  -32  31  0  0 L3P 54
G09 FF 61070 071000  780 459 2209    -7703807     -3         267     -5   20  26  113  -11  172  -17  172  -17  14  0  0 L3P 2E
G16 FF 61070 071000  780 508  970    -1979800    -73         249     +2   39  29  105   +1  171  -15  171  -15  29  0  0 L3P 29
G26 FF 61070 071000  780 290 1302    +3192994    +50         304     -9   32  74  167  +28  234  +15  234   15  23  0  0 L3P 2E
G31 FF 61070 071000  780 183 1282    +1698438    -44         251    -22   46  84  256  +75  301  +45  301   45  36  0  0 L3P 4C
G03 FF 61070 072600  780 508    4    -5843839   +109         253     -1   24  69  105  +13  186  +20  186   20  17  0  0 L3P 13
G04 FF 61070 072600  780 668 1481     -412143    -24         235     -2   16 192   88   +0  148   -5  148   -5   9  0  0 L3P F1
G07 FF 61070 072600  780 308 2820    +1421978    +53         258     +2   48  20  159  -25  213  -29  213  -29  32  0  0 L3P 48
G09 FF 61070 072600  780 516 2147    -7703817     -8         255    -11   19  26  104   -9  160   -9  160   -9  15  0  0 L3P 1C
G16 FF 61070 072600  780 492 1082    -1979880    -81         240     -6   30  29  107   +4  169   +0  169    0  22  0  0 L3P 09
G26 FF 61070 072600  780 236 1338    +3193033    +80         285    +21   45  74  201  +45  262  +13  262   13  36  0  0 L3P 3C
G03 FF 61070 074200  780 426   10    -5843740   +169         246    +59   38  69  120  +19  209  -39  209  -39  32  0  0 L3P 57
G04 FF 61070 074200  780 667 1286     -412165    -32         233    -10   14 192   88   +1  146   +6  146    6  10  0  0 L3P F7
G07 FF 61070 074200  780 358 2749    +1422020    +56         251     +5   37  20  139  -17  192  -26  192  -26  28  0  0 L3P 47
G09 FF 61070 074200  780 576 2081    -7703817     +6         253     +4   18  26   96   -7  147  -18  147  -18  13  0  0 L3P 26
G16 FF 61070 074200  780 461 1178    -1979954   -106         238    -31   41  29  113   +7  172  +20  172   20  31  0  0 L3P 48
G26 FF 61070 074200  780 180 1362    +3193089    +56         284     -3   42  74  260  +81  291  +13  291   13  30  0  0 L3P 34
G04 FF 61070 075800  780 649 1099     -412182    -18         237     +3   20 192   90   +2  143   +1  143    1  16  0  0 L3P E4
G07 FF 61070 075800  780 406 2669    +1422058    +75         240    +24   41  20  125  -12  179  -27  179  -27  30  0  0 L3P 5A
G09 FF 61070 075800  780 638 2003    -7703822     +7         245     +4   14  26   91   -5  142  -15  142  -15  11  0  0 L3P 07
G16 FF 61070 075800  780 417 1252    -1980041    -32         223    +43   34  29  122  +12  186  -23  186  -23  24  0  0 L3P 4C
G03 FF 61070 081400  780 269   22    -5843504   +249         273   +139   58  98  178  +47  243  -73  243  -73  46  0  0 L3P 7A
G04 FF 61070 081400  780 617  937     -412229    -25         213     -3   21 193   92   +3  152   +0  152    0  16  0  0 L3P C7
G07 FF 61070 081400  780 452 2581    +1422102    +61         235    +10   32  22  114   -9  165  -20  165  -20  25  0  0 L3P 1F
G09 FF 61070 081400  780 701 1901    -7703823     -8         244    -10   18  40   86   -4  131   -9  131   -9  14  0  0 L3P F7
G16 FF 61070 081400  780 365 1307    -1980105    -48         236    +27   29  51  136  +18  182  -16  182  -16  21  0  0 L3P 59
G03 FF 61070 083000  780 196   30    -5843396    +36         275    -74   64  98  240  +86  282  +88  282   88  52  0  0 L3P 51
G04 FF 61070 083000  780 574  804     -412248    -34         215    -13   21 193   96   +5  149  +10  149   10  15  0  0 L3P 07
G07 FF 61070 083000  780 495 2483    +1422148    +18         232    -33   22  22  107   -7  150   +5  150    5  16  0  0 L3P FF
G09 FF 61070 083000  780 761 1738    -7703825     -6         241     -8   16  40   84   -2  121   -4  121   -4  12  0  0 L3P E3
G16 FF 61070 083000  780 309 1343    -1980174    -62         240    +13   30  51  158  +28  194  +10  194   10  24  0  0 L3P 38
G30 FF 61070 083000  780 228 2688    -1044739   -161         256    -36   56  79  209  -41  207   +2  207    2  44  0  0 L3P 43
G04 FF 61070 084600  780 522  696     -412259    -20         225     +2   23 193  103   +8  151  +15  151   15  16  0  0 L3P 01
G07 FF 61070 084600  780 535 2373    +1422196     +6         231    -46   13  22  101   -5  138  +18  138   18  10  0  0 L3P 18
G08 FF 61070 084600  780 294  646    -4981917    +79         223    +32   57  61  165  -22  239  -57  239  -57  49  0  0 L3P 79
G09 FF 61070 084600  780 807 1410    -7703824     -1         239     -3   13  40   82   -1  117   -2  117   -2  11  0  0 L3P D9
G16 FF 61070 084600  780 249 1366    -1980248   -126         237    -51   54  51  192  +44  215  +49  215   49  37  0  0 L3P 76
G21 FF 61070 084600  780 150 2227    -3899992    -35         238    +31   35 170  311  -93  237  -56  237  -56  25  0  0 L3P 83
G27 FF 61070 084600  780 248  995     +295848   +102         250    +15   43 180  193   -9  218  -18  218  -18  31  0  0 L3P 5D
G30 FF 61070 084600  780 274 2625    -1044871   -149         244    -24   53  79  176  -28  192  -15  192  -15  38  0  0 L3P 84
G04 FF 61070 090200  780 465  610     -412283    -11         222    +10   29 193  112  +11  169  +11  169   11  21  0  0 L3P 11
G07 FF 61070 090200  780 569 2250    +1422238    +57         223     +6   14  22   97   -4  129  -19  129  -19  11  0  0 L3P 20
G08 FF 61070 090200  780 333  720    -4981871    +52         224     +5   52  61  148  -15  206  -37  206  -37  41  0  0 L3P 32
G09 FF 61070 090200  780 804  905    -7703821     -5         240     -7   18  40   82   +1  113   +1  113    1  13  0  0 L3P B0
G16 FF 61070 090200  780 189 1376    -1980282     +2         276    +77   40  51  248  +77  209  -34  209  -34  36  0  0 L3P 5C
G21 FF 61070 090200  780 192 2277    -3900074     +7         219    +73   32 170  246  -48  223  -70  223  -70  23  0  0 L3P 4F
G30 FF 61070 090200  780 320 2560    -1045009   -134         226     -9   35  79  153  -20  182  -15  182  -15  25  0  0 L3P 47
G04 FF 61070 091800  780 405  539     -412306    -16         220     +6   38 193  125  +16  190  +20  190   20  31  0  0 L3P 0E
G07 FF 61070 091800  780 598 2111    +1422282    +68         219    +17   14  22   94   -2  123  -17  123  -17  10  0  0 L3P 27
G08 FF 61070 091800  780 364  802    -4981822    +53         228     +6   40  61  137   -9  179  -22  179  -22  30  0  0 L3P 32
G09 FF 61070 091800  780 753  592    -7703823    +10         236     +8   19  40   84   +3  115   +3  115    3  15  0  0 L3P DB
G21 FF 61070 091800  780 226 2337    -3900131    +15         225    +81   18 170  211  -27  194  -76  194  -76  13  0  0 L3P 68
G30 FF 61070 091800  780 366 2491    -1045109   -110         246    +15   29  79  136  -15  149  -31  149  -31  23  0  0 L3P 6B
G07 FF 61070 093400  780 618 1958    +1422332    +37         219    -14   14  22   92   -1  120   +8  120    8  11  0  0 L3P F0
G08 FF 61070 093400  780 384  892    -4981766    +65         240    +19   34  61  131   -4  158  -27  158  -27  25  0  0 L3P 53
G09 FF 61070 093400  780 684  444    -7703821    +17         236    +15   22  40   87   +5  122   -5  122   -5  17  0  0 L3P FB
G21 FF 61070 093400  780 250 2407    -3900199   -112         220    -46   24 170  192  -14  185  +20  185   20  19  0  0 L3P 5F
G30 FF 61070 093400  780 412 2419    -1045229   -149         246    -24   24  79  123  -12  135   +3  135    3  18  0  0 L3P 2F
G07 FF 61070 095000  780 630 1793    +1422385    +82         223    +31   18  22   91   -1  112  -27  112  -27  13  0  0 L3P 1D
G08 FF 61070 095000  780 391  985    -4981729    +22         232    -24   34  61  129   +0  153   +4  153    4  26  0  0 L3P 08
G09 FF 61070 095000  780 609  359    -7703833     -5         221     -8   18  40   93   +7  137  +14  137   14  13  0  0 L3P F8
G14 FF 61070 095000  780 337 3097    -7318450    -55         228    -33   53 161  147  -26  188  +15  188   15  43  0  0 L3P 72
G21 FF 61070 095000  780 263 2483    -3900270    -87         213    -21   22 170  183   -5  184   +6  184    6  19  0  0 L3P 25
G27 FF 61070 095000  780 210 1281     +296179    +96         249    +10   41 180  225  +31  205   -4  205   -4  30  0  0 L3P 20
G30 FF 61070 095000  780 458 2342    -1045357   -131         238     -6   29  79  113   -9  129   -4  129   -4  21  0  0 L3P 27
G05 FF 61070 100600  780 124 2294    +2281470    +37         269    +31   33  54  370  -52  202  -27  202  -27  24  0  0 L3P 42
G07 FF 61070 100600  780 631 1622    +1422442    +32         236    -19   20  23   91   +0  104  +10  104   10  16  0  0 L3P EC
G08 FF 61070 100600  780 384 1077    -4981687    +41         224     -5   44  62  131   +4  145   -6  145   -6  32  0  0 L3P 11
G09 FF 61070 100600  780 533  304    -7703827    +53         228    +51   36  41  101  +10  145  -23  145  -23  27  0  0 L3P 2D
G14 FF 61070 100600  780 401 3041    -7318473     -7         228    +14   48 162  126  -17  177  -18  177  -18  34  0  0 L3P 5A
G21 FF 61070 100600  780 263 2563    -3900319    -52         227    +14   26 171  182   +3  174   -6  174   -6  18  0  0 L3P 2A
G30 FF 61070 100600  780 505 2259    -1045473   -142         238    -17   24   4  105   -7  123   +2  123    2  19  0  0 L3P F9
G05 FF 61070 102200  780 137 2360    +2281477     -8         270    -14   40  54  337  -19  192   +7  192    7  29  0  0 L3P 16
G07 FF 61070 102200  780 620 1456    +1422482    +60         227     +9   26  23   92   +1  103  -15  103  -15  17  0  0 L3P FF
G08 FF 61070 102200  780 363 1161    -4981647    +48         220     +1   36  62  137   +9  146  +17  146   17  27  0  0 L3P 26
G09 FF 61070 102200  780 456  264    -7703833    +14         219    +12   33  41  113  +15  166  +16  166   16  22  0  0 L3P 26
G14 FF 61070 102200  780 462 2972    -7318497     -7         225    +14   27 162  113  -12  158  -36  158  -36  20  0  0 L3P 5B
G21 FF 61070 102200  780 253 2643    -3900392    -10         217    +56   35 171  189  +11  184  -30  184  -30  24  0  0 L3P 55
G30 FF 61070 102200  780 551 2167    -1045594   -127         237     -2   21   4   99   -6  110   -8  110   -8  16  0  0 L3P EE
G05 FF 61070 103800  780 140 2429    +2281481    +11         269     +6   49  54  330   +4  188   -1  188   -1  36  0  0 L3P 0C
G07 FF 61070 103800  780 600 1301    +1422532    +70         228    +19   27  23   94   +2  102  -14  102  -14  22  0  0 L3P 04
G08 FF 61070 103800  780 330 1233    -4981596    +80         226    +33   31  62  149  +16  157   -7  157   -7  24  0  0 L3P 3B
G09 FF 61070 103800  780 380  235    -7703825    +31         225    +28   44  41  132  +23  174  -13  174  -13  36  0  0 L3P 39
G14 FF 61070 103800  780 521 2888    -7318522     -1         221    +21   24 162  103   -8  138  -33  138  -33  17  0  0 L3P 3A
G21 FF 61070 103800  780 232 2721    -3900455    -94         218    -28   45 171  205  +22  193  +32  193   32  32  0  0 L3P 50
G22 FF 61070 103800  780 339 3006     +527873    -21         227    +26   35  81  146  -22  181  -50  181  -50  27  0  0 L3P 3E
G30 FF 61070 103800  780 597 2062    -1045725   -118         226     +7   17   4   94   -4  112   -8  112   -8  12  0  0 L3P F4
G05 FF 61070 105400  780 133 2499    +2281495    +17         277    +12   45  54  346  +29  191   +5  191    5  31  0  0 L3P 2C
G07 FF 61070 105400  780 571 1162    +1422590    +49         237     -2   37  23   97   +4   97  +13   97   13  26  0  0 L3P F5
G08 FF 61070 105400  780 287 1292    -4981540    +19         237    -27   52  62  168  +25  162  +37  162   37  36  0  0 L3P 5D
G09 FF 61070 105400  780 306  214    -7703810    +47         238    +45   71  41  159  +35  188  +10  188   10  52  0  0 L3P 35
G13 FF 61070 105400  780 172 2209    -6881977    -67         271    -78   53 100  274  -96  174  +24  174   24  39  0  0 L3P 7C
G14 FF 61070 105400  780 575 2783    -7318535    -23         229     -1   26 162   96   -6  120   -3  120   -3  20  0  0 L3P 08
G17 FF 61070 105400  780 191 3542     +479863   +131         241    +20   69  76  248  -87  266  -97  266  -97  59  0  0 L3P 88
G21 FF 61070 105400  780 203 2793    -3900503     +8         233    +74   41 171  232  +36  199  -38  199  -38  28  0  0 L3P 61
G22 FF 61070 105400  780 395 2941     +527828    -27         227    +20   37  81  128  -15  167  -38  167  -38  28  0  0 L3P 5E
G30 FF 61070 105400  780 640 1936    -1045837   -125         234     +0   20   4   90   -3   99   +1   99    1  15  0  0 L3P C1
G07 FF 61070 111000  780 535 1040    +1422636    +76         233    +24   31  23  101   +5  108  -14  108  -14  21  0  0 L3P 13
G08 FF 61070 111000  780 238 1337    -4981491    +51         242     +4   49  62  200  +42  167   +9  167    9  37  0  0 L3P 19
G13 FF 61070 111000  780 233 2217    -6881983    +16         255     +5   33 100  205  -53  155  -25  155  -25  24  0  0 L3P 47
G14 FF 61070 111000  780 621 2652    -7318556    -19         228     +2   26 162   92   -4  113  -21  113  -21  19  0  0 L3P 20
G22 FF 61070 111000  780 449 2864     +527780    -46         223     +1   36  81  115  -11  145  -19  145  -19  29  0  0 L3P 32
G30 FF 61070 111000  780 678 1779    -1045953   -144         238    -19   23   4   88   -2   87   -6   87   -6  16  0  0 L3P 07
G07 FF 61070 112600  780 493  934    +1422696    +25         245    -27   27  23  107   +7  109  +22  109   22  18  0  0 L3P 24
G13 FF 61070 112600  780 294 2237    -6881971    -49         256    -60   29 100  165  -32  130  +22  130   22  21  0  0 L3P 51
G14 FF 61070 112600  780 656 2490    -7318577    -38         229    -16   21 162   89   -2  102   +2  102    2  15  0  0 L3P 11
G22 FF 61070 112600  780 499 2775     +527742    -29         230    +18   26  81  106   -8  123  -27  123  -27  18  0  0 L3P 3D
G30 FF 61070 112600  780 706 1580    -1046080   -143         232    -18   16   4   86   -1   84   +8   84    8  13  0  0 L3P D7
G07 FF 61070 114200  780 448  841    +1422737    +48         237     -4   35  23  115  +10  126   +4  126    4  25  0  0 L3P F0
G13 FF 61070 114200  780 353 2270    -6881976    +16         240     +5   29 100  141  -21  122  -18  122  -18  23  0  0 L3P 40
G14 FF 61070 114200  780 676 2299    -7318599     +1         227    +22   18 162   88   -1   94  -28   94  -28  12  0  0 L3P 2D
G22 FF 61070 114200  780 544 2670     +527683    -48         216     -2   27  81  100   -6  118  -15  118  -15  21  0  0 L3P 15
G30 FF 61070 114200  780 715 1345    -1046204   -108         227    +17   17   4   86   +0   84  -16   84  -16  12  0  0 L3P FE
G07 FF 61070 115800  780 398  760    +1422786    +27         236    -24   36  23  126  +14  137  +27  137   27  27  0  0 L3P 44
G13 FF 61070 115800  780 409 2322    -6881964    +15         241     +4   34 100  124  -14  107  -25  107  -25  24  0  0 L3P 45
G14 FF 61070 115800  780 680 2094    -7318627    -14         219     +8   19 162   88   +0   92  -19   92  -19  16  0  0 L3P 29
G15 FF 61070 115800  780 143 2233    -3813529    +24         261    +60   55  75  325  -97  166  -87  166  -87  40  0  0 L3P 70
G22 FF 61070 115800  780 583 2546     +527644    -72         222    -26   19  81   96   -4  103  +13  103   13  14  0  0 L3P 0E
G30 FF 61070 115800  780 702 1109    -1046332   -133         219     -8   22   4   86   +1   84   -5   84   -5  17  0  0 L3P D0
G07 FF 61070 121400  780 347  689    +1422822    +43         224     -8   49  48  142  +19  151   +1  151    1  37  0  0 L3P FC
G13 FF 61070 121400  780 457 2395    -6881965    -36         227    -48   35 101  114   -9  100  +22  100   22  26  0  0 L3P 43
G14 FF 61070 121400  780 667 1901    -7318648    -27         223     -5   23 163   88   +1   83  -12   83  -12  17  0  0 L3P 14
G15 FF 61070 121400  780 183 2279    -3813580    -12         242    +23   40  77  257  -51  139  -59  139  -59  33  0  0 L3P 67
G17 FF 61070 121400  780 567 3562     +480364   +100         204    -11   24  81   97   -9  123  -25  123  -25  18  0  0 L3P 28
G22 FF 61070 121400  780 613 2403     +527595    -55         213     -9   28  82   93   -2   93  -17   93  -17  22  0  0 L3P F2
G30 FF 61070 121400  780 669  913    -1046461   -114         209    +11   28  31   88   +3   84  -14   84  -14  19  0  0 L3P 0C
G07 FF 61070 123000  780 294  627    +1422905    -13         257    -64   67  48  165  +28  144  +80  144   80  50  0  0 L3P 3E
G13 FF 61070 123000  780 493 2491    -6881952    +19         229     +8   30 101  107   -5   93   +1   93    1  20  0  0 L3P E8
G14 FF 61070 123000  780 642 1732    -7318669     +5         222    +26   28 163   90   +2   85  -11   85  -11  21  0  0 L3P 06
G15 FF 61070 123000  780 216 2335    -3813619    -21         237    +15   58  77  219  -29  125  -11  125  -11  43  0  0 L3P 4E
G17 FF 61070 123000  780 649 3574     +480469   +118         202     +6   23  81   90   -6  111   -7  111   -7  18  0  0 L3P F8
G22 FF 61070 123000  780 633 2241     +527550    -21         212    +26   18  82   91   -1   86   -8   86   -8  14  0  0 L3P CF
G30 FF 61070 123000  780 622  764    -1046581    -97         209    +28   29  31   92   +5   94   +5   94    5  20  0  0 L3P D1
G13 FF 61070 124600  780 512 2608    -6881945    +15         226     +3   30 101  104   -2   99   -4   99   -4  22  0  0 L3P FA
G14 FF 61070 124600  780 610 1589    -7318680    -11         231    +10   20 163   93   +3   82   -8   82   -8  14  0  0 L3P F7
G15 FF 61070 124600  780 240 2399    -3813631    -50         258    -15   53  77  199  -16  115  +14  115   14  40  0  0 L3P 4D
G17 FF 61070 124600  780 732    7     +480592   +130         218    +18   23  81   85   -4   97  -18   97  -18  17  0  0 L3P EC
G22 FF 61070 124600  780 641 2069     +527526    -19         233    +28   18  82   90   +0   73  -29   73  -29  13  0  0 L3P 05
G30 FF 61070 124600  780 566  652    -1046693   -112         217    +13   37  31   97   +7  112  +10  112   10  27  0  0 L3P 0F
G13 FF 61070 130200  780 511 2734    -6881932    +16         227     +4   30 101  104   +2   94  -10   94  -10  22  0  0 L3P FF
G14 FF 61070 130200  780 573 1468    -7318708    -19         224     +2   32 163   97   +4   81  -17   81  -17  24  0  0 L3P 17
G15 FF 61070 130200  780 255 2470    -3813684    -49         239    -13   43  77  188   -6  132  +11  132   11  35  0  0 L3P 37
G17 FF 61070 130200  780 811  129     +480704   +130         223    +19   24  81   82   -2   87  -22   87  -22  19  0  0 L3P F2
G19 FF 61070 130200  780 591 3383    -6879169    -43         235    -26   29  63   95   -9  106   -2  106   -2  23  0  0 L3P 26
G22 FF 61070 130200  780 637 1896     +527480    -63         232    -17   24  82   91   +1   73   +5   73    5  15  0  0 L3P CD
G30 FF 61070 130200  780 505  567    -1046819   -176         211    -51   30  31  105  +10  124  +44  124   44  21  0  0 L3P 25
G13 FF 61070 131800  780 491 2855    -6881923     -3         226    -14   41 101  107   +5  106  +28  106   28  32  0  0 L3P 31
G14 FF 61070 131800  780 533 1362    -7318726     +4         228    +26   32 163  101   +5   79  -15   79  -15  26  0  0 L3P 24
G15 FF 61070 131800  780 258 2546    -3813720    -46         237    -10   59  77  186   +1  140  +23  140   23  44  0  0 L3P 36
G17 FF 61070 131800  780 857  815     +480816   +131         228    +20   24  81   82   +0   84   -9   84   -9  19  0  0 L3P E7
G19 FF 61070 131800  780 674 3344    -6879172     +7         248    +24   32  63   88   -6   92  -23   92  -23  20  0  0 L3P 18
G22 FF 61070 131800  780 623 1732     +527431    -29         228    +17   20  82   92   +2   75   -7   75   -7  14  0  0 L3P D9
G30 FF 61070 131800  780 441  500    -1046939    -90         210    +35   46  31  116  +14  142   +0  142    0  33  0  0 L3P EB
G13 FF 61070 133400  780 453 2961    -6881911     +5         227     -7   47 101  114   +9  117   +5  117    5  33  0  0 L3P FE
G14 FF 61070 133400  780 492 1268    -7318738    +25         235    +46   35 163  107   +7   83  -26   83  -26  27  0  0 L3P 47
G15 FF 61070 133400  780 250 2623    -3813745    -77         246    -42   74  77  191   +9  140  +35  140   35  54  0  0 L3P 40
G17 FF 61070 133400  780 800 1344     +480923    +87         229    -25   26  81   83   +2   80   +9   80    9  19  0  0 L3P D6
G19 FF 61070 133400  780 757 3278    -6879182    -23         255     -6   23  63   84   -3   79  -15   79  -15  18  0  0 L3P 2B
G22 FF 61070 133400  780 600 1583     +527386    -86         227    -39   25  82   94   +3   74  +16   74   16  19  0  0 L3P 03
G13 FF 61070 135000  780 405 3050    -6881892     +9         235     -2   44 101  125  +14  123  +14  123   14  30  0  0 L3P 17
G14 FF 61070 135000  780 451 1181    -7318766     +4         229    +25   37 163  115   +9   98  -12   98  -12  26  0  0 L3P 2C
G15 FF 61070 135000  780 233 2699    -3813786    -72         239    -37  106  77  204  +18  159  +48  159   48  73  0  0 L3P 86
G17 FF 61070 135000  780 722 1430     +481022   +114         220     +2   40  81   85   +4   75  -18   75  -18  28  0  0 L3P E8
G19 FF 61070 135000  780 835 3092    -6879201     -5         252    +12   17  63   82   -1   70  -20   70  -20  13  0  0 L3P F0
G22 FF 61070 135000  780 571 1450     +527340    -41         226     +5   27  82   97   +4   76   -1   76   -1  18  0  0 L3P C0
G24 FF 61070 135000  780 220 2245    +1421989   -228         268    -73   58  45  217  -57  123  +43  123   43  38  0  0 L3P 65
G06 FF 61070 140600  780 342  259    +6070125    +18         217    -10   47  42  145  -27  161  -22  161  -22  34  0  0 L3P 2F
G13 FF 61070 140600  780 349 3122    -6881877     +8         241     -3   44 102  142  +21  146  +41  146   41  35  0  0 L3P 2D
G14 FF 61070 140600  780 409 1101    -7318780    -48         238    -27   46 164  124  +11  105  +28  105   28  34  0  0 L3P 55
G15 FF 61070 140600  780 207 2771    -3813792    +39         259    +74   82  78  228  +31  161  -32  161  -32  58  0  0 L3P 6A
G17 FF 61070 140600  780 644 1444     +481135   +136         228    +25   21  83   90   +6   79   +1   79    1  15  0  0 L3P DC
G19 FF 61070 140600  780 860 2067    -6879202    -35         270    -18   35  77   82   +0   57   +9   57    9  27  0  0 L3P FD
G22 FF 61070 140600  780 537 1331     +527301    -17         231    +30   26  83  101   +5   80  -21   80  -21  20  0  0 L3P E2
G24 FF 61070 140600  780 279 2257    +1421840   -132         267    +22   58  46  174  -35  107  -39  107  -39  41  0  0 L3P 71
G06 FF 61070 142200  780 412  304    +6070154    -16         219    -44   34  42  123  -18  140  +23  140   23  24  0  0 L3P 11
G12 FF 61070 142200  780 136 2513    +6070943    +82         251    +79   68  90  341 -109  167  -94  167  -94  46  0  0 L3P 80
G14 FF 61070 142200  780 366 1026    -7318798    -75         241    -54   42 164  136  +14  113  +47  113   47  31  0  0 L3P 5D
G17 FF 61070 142200  780 568 1434     +481247   +115         233     +3   21  83   97   +8   82   -2   82   -2  15  0  0 L3P D5
G19 FF 61070 142200  780 791 1693    -6879215    -26         274     -8   18  77   83   +2   49   -5   49   -5  14  0  0 L3P 02
G22 FF 61070 142200  780 499 1224     +527248    -69         222    -22   39  83  106   +6   88  +13   88   13  26  0  0 L3P 0F
G24 FF 61070 142200  780 337 2281    +1421684   -161         259     -6   38  46  147  -23   99  -10   99  -10  32  0  0 L3P 3D
G06 FF 61070 143800  780 482  362    +6070188    +59         226    +31   28  42  109  -12  129  -32  129  -32  23  0  0 L3P 44
G12 FF 61070 143800  780 181 2461    +6070961    -20         267    -24   88  90  260  -65  130   -9  130   -9  65  0  0 L3P 3A
G14 FF 61070 143800  780 323  956    -7318812     -2         247    +20   50 164  152  +19  115   -3  115   -3  38  0  0 L3P 1A
G17 FF 61070 143800  780 496 1414     +481352   +128         230    +17   34  83  107  +12   77   -9   77   -9  27  0  0 L3P 1D
G19 FF 61070 143800  780 716 1594    -6879242     -6         263    +11   23  77   86   +4   54  -12   54  -12  19  0  0 L3P 14
G22 FF 61070 143800  780 459 1126     +527205    -77         224    -30   32  83  113   +8   90  +31   90   31  27  0  0 L3P F8
G24 FF 61070 143800  780 393 2321    +1421523   -119         246    +36   36  46  128  -15   98  -43   98  -43  29  0  0 L3P 57
G06 FF 61070 145400  780 547  443    +6070231    +58         241    +30   31  42  100   -8  102  -30  102  -30  24  0  0 L3P 05
G12 FF 61070 145400  780 227 2410    +6070935     +4         237     +0   58  90  210  -43  130   -5  130   -5  42  0  0 L3P F0
G17 FF 61070 145400  780 426 1386     +481464    +37         235    -75   38  83  120  +16   76  +74   76   74  26  0  0 L3P 2F
G19 FF 61070 145400  780 644 1533    -6879270    -18         251     -1   27  77   90   +6   61  +10   61   10  19  0  0 L3P F7
G22 FF 61070 145400  780 416 1038     +527136    -79         200    -32   30  83  122  +11  110  +39  110   39  19  0  0 L3P 1D
G24 FF 61070 145400  780 444 2380    +1421363   -141         235    +14   25  46  116  -10   93   -8   93   -8  20  0  0 L3P 13
G06 FF 61070 151000  780 602  558    +6070277    +34         260     +6   29  42   94   -5   83  -22   83  -22  21  0  0 L3P E4
G11 FF 61070 151000  780 324 3589    +4561399   -198         264    -67   64   6  152  -33  143  +74  143   74  59  0  0 L3P 69
G12 FF 61070 151000  780 276 2360    +6070959    +23         258    +20   37  90  175  -30  103  -30  103  -30  28  0  0 L3P 40
G17 FF 61070 151000  780 361 1353     +481555    +58         220    -53   47  83  138  +22   97  +56   97   56  33  0  0 L3P 24
G19 FF 61070 151000  780 575 1482    -6879273    +10         265    +27   28  77   96   +7   56  -13   56  -13  21  0  0 L3P 28
G22 FF 61070 151000  780 372  956     +527127    -23         236    +24   45  83  134  +14   99  -15   99  -15  32  0  0 L3P 16
G24 FF 61070 151000  780 486 2461    +1421223   -148         244     +7   30  46  108   -6   88  -10   88  -10  19  0  0 L3P 1A
G06 FF 61070 152600  780 640  718    +6070309    +40         265    +11   30  42   90   -2   70   -8   70   -8  22  0  0 L3P C7
G12 FF 61070 152600  780 327 2312    +6070943    +37         239    +34   39  90  150  -22  107  -39  107  -39  29  0  0 L3P 5A
G17 FF 61070 152600  780 299 1316     +481685   +138         243    +27   57  83  162  +31   96  +14   96   14  40  0  0 L3P 39
G19 FF 61070 152600  780 509 1435    -6879287    -44         267    -27   19  77  104  +10   60  +31   60   31  14  0  0 L3P 35
G22 FF 61070 152600  780 326  881     +527087    -17         241    +29   33  83  150  +20  113   +2  113    2  27  0  0 L3P ED
G24 FF 61070 152600  780 515 2565    +1421086   -143         255    +12   41  46  104   -3   80   +0   80    0  30  0  0 L3P E2
G06 FF 61070 154200  780 649  908    +6070336    +27         264     -2   28  42   90   +0   69   -5   69   -5  21  0  0 L3P D1
G11 FF 61070 154200  780 481    9    +4561127   -129         244     +3   35   6  109  -14  120  -34  120  -34  24  0  0 L3P F7
G12 FF 61070 154200  780 382 2264    +6070958    +30         251    +26   27  90  132  -17   87  -38   87  -38  20  0  0 L3P 3D
G17 FF 61070 154200  780 240 1276     +481774   +182         225    +71   58  83  198  +45  137  -40  137  -40  43  0  0 L3P 62
G19 FF 61070 154200  780 447 1389    -6879289    -11         281     +6   43  77  115  +13   58   -3   58   -3  29  0  0 L3P 22
G24 FF 61070 154200  780 527 2687    +1420942   -150         259     +5   34  46  102   +0   84   -1   84   -1  23  0  0 L3P F2
G06 FF 61070 155800  780 627 1085    +6070371    +48         272    +20   26  42   91   +3   65  -17   65  -17  18  0  0 L3P 16
G11 FF 61070 155800  780 562   25    +4561014   -155         258    -23   26   6   98  -10   94   -1   94   -1  18  0  0 L3P DD
G12 FF 61070 155800  780 439 2218    +6070967     +3         257     +0   23  90  117  -13   73  -13   73  -13  18  0  0 L3P 0E
G19 FF 61070 155800  780 389 1342    -6879298    -19         289     -2   31  77  129  +16   65   +9   65    9  21  0  0 L3P 27
G24 FF 61070 155800  780 519 2814    +1420796   -170         262    -15   42  46  103   +3   89  +10   89   10  30  0  0 L3P 24
G06 FF 61070 161400  780 582 1216    +6070417    +26         287     -2   26  45   96   +6   58   +4   58    4  20  0  0 L3P D1
G11 FF 61070 161400  780 644   54    +4560875   -101         247    +31   24   7   90   -6   87  -41   87  -41  17  0  0 L3P F0
G12 FF 61070 161400  780 499 2173    +6070974    +20         261    +16   19 113  106  -10   59  -26   59  -26  15  0  0 L3P 45
G19 FF 61070 161400  780 335 1294    -6879312    -67         290    -50   48  78  147  +21   66  +57   66   57  37  0  0 L3P 52
G24 FF 61070 161400  780 493 2931    +1420642   -166         261    -12   37  47  107   +6   99  +20   99   20  27  0  0 L3P 2B
G06 FF 61070 163000  780 523 1300    +6070444    +22         285     -7   27  45  103   +9   63   +4   63    4  18  0  0 L3P CB
G11 FF 61070 163000  780 725  118    +4560760   -107         258    +25   22   7   85   -4   69  -25   69  -25  15  0  0 L3P 05
G12 FF 61070 163000  780 563 2129    +6070980     +8         264     +5   26 113   98   -8   52   -4   52   -4  18  0  0 L3P DC
G19 FF 61070 163000  780 283 1245    -6879318    +53         300    +70   55  78  170  +28   70  -30   70  -30  40  0  0 L3P 33
G24 FF 61070 163000  780 451 3031    +1420496   -166         262    -12   39  47  114  +10  109  +23  109   23  27  0  0 L3P 44
G25 FF 61070 163000  780 179 2288    -4466839    +65         280    +41   54  38  264  -82   83  -34   83  -34  39  0  0 L3P 5B
G06 FF 61070 164600  780 457 1349    +6070472    +17         286    -12   32  45  113  +13   55   +4   55    4  24  0  0 L3P FE
G11 FF 61070 164600  780 798  303    +4560632   -137         256     -5   25   7   83   -2   55  -12   55  -12  18  0  0 L3P F1
G12 FF 61070 164600  780 630 2083    +6070981     +7         261     +4   19 113   91   -6   49   -9   49   -9  14  0  0 L3P E4
G24 FF 61070 164600  780 400 3114    +1420345   -136         260    +19   47  47  126  +15  120  -14  120  -14  34  0  0 L3P 46
G25 FF 61070 164600  780 236 2266    -4466827    +91         269    +67   56  38  202  -49   68  -74   68  -74  40  0  0 L3P 66
G06 FF 61070 170200  780 389 1375    +6070478    +75         265    +46   40  45  129  +20   68  -34   68  -34  30  0  0 L3P 44
G11 FF 61070 170200  780 828  843    +4560503   -157         254    -25   29   7   82   +0   43  +12   43   12  20  0  0 L3P DF
G12 FF 61070 170200  780 700 2032    +6070986    +12         263     +8   25 113   87   -4   37  -15   37  -15  18  0  0 L3P 04
G24 FF 61070 170200  780 343 3182    +1420163   -308         227   -153   69  47  144  +22  145 +101  145  101  52  0  0 L3P 78
G25 FF 61070 170200  780 297 2251    -4466811    +35         262    +11   37  38  164  -32   51  -15   51  -15  27  0  0 L3P 2E
G29 FF 61070 170200  780 163 2676    +3841246    -22         288    +44   84 180  287  -76  157  -69  157  -69  64  0  0 L3P 9C
G06 FF 61070 171800  780 322 1385    +6070507    +32         267     +4   46  45  152  +29   75  +14   75   14  31  0  0 L3P 12
G11 FF 61070 171800  780 780 1259    +4560365   -151         243    -19   29   7   83   +2   48  +15   48   15  21  0  0 L3P 0A
G12 FF 61070 171800  780 773 1962    +6070986     +1         260     -3   30 113   83   -3   40   +4   40    4  20  0  0 L3P B9
G24 FF 61070 171800  780 284 3240    +1420043    -31         255   +123  123  47  170  +34  126 -108  126 -108 105  0  0 L3P 93
G25 FF 61070 171800  780 359 2244    -4466774    +25         276     +1   35  38  138  -22   33   -8   33   -8  23  0  0 L3P 0F
G29 FF 61070 171800  780 207 2616    +3841188   -113         293    -47   81 180  229  -47  112   +9  112    9  54  0  0 L3P 5C
G06 FF 61070 173400  780 255 1382    +6070570    +95         303    +66   45  45  187  +46   59  -31   59  -31  32  0  0 L3P 42
G11 FF 61070 173400  780 707 1380    +4560242   -128         247     +4   30   7   86   +4   48   -5   48   -5  20  0  0 L3P D5
G12 FF 61070 173400  780 847 1780    +6071003     +6         274     +3   25 113   82   -1   34   +2   34    2  19  0  0 L3P B7
G21 FF 61070 173400  780 365  564    -3902067    -93         271    -27   38 175  137  -17   99   -3   99   -3  30  0  0 L3P 2E
G25 FF 61070 173400  780 424 2248    -4466746    +47         282    +23   25  38  121  -16   29  -16   29  -16  19  0  0 L3P 45
G29 FF 61070 173400  780 250 2555    +3841130    -18         298    +48   78 180  191  -32   84  -76   84  -76  57  0  0 L3P 6D
G05 FF 61070 175000  780 349  267    +2281653    -24         253    -29   61   7  142  -26  120   +8  120    8  44  0  0 L3P FE
G11 FF 61070 175000  780 632 1415    +4560128   -117         259    +15   26   7   91   +6   37   -7   37   -7  19  0  0 L3P F0
G12 FF 61070 175000  780 861  584    +6071007     +4         275     +0   19 113   81   +1   36   +3   36    3  13  0  0 L3P A2
G21 FF 61070 175000  780 411  645    -3902134    -47         268    +19   51 175  124  -11   83  -22   83  -22  36  0  0 L3P 2E
G25 FF 61070 175000  780 490 2267    -4466728    +23         276     -1   34  38  108  -11   28   -3   28   -3  26  0  0 L3P 06
G29 FF 61070 175000  780 295 2491    +3841073    -29         305    +37   49 180  165  -23   57  -21   57  -21  39  0  0 L3P 59
G05 FF 61070 180600  780 419  315    +2281663    +56         258    +50   40   8  122  -17  104  -40  104  -40  28  0  0 L3P 22
G11 FF 61070 180600  780 557 1419    +4560002    -91         260    +41   28   8   98   +9   40  -29   40  -29  18  0  0 L3P 03
G12 FF 61070 180600  780 786  309    +6071013     -2         279     -5   32 114   83   +2   34   +8   34    8  22  0  0 L3P B2
G21 FF 61070 180600  780 448  741    -3902196    -58         269     +8   37 176  115   -7   72  -19   72  -19  30  0  0 L3P 2C
G25 FF 61070 180600  780 555 2309    -4466705    +10         272    -14   31  48   99   -8   23   +9   23    9  20  0  0 L3P E8
G29 FF 61070 180600  780 340 2426    +3841008    -42         303    +24   35 181  145  -18   41  -14   41  -14  27  0  0 L3P 34
G05 FF 61070 182200  780 487  377    +2281678    +24         267    +19   35   8  108  -12   72  -36   72  -36  25  0  0 L3P 25
G11 FF 61070 182200  780 486 1407    +4559873    -97         258    +35   25   8  108  +12   46  -17   46  -17  17  0  0 L3P 3B
G12 FF 61070 182200  780 706  239    +6071007    +15         269    +12   25 114   86   +4   42   -1   42   -1  19  0  0 L3P D6
G21 FF 61070 182200  780 471  850    -3902274    -61         254     +5   33 176  111   -3   72  -20   72  -20  25  0  0 L3P FD
G25 FF 61070 182200  780 616 2386    -4466689    +22         265     -2   23  48   92   -5   23   -3   23   -3  17  0  0 L3P E6
G29 FF 61070 182200  780 386 2359    +3840942   -115         300    -49   28 181  130  -14   37  +30   37   30  19  0  0 L3P 4E
G05 FF 61070 183800  780 550  462    +2281676     +9         259     +4   31   8   99   -7   68   -5   68   -5  22  0  0 L3P C2
G11 FF 61070 183800  780 418 1386    +4559754   -101         266    +30   39   8  122  +16   56   -1   56   -1  28  0  0 L3P 18
G12 FF 61070 183800  780 624  201    +6071007    -20         266    -24   27 114   92   +7   56  +20   56   20  17  0  0 L3P EE
G21 FF 61070 183800  780 477  965    -3902317    -49         274    +17   40 176  110   +1   59  -16   59  -16  31  0  0 L3P 34
G25 FF 61070 183800  780 665 2518    -4466659    +38         272    +14   24  48   89   -3   20   -7   20   -7  18  0  0 L3P 09
G29 FF 61070 183800  780 433 2290    +3840874    -80         296    -14   31 181  118  -11   40   +6   40    6  23  0  0 L3P 15
G05 FF 61070 185400  780 603  581    +2281689    -15         267    -20   28   8   94   -4   56   +2   56    2  19  0  0 L3P CC
G11 FF 61070 185400  780 353 1359    +4559639   -135         276     -3   37   8  140  +22   63  +20   63   20  25  0  0 L3P 17
G12 FF 61070 185400  780 543  175    +6071025    +60         281    +57   34 114  100  +10   51  -24   51  -24  24  0  0 L3P 12
G21 FF 61070 185400  780 464 1076    -3902380    -44         274    +22   40 176  112   +4   62   -6   62   -6  30  0  0 L3P 05
G25 FF 61070 185400  780 692 2714    -4466629    +17         279     -7   26  48   87   -1   20  +12   20   12  20  0  0 L3P FA
G29 FF 61070 185400  780 482 2216    +3840827    -61         312     +5   21 181  109   -9   33   -8   33   -8  15  0  0 L3P 03
G05 FF 61070 191000  780 636  742    +2281705    +16         277    +10   17   8   91   -2   51   -8   51   -8  13  0  0 L3P C0
G11 FF 61070 191000  780 292 1327    +4559524   -139         288     -7   30   8  166  +32   85  +36   85   36  22  0  0 L3P 26
G12 FF 61070 191000  780 463  156    +6071052     +5         305     +1   25 114  112  +15   59  +27   59   27  18  0  0 L3P EE
G21 FF 61070 191000  780 435 1172    -3902426    -70         292     -4   50 176  118   +8   67   +7   67    7  35  0  0 L3P F8
G25 FF 61070 191000  780 685 2937    -4466595    +40         290    +16   33  48   87   +1   25   -2   25   -2  23  0  0 L3P F7
G29 FF 61070 191000  780 532 2137    +3840767    -77         315    -11   26 181  102   -7   40  +19   40   19  19  0  0 L3P 27
G05 FF 61070 192600  780 642  926    +2281716     +2         283     -4   26   8   90   +1   53   +8   53    8  19  0  0 L3P 9E
G11 FF 61070 192600  780 235 1290    +4559397   -132         288     +0   42   8  203  +47  117  +21  117   21  33  0  0 L3P 30
G12 FF 61070 192600  780 384  143    +6071039    +38         289    +34   33 114  130  +23  101   +8  101    8  25  0  0 L3P 11
G18 FF 61070 192600  780 284 2833    +4376163    -42         294    +54   50 212  170  -28   95  -66   95  -66  37  0  0 L3P 68
G21 FF 61070 192600  780 392 1250    -3902487    -67         294     -1   39 176  128  +13   76   +7   76    7  29  0  0 L3P 21
G25 FF 61070 192600  780 646 3120    -4466577    +10         285    -14   15  48   90   +4   35  +15   35   15  10  0  0 L3P 01
G29 FF 61070 192600  780 583 2047    +3840689    -35         301    +31   19 181   96   -5   53  -23   53  -23  14  0  0 L3P 30
G05 FF 61070 194200  780 618 1094    +2281713     -1         275     -7   28   8   92   +3   67  +17   67   17  21  0  0 L3P D7
G12 FF 61070 194200  780 308  134    +6071006    +35         252    +32   64 114  158  +36  153   -1  153   -1  45  0  0 L3P 19
G18 FF 61070 194200  780 333 2763    +4376076   -111         299    -14   55 212  148  -19   69   -4   69   -4  42  0  0 L3P 4E
G21 FF 61070 194200  780 341 1307    -3902554    -93         291    -27   46 176  145  +21   89  +32   89   32  34  0  0 L3P 47
G25 FF 61070 194200  780 588 3243    -4466555    +25         285     +1   25  48   95   +7   43  +14   43   14  20  0  0 L3P FC
G29 FF 61070 194200  780 634 1941    +3840617    -64         292     +1   15 181   91   -4   62   +5   62    5  12  0  0 L3P E1
G05 FF 61070 195800  780 573 1217    +2281732     +3         288     -3   37   8   97   +6   68   +7   68    7  25  0  0 L3P C8
G18 FF 61070 195800  780 379 2687    +4375974   -106         289     -9   52 212  132  -14   63  -10   63  -10  39  0  0 L3P 66
G21 FF 61070 195800  780 284 1347    -3902619   -129         289    -63   52 176  170  +33  107  +67  107   67  36  0  0 L3P 8F
G25 FF 61070 195800  780 519 3324    -4466537    -18         280    -42   39  48  103  +10   61  +47   61   47  26  0  0 L3P 3A
G29 FF 61070 195800  780 682 1803    +3840553    -58         292     +8   27 181   88   -3   68   +1   68    1  20  0  0 L3P FC
G05 FF 61070 201400  780 515 1296    +2281727    +18         272    +13   29  61  104   +9   84   +7   84    7  19  0  0 L3P F4
G18 FF 61070 201400  780 422 2603    +4375882    -79         293    +18   26 213  121  -10   66  -10   66  -10  21  0  0 L3P 38
G21 FF 61070 201400  780 224 1373    -3902688   -104         283    -38   47 177  212  +56  140  +77  140   77  37  0  0 L3P 77
G26 FF 61070 201400  780 182 2277    +3195809    +26         304    -33   52  61  259  -58   92  +31   92   31  41  0  0 L3P 2C
G29 FF 61070 201400  780 723 1613    +3840495    -71         292     -5   20 182   85   -2   69   +9   69    9  13  0  0 L3P F0
G05 FF 61070 203000  780 451 1344    +2281742     -1         282     -7   26  61  114  +13   93  +35   93   35  22  0  0 L3P ED
G18 FF 61070 203000  780 463 2511    +4375800    -94         304     +3   28 213  112   -8   64  +12   64   12  22  0  0 L3P FA
G21 FF 61070 203000  780 162 1387    -3902761    -84         273    -18   56 177  287 +106  187  +58  187   58  41  0  0 L3P 8E
G23 FF 61070 203000  780 312 3299    -6062745   -153         316   -104   93 197  157  -34  128  +52  128   52  70  0  0 L3P 87
G26 FF 61070 203000  780 220 2331    +3195867    +48         305    -11   50  61  216  -33   89   +7   89    7  38  0  0 L3P 07
G29 FF 61070 203000  780 746 1351    +3840433    -53         293    +13   28 182   84   +0   76   +6   76    6  20  0  0 L3P EF
G05 FF 61070 204600  780 385 1369    +2281763    +28         297    +22   32  61  130  +20  105  +15  105   15  23  0  0 L3P 36
G15 FF 61070 204600  780 358  595    -3814615    +45         281    +81   58  87  139  -16  156  -52  156  -52  43  0  0 L3P 64
G18 FF 61070 204600  780 500 2412    +4375714    -62         311    +34   26 213  106   -6   68   -7   68   -7  21  0  0 L3P 07
G23 FF 61070 204600  780 385 3262    -6062792    -53         316     -4   49 197  131  -22  109   -4  109   -4  38  0  0 L3P 3F
G26 FF 61070 204600  780 249 2394    +3195924     +4         306    -55   52  61  192  -19   97  +65   97   65  37  0  0 L3P 3B
G29 FF 61070 204600  780 740 1057    +3840385    -33         309    +33   27 182   85   +1   79   -3   79   -3  20  0  0 L3P 07
G05 FF 61070 210200  780 319 1379    +2281788    +21         317    +15   36  61  153  +29  121  +19  121   19  28  0  0 L3P 43
G15 FF 61070 210200  780 400  676    -3814621    -31         309     +4   55  87  126  -10  139   -7  139   -7  40  0  0 L3P 09
G18 FF 61070 210200  780 534 2302    +4375628    -98         317     -1   22 213  101   -4   70   +4   70    4  14  0  0 L3P D8
G23 FF 61070 210200  780 458 3214    -6062847    -81         308    -32   49 197  114  -15   95   +1   95    1  40  0  0 L3P 19
G26 FF 61070 210200  780 269 2466    +3195994    +50         319     -9   49  61  179   -9  101  +14  101   14  40  0  0 L3P 2D
G29 FF 61070 210200  780 705  817    +3840329    -70         316     -4   32 182   86   +2   89  +21   89   21  23  0  0 L3P F5
G05 FF 61070 211800  780 255 1376    +2281785     +5         308     +0   45  61  188  +45  149  +41  149   41  34  0  0 L3P 2C
G15 FF 61070 211800  780 433  769    -3814652    -57         311    -21   43  87  118   -6  127   +5  127    5  33  0  0 L3P 0B
G18 FF 61070 211800  780 564 2183    +4375525   -111         308    -14   21 213   98   -3   78   +5   78    5  15  0  0 L3P 0B
G23 FF 61070 211800  780 530 3151    -6062907    -42         296     +7   28 197  102  -10   87  -22   87  -22  21  0  0 L3P 32
G26 FF 61070 211800  780 277 2544    +3196052    +62         321     +3   53  61  174   -2  104   -2  104   -2  43  0  0 L3P F7
G29 FF 61070 211800  780 652  651    +3840265    -90         316    -24   27 182   89   +4  102  +31  102   31  20  0  0 L3P 18
G05 FF 61070 213400  780 192 1365    +2281776    +49         294    +43   45  61  245  +76  201  +34  201   34  30  0  0 L3P 43
G15 FF 61070 213400  780 452  872    -3814675    -43         322     -8   49  87  114   -2  112   +7  112    7  35  0  0 L3P F4
G16 FF 61070 213400  780 171 2280    -1983637   -167         315    -92   46  91  274  -52  134  +79  134   79  33  0  0 L3P 79
G18 FF 61070 213400  780 589 2052    +4375439    -77         314    +19   21 213   95   -2   78   +0   78    0  15  0  0 L3P FC
G23 FF 61070 213400  780 600 3064    -6062954    -63         296    -14   35 197   94   -7   79  +11   79   11  25  0  0 L3P 27
G26 FF 61070 213400  780 274 2625    +3196103    +74         314    +15   47  61  176   +5  119   +8  119    8  31  0  0 L3P 13
G29 FF 61070 213400  780 590  539    +3840197    -67         311     -1   21 182   95   +7  112  +16  112   16  14  0  0 L3P 0F
G15 FF 61070 215000  780 456  978    -3814718    -54         313    -19   31  87  114   +1  118   +5  118    5  23  0  0 L3P 08
G16 FF 61070 215000  780 199 2340    -1983696    -78         328     -3   31  91  237  -28  122   +6  122    6  26  0  0 L3P 24
G18 FF 61070 215000  780 607 1909    +4375347   -121         315    -24   17 213   93   -1   84  +16   84   16  13  0  0 L3P 26
G23 FF 61070 215000  780 664 2939    -6062992    -57         304     -8   26 197   89   -4   76   +5   76    5  19  0  0 L3P 0B
G26 FF 61070 215000  780 260 2705    +3196160    +25         314    -34   60  61  184  +13  138  +39  138   39  40  0  0 L3P 40
G29 FF 61070 215000  780 522  459    +3840135    -57         312     +8   32 182  103  +10  129   -1  129   -1  23  0  0 L3P 0B
G10 FF 61070 220600  780 311 3045    +5858985    -94         334   -115   40  37  157  -29  155  +53  155   53  31  0  0 L3P 66
G13 FF 61070 220600  780 211 1266    -6881470    +29         331    +18   35  12  224  +25  178  +15  178   15  28  0  0 L3P 46
G15 FF 61070 220600  780 443 1079    -3814753    -52         305    -17   34 102  116   +4  123  +24  123   24  26  0  0 L3P 34
G16 FF 61070 220600  780 218 2409    -1983796    -93         300    -18   34  92  218  -13  146  +14  146   14  26  0  0 L3P 55
G18 FF 61070 220600  780 619 1757    +4375249   -115         308    -19   24 214   92   -1   94  +23   94   23  18  0  0 L3P 37
G23 FF 61070 220600  780 716 2751    -6063041    -48         304     +1   25 198   86   -2   83   +2   83    2  19  0  0 L3P DD
G26 FF 61070 220600  780 236 2782    +3196227    +52         327     -7   88  62  201  +23  157  +33  157   33  56  0  0 L3P 41
G29 FF 61070 220600  780 452  399    +3840076    -94         317    -28   36 183  114  +14  155  +63  155   63  26  0  0 L3P 5D
G10 FF 61070 222200  780 370 2980    +5859005    +33         334    +13   37  37  135  -19  135  -24  135  -24  27  0  0 L3P 4F
G15 FF 61070 222200  780 416 1168    -3814784    -44         307     -9   48 102  122   +8  136  +24  136   24  34  0  0 L3P 36
G16 FF 61070 222200  780 226 2482    -1983866    -92         302    -17   33  92  210   -3  149  +25  149   25  27  0  0 L3P 42
G18 FF 61070 222200  780 623 1598    +4375147   -116         299    -19   21 214   92   +0  104  +24  104   24  14  0  0 L3P 42
G23 FF 61070 222200  780 744 2480    -6063093    -37         299    +12   24 198   84   -1   86   -4   86   -4  17  0  0 L3P 12
G29 FF 61070 222200  780 382  352    +3840019    -74         322     -8   72 183  131  +21  190  +39  190   39  47  0  0 L3P 3B
G10 FF 61070 223800  780 427 2904    +5859019    +22         328     +2   43  37  120  -13  122  -14  122  -14  34  0  0 L3P 2E
G15 FF 61070 223800  780 377 1240    -3814817    -33         308     +2   48 102  133  +13  157  +18  157   18  36  0  0 L3P 49
G16 FF 61070 223800  780 223 2558    -1983935    -78         305     -3   37  92  212   +7  160  +12  160   12  31  0  0 L3P 26
G18 FF 61070 223800  780 616 1439    +4375060   -112         304    -15   24 214   92   +1  113  +25  113   25  16  0  0 L3P 32
G23 FF 61070 223800  780 739 2177    -6063138    -57         301     -8   21 198   85   +1   94  +13   94   13  15  0  0 L3P 12
G27 FF 61070 223800  780 195 2225     +300284   +108         362    +22   50  29  243  -72  148  -23  148  -23  41  0  0 L3P 4D
G29 FF 61070 223800  780 311  317    +3839968   -217         335   -151   73 183  157  +33  210 +143  210  143  52  0  0 L3P 94
G10 FF 61070 225400  780 479 2814    +5859030    +13         320     -7   30  37  109   -9  116   -8  116   -8  22  0  0 L3P 0C
G15 FF 61070 225400  780 330 1294    -3814839    -48         319    -13   43 102  149  +21  168  +26  168   26  32  0  0 L3P 64
G16 FF 61070 225400  780 211 2634    -1983985    -36         327    +39   47  92  224  +18  164  -15  164  -15  35  0  0 L3P 6D
G18 FF 61070 225400  780 601 1287    +4374976    -80         313    +17   28 214   94   +2  117   +2  117    2  21  0  0 L3P 0F
G23 FF 61070 225400  780 707 1934    -6063176    -39         310    +10   15 198   86   +2   96   -1   96   -1  11  0  0 L3P 02
G27 FF 61070 225400  780 253 2244     +300338   +102         334    +15   50  29  190  -42  152  -27  152  -27  34  0  0 L3P 40
G10 FF 61070 231000  780 527 2707    +5859050    +34         321    +14   30  37  102   -6  112  -15  112  -15  19  0  0 L3P 22
G15 FF 61070 231000  780 277 1334    -3814871    -54         321    -19   41 102  174  +32  195  +59  195   59  30  0  0 L3P 62
G16 FF 61070 231000  780 189 2708    -1984068   -117         316    -42   51  92  249  +33  200  +77  200   77  36  0  0 L3P 68
G18 FF 61070 231000  780 576 1146    +4374892    -96         322     +0   34 214   96   +3  123  +17  123   17  26  0  0 L3P 24
G23 FF 61070 231000  780 660 1765    -6063220    -52         313     -4   26 198   89   +4  105  +13  105   13  16  0  0 L3P 15
G27 FF 61070 231000  780 310 2275     +300428    +82         341     -4   49  29  158  -26  140   -9  140   -9  38  0  0 L3P 08
G10 FF 61070 232600  780 567 2582    +5859084    +38         335    +18   25  37   97   -4  107   -1  107   -1  19  0  0 L3P 1F
G15 FF 61070 232600  780 221 1360    -3814903    -87         324    -52   52 102  214  +53  231  +79  231   79  42  0  0 L3P 54
G18 FF 61070 232600  780 544 1021    +4374813    -67         335    +30   27 214  100   +5  128   +1  128    1  20  0  0 L3P 08
G23 FF 61070 232600  780 607 1642    -6063250    -35         330    +14   27 198   93   +5  105  +10  105   10  19  0  0 L3P 23
G27 FF 61070 232600  780 363 2322     +300514   +139         344    +53   52  29  137  -17  134  -33  134  -33  39  0  0 L3P 4C
G10 FF 61070 234200  780 597 2438    +5859106    +19         338     -1   22  37   94   -3  113   +6  113    6  16  0  0 L3P F2
G18 FF 61070 234200  780 504  910    +4374720   -100         335     -4   37 214  105   +7  142  +18  142   18  27  0  0 L3P 23
G23 FF 61070 234200  780 554 1544    -6063288    -74         338    -25   25 198   99   +6  111  +34  111   34  18  0  0 L3P 47
G27 FF 61070 234200  780 410 2387     +300606   +135         353    +49   36  29  124  -11  129  -36  129  -36  26  0  0 L3P 53
G32 FF 61070 234200  780 356 3462    +1155881   -276         342   -102   75  37  140  -27  200  +10  200   10  58  0  0 L3P 58
