CGGTTS     GENERIC DATA FORMAT VERSION = 2E
REV DATE = 2024-12-02                    
RCVR = Septentrio PolaRx2 S/N 3252   R2CGGTTS v8.8    
CH = 20 
IMS = Septentrio PolaRx2 S/N 3252   
LAB = NMI Australia                 
X = -4648241.00 m 
Y = +2560636.48 m 
Z = -3526317.74 m 
FRAME = ITRF
COMMENTS =           IGS antenna SYDN              
INT DLY =  211.7 ns (GPS P1),  213.3 ns (GPS P2)     CAL_ID = 1015-2021           
CAB DLY = 2484.6 ns 
REF DLY =  338.6 ns
REF = UTC(AUS)                      
CKSUM = 82

SAT CL  MJD  STTIME TRKL ELV AZTH   REFSV      SRSV     REFSYS    SRSYS  DSG IOE MDTR SMDT MDIO SMDI MSIO SMSI ISG FR HC FRC CK
             hhmmss  s  .1dg .1dg    .1ns     .1ps/s     .1ns    .1ps/s .1ns     .1ns.1ps/s.1ns.1ps/s.1ns.1ps/s.1ns
G15 FF 61048 001000  780 382 1231    -3745847    -40          22     -4   36   7  131  +13  244  +20  244   20  26  0  0 L3P F7
G16 FF 61048 001000  780 223 2542    -1833728   -114          18    -38   36  16  213   +5  276  +49  276   49  29  0  0 L3P 45
G18 FF 61048 001000  780 619 1465    +4567162   -107          35     -9   26 155   92   +1  169  +16  169   16  18  0  0 L3P 37
G23 FF 61048 001000  780 742 2200    -5964750    -59          19     -9   15 148   84   +1  155  +21  155   21  11  0  0 L3P 0B
G27 FF 61048 001000  780 187 2223     +143211    +85          43    +14   44   8  253  -79  280  -46  280  -46  32  0  0 L3P 1B
G15 FF 61048 002600  780 336 1288    -3745881    -87          22    -52   26   7  146  +20  261  +62  261   62  20  0  0 L3P 2C
G16 FF 61048 002600  780 212 2619    -1833796    -67          23     +9   26  16  223  +16  308  +25  308   25  20  0  0 L3P 28
G18 FF 61048 002600  780 605 1311    +4567066    -93          33     +5   32 155   93   +2  188  +12  188   12  24  0  0 L3P 14
G23 FF 61048 002600  780 711 1950    -5964792    -61          26    -11   25 148   86   +2  163  +22  163   22  17  0  0 L3P 29
G27 FF 61048 002600  780 245 2240     +143271    +60          35    -11   32   8  196  -45  264   -6  264   -6  25  0  0 L3P F5
G15 FF 61048 004200  780 284 1329    -3745905    -65          32    -30   57   7  170  +30  295  +72  295   72  41  0  0 L3P 33
G16 FF 61048 004200  780 191 2693    -1833831    -89          62    -12   56  16  245  +31  318  +62  318   62  44  0  0 L3P 45
G18 FF 61048 004200  780 582 1168    +4566978    -80          39    +18   24 155   96   +3  206   +5  206    5  18  0  0 L3P 1B
G23 FF 61048 004200  780 664 1776    -5964834    -38          31    +12   27 148   89   +4  177   +8  177    8  18  0  0 L3P 2A
G27 FF 61048 004200  780 302 2270     +143354    +89          48    +18   38   8  161  -28  244  -16  244  -16  28  0  0 L3P 26
G15 FF 61048 005800  780 229 1357    -3745932    -89          39    -54   49   7  208  +50  339  +88  339   88  36  0  0 L3P 62
G18 FF 61048 005800  780 550 1039    +4566892    -93          47     +4   27 155   99   +4  217   +9  217    9  19  0  0 L3P 17
G23 FF 61048 005800  780 612 1650    -5964872    -68          42    -18   27 148   93   +5  184  +29  184   29  21  0  0 L3P 48
G27 FF 61048 005800  780 356 2314     +143431    +69          57     -3   32   8  140  -18  231   -6  231   -6  22  0  0 L3P E1
G10 FF 61048 011400  780 593 2461    +5808426     -1          80    -32   23 107   95   -3  198  +10  198   10  15  0  0 L3P 0F
G15 FF 61048 011400  780 172 1373    -3745962    -42          42     -7   46   7  272  +89  388  +63  388   63  28  0  0 L3P 3B
G18 FF 61048 011400  780 512  926    +4566794   -117          42    -19   32 155  104   +6  241  +46  241   46  22  0  0 L3P 3A
G23 FF 61048 011400  780 558 1551    -5964927    -44          35     +6   13 148   98   +6  206  +21  206   21   9  0  0 L3P 0F
G27 FF 61048 011400  780 404 2376     +143489    +69          49     -3   33  99  125  -12  229   +1  229    1  26  0  0 L3P FB
G08 FF 61048 013000  780 188 2248    -5066956    +60          78    +19   37   9  252  -65  334  -45  334  -45  26  0  0 L3P 54
G10 FF 61048 013000  780 614 2303    +5808437     +4          62    -27   16 107   93   -1  198  +12  198   12  12  0  0 L3P 08
G18 FF 61048 013000  780 468  827    +4566707    -73          50    +25   42 155  111   +9  263  +26  263   26  31  0  0 L3P 2D
G23 FF 61048 013000  780 506 1466    -5964975    -14          54    +36   32 149  105   +8  227   +3  227    3  22  0  0 L3P 19
G27 FF 61048 013000  780 442 2458     +143548    +82          40    +10   30  99  117   -7  235   -4  235   -4  22  0  0 L3P F3
G08 FF 61048 014600  780 233 2294    -5066920    +55          75    +14   39   9  205  -37  318  -32  318  -32  31  0  0 L3P 3D
G10 FF 61048 014600  780 623 2136    +5808448    +39          43     +8   19 107   92   +0  205   -7  205   -7  13  0  0 L3P FA
G18 FF 61048 014600  780 420  741    +4566611    -94          48     +4   36 155  121  +12  300  +47  300   47  25  0  0 L3P 1B
G23 FF 61048 014600  780 455 1390    -5965023    -49          55     +1   28 149  114  +10  252  +31  252   31  20  0  0 L3P 2B
G27 FF 61048 014600  780 466 2558     +143624    +92          46    +20   29  99  112   -3  232   -6  232   -6  23  0  0 L3P 02
G32 FF 61048 014600  780 509 3438    +1729830   -171          73     -3   45 124  105  -13  263  -22  263  -22  34  0  0 L3P 53
G08 FF 61048 020200  780 273 2352    -5066895    +80          61    +40   41  10  177  -22  308  -42  308  -42  29  0  0 L3P 42
G10 FF 61048 020200  780 620 1968    +5808473    +20          39    -11   15 107   92   +1  205   +4  205    4  11  0  0 L3P E7
G18 FF 61048 020200  780 368  667    +4566520    -96          45     +2   38 156  135  +17  333  +41  333   41  30  0  0 L3P 2B
G23 FF 61048 020200  780 406 1319    -5965071    -62          51    -12   31 150  125  +13  274  +22  274   22  21  0  0 L3P 2F
G27 FF 61048 020200  780 474 2670     +143703    +70          54     -1   19   9  110   +0  240   +8  240    8  16  0  0 L3P B3
G32 FF 61048 020200  780 592 3416    +1729656   -169          48     -1   28   3   95   -9  245  -34  245  -34  21  0  0 L3P 23
G08 FF 61048 021800  780 303 2423    -5066847    +65          70    +24   48  10  161  -12  294   -4  294   -4  36  0  0 L3P 25
G10 FF 61048 021800  780 607 1809    +5808499    +37          35     +6   12 107   93   +2  210   +6  210    6  10  0  0 L3P E5
G18 FF 61048 021800  780 313  602    +4566422    -78          41    +20   31 156  156  +26  386  +50  386   50  24  0  0 L3P 39
G23 FF 61048 021800  780 359 1251    -5965129    -28          42    +22   31 150  138  +16  300  +13  300   13  20  0  0 L3P 2F
G27 FF 61048 021800  780 463 2783     +143762    +70          44     -2   30   9  112   +4  262  +18  262   18  23  0  0 L3P E9
G32 FF 61048 021800  780 675 3384    +1729497   -142          51    +26   17   3   88   -6  219  -37  219  -37  12  0  0 L3P 3E
G08 FF 61048 023400  780 321 2503    -5066807    +15          71    -26   44  10  152   -6  304  +23  304   23  35  0  0 L3P 0F
G10 FF 61048 023400  780 587 1663    +5808550    +50          57    +20   16 107   95   +2  215   +6  215    6  11  0  0 L3P F8
G23 FF 61048 023400  780 314 1186    -5965172    -61          46    -10   34 150  155  +20  337  +52  337   52  26  0  0 L3P 46
G27 FF 61048 023400  780 436 2889     +143844    +91          57    +19   40   9  118   +8  277  +14  277   14  29  0  0 L3P 21
G32 FF 61048 023400  780 759 3332    +1729343   -162          58     +7   19   3   84   -3  204  -14  204  -14  13  0  0 L3P 0C
G02 FF 61048 025000  780 211 2234     -118533   -152          68    -69   43   7  225  -68  349  +10  349   10  28  0  0 L3P 26
G08 FF 61048 025000  780 327 2589    -5066767    +39          72     -2   31  10  150   +0  307  +13  307   13  24  0  0 L3P 0B
G10 FF 61048 025000  780 560 1532    +5808593    +34          71     +3   19 107   98   +3  226  +28  226   28  13  0  0 L3P 13
G23 FF 61048 025000  780 271 1121    -5965206    -75          60    -25   45 150  178  +27  375  +82  375   82  35  0  0 L3P 58
G27 FF 61048 025000  780 396 2982     +143903    +80          48     +8   29   9  127  +12  310  +40  310   40  22  0  0 L3P F7
G32 FF 61048 025000  780 841 3187    +1729181   -167          57     +1   21   3   82   -1  197   -5  197   -5  17  0  0 L3P F7
G02 FF 61048 030600  780 277 2232     -118620    -54          61    +29   33   7  175  -40  325  -41  325  -41  22  0  0 L3P 11
G08 FF 61048 030600  780 320 2677    -5066738    +44          62     +3   52  10  153   +6  328  +27  328   27  39  0  0 L3P 1E
G10 FF 61048 030600  780 530 1413    +5808649    +62          97    +31   24 107  102   +4  236  +13  236   13  19  0  0 L3P 27
G27 FF 61048 030600  780 348 3061     +143972   +132          48    +61   46   9  142  +19  351   +7  351    7  33  0  0 L3P 03
G32 FF 61048 030600  780 865 1933    +1729022   -148          60    +21   19   3   81   +1  198   -7  198   -7  14  0  0 L3P 08
G02 FF 61048 032200  780 345 2241     -118682    -89          79     -6   23   7  144  -26  288  -22  288  -22  17  0  0 L3P 22
G08 FF 61048 032200  780 300 2762    -5066674     -6          86    -47   59  10  162  +12  340  +58  340   58  46  0  0 L3P 32
G10 FF 61048 032200  780 497 1305    +5808692    +23         111     -8   28 107  106   +6  255  +31  255   31  20  0  0 L3P 29
G28 FF 61048 032200  780 320  236    +6141594    -74          44    -25   40 220  153  -30  411  -55  411  -55  33  0  0 L3P 33
G32 FF 61048 032200  780 788 1649    +1728872   -163          72     +5   17   3   83   +2  200   +0  200    0  12  0  0 L3P CE
G02 FF 61048 033800  780 413 2266     -118768   -107          73    -24   30   7  123  -17  268   -6  268   -6  21  0  0 L3P 18
G08 FF 61048 033800  780 271 2842    -5066645     -1          76    -42   33  10  177  +21  382  +59  382   59  25  0  0 L3P 3B
G10 FF 61048 033800  780 461 1205    +5808725    +38         114     +7   27 107  112   +7  276  +12  276   12  21  0  0 L3P 2B
G28 FF 61048 033800  780 389  279    +6141553    -72          50    -23   40 220  130  -20  351  -38  351  -38  30  0  0 L3P 43
G32 FF 61048 033800  780 710 1574    +1728711   -173          72     -5   18   3   86   +4  210   +8  210    8  13  0  0 L3P D7
G01 FF 61048 035400  780 188 2227    -3459111     +7          66    -26   39 101  252  -82  387  -46  387  -46  22  0  0 L3P 5B
G02 FF 61048 035400  780 479 2312     -118852    -74          68     +9   27   7  110  -12  249  -20  249  -20  21  0  0 L3P 0F
G10 FF 61048 035400  780 424 1113    +5808739    +19          99    -12   27 107  120   +9  297  +22  297   22  20  0  0 L3P 3C
G28 FF 61048 035400  780 457  334    +6141495    -80          40    -31   33 220  114  -14  315  -15  315  -15  26  0  0 L3P 39
G31 FF 61048 035400  780 246   55    +1738077    -54         117    -34   63 182  195  -53  528 -102  528 -102  41  0  0 L3P 74
G32 FF 61048 035400  780 635 1523    +1728551   -139          73    +29   18   3   91   +6  218  -10  218  -10  13  0  0 L3P 1D
G01 FF 61048 041000  780 251 2233    -3459058     +5          87    -28   37 102  192  -47  330  -12  330  -12  28  0  0 L3P 38
G02 FF 61048 041000  780 540 2387     -118911    -69          82    +14   14  14  101   -7  229  -17  229  -17  11  0  0 L3P 16
G10 FF 61048 041000  780 385 1028    +5808740    +17          70    -14   33   1  130  +12  323  +33  323   33  24  0  0 L3P 02
G28 FF 61048 041000  780 523  407    +6141448    -67          42    -18   27 221  103   -9  283  -14  283  -14  19  0  0 L3P 35
G31 FF 61048 041000  780 317   75    +1738040     -3          66    +18   50   6  155  -33  430 -110  430 -110  40  0  0 L3P FF
G32 FF 61048 041000  780 563 1478    +1728394   -157          77    +11   25   4   98   +8  228   -1  228   -1  18  0  0 L3P 0E
G01 FF 61048 042600  780 314 2250    -3459034    +18          80    -15   23 102  156  -29  296  -32  296  -32  18  0  0 L3P 55
G02 FF 61048 042600  780 588 2503     -119001    -93          72    -10   11  14   95   -4  225   -7  225   -7   8  0  0 L3P D2
G10 FF 61048 042600  780 344  948    +5808787     +6          88    -25   37   1  143  +16  332  +39  332   39  28  0  0 L3P 1E
G28 FF 61048 042600  780 581  509    +6141413    -64          62    -15   24 222   96   -6  250  -22  250  -22  17  0  0 L3P 1D
G31 FF 61048 042600  780 391   97    +1738009    -56          55    -36   36   6  129  -22  361  -58  361  -58  26  0  0 L3P 2C
G32 FF 61048 042600  780 495 1434    +1728234   -179          79    -10   29   4  107  +11  238  +17  238   17  20  0  0 L3P 40
G01 FF 61048 044200  780 375 2282    -3459002    +49          80    +16   30 102  133  -19  264  -46  264  -46  22  0  0 L3P 50
G02 FF 61048 044200  780 616 2660     -119084   -107          69    -24   17  14   92   -1  219   +8  219    8  13  0  0 L3P F3
G10 FF 61048 044200  780 302  873    +5808820    +53          92    +23   58   1  161  +21  365  +20  365   20  39  0  0 L3P 09
G28 FF 61048 044200  780 624  651    +6141362    -34          58    +15   22 222   92   -3  239  -24  239  -24  16  0  0 L3P 22
G31 FF 61048 044200  780 466  124    +1737997    -43          63    -23   25   6  112  -15  299  -32  299  -32  18  0  0 L3P 37
G32 FF 61048 044200  780 430 1390    +1728075   -187          82    -18   28   4  119  +14  247  +27  247   27  21  0  0 L3P 40
G01 FF 61048 045800  780 434 2333    -3458977    +49          74    +16   26 102  118  -13  240  -41  240  -41  20  0  0 L3P 51
G02 FF 61048 045800  780 614 2837     -119163    -95          70    -12   23  14   93   +1  214  +12  214   12  17  0  0 L3P F3
G03 FF 61048 045800  780 183 2341    -6041643   +153          81    +55   48   8  258  -71  371  -83  371  -83  40  0  0 L3P 57
G28 FF 61048 045800  780 642  828    +6141317    -53          59     -4   20 222   90   +0  222  -12  222  -12  14  0  0 L3P 00
G31 FF 61048 045800  780 542  161    +1737997     +4          82    +24   16   6  100  -10  248  -45  248  -45  12  0  0 L3P 13
G32 FF 61048 045800  780 369 1344    +1727913   -217          81    -49   33   4  135  +19  261  +65  261   65  23  0  0 L3P 4B
G01 FF 61048 051400  780 484 2407    -3458943    +18          76    -15   24 102  109   -8  219   -4  219   -4  19  0  0 L3P 2D
G02 FF 61048 051400  780 585 2997     -119248    -87          64     -4   22  14   95   +4  225  +12  225   12  15  0  0 L3P F9
G03 FF 61048 051400  780 235 2298    -6041542   +126          89    +28   39   8  203  -45  317  -65  317  -65  30  0  0 L3P 55
G28 FF 61048 051400  780 632 1008    +6141269    -46          58     +3   23 222   91   +2  214   -4  214   -4  16  0  0 L3P EF
G31 FF 61048 051400  780 617  218    +1737965     -7          70    +13   27   6   92   -7  232  -30  232  -30  20  0  0 L3P E4
G32 FF 61048 051400  780 312 1297    +1727741   -187          71    -19   38   4  156  +26  287  +44  287   44  30  0  0 L3P 4E
G01 FF 61048 054200  780 541 2601    -3458908    +27          55     -6   20 102  100   -2  214   +3  214    3  15  0  0 L3P E0
G02 FF 61048 054200  780 490 3190     -119394    -86          58     -3   22  14  108  +11  258  +26  258   26  17  0  0 L3P 1B
G03 FF 61048 054200  780 334 2230    -6041391   +103          76     +5   31   8  148  -24  263  -39  263  -39  23  0  0 L3P 2D
G04 FF 61048 054200  780 230 2752     -368020    +60          69    +84   35 145  207  -40  361 -109  361 -109  26  0  0 L3P 65
G28 FF 61048 054200  780 556 1230    +6141184    -56          56     -7   20 222   98   +7  208   +3  208    3  14  0  0 L3P EF
G31 FF 61048 054200  780 730  450    +1737931    -35          70    -14   18   6   85   -2  200   -7  200   -7  13  0  0 L3P C9
G01 FF 61048 055800  780 546 2736    -3458879    +27          53     -6   21 102  100   +1  217   +7  217    7  17  0  0 L3P 08
G02 FF 61048 055800  780 423 3262     -119476    -91          55     -8   34  14  120  +16  291  +41  291   41  24  0  0 L3P 11
G03 FF 61048 055800  780 396 2197    -6041296    +80          77    -18   19   8  128  -18  233  -15  233  -15  15  0  0 L3P 4D
G04 FF 61048 055800  780 275 2686     -368048    -61          64    -38   36 145  176  -27  319  -26  319  -26  27  0  0 L3P 72
G28 FF 61048 055800  780 496 1299    +6141129    -50          47     -1   31 222  107  +10  220  +12  220   12  22  0  0 L3P 21
G31 FF 61048 055800  780 761  732    +1737902     -9          61    +12   19   6   84   +0  195  -17  195  -17  13  0  0 L3P FA
G01 FF 61048 061400  780 529 2869    -3458850    +49          50    +16   22 103  102   +4  215   -2  215   -2  17  0  0 L3P 16
G02 FF 61048 061400  780 355 3316     -119547   -101          62    -18   52  15  139  +24  316  +67  316   67  46  0  0 L3P 3E
G03 FF 61048 061400  780 461 2168    -6041205    +81          75    -16   20   9  113  -13  210   -1  210   -1  14  0  0 L3P E9
G04 FF 61048 061400  780 319 2616     -368067    -48          73    -24   26 146  154  -19  277  -17  277  -17  19  0  0 L3P 68
G26 FF 61048 061400  780 304  565    +3078562    +92          44    +30   73   8  160  -23  343  -70  343  -70  54  0  0 L3P 24
G28 FF 61048 061400  780 431 1339    +6141092    -30          61    +19   24 223  119  +15  224  +13  224   13  17  0  0 L3P 33
G31 FF 61048 061400  780 745 1040    +1737888     +1          63    +22   19   7   84   +2  185  -19  185  -19  14  0  0 L3P 0A
G01 FF 61048 063000  780 493 2984    -3458814     +5          55    -28   22 103  107   +7  222  +37  222   37  18  0  0 L3P 2A
G03 FF 61048 063000  780 530 2146    -6041103   +105          83     +7   15   9  102  -10  186  -31  186  -31  11  0  0 L3P 11
G04 FF 61048 063000  780 362 2543     -368077    -10          86    +14   31 146  138  -14  239  -37  239  -37  21  0  0 L3P 4C
G26 FF 61048 063000  780 348  636    +3078634    +77          58    +16   51   8  142  -15  291  -45  291  -45  38  0  0 L3P 3C
G28 FF 61048 063000  780 364 1360    +6141040    -59          55    -11   40 223  136  +22  249  +21  249   21  27  0  0 L3P 39
G31 FF 61048 063000  780 694 1228    +1737877     +3          72    +24   19   7   87   +4  175  -21  175  -21  14  0  0 L3P 0A
G01 FF 61048 064600  780 444 3078    -3458775    +29          62     -4   26 103  116  +11  229  +23  229   23  21  0  0 L3P 39
G03 FF 61048 064600  780 603 2133    -6041011   +104          81     +6   15   9   94   -7  165  -17  165  -17  11  0  0 L3P 01
G04 FF 61048 064600  780 404 2464     -368103    -45          83    -21   21 146  125  -11  213   -5  213   -5  17  0  0 L3P 10
G26 FF 61048 064600  780 385  716    +3078686    +32          51    -30   41   8  130  -10  260   -3  260   -3  32  0  0 L3P F5
G28 FF 61048 064600  780 298 1366    +6141010    -40          72     +9   25 223  163  +33  250   -2  250   -2  17  0  0 L3P 14
G31 FF 61048 064600  780 630 1320    +1737859     +0          74    +20   24   7   91   +6  173  -10  173  -10  18  0  0 L3P F0
G01 FF 61048 070200  780 388 3153    -3458738    +74          67    +41   44 103  129  +17  238   -8  238   -8  34  0  0 L3P 49
G03 FF 61048 070200  780 679 2137    -6040927    +77          71    -21   18   9   88   -5  157   +0  157    0  14  0  0 L3P EB
G04 FF 61048 070200  780 445 2381     -368124    -29          85     -5   16 146  116   -9  192  -20  192  -20  12  0  0 L3P 21
G26 FF 61048 070200  780 413  807    +3078754    +83          60    +22   38   8  123   -5  230  -39  230  -39  29  0  0 L3P 16
G28 FF 61048 070200  780 234 1361    +6140967    -29          76    +20   37 223  203  +53  279  +31  279   31  30  0  0 L3P 4C
G31 FF 61048 070200  780 561 1362    +1737837    -20          71     +0   27   7   98   +8  176   +6  176    6  19  0  0 L3P DB
G01 FF 61048 071800  780 328 3214    -3458717    +77          57    +44   41 103  149  +25  266   -4  266   -4  28  0  0 L3P 45
G03 FF 61048 071800  780 756 2182    -6040834    +87          70    -11   14   9   84   -3  148   -4  148   -4  11  0  0 L3P F4
G04 FF 61048 071800  780 485 2292     -368155    -24          77     +0   20 146  108   -7  183  -15  183  -15  16  0  0 L3P 2C
G09 FF 61048 071800  780 196 2508    -7699497    +15          77    +22   67  36  241  -54  306  -63  306  -63  49  0  0 L3P 78
G26 FF 61048 071800  780 427  905    +3078806    +60          53     -1   36   8  120   -2  218  -16  218  -16  25  0  0 L3P 01
G28 FF 61048 071800  780 172 1347    +6140932    -87          88    -38   35 223  271  +94  325  +95  325   95  27  0  0 L3P 74
G31 FF 61048 071800  780 492 1376    +1737816    -50          70    -30   27   7  107  +11  186  +29  186   29  20  0  0 L3P 33
G01 FF 61048 073400  780 267 3266    -3458674   +105          68    +72   47 103  180  +39  282  -16  282  -16  34  0  0 L3P 7E
G03 FF 61048 073400  780 827 2390    -6040740    +72          71    -26   19   9   82   -1  144  +26  144   26  13  0  0 L3P 03
G04 FF 61048 073400  780 525 2195     -368182    -24          73     +0   18 146  102   -6  175   -4  175   -4  13  0  0 L3P FE
G09 FF 61048 073400  780 242 2451    -7699524     -6          56     +1   44  36  198  -37  286  -18  286  -18  31  0  0 L3P 4A
G16 FF 61048 073400  780 393  538    -1835718    -56          64    +20   27  31  128  -15  232  -37  232  -37  19  0  0 L3P 46
G26 FF 61048 073400  780 427 1004    +3078869    +91          57    +29   42   8  120   +2  208   -9  208   -9  30  0  0 L3P 08
G31 FF 61048 073400  780 425 1374    +1737788    -77          61    -57   24   7  120  +16  207  +69  207   69  19  0  0 L3P 46
G03 FF 61048 075000  780 841 3164    -6040643    +90          74     -8   20   9   82   +1  143  +10  143   10  14  0  0 L3P D9
G04 FF 61048 075000  780 562 2088     -368197    -33          81     -9   17 146   98   -4  167   +1  167    1  11  0  0 L3P F4
G09 FF 61048 075000  780 288 2395    -7699506    +24          81    +31   46  36  168  -26  242  -44  242  -44  33  0  0 L3P 65
G16 FF 61048 075000  780 441  618    -1835786   -107          69    -30   41  31  117  -10  204   +1  204    1  33  0  0 L3P 05
G26 FF 61048 075000  780 412 1098    +3078926    +39          55    -23   31   8  123   +6  213  +21  213   21  22  0  0 L3P 06
G31 FF 61048 075000  780 360 1361    +1737774     -3          67    +18   44   7  138  +22  231  +30  231   30  32  0  0 L3P 04
G03 FF 61048 080600  780 771 3488    -6040552   +100          67     +2   18  10   83   +3  149   +6  149    6  13  0  0 L3P EE
G04 FF 61048 080600  780 598 1967     -368215     +2          86    +26   14 147   94   -3  160  -19  160  -19   9  0  0 L3P 1A
G06 FF 61048 080600  780 138 2347    +6001157    +73         100    +29   43  31  335  -24  327  -23  327  -23  32  0  0 L3P 49
G09 FF 61048 080600  780 338 2338    -7699520    +24          71    +30   32  37  146  -20  230  -40  230  -40  23  0  0 L3P 3D
G16 FF 61048 080600  780 480  715    -1835854    -63          80    +13   18  32  109   -6  191  -14  191  -14  16  0  0 L3P 2A
G26 FF 61048 080600  780 383 1179    +3078997    +53          72     -8   37   9  131  +10  213  +24  213   24  28  0  0 L3P 22
G31 FF 61048 080600  780 297 1341    +1737760    +46          74    +67   40   8  163  +31  265   +2  265    2  28  0  0 L3P 0B
G03 FF 61048 082200  780 689 3563    -6040459    +89          66     -9   21  10   87   +5  155  +14  155   14  16  0  0 L3P 17
G04 FF 61048 082200  780 629 1827     -368252    -23          71     +1   20 147   91   -2  164   -7  164   -7  15  0  0 L3P EF
G06 FF 61048 082200  780 143 2417    +6001211    +63         112    +19   54  31  324   +0  313  -12  313  -12  39  0  0 L3P 1A
G09 FF 61048 082200  780 389 2282    -7699522     -1          76     +5   32  37  129  -15  209  -23  209  -23  24  0  0 L3P 39
G16 FF 61048 082200  780 504  827    -1835929    -98          78    -22   26  32  105   -3  183  +12  183   12  19  0  0 L3P 27
G26 FF 61048 082200  780 343 1246    +3079042    +51          58    -11   43   9  144  +17  242  +29  242   29  30  0  0 L3P 20
G31 FF 61048 082200  780 238 1315    +1737744    -91          77    -70   48   8  200  +47  309  +97  309   97  36  0  0 L3P 48
G03 FF 61048 083800  780 604 3590    -6040361   +102          70     +5   21  10   93   +8  165  +10  165   10  16  0  0 L3P FA
G04 FF 61048 083800  780 653 1665     -368270     -7          77    +17   15 147   89   -1  156  -22  156  -22  11  0  0 L3P 24
G06 FF 61048 083800  780 137 2489    +6001246    +41         105     -2   41  31  336  +24  317   +2  317    2  32  0  0 L3P 02
G07 FF 61048 083800  780 246 2893    +1323535    +46          54     -6   56  17  195  -40  285  -44  285  -44  41  0  0 L3P 52
G09 FF 61048 083800  780 443 2224    -7699528    +22          76    +29   23  37  116  -12  190  -39  190  -39  17  0  0 L3P 67
G16 FF 61048 083800  780 511  947    -1836005    -85          76     -9   39  32  104   +0  178   -2  178   -2  30  0  0 L3P FC
G26 FF 61048 083800  780 295 1298    +3079108    +62          65     +1   43   9  164  +26  266  +19  266   19  32  0  0 L3P 32
G31 FF 61048 083800  780 182 1283    +1737740    -36          93    -16   53   8  258  +77  356  +76  356   76  41  0  0 L3P 50
G03 FF 61048 085400  780 520    1    -6040270   +109          67    +11   28  10  103  +12  174   +1  174    1  21  0  0 L3P C4
G04 FF 61048 085400  780 666 1482     -368302    -27          68     -3   22 147   89   +0  151   -4  151   -4  17  0  0 L3P F5
G07 FF 61048 085400  780 298 2830    +1323598    +56          67     +4   50  17  164  -27  235  -44  235  -44  35  0  0 L3P 4C
G09 FF 61048 085400  780 500 2165    -7699535    -24          76    -17   19  37  106   -9  167  -10  167  -10  13  0  0 L3P 4C
G16 FF 61048 085400  780 499 1062    -1836079    -62          74    +14   29  32  106   +3  169  -18  169  -18  22  0  0 L3P 4F
G26 FF 61048 085400  780 242 1335    +3079164   +106          62    +45   49   9  197  +43  293   -1  293   -1  39  0  0 L3P 35
G03 FF 61048 091000  780 438    8    -6040187    +86          56    -12   42  10  117  +18  195  +17  195   17  33  0  0 L3P 06
G04 FF 61048 091000  780 664 1289     -368320    -12          73    +12   17 147   89   +1  143  -12  143  -12  14  0  0 L3P 17
G07 FF 61048 091000  780 348 2760    +1323659    +51          77     -1   39  17  142  -18  198  -22  198  -22  31  0  0 L3P 43
G09 FF 61048 091000  780 559 2101    -7699543     -8          74     -1   21  37   98   -7  151  -10  151  -10  14  0  0 L3P 05
G16 FF 61048 091000  780 470 1162    -1836152    -54          74    +23   23  32  111   +7  167   -5  167   -5  18  0  0 L3P 0A
G26 FF 61048 091000  780 186 1360    +3079231   +152          70    +90   37   9  252  +76  335  -12  335  -12  28  0  0 L3P 45
G03 FF 61048 092600  780 358   13    -6040076   +220          74   +122   72  10  139  +27  193  -98  193  -98  54  0  0 L3P 54
G04 FF 61048 092600  780 647 1104     -368341    -24          75     -1   28 147   90   +2  136   -5  136   -5  19  0  0 L3P F1
G07 FF 61048 092600  780 397 2682    +1323715    +50          84     -2   38  17  127  -13  163  -24  163  -24  27  0  0 L3P 3E
G09 FF 61048 092600  780 621 2029    -7699547    -25          77    -18   18  37   92   -6  132   -8  132   -8  12  0  0 L3P 22
G16 FF 61048 092600  780 428 1241    -1836221    -84          79     -8   34  32  119  +11  164   +5  164    5  24  0  0 L3P 09
G04 FF 61048 094200  780 615  943     -368369    -20          69     +4   23 147   92   +3  141   -9  141   -9  18  0  0 L3P EB
G07 FF 61048 094200  780 443 2596    +1323753    +32          71    -20   35  17  116  -10  154   -6  154   -6  27  0  0 L3P 1E
G09 FF 61048 094200  780 685 1939    -7699552    -25          78    -18   22  37   87   -4  119   -7  119   -7  16  0  0 L3P 39
G16 FF 61048 094200  780 377 1298    -1836283    -50          90    +26   27  32  132  +17  169   -9  169   -9  21  0  0 L3P 3F
G03 FF 61048 095800  780 206   28    -6039910   +131          52    +33   48  10  229  +78  267  +20  267   20  34  0  0 L3P 28
G04 FF 61048 095800  780 572  811     -368391    -16          70     +8   23 147   97   +5  145   +6  145    6  17  0  0 L3P E3
G07 FF 61048 095800  780 487 2500    +1323803    +57          71     +4   20  17  108   -7  139  -12  139  -12  15  0  0 L3P 1F
G09 FF 61048 095800  780 748 1802    -7699558    -11          79     -4   15  37   84   -3  112   -2  112   -2  11  0  0 L3P 03
G16 FF 61048 095800  780 321 1338    -1836361    -98          84    -22   32  32  152  +25  195  +41  195   41  23  0  0 L3P 46
G30 FF 61048 095800  780 232 2691     -810094    -61          89    +62   38   7  205  -40  199  -80  199  -80  24  0  0 L3P 41
G04 FF 61048 101400  780 521  703     -368414     +8          71    +32   28 148  103   +8  150  -17  150  -17  18  0  0 L3P FF
G07 FF 61048 101400  780 527 2393    +1323861    +59          74     +7   19  18  102   -5  134   -5  134   -5  14  0  0 L3P FA
G08 FF 61048 101400  780 288  637    -5065666     -5          74    -45   41  22  168  -24  218   +8  218    8  36  0  0 L3P 0B
G09 FF 61048 101400  780 802 1533    -7699574    -22          67    -15   16  38   83   -1  112   +5  112    5  11  0  0 L3P F0
G16 FF 61048 101400  780 262 1363    -1836441    -96          79    -20   42  35  183  +40  227  +48  227   48  31  0  0 L3P 41
G20 FF 61048 101400  780 149 2267    -3617653    -27          81    -28   34  25  313  -69  263  -33  263  -33  25  0  0 L3P 51
G21 FF 61048 101400  780 150 2226    -3757602   -108         105    -24   32 122  311  -94  272  -52  272  -52  23  0  0 L3P 65
G30 FF 61048 101400  780 278 2628     -810213   -154          89    -31   64  38  174  -27  174   +0  174    0  47  0  0 L3P 1A
G04 FF 61048 103000  780 464  616     -368452    -15          56     +9   28 148  112  +11  160   -6  160   -6  21  0  0 L3P F1
G07 FF 61048 103000  780 562 2273    +1323901    +32          64    -20   18  18   98   -4  127   -7  127   -7  13  0  0 L3P F5
G08 FF 61048 103000  780 328  709    -5065635    +48          65     +7   45  22  150  -15  191  -21  191  -21  32  0  0 L3P 1D
G09 FF 61048 103000  780 816 1020    -7699594    -46          53    -39   22  38   82   +0  111  +19  111   19  15  0  0 L3P 18
G16 FF 61048 103000  780 202 1375    -1836502    +38          91   +114   31  35  234  +68  257  -63  257  -63  24  0  0 L3P 56
G20 FF 61048 103000  780 177 2328    -3617675    -39          58    -40   32  25  265  -35  236  -13  236  -13  23  0  0 L3P 4A
G21 FF 61048 103000  780 192 2275    -3757705    -89          83     -5   36 122  245  -49  228  -45  228  -45  28  0  0 L3P 62
G30 FF 61048 103000  780 324 2562     -810346   -180          74    -57   34  38  152  -20  164  +20  164   20  27  0  0 L3P 27
G04 FF 61048 104600  780 404  545     -368485     +6          46    +30   46 148  125  +16  177   -3  177   -3  33  0  0 L3P 06
G07 FF 61048 104600  780 592 2138    +1323938    +63          50    +11   18  18   95   -3  118  -21  118  -21  13  0  0 L3P 1A
G08 FF 61048 104600  780 360  790    -5065605    +46          56     +5   47  22  138  -10  181  -10  181  -10  34  0  0 L3P 18
G09 FF 61048 104600  780 772  632    -7699606     -8          48     -2   18  38   83   +2  109   +5  109    5  15  0  0 L3P D6
G20 FF 61048 104600  780 196 2396    -3617673    +26          58    +25   38  25  241  -16  208  -42  208  -42  29  0  0 L3P 57
G21 FF 61048 104600  780 227 2335    -3757806    -48          62    +36   27 122  210  -27  208  -56  208  -56  22  0  0 L3P 5F
G30 FF 61048 104600  780 370 2493     -810463    -60          75    +63   37  38  135  -15  142  -66  142  -66  27  0  0 L3P 3E
G07 FF 61048 110200  780 615 1988    +1323983    +27          45    -25   21  18   92   -2  111  +11  111   11  14  0  0 L3P FE
G08 FF 61048 110200  780 382  879    -5065569    +34          53     -7   33  22  131   -5  175   +2  175    2  23  0  0 L3P E3
G09 FF 61048 110200  780 704  458    -7699616    -16          45     -9   32  38   86   +4  115  +18  115   18  24  0  0 L3P 07
G20 FF 61048 110200  780 204 2468    -3617654    +35          76    +34   27  25  232   -3  190   -8  190   -8  22  0  0 L3P 0C
G21 FF 61048 110200  780 252 2404    -3757877   -126          73    -42   26 122  190  -14  181  +25  181   25  22  0  0 L3P 54
G30 FF 61048 110200  780 416 2420     -810587    -84          69    +39   25  38  122  -12  131  -29  131  -29  20  0  0 L3P 2A
G07 FF 61048 111800  780 629 1825    +1324034   +107          46    +54   19  18   91   -1  103  -47  103  -47  12  0  0 L3P 2A
G08 FF 61048 111800  780 391  973    -5065526    +48          56     +7   47  22  129   -1  166   -8  166   -8  34  0  0 L3P 09
G09 FF 61048 111800  780 630  365    -7699630    +15          37    +22   32  38   91   +6  128   -6  128   -6  21  0  0 L3P F8
G14 FF 61048 111800  780 325 3104    -7274452   -144          47   -119   46 116  151  -28  192  +57  192   57  33  0  0 L3P 7C
G20 FF 61048 111800  780 201 2543    -3617652    +28          77    +27   36  25  234   +9  190   -9  190   -9  27  0  0 L3P 1A
G21 FF 61048 111800  780 265 2481    -3757979    -61          51    +23   37 122  181   -5  189  -21  189  -21  30  0  0 L3P 56
G27 FF 61048 111800  780 214 1273     +146115    +79          61     +7   43  16  221  +29  253  +28  253   28  30  0  0 L3P 0C
G30 FF 61048 111800  780 462 2342     -810703    -98          70    +24   30  38  113   -9  118  -34  118  -34  20  0  0 L3P 16
G05 FF 61048 113400  780 123 2288    +2269277     +6          67     -1   43  66  375  -57  275  -37  275  -37  30  0  0 L3P 3E
G07 FF 61048 113400  780 632 1654    +1324086    +71          47    +19   22  18   91   +0  107  -11  107  -11  16  0  0 L3P 0C
G08 FF 61048 113400  780 386 1065    -5065484    +39          60     -2   66  22  130   +4  164   +2  164    2  50  0  0 L3P E8
G09 FF 61048 113400  780 553  306    -7699636     -5          38     +2   27  38   99   +9  140  +17  140   17  19  0  0 L3P FA
G14 FF 61048 113400  780 389 3049    -7274484     -7          39    +18   49 116  129  -18  180  -32  180  -32  35  0  0 L3P 60
G20 FF 61048 113400  780 188 2617    -3617683     +0          45     -1   42  25  249  +22  221   -2  221   -2  33  0  0 L3P EA
G21 FF 61048 113400  780 267 2561    -3758046    -83          65     +1   32 122  180   +3  180   -5  180   -5  25  0  0 L3P 08
G30 FF 61048 113400  780 508 2258     -810828    -73          63    +50   21  38  105   -7  120  -48  120  -48  15  0  0 L3P 1C
G05 FF 61048 115000  780 136 2353    +2269295    -15          78    -22   67  66  339  -22  235  -12  235  -12  48  0  0 L3P 51
G07 FF 61048 115000  780 624 1486    +1324122    +44          34     -8   20  18   92   +1  119  +16  119   16  15  0  0 L3P F1
G08 FF 61048 115000  780 367 1150    -5065434    +51          70    +10   44  22  136   +8  156   -4  156   -4  34  0  0 L3P 00
G09 FF 61048 115000  780 476  265    -7699641     +6          39    +13   34  38  110  +14  145  +13  145   13  24  0  0 L3P 16
G14 FF 61048 115000  780 451 2983    -7274508    -33          38     -8   39 116  115  -13  154  -27  154  -27  28  0  0 L3P 57
G20 FF 61048 115000  780 167 2689    -3617663    +66          64    +65   65  25  279  +41  210  -33  210  -33  51  0  0 L3P 4E
G21 FF 61048 115000  780 257 2641    -3758133    -73          59    +11   52 122  187  +11  187   -4  187   -4  40  0  0 L3P 35
G30 FF 61048 115000  780 554 2164     -810939   -148          71    -25   19  38   99   -6   99  +12   99   12  15  0  0 L3P 0F
G05 FF 61048 120600  780 140 2421    +2269304    -20          83    -27   59  67  329   +2  213  +11  213   11  45  0  0 L3P 0F
G07 FF 61048 120600  780 606 1328    +1324189    +69          45    +16   20  21   93   +2  113  -12  113  -12  15  0  0 L3P 08
G08 FF 61048 120600  780 335 1225    -5065397     +9          69    -32   48  38  147  +15  175  +40  175   40  35  0  0 L3P 38
G09 FF 61048 120600  780 400  235    -7699654     -7          30     +0   37  44  126  +21  179  +19  179   19  27  0  0 L3P 14
G14 FF 61048 120600  780 510 2901    -7274506     +7          62    +32   32 117  105   -9  124  -35  124  -35  23  0  0 L3P 21
G21 FF 61048 120600  780 236 2719    -3758200    -99          72    -15   42 123  202  +21  194  +22  194   22  32  0  0 L3P 41
G22 FF 61048 120600  780 327 3015     +611064    -11          65    +31   55  18  150  -24  192  -41  192  -41  40  0  0 L3P 18
G30 FF 61048 120600  780 599 2058     -811062   -130          66     -7   15  53   94   -4  107   +2  107    2  11  0  0 L3P D3
G05 FF 61048 122200  780 135 2491    +2269312    +18          84    +11   54  67  342  +25  203  -14  203  -14  45  0  0 L3P 32
G07 FF 61048 122200  780 578 1185    +1324241    +57          47     +5   33  21   96   +3  109   -9  109   -9  23  0  0 L3P EE
G08 FF 61048 122200  780 294 1285    -5065344    +43          83     +2   45  38  165  +24  179   +2  179    2  32  0  0 L3P 0B
G09 FF 61048 122200  780 325  212    -7699635    -13          56     -7   36  44  151  +32  180  +34  180   34  24  0  0 L3P 16
G13 FF 61048 122200  780 165 2209    -6901998    +41          52    +31   73  42  286 -105  210  -49  210  -49  53  0  0 L3P 5A
G14 FF 61048 122200  780 565 2801    -7274539    -82          53    -57   26 117   98   -6  119  +22  119   22  18  0  0 L3P 3C
G21 FF 61048 122200  780 207 2792    -3758287    -50          66    +34   68 123  228  +34  216  -14  216  -14  52  0  0 L3P 5F
G22 FF 61048 122200  780 383 2951     +611015    -46          56     -4   42  18  131  -17  169  -34  169  -34  31  0  0 L3P 1F
G30 FF 61048 122200  780 641 1930     -811173   -151          73    -28   21  53   90   -3   96   +9   96    9  14  0  0 L3P D1
G07 FF 61048 123800  780 544 1059    +1324295    +22          50    -30   31  21  100   +5  113  +36  113   36  22  0  0 L3P 01
G08 FF 61048 123800  780 245 1332    -5065307    +29          81    -12   63  38  195  +39  189  +33  189   33  49  0  0 L3P 56
G09 FF 61048 123800  780 252  197    -7699637    -41          60    -34   82  44  190  +52  194  +84  194   84  64  0  0 L3P 54
G13 FF 61048 123800  780 226 2216    -6901982    +68          58    +58   47  42  212  -56  172  -81  172  -81  34  0  0 L3P 5E
G14 FF 61048 123800  780 612 2675    -7274570    -49          45    -24   24 117   93   -4  109  +10  109   10  19  0  0 L3P 2E
G22 FF 61048 123800  780 437 2877     +610977    -57          59    -15   53  18  118  -12  141   -7  141   -7  40  0  0 L3P 22
G30 FF 61048 123800  780 678 1771     -811295   -144          69    -21   21  53   88   -2   91  +10   91   10  14  0  0 L3P F6
G07 FF 61048 125400  780 503  950    +1324351    +59          56     +7   38  21  105   +7  123  +16  123   16  28  0  0 L3P F6
G08 FF 61048 125400  780 192 1366    -5065284    +47          64     +6   54  38  245  +69  228  +19  228   19  36  0  0 L3P 49
G13 FF 61048 125400  780 287 2234    -6901961    +27          70    +17   25  42  169  -34  142  -19  142  -19  19  0  0 L3P 52
G14 FF 61048 125400  780 650 2519    -7274596    -21          44     +4   16 117   90   -2  108  -12  108  -12  12  0  0 L3P 1A
G17 FF 61048 125400  780 314 3545     +262362   +170          70    +52   61  17  156  -34  189  -39  189  -39  51  0  0 L3P 58
G22 FF 61048 125400  780 488 2791     +610946    -32          68    +10   36  18  108   -8  122  -24  122  -24  28  0  0 L3P 26
G30 FF 61048 125400  780 704 1571     -811415   -107          66    +16   27  53   86   -1   94   -8   94   -8  19  0  0 L3P EB
G07 FF 61048 131000  780 458  855    +1324406    +18          61    -34   39  21  113   +9  132  +28  132   28  29  0  0 L3P 0F
G13 FF 61048 131000  780 346 2265    -6901958     -6          63    -16   34  42  143  -22  134  -21  134  -21  25  0  0 L3P 29
G14 FF 61048 131000  780 673 2333    -7274621    -30          43     -5   28 117   88   -1  100  -15  100  -15  21  0  0 L3P 08
G22 FF 61048 131000  780 534 2689     +610905    -63          67    -21   24  18  101   -6  109   -1  109   -1  19  0  0 L3P F3
G30 FF 61048 131000  780 712 1339     -811537   -132          62     -9   22  53   86   +0   96   -3   96   -3  16  0  0 L3P C7
G07 FF 61048 132600  780 409  772    +1324460    +46          65     -6   49  21  124  +13  132  -10  132  -10  38  0  0 L3P 0F
G13 FF 61048 132600  780 402 2315    -6901963     -5          48    -15   33  42  126  -14  119   -8  119   -8  24  0  0 L3P 12
G14 FF 61048 132600  780 679 2131    -7274657    -44          30    -19   17 117   88   +0  100  +10  100   10  13  0  0 L3P 13
G15 FF 61048 132600  780 138 2228    -3747468   -108          84    -73   64  26  337 -106  177  +36  177   36  49  0  0 L3P 88
G22 FF 61048 132600  780 574 2570     +610855    -48          57     -6   31  18   97   -4  105   -9  105   -9  23  0  0 L3P E9
G30 FF 61048 132600  780 698 1109     -811663   -131          55     -9   29  53   87   +1   94   +1   94    1  19  0  0 L3P CC
G07 FF 61048 134200  780 358  699    +1324495    +57          50     +5   51  21  139  +18  144  +22  144   22  38  0  0 L3P 1A
G13 FF 61048 134200  780 451 2385    -6901958     -7          43    -17   42  42  115   -9  109   -5  109   -5  26  0  0 L3P 0A
G14 FF 61048 134200  780 670 1935    -7274672    -18          39     +7   17 117   88   +1   89   -8   89   -8  14  0  0 L3P 04
G15 FF 61048 134200  780 179 2273    -3747513   -109          72    -74   57  26  263  -55  166  +28  166   28  41  0  0 L3P 6A
G17 FF 61048 134200  780 547 3550     +262676   +133          43    +15   39  17  100  -10  131  -33  131  -33  29  0  0 L3P 33
G22 FF 61048 134200  780 606 2431     +610812    -46          55     -4   20  18   93   -3   98   -3   98   -3  16  0  0 L3P B7
G30 FF 61048 134200  780 665  917     -811786   -112          49    +11   27  53   89   +3   96   -3   96   -3  18  0  0 L3P E1
G07 FF 61048 135800  780 305  636    +1324524    +74          29    +22   74  21  160  +26  173   +9  173    9  50  0  0 L3P 03
G13 FF 61048 135800  780 489 2478    -6901947    +14          44     +4   48  42  108   -5   98  -11   98  -11  31  0  0 L3P 1C
G14 FF 61048 135800  780 647 1761    -7274698    -30          38     -5   21 117   90   +2   86   +5   86    5  15  0  0 L3P E8
G15 FF 61048 135800  780 213 2327    -3747557    -62          62    -27   48  26  223  -31  152   -6  152   -6  39  0  0 L3P 33
G17 FF 61048 135800  780 629 3556     +262779    +99          32    -19   29  17   91   -7  124   +0  124    0  20  0  0 L3P F2
G19 FF 61048 135800  780 421 3432    -6845768    +22          63    +40   47   0  121  -20  133  -50  133  -50  41  0  0 L3P 27
G22 FF 61048 135800  780 628 2274     +610774    -24          57    +18   21  18   91   -1   91  -18   91  -18  17  0  0 L3P FB
G30 FF 61048 135800  780 618  770     -811907   -145          46    -23   31  53   92   +5  103  +27  103   27  22  0  0 L3P FF
G13 FF 61048 141400  780 510 2593    -6901938     -7          43    -17   36  43  104   -2   96   +9   96    9  25  0  0 L3P E2
G14 FF 61048 141400  780 616 1614    -7274728    +10          29    +35   24 118   92   +3   82  -23   82  -23  17  0  0 L3P 11
G15 FF 61048 141400  780 238 2391    -3747590    -63          66    -28   57  27  200  -17  128   +8  128    8  42  0  0 L3P 2C
G17 FF 61048 141400  780 711 3576     +262894   +132          38    +14   28  48   86   -4  104  -26  104  -26  21  0  0 L3P 26
G19 FF 61048 141400  780 502 3414    -6845807    -45          47    -27   34  40  106  -13  125   +2  125    2  25  0  0 L3P 0E
G22 FF 61048 141400  780 639 2104     +610730    -41          54     +1   19  19   90   +0   85  -11   85  -11  14  0  0 L3P C3
G30 FF 61048 141400  780 562  659     -812021   -143          46    -20   28  54   98   +7  105  +28  105   28  20  0  0 L3P FE
G13 FF 61048 143000  780 512 2719    -6901930     +1          41    -10   25  43  104   +1   93  +11   93   11  17  0  0 L3P D1
G14 FF 61048 143000  780 580 1489    -7274752    -16          29     +9   27 118   96   +4   81   -5   81   -5  19  0  0 L3P F7
G15 FF 61048 143000  780 253 2461    -3747638    -38          51     -3   48  27  189   -7  137   -3  137   -3  39  0  0 L3P 17
G17 FF 61048 143000  780 793   49     +263009   +109          39    -10   20  48   83   -2   91   -5   91   -5  17  0  0 L3P BA
G19 FF 61048 143000  780 584 3389    -6845814    -32          56    -14   30  40   95   -9   98   -7   98   -7  22  0  0 L3P 07
G22 FF 61048 143000  780 638 1931     +610691    -36          55     +6   26  19   91   +1   74  -11   74  -11  20  0  0 L3P D0
G30 FF 61048 143000  780 502  574     -812154   -178          30    -55   31  54  106  +10  117  +43  117   43  21  0  0 L3P 0D
G13 FF 61048 144600  780 494 2841    -6901925    +11          36     +1   36  43  107   +5   99   +8   99    8  29  0  0 L3P E8
G14 FF 61048 144600  780 541 1380    -7274780    -21          24     +4   31 118  100   +5   85   +8   85    8  23  0  0 L3P DC
G15 FF 61048 144600  780 258 2537    -3747667    -12          56    +23   67  27  186   +0  134   -4  134   -4  43  0  0 L3P 22
G17 FF 61048 144600  780 860  502     +263120   +125          38     +7   20  48   82   +0   81   -5   81   -5  15  0  0 L3P A8
G19 FF 61048 144600  780 668 3353    -6845837    -13          51     +5   25  40   89   -6   83  -17   83  -17  18  0  0 L3P 14
G22 FF 61048 144600  780 626 1765     +610652    -34          56     +8   25  19   91   +1   68   -8   68   -8  17  0  0 L3P CE
G30 FF 61048 144600  780 439  507     -812257   -125          46     -2   41  54  117  +14  111   +8  111    8  29  0  0 L3P E9
G13 FF 61048 150200  780 458 2950    -6901911    +47          41    +36   39  43  113   +8   99  -21   99  -21  27  0  0 L3P 20
G14 FF 61048 150200  780 500 1283    -7274786    -14          43    +11   31 118  106   +7   75   +1   75    1  22  0  0 L3P E0
G15 FF 61048 150200  780 252 2614    -3747690    -50          67    -15   83  27  190   +8  133  +19  133   19  59  0  0 L3P 37
G17 FF 61048 150200  780 822 1313     +263240   +122          44     +3   17  48   82   +1   75   -5   75   -5  14  0  0 L3P B5
G19 FF 61048 150200  780 751 3291    -6845842     -8          64    +10   26  40   84   -3   68  -16   68  -16  18  0  0 L3P 04
G22 FF 61048 150200  780 605 1612     +610608    -26          53    +16   16  19   93   +2   69  -16   69  -16  12  0  0 L3P E7
G13 FF 61048 151800  780 411 3040    -6901911    +28          31    +18   36  43  123  +13  112   -6  112   -6  28  0  0 L3P 06
G14 FF 61048 151800  780 459 1195    -7274810    -58          42    -33   33 118  113   +8   75  +24   75   24  22  0  0 L3P 22
G15 FF 61048 151800  780 236 2690    -3747725    -48          66    -13   82  27  202  +17  144   +9  144    9  65  0  0 L3P 2F
G17 FF 61048 151800  780 744 1433     +263355   +152          45    +34   20  48   84   +3   70  -32   70  -32  15  0  0 L3P F6
G19 FF 61048 151800  780 831 3130    -6845854     +7          69    +25   19  40   82   -1   54  -29   54  -29  14  0  0 L3P 05
G22 FF 61048 151800  780 577 1475     +610575    -27          61    +15   30  19   96   +3   59  -16   59  -16  23  0  0 L3P FF
G24 FF 61048 151800  780 210 2244    +1708639   -310          74   -162   63  11  227  -62   95  +78   95   78  45  0  0 L3P 50
G06 FF 61048 153400  780 330  248    +6002249    +89          41    +46   53  34  149  -29  127  -74  127  -74  40  0  0 L3P 40
G13 FF 61048 153400  780 356 3114    -6901906    -66          26    -76   29  43  139  +20  117  +60  117   60  22  0  0 L3P 3C
G14 FF 61048 153400  780 417 1114    -7274848    -60          28    -35   43 118  122  +10   82  +17   82   17  29  0  0 L3P 2C
G15 FF 61048 153400  780 211 2763    -3747754    -19          71    +17   63  27  224  +29  145  -20  145  -20  44  0  0 L3P 4B
G17 FF 61048 153400  780 666 1452     +263462   +104          38    -14   19  48   89   +5   65   +1   65    1  15  0  0 L3P D6
G19 FF 61048 153400  780 865 2130    -6845874    -12          67     +6   25  40   81   +0   43  -17   43  -17  17  0  0 L3P F8
G22 FF 61048 153400  780 545 1353     +610523    -66          48    -24   27  19  100   +4   64  +14   64   14  21  0  0 L3P E2
G24 FF 61048 153400  780 268 2254    +1708465   -112          42    +36   51  11  180  -38   91  -42   91  -42  36  0  0 L3P 35
G06 FF 61048 155000  780 400  291    +6002304    +72          54    +29   33  34  126  -19   85  -44   85  -44  24  0  0 L3P 09
G13 FF 61048 155000  780 297 3176    -6901923   +129          -1   +119   72  43  163  +31  144  -84  144  -84  47  0  0 L3P 74
G14 FF 61048 155000  780 375 1038    -7274874    -19          27     +6   46 118  133  +13   88   +6   88    6  34  0  0 L3P 0C
G17 FF 61048 155000  780 589 1443     +263578   +130          41    +12   26  48   95   +8   60  -12   60  -12  19  0  0 L3P 00
G19 FF 61048 155000  780 797 1698    -6845890    -24          68     -6   23  40   83   +2   37   -4   37   -4  17  0  0 L3P F0
G22 FF 61048 155000  780 508 1243     +610484    -73          50    -31   25  19  105   +6   58  +24   58   24  18  0  0 L3P EB
G24 FF 61048 155000  780 327 2277    +1708321   -154          40     -7   46  11  151  -25   77  -18   77  -18  30  0  0 L3P 25
G06 FF 61048 160600  780 470  346    +6002312    +43          18     +1   39  35  111  -13   85  -14   85  -14  28  0  0 L3P EF
G14 FF 61048 160600  780 331  967    -7274893    -51          29    -26   35 119  148  +18   81  +18   81   18  26  0  0 L3P 36
G17 FF 61048 160600  780 516 1423     +263683   +115          36     -3   30  54  104  +11   61   -4   61   -4  22  0  0 L3P D3
G19 FF 61048 160600  780 722 1597    -6845922    -24          53     -5   25  41   85   +4   39   +3   39    3  19  0  0 L3P D5
G22 FF 61048 160600  780 468 1143     +610420    -41          21     +1   30  20  111   +8   69   -8   69   -8  21  0  0 L3P AF
G24 FF 61048 160600  780 383 2314    +1708176   -165          37    -18   35  12  131  -16   59   -6   59   -6  27  0  0 L3P 20
G06 FF 61048 162200  780 537  421    +6002359    +30          24    -12   29  35  101   -9   66   -4   66   -4  21  0  0 L3P CB
G12 FF 61048 162200  780 212 2421    +6063045    -13          38    -18   65  45  224  -49   61  -11   61  -11  46  0  0 L3P 11
G17 FF 61048 162200  780 446 1395     +263810   +181          50    +62   30  54  115  +14   54  -36   54  -36  22  0  0 L3P 18
G19 FF 61048 162200  780 649 1536    -6845939    -27          53     -8   23  41   90   +5   40   +9   40    9  16  0  0 L3P D6
G22 FF 61048 162200  780 426 1053     +610374    -80          15    -38   39  20  120  +10   73  +21   73   21  28  0  0 L3P E7
G24 FF 61048 162200  780 435 2369    +1708027   -147          29     +1   38  12  118  -11   51  -15   51  -15  26  0  0 L3P 1A
G06 FF 61048 163800  780 595  529    +6002401    +10          26    -32   30  35   94   -5   58  +12   58   12  22  0  0 L3P D6
G12 FF 61048 163800  780 260 2371    +6063033    +21          23    +17   52  45  185  -34   52  -26   52  -26  38  0  0 L3P 19
G17 FF 61048 163800  780 379 1362     +263906    +92          33    -26   30  54  132  +20   68  +23   68   23  24  0  0 L3P 09
G19 FF 61048 163800  780 579 1485    -6845964     -5          46    +13   27  41   96   +7   41  -18   41  -18  19  0  0 L3P 18
G22 FF 61048 163800  780 382  969     +610333    -77          15    -35   41  20  131  +14   73  +15   73   15  26  0  0 L3P EF
G24 FF 61048 163800  780 479 2447    +1707881   -176          25    -28   29  12  110   -7   47  +14   47   14  22  0  0 L3P 28
G06 FF 61048 165400  780 637  680    +6002434    +38          19     -4   28  35   91   -2   57   -4   57   -4  20  0  0 L3P BE
G11 FF 61048 165400  780 394    0    +4812424   -153          26    -20   66 198  128  -22   81  -13   81  -13  47  0  0 L3P 10
G12 FF 61048 165400  780 311 2323    +6063022     +9           7     +5   53  45  157  -25   61  -13   61  -13  41  0  0 L3P D6
G17 FF 61048 165400  780 317 1326     +264032   +112          45     -6   41  54  154  +27   65   +1   65    1  30  0  0 L3P CC
G19 FF 61048 165400  780 513 1439    -6845980    -62          47    -44   26  41  104  +10   40  +14   40   14  17  0  0 L3P 15
G22 FF 61048 165400  780 336  893     +610314    +12          36    +55   35  20  146  +19   63  -40   63  -40  27  0  0 L3P F5
G24 FF 61048 165400  780 511 2547    +1707736   -163          23    -15   30  12  104   -4   45   +4   45    4  21  0  0 L3P E0
G06 FF 61048 171000  780 653  870    +6002478    +66          23    +24   18  35   89   +0   46  -19   46  -19  12  0  0 L3P F5
G11 FF 61048 171000  780 474   11    +4812277   -175           8    -42   30 198  111  -15   77  +18   77   18  23  0  0 L3P 08
G12 FF 61048 171000  780 364 2276    +6063033     -4          14     -9   33  45  137  -18   50   -1   50   -1  27  0  0 L3P C9
G17 FF 61048 171000  780 257 1286     +264130   +142          29    +24   53  54  186  +40   78  -16   78  -16  37  0  0 L3P 2C
G19 FF 61048 171000  780 451 1392    -6846016    -40          29    -22   32  41  114  +12   50  +23   50   23  24  0  0 L3P FC
G24 FF 61048 171000  780 525 2667    +1707584   -172          13    -24   34  12  102   -1   48  +15   48   15  27  0  0 L3P 10
G06 FF 61048 172600  780 636 1055    +6002510    +54          14    +12   26  35   91   +2   50  -13   50  -13  16  0  0 L3P DE
G11 FF 61048 172600  780 555   26    +4812135   -109          -7    +24   33 198   99  -10   71  -28   71  -28  22  0  0 L3P 16
G12 FF 61048 172600  780 421 2231    +6063023    +21           0    +16   26  45  121  -14   53  -19   53  -19  19  0  0 L3P F4
G17 FF 61048 172600  780 201 1243     +264236   +133          22    +15   65  54  234  +62   96   -3   96   -3  47  0  0 L3P FB
G19 FF 61048 172600  780 393 1346    -6846045     +3          17    +21   28  41  128  +16   64  -15   64  -15  22  0  0 L3P 17
G24 FF 61048 172600  780 521 2793    +1707432   -149           2     -2   35  12  103   +2   53   -2   53   -2  26  0  0 L3P C8
G06 FF 61048 174200  780 594 1196    +6002554    +64          17    +21   28  35   94   +5   51   -5   51   -5  21  0  0 L3P D9
G11 FF 61048 174200  780 637   55    +4812014   -164           0    -31   27 198   91   -7   61  +28   61   28  19  0  0 L3P E6
G12 FF 61048 174200  780 481 2187    +6063027    +33          -1    +28   21  45  109  -11   54  -24   54  -24  15  0  0 L3P 0E
G19 FF 61048 174200  780 338 1299    -6846046    -11          33     +7   43  41  146  +21   56  +12   56   12  31  0  0 L3P 05
G24 FF 61048 174200  780 497 2912    +1707288   -151           0     -3   33  12  106   +5   58  +19   58   19  24  0  0 L3P F9
G06 FF 61048 175800  780 537 1288    +6002606    +40          29     -2   29  35  101   +8   48   +4   48    4  21  0  0 L3P CF
G11 FF 61048 175800  780 718  116    +4811898   -146          11    -13   24 198   86   -4   52   +5   52    5  19  0  0 L3P F4
G12 FF 61048 175800  780 544 2143    +6063037    -11           5    -15   27  45  100   -8   50   +9   50    9  21  0  0 L3P C0
G19 FF 61048 175800  780 286 1250    -6846067    -95          30    -77   46  41  169  +28   68  +60   68   60  37  0  0 L3P 47
G24 FF 61048 175800  780 458 3015    +1707144   -152          -3     -4   34  12  113   +9   67   +4   67    4  26  0  0 L3P DA
G25 FF 61048 175800  780 178 2289    -4512065    -61          23    -84   49  56  265  -83   39  +53   39   53  35  0  0 L3P 43
G06 FF 61048 181400  780 472 1343    +6002645     +5          23    -37   32  46  111  +12   52  +29   52   29  24  0  0 L3P F3
G11 FF 61048 181400  780 792  285    +4811766   -153           9    -20   21 199   83   -2   47   +2   47    2  15  0  0 L3P DA
G12 FF 61048 181400  780 611 2100    +6063042     +3           5     -2   23  46   93   -6   45   -3   45   -3  16  0  0 L3P 89
G24 FF 61048 181400  780 408 3101    +1707007   -160           5    -13   37  23  124  +14   67   -4   67   -4  27  0  0 L3P EF
G25 FF 61048 181400  780 235 2267    -4512067    -18          -4    -41   40  57  204  -50   53  +20   53   20  29  0  0 L3P 05
G06 FF 61048 183000  780 404 1372    +6002680    +35          18     -7   43  46  125  +18   63  +17   63   17  30  0  0 L3P F9
G11 FF 61048 183000  780 827  789    +4811637   -122           7    +11   27 199   82   +0   43   -8   43   -8  19  0  0 L3P ED
G12 FF 61048 183000  780 681 2055    +6063044    +18           3    +13   20  46   88   -5   43  -11   43  -11  14  0  0 L3P D5
G24 FF 61048 183000  780 352 3171    +1706852   -114          -8    +33   49  23  141  +21   80  -17   80  -17  41  0  0 L3P 22
G25 FF 61048 183000  780 295 2252    -4512055    +26         -14     +4   49  57  165  -32   57   +0   57    0  35  0  0 L3P EB
G06 FF 61048 184600  780 336 1384    +6002718    -14          16    -56   39  46  146  +27   77  +70   77   70  29  0  0 L3P 32
G11 FF 61048 184600  780 784 1235    +4811508   -120           6    +13   32 199   83   +2   49   +1   49    1  22  0  0 L3P DD
G12 FF 61048 184600  780 753 1999    +6063052    +24           6    +20   20  46   84   -3   44   -9   44   -9  15  0  0 L3P D4
G24 FF 61048 184600  780 293 3230    +1706687   -166         -31    -19   84  23  165  +31  110  +34  110   34  62  0  0 L3P 54
G25 FF 61048 184600  780 358 2244    -4512019    +59           0    +37   35  57  139  -22   55  -17   55  -17  25  0  0 L3P 22
G29 FF 61048 184600  780 211 2618    +3963264   -109          44    -45   78  41  224  -45   57  +41   57   41  60  0  0 L3P 3D
G06 FF 61048 190200  780 269 1384    +6002773    +26          30    -16   41  46  179  +41   93  +36   93   36  30  0  0 L3P 1D
G11 FF 61048 190200  780 713 1371    +4811390   -143          16    -10   27 199   86   +4   54  +13   54   13  20  0  0 L3P 08
G12 FF 61048 190200  780 828 1893    +6063065    +18          15    +14   26  46   82   -1   44  -12   44  -12  19  0  0 L3P FD
G21 FF 61048 190200  780 360  564    -3760370    -46           5    +38   55 126  138  -17   90  -36   90  -36  44  0  0 L3P 1E
G25 FF 61048 190200  780 423 2247    -4511992    +62           5    +39   26  57  121  -16   59  -24   59  -24  20  0  0 L3P 1A
G29 FF 61048 190200  780 255 2556    +3963181     +4          22    +68   80  41  188  -31   77  -49   77  -49  56  0  0 L3P 39
G05 FF 61048 191800  780 341  263    +2269390    +17          -5    +10   51  70  145  -27  106  -17  106  -17  37  0  0 L3P 29
G06 FF 61048 191800  780 205 1373    +6002821    +30          38    -12   47  46  230  +69  116  +50  116   50  32  0  0 L3P 27
G11 FF 61048 191800  780 637 1412    +4811255   -141           9     -8   29 199   91   +6   66   +7   66    7  21  0  0 L3P E4
G12 FF 61048 191800  780 879  846    +6063069     +8          15     +4   28  46   81   +0   47   -1   47   -1  21  0  0 L3P B2
G21 FF 61048 191800  780 406  645    -3760445   -107          11    -23   54 126  125  -11   83  +22   83   22  37  0  0 L3P 22
G25 FF 61048 191800  780 489 2264    -4511960    +15          15     -8   27  57  108  -11   55   +1   55    1  21  0  0 L3P E5
G29 FF 61048 191800  780 299 2492    +3963110    -48          12    +15   61  41  163  -23   87  -12   87  -12  46  0  0 L3P 36
G05 FF 61048 193400  780 411  310    +2269423    +30          21    +23   38  70  124  -18   79  -25   79  -25  28  0  0 L3P 0D
G11 FF 61048 193400  780 563 1418    +4811129   -155          10    -22   28 199   98   +9   69  +17   69   17  20  0  0 L3P 2F
G12 FF 61048 193400  780 808  309    +6063069    +11          10     +6   30  46   82   +2   50   +4   50    4  22  0  0 L3P 91
G21 FF 61048 193400  780 444  739    -3760529    -50           8    +35   37 126  116   -7   86  -15   86  -15  26  0  0 L3P 1A
G25 FF 61048 193400  780 554 2304    -4511943    +57          10    +34   20  57   99   -8   54  -23   54  -23  14  0  0 L3P 05
G29 FF 61048 193400  780 344 2427    +3963064    -46          27    +18   47  41  144  -17   74  -11   74  -11  35  0  0 L3P 32
G05 FF 61048 195000  780 479  370    +2269438     +3          30     -4   32  70  110  -12   76  +16   76   16  23  0  0 L3P DB
G11 FF 61048 195000  780 491 1408    +4811018   -150          27    -17   29 199  107  +12   75  +26   75   26  21  0  0 L3P 3D
G12 FF 61048 195000  780 727  234    +6063082    +35          19    +31   29  46   85   +4   60   -5   60   -5  21  0  0 L3P C3
G21 FF 61048 195000  780 467  847    -3760589    -36          29    +48   34 126  112   -3   80  -20   80  -20  24  0  0 L3P 1D
G25 FF 61048 195000  780 615 2379    -4511912    +40          20    +18   21  57   93   -5   53   -6   53   -6  15  0  0 L3P DD
G29 FF 61048 195000  780 390 2359    +3963006    -48          29    +15   30  41  129  -13   80  -12   80  -12  20  0  0 L3P 1F
G05 FF 61048 200600  780 543  452    +2269436     -5          24    -12   33  71  100   -8   83   +4   83    4  25  0  0 L3P AF
G11 FF 61048 200600  780 423 1388    +4810893   -174          31    -41   32 200  121  +16   89  +44   89   44  23  0  0 L3P 35
G12 FF 61048 200600  780 646  196    +6063078    -25          11    -30   30  47   90   +6   76  +31   76   31  22  0  0 L3P D7
G21 FF 61048 200600  780 474  961    -3760666    -54          32    +30   29 127  110   +0   84  -10   84  -10  23  0  0 L3P 01
G25 FF 61048 200600  780 666 2508    -4511883    +15          23     -8   25  58   89   -3   51   +8   51    8  19  0  0 L3P D0
G29 FF 61048 200600  780 437 2288    +3962939    +18          26    +81   21  42  118  -11   90  -64   90  -64  15  0  0 L3P 35
G05 FF 61048 202200  780 597  567    +2269439    -22          21    -29   18  71   94   -5   83  +17   83   17  14  0  0 L3P F6
G11 FF 61048 202200  780 358 1361    +4810781   -203          47    -70   37 200  139  +22   93  +73   93   73  25  0  0 L3P 36
G12 FF 61048 202200  780 564  170    +6063082     +2          11     -2   22  47   97   +9   87  +20   87   20  17  0  0 L3P AE
G21 FF 61048 202200  780 462 1072    -3760752    -72          27    +12   47 127  112   +4   95   -1   95   -1  38  0  0 L3P F6
G25 FF 61048 202200  780 695 2704    -4511863    +48          21    +25   24  58   87   -1   57  -12   57  -12  16  0  0 L3P 06
G29 FF 61048 202200  780 485 2214    +3962869    -13          18    +51   22  42  109   -9   90  -42   90  -42  15  0  0 L3P 18
G05 FF 61048 203800  780 633  723    +2269444     +1          19     -6   23  71   91   -2   85   +8   85    8  17  0  0 L3P A4
G11 FF 61048 203800  780 296 1330    +4810636   -135          29     -2   41 200  164  +31  131  +35  131   35  33  0  0 L3P 2E
G12 FF 61048 203800  780 483  152    +6063094     -2          18     -6   22  47  109  +14   98  +26   98   26  16  0  0 L3P EA
G21 FF 61048 203800  780 433 1169    -3760829    -84          30     +0   36 127  118   +8  102  +12  102   12  27  0  0 L3P 16
G25 FF 61048 203800  780 689 2930    -4511844    +19          18     -4   22  58   87   +1   64   +7   64    7  17  0  0 L3P D5
G29 FF 61048 203800  780 534 2133    +3962819    -98          29    -35   25  42  101   -7   81  +25   81   25  18  0  0 L3P 17
G05 FF 61048 205400  780 642  906    +2269454    +13          22     +6   37  71   90   +0   86   -4   86   -4  25  0  0 L3P B9
G11 FF 61048 205400  780 238 1294    +4810499   -140          20     -7   46 200  200  +45  174  +46  174   46  35  0  0 L3P 45
G12 FF 61048 205400  780 404  138    +6063092    +17          12    +12   35  47  125  +21  117  +21  117   21  24  0  0 L3P 01
G18 FF 61048 205400  780 276 2842    +4559843    -54         -12    +44   48 166  175  -30  133  -76  133  -76  33  0  0 L3P 7F
G21 FF 61048 205400  780 392 1247    -3760915   -125          25    -41   42 127  128  +13  117  +43  117   43  33  0  0 L3P 53
G25 FF 61048 205400  780 651 3118    -4511829     -2          11    -25   23  58   90   +4   71  +20   71   20  15  0  0 L3P CE
G29 FF 61048 205400  780 585 2041    +3962750    -94          21    -30   22  42   95   -5   86  +23   86   23  17  0  0 L3P FE
G05 FF 61048 211000  780 621 1077    +2269453     -9          14    -16   29  71   92   +3   96  +20   96   20  24  0  0 L3P DD
G12 FF 61048 211000  780 327  130    +6063104    -70          19    -75   71  47  150  +32  138  +96  138   96  51  0  0 L3P 21
G18 FF 61048 211000  780 324 2774    +4559752   -103         -10     -5   40 166  151  -20  118   +1  118    1  30  0  0 L3P 1A
G21 FF 61048 211000  780 341 1305    -3760999    -62          22    +22   54 127  145  +21  137  +10  137   10  41  0  0 L3P 2F
G25 FF 61048 211000  780 593 3244    -4511804     +7          15    -15   24  58   94   +7   76  +23   76   23  19  0  0 L3P E7
G29 FF 61048 211000  780 635 1932    +3962680    -71          13     -7   21  42   91   -4   91  +12   91   12  15  0  0 L3P D9
G05 FF 61048 212600  780 578 1205    +2269466     +7          21     +0   32  71   96   +6  102  +15  102   15  24  0  0 L3P DE
G18 FF 61048 212600  780 371 2698    +4559654    -88         -14    +10   43 166  135  -15  113   -3  113   -3  31  0  0 L3P 46
G21 FF 61048 212600  780 284 1346    -3761078    -71          24    +13   43 127  170  +33  160  +29  160   29  30  0  0 L3P 41
G25 FF 61048 212600  780 525 3326    -4511790    +23           7     +1   52  58  102  +10   97  +22   97   22  35  0  0 L3P E9
G29 FF 61048 212600  780 682 1791    +3962621    -48          14    +16   22  42   88   -3   95   +5   95    5  17  0  0 L3P E7
G05 FF 61048 214200  780 521 1289    +2269471     -2          19     -9   30  71  103   +9  123  +21  123   21  22  0  0 L3P EB
G18 FF 61048 214200  780 415 2616    +4559569    -72          -6    +26   39 166  123  -11  113  -20  113  -20  27  0  0 L3P 50
G21 FF 61048 214200  780 224 1373    -3761155   -125          28    -41   46 127  212  +56  202  +79  202   79  34  0  0 L3P 59
G23 FF 61048 214200  780 234 3330    -5968689    +56           2   +106   50 159  205  -61  184  -76  184  -76  43  0  0 L3P 72
G26 FF 61048 214200  780 178 2272    +3081955    +77          22    +15   46 112  265  -62  184  -24  184  -24  32  0  0 L3P 5F
G29 FF 61048 214200  780 721 1598    +3962567    -65          21     -1   24  42   85   -2  102   +3  102    3  18  0  0 L3P DB
G05 FF 61048 215800  780 458 1340    +2269480     -2          22     -9   29  71  113  +13  139  +32  139   32  21  0  0 L3P 0E
G18 FF 61048 215800  780 456 2525    +4559494    -90          13     +8   27 166  114   -8  104   +9  104    9  18  0  0 L3P 1B
G23 FF 61048 215800  780 306 3303    -5968723    +36          16    +86   57 159  160  -36  156  -93  156  -93  45  0  0 L3P 7F
G26 FF 61048 215800  780 216 2324    +3082012    +37          20    -24   52 112  220  -35  179  +18  179   18  37  0  0 L3P 42
G29 FF 61048 215800  780 742 1339    +3962512    -60          27     +4   15  42   84   +0  106  +11  106   11  12  0  0 L3P F1
G05 FF 61048 221400  780 392 1367    +2269510    -31          43    -38   41  72  128  +19  153  +43  153   43  28  0  0 L3P 38
G15 FF 61048 221400  780 352  586    -3748645    -13          12    +22   38  33  141  -17  186  -29  186  -29  26  0  0 L3P 47
G18 FF 61048 221400  780 494 2427    +4559393   -111           6    -14   31 167  107   -6  116  +15  116   15  23  0  0 L3P 38
G26 FF 61048 221400  780 247 2386    +3082089    +15          37    -46   66 113  194  -20  166  +30  166   30  49  0  0 L3P 56
G29 FF 61048 221400  780 734 1054    +3962462    -72          41     -9   26  43   85   +1  113  +15  113   15  19  0  0 L3P FF
G05 FF 61048 223000  780 326 1378    +2269496    +20          23    +13   41  72  150  +28  197  +42  197   42  28  0  0 L3P 3C
G15 FF 61048 223000  780 395  666    -3748687     +8           4    +43   48  33  128  -11  183  -33  183  -33  34  0  0 L3P 26
G18 FF 61048 223000  780 528 2320    +4559298    -93           5     +5   22 167  102   -5  123   +8  123    8  16  0  0 L3P F2
G23 FF 61048 223000  780 452 3221    -5968830    -68           9    -18   52 160  115  -15  149  +15  149   15  39  0  0 L3P 48
G26 FF 61048 223000  780 268 2458    +3082134    +79          23    +18   77 113  180  -10  177   -5  177   -5  56  0  0 L3P 41
G29 FF 61048 223000  780 699  821    +3962398    -80          39    -17   30  43   86   +3  125  +28  125   28  21  0  0 L3P 1A
G05 FF 61048 224600  780 261 1377    +2269513     +7          33     +0   39  72  184  +43  229  +65  229   65  30  0  0 L3P 1E
G15 FF 61048 224600  780 429  758    -3748705    -35          20     +0   39  33  119   -7  174   +4  174    4  29  0  0 L3P F3
G18 FF 61048 224600  780 559 2202    +4559212    -80          12    +18   18 167   98   -3  134   +6  134    6  14  0  0 L3P 0B
G23 FF 61048 224600  780 525 3159    -5968872    -23          15    +27   23 160  103  -10  148   -6  148   -6  15  0  0 L3P 3F
G26 FF 61048 224600  780 278 2535    +3082193    +87          23    +26   64 113  174   -2  184   -5  184   -5  51  0  0 L3P 2F
G29 FF 61048 224600  780 647  659    +3962328    -54          30     +9   25  43   90   +4  150  +17  150   17  17  0  0 L3P 00
G05 FF 61048 230200  780 199 1367    +2269495    -14           9    -21   35  72  237  +72  315  +86  315   86  27  0  0 L3P 42
G15 FF 61048 230200  780 450  859    -3748743    -44          15     -9   35  33  115   -3  190  +25  190   25  26  0  0 L3P 0C
G16 FF 61048 230200  780 163 2269    -1840010    -82          45     -6   43  20  287  -59  247  +15  247   15  33  0  0 L3P 29
G18 FF 61048 230200  780 585 2073    +4559133    -79          27    +19   20 167   95   -2  139   +6  139    6  14  0  0 L3P 19
G23 FF 61048 230200  780 595 3075    -5968910    -39          25    +12   28 160   94   -7  148   -1  148   -1  20  0  0 L3P 1D
G26 FF 61048 230200  780 276 2616    +3082244   +116          15    +55   79 113  175   +4  206  -24  206  -24  59  0  0 L3P 56
G29 FF 61048 230200  780 585  547    +3962269    -80          32    -16   23  43   95   +7  172  +36  172   36  16  0  0 L3P 1A
G15 FF 61048 231800  780 456  965    -3748772    -29          20     +7   48  33  114   +0  201   +6  201    6  30  0  0 L3P DD
G16 FF 61048 231800  780 193 2328    -1840074    -80          54     -4   40  20  244  -32  238   -2  238   -2  33  0  0 L3P 09
G18 FF 61048 231800  780 605 1933    +4559052    -95          40     +3   17 167   93   -2  147  +11  147   11  12  0  0 L3P 17
G23 FF 61048 231800  780 660 2955    -5968951    -33          32    +17   29 160   89   -4  149   -3  149   -3  21  0  0 L3P 2E
G26 FF 61048 231800  780 263 2697    +3082298    +83          10    +22   59 113  183  +12  227  +11  227   11  43  0  0 L3P 47
G29 FF 61048 231800  780 518  466    +3962217    -39          41    +25   26  43  103  +10  192  +17  192   17  17  0  0 L3P 2E
G10 FF 61048 233400  780 301 3052    +5810753    +63         -19    +34   43  18  162  -30  263  -13  263  -13  32  0  0 L3P 3A
G13 FF 61048 233400  780 214 1258    -6901630    -12          13    -22   40  65  221  +23  320  +38  320   38  29  0  0 L3P 20
G15 FF 61048 233400  780 445 1067    -3748804    -26          22    +10   42  33  116   +4  211  -10  211  -10  32  0  0 L3P 11
G16 FF 61048 233400  780 213 2395    -1840164   -113          37    -37   37  20  222  -16  247  +16  247   16  28  0  0 L3P 4B
G18 FF 61048 233400  780 618 1782    +4558942   -122          24    -25   24 167   92   -1  161  +20  161   20  16  0  0 L3P 39
G23 FF 61048 233400  780 713 2772    -5969008    -42          23     +8   27 160   86   -2  156  -10  156  -10  19  0  0 L3P 2A
G26 FF 61048 233400  780 240 2774    +3082349    -27           3    -88   88 113  198  +21  255 +105  255  105  67  0  0 L3P 71
G29 FF 61048 233400  780 449  406    +3962149    -71          34     -7   34  43  115  +15  226  +32  226   32  24  0  0 L3P 18
