CGGTTS     GENERIC DATA FORMAT VERSION = 2E
REV DATE = 2024-12-02                    
RCVR = Septentrio PolaRx2 S/N 3252   R2CGGTTS v8.8    
CH = 20 
IMS = Septentrio PolaRx2 S/N 3252   
LAB = NMI Australia                 
X = -4648241.00 m 
Y = +2560636.48 m 
Z = -3526317.74 m 
FRAME = ITRF
COMMENTS =           IGS antenna SYDN              
INT DLY =  211.7 ns (GPS P1),  213.3 ns (GPS P2)     CAL_ID = 1015-2021           
CAB DLY = 2484.6 ns 
REF DLY =  338.6 ns
REF = UTC(AUS)                      
CKSUM = 82

SAT CL  MJD  STTIME TRKL ELV AZTH   REFSV      SRSV     REFSYS    SRSYS  DSG IOE MDTR SMDT MDIO SMDI MSIO SMSI ISG FR HC FRC CK
             hhmmss  s  .1dg .1dg    .1ns     .1ps/s     .1ns    .1ps/s .1ns     .1ns.1ps/s.1ns.1ps/s.1ns.1ps/s.1ns
G10 FF 61052 001000  780 473 2825    +5818543     -4         137    -32   36  67  111   -9  117  +17  117   17  29  0  0 L3P 22
G15 FF 61052 001000  780 335 1289    -3757854    -33         126     +2   57  15  147  +20  136   +5  136    5  45  0  0 L3P 0F
G16 FF 61052 001000  780 211 2621    -1860015     +1         142    +78   28  67  223  +17  144  -29  144  -29  22  0  0 L3P 2C
G18 FF 61052 001000  780 604 1307    +4533610   -146         150    -48   29 207   93   +2   91  +50   91   50  22  0  0 L3P 10
G23 FF 61052 001000  780 710 1947    -5982036    -68         126    -18   41 199   86   +2   87  +21   87   21  29  0  0 L3P 27
G27 FF 61052 001000  780 247 2241     +168605   +115         152    +41   41   6  195  -44  127  -37  127  -37  28  0  0 L3P 39
G10 FF 61052 002600  780 521 2721    +5818559    +31         125     +3   32  67  103   -7  120   -8  120   -8  24  0  0 L3P F5
G15 FF 61052 002600  780 283 1330    -3757880    -36         134     +0   50  15  171  +31  141   +8  141    8  35  0  0 L3P FF
G16 FF 61052 002600  780 191 2695    -1860108   -101         123    -24   44  67  246  +31  184  +57  184   57  33  0  0 L3P 5F
G18 FF 61052 002600  780 581 1164    +4533518    -97         152     +0   32 207   96   +3   98  +13   98   13  24  0  0 L3P 08
G23 FF 61052 002600  780 663 1774    -5982075    -52         135     -2   30 199   89   +4   88   +4   88    4  22  0  0 L3P F8
G27 FF 61052 002600  780 304 2271     +168680    +89         156    +15   51   6  161  -28  119  -23  119  -23  37  0  0 L3P 33
G10 FF 61052 004200  780 562 2599    +5818585    +35         124     +7   21  67   98   -4  119   -9  119   -9  14  0  0 L3P 14
G15 FF 61052 004200  780 227 1358    -3757915    -90         133    -55   53  15  209  +50  155  +64  155   64  40  0  0 L3P 4F
G18 FF 61052 004200  780 549 1036    +4533412    -97         140     +1   29 207   99   +4  115   +5  115    5  23  0  0 L3P F6
G23 FF 61052 004200  780 611 1648    -5982124    -24         134    +26   32 199   93   +5   94  -15   94  -15  21  0  0 L3P 26
G27 FF 61052 004200  780 357 2315     +168748    +56         153    -18   35   6  139  -18  118   +6  118    6  26  0  0 L3P 0E
G10 FF 61052 005800  780 593 2457    +5818620    +44         132    +15   24  67   94   -3  111   -4  111   -4  17  0  0 L3P 03
G18 FF 61052 005800  780 511  923    +4533325   -111         147    -13   26 207  104   +6  120  +19  120   19  19  0  0 L3P 31
G23 FF 61052 005800  780 558 1550    -5982172    -70         134    -20   27 199   98   +6  104  +26  104   26  19  0  0 L3P 45
G27 FF 61052 005800  780 405 2378     +168820    +61         154    -12   50   6  125  -12  113   +6  113    6  35  0  0 L3P EE
G08 FF 61052 011400  780 189 2249    -5052523    +44         162     +2   58  17  250  -64  151   -7  151   -7  42  0  0 L3P 1B
G10 FF 61052 011400  780 614 2299    +5818666    +36         151     +8   20  67   93   -1  102   -2  102   -2  16  0  0 L3P EC
G18 FF 61052 011400  780 467  825    +4533233    -89         149     +9   41 207  112   +9  134   +8  134    8  32  0  0 L3P 06
G23 FF 61052 011400  780 505 1465    -5982215    +24         139    +74   28 199  105   +8  113  -35  113  -35  21  0  0 L3P 52
G27 FF 61052 011400  780 443 2460     +168884    +66         147     -8   43   6  116   -7  125  +16  125   16  31  0  0 L3P 01
G08 FF 61052 013000  780 235 2296    -5052483    +52         163    +10   53  17  204  -36  149  -12  149  -12  39  0  0 L3P 4C
G10 FF 61052 013000  780 623 2131    +5818682    +17         140    -11   25  67   92   +0  115  +17  115   17  18  0  0 L3P 0A
G18 FF 61052 013000  780 418  739    +4533132   -155         142    -58   57 207  122  +12  161  +71  161   71  41  0  0 L3P 4D
G23 FF 61052 013000  780 454 1389    -5982268    -53         134     -2   33 199  114  +10  129   +7  129    7  21  0  0 L3P 2A
G27 FF 61052 013000  780 467 2561     +168954    +81         147     +7   41   6  112   -3  133   +4  133    4  33  0  0 L3P CF
G32 FF 61052 013000  780 511 3437    +1671781   -239         170    -70   53  32  105  -13  140  +53  140   53  37  0  0 L3P 44
G08 FF 61052 014600  780 274 2354    -5052453    +52         152    +10   58  17  176  -21  157   -8  157   -8  41  0  0 L3P 34
G10 FF 61052 014600  780 620 1963    +5818706    +40         136    +12   21  67   92   +1  118   -5  118   -5  14  0  0 L3P FF
G18 FF 61052 014600  780 366  665    +4533045   -111         149    -14   54 207  136  +18  179  +51  179   51  44  0  0 L3P 67
G23 FF 61052 014600  780 405 1318    -5982324    -52         126     -2   35 199  125  +13  144  +19  144   19  27  0  0 L3P 4B
G27 FF 61052 014600  780 474 2673     +169025   +101         146    +27   26   6  110   +0  140  -10  140  -10  20  0  0 L3P 05
G32 FF 61052 014600  780 593 3415    +1671586   -190         138    -20   30  32   95   -9  147   -5  147   -5  22  0  0 L3P 28
G08 FF 61052 020200  780 303 2424    -5052423    +11         143    -31   52  18  161  -12  158  +22  158   22  46  0  0 L3P 26
G10 FF 61052 020200  780 607 1804    +5818726    +44         129    +16   22  69   93   +2  119  -11  119  -11  16  0  0 L3P 26
G18 FF 61052 020200  780 311  601    +4532950     +9         142   +106   55 208  157  +26  212  -29  212  -29  39  0  0 L3P 46
G23 FF 61052 020200  780 359 1250    -5982379    -13         122    +37   36 200  138  +16  162  -13  162  -13  26  0  0 L3P 59
G27 FF 61052 020200  780 463 2786     +169083    +65         127     -9   47  24  112   +4  153   +6  153    6  37  0  0 L3P F3
G32 FF 61052 020200  780 677 3383    +1671420   -174         135     -4   25  33   88   -6  124  -12  124  -12  19  0  0 L3P 28
G02 FF 61052 021800  780 150 2244     -146855   -102         155    -19   69  49  312 -128  152   +9  152    9  52  0  0 L3P 38
G08 FF 61052 021800  780 322 2505    -5052386    +38         139     -4   58  18  152   -5  164  +24  164   24  45  0  0 L3P 29
G10 FF 61052 021800  780 586 1659    +5818767    +30         143     +2   24  69   95   +3  114   +9  114    9  17  0  0 L3P FD
G23 FF 61052 021800  780 314 1185    -5982422    -77         127    -27   30 200  155  +20  180  +59  180   59  21  0  0 L3P 57
G27 FF 61052 021800  780 435 2892     +169165   +145         137    +71   43  24  118   +8  157  -31  157  -31  32  0  0 L3P 49
G32 FF 61052 021800  780 761 3330    +1671263   -149         140    +20   22  33   84   -3  116  -11  116  -11  16  0  0 L3P 23
G02 FF 61052 023400  780 214 2234     -146958    -91         132     -8   39  49  223  -66  160  -23  160  -23  31  0  0 L3P 2B
G08 FF 61052 023400  780 327 2591    -5052350    +26         135    -16   39  18  150   +0  172  +10  172   10  33  0  0 L3P 1B
G10 FF 61052 023400  780 559 1528    +5818805    +13         153    -15   27  69   98   +3  109   +4  109    4  19  0  0 L3P 0D
G23 FF 61052 023400  780 270 1120    -5982455    -41         142     +9   54 200  178  +27  188   -3  188   -3  38  0  0 L3P 36
G27 FF 61052 023400  780 395 2984     +169226    +70         127     -4   44  24  127  +13  183  +13  183   13  33  0  0 L3P 23
G32 FF 61052 023400  780 842 3179    +1671101   -180         142    -11   20  33   82   -1  112   -7  112   -7  16  0  0 L3P FE
G02 FF 61052 025000  780 279 2232     -147055    -93         114    -10   32  49  173  -40  158  -14  158  -14  24  0  0 L3P 37
G08 FF 61052 025000  780 319 2679    -5052304    +35         141     -7   60  18  153   +6  170  +17  170   17  42  0  0 L3P 1A
G10 FF 61052 025000  780 529 1410    +5818815    +13         135    -16   36  69  102   +4  118  +13  118   13  25  0  0 L3P 20
G27 FF 61052 025000  780 346 3063     +169306   +161         137    +87   41  24  142  +19  193  -45  193  -45  32  0  0 L3P 56
G32 FF 61052 025000  780 864 1926    +1670936   -175         139     -6   20  33   81   +1  101   -4  101   -4  15  0  0 L3P FD
G02 FF 61052 030600  780 347 2242     -147112   -158         137    -75   31  49  143  -26  130  +42  130   42  23  0  0 L3P 30
G08 FF 61052 030600  780 300 2764    -5052258    +39         147     -3   68  18  162  +13  179   +4  179    4  51  0  0 L3P 1B
G10 FF 61052 030600  780 496 1302    +5818841    +11         134    -18   31  69  107   +6  124  +19  124   19  22  0  0 L3P 28
G28 FF 61052 030600  780 321  235    +6124423    -48         115     +3   45  32  153  -30  218  -81  218  -81  34  0  0 L3P 21
G32 FF 61052 030600  780 787 1649    +1670775   -165         141     +5   19  33   83   +2   97  -10   97  -10  14  0  0 L3P 1B
G02 FF 61052 032200  780 415 2267     -147194   -112         135    -29   32  49  123  -17  126  +20  126   20  23  0  0 L3P 2F
G08 FF 61052 032200  780 270 2844    -5052226    +48         138     +6   49  18  178  +21  202  +14  202   14  40  0  0 L3P 25
G10 FF 61052 032200  780 460 1203    +5818870    +47         136    +19   37  69  113   +7  129   -7  129   -7  26  0  0 L3P 24
G28 FF 61052 032200  780 390  279    +6124369    -15         111    +36   40  32  129  -20  179  -66  179  -66  27  0  0 L3P 53
G32 FF 61052 032200  780 709 1574    +1670614   -179         142     -9   26  33   86   +4   97   +9   97    9  18  0  0 L3P FC
G01 FF 61052 033800  780 190 2228    -3447303    +77         131    +42   45 150  249  -81  168  -43  168  -43  27  0  0 L3P 6D
G02 FF 61052 033800  780 482 2314     -147280    -63         128    +20   30  49  109  -11  121  -23  121  -23  20  0  0 L3P 1F
G10 FF 61052 033800  780 423 1111    +5818890    +14         129    -14   24  69  120   +9  145  +21  145   21  18  0  0 L3P 25
G28 FF 61052 033800  780 458  333    +6124332   -133         123    -82   41  32  113  -14  141  +43  141   43  31  0  0 L3P 2C
G32 FF 61052 033800  780 634 1523    +1670451   -170         141     +0   23  33   91   +6  100   +4  100    4  16  0  0 L3P D5
G01 FF 61052 035400  780 253 2233    -3447254    +23         147    -12   22 150  190  -46  151   -3  151   -3  17  0  0 L3P 27
G02 FF 61052 035400  780 542 2390     -147351    -90         138     -7   29  49  100   -7  111   -2  111   -2  22  0  0 L3P E3
G10 FF 61052 035400  780 384 1026    +5818932    -15         144    -43   46  69  130  +12  153  +48  153   48  33  0  0 L3P 49
G28 FF 61052 035400  780 523  406    +6124276    -53         115     -2   26  32  103   -9  134  -14  134  -14  19  0  0 L3P 10
G31 FF 61052 035400  780 317   74    +1731010     -7         101    +13   59  21  155  -33  205  -63  205  -63  43  0  0 L3P 02
G32 FF 61052 035400  780 562 1478    +1670293   -187         146    -17   22  33   98   +8  102  +12  102   12  17  0  0 L3P 32
G01 FF 61052 041000  780 316 2251    -3447226    -20         143    -55   36 151  155  -29  134  +22  134   22  26  0  0 L3P 3E
G02 FF 61052 041000  780 590 2507     -147435    -79         131     +4   17  54   95   -4  110   -6  110   -6  12  0  0 L3P D5
G10 FF 61052 041000  780 343  946    +5818956    +30         140     +2   42  70  144  +16  158   -4  158   -4  29  0  0 L3P 08
G28 FF 61052 041000  780 581  508    +6124215    -70          98    -19   26  33   96   -6  127   +4  127    4  19  0  0 L3P E6
G31 FF 61052 041000  780 391   96    +1730998    -82         111    -61   40  23  129  -22  159  +21  159   21  27  0  0 L3P 20
G32 FF 61052 041000  780 494 1433    +1670125   -164         141     +5   20  45  107  +11  113   +5  113    5  15  0  0 L3P F9
G01 FF 61052 042600  780 377 2283    -3447210    +46         126    +11   27 151  133  -19  136  -19  136  -19  22  0  0 L3P 5D
G02 FF 61052 042600  780 616 2666     -147516    -92         130     -9   33  54   92   -1  110   +0  110    0  25  0  0 L3P C3
G10 FF 61052 042600  780 301  872    +5818973    +79         130    +50   60  70  161  +22  179  -29  179  -29  44  0  0 L3P 52
G28 FF 61052 042600  780 624  650    +6124164    -62          97    -11   29  33   92   -3  119   -5  119   -5  23  0  0 L3P EE
G31 FF 61052 042600  780 467  123    +1730974    -55         106    -35   33  23  112  -15  135   -1  135   -1  25  0  0 L3P 0A
G32 FF 61052 042600  780 429 1389    +1669962   -166         141     +3   28  45  119  +14  120   +9  120    9  20  0  0 L3P 27
G01 FF 61052 044200  780 435 2335    -3447171    +57         130    +22   31 151  118  -12  125  -14  125  -14  22  0  0 L3P 42
G02 FF 61052 044200  780 614 2843     -147602    -97         124    -14   21  54   93   +2  117  +21  117   21  14  0  0 L3P FB
G03 FF 61052 044200  780 184 2340    -6007628   +123         128    +24   56  87  256  -70  190  -17  190  -17  43  0  0 L3P 69
G28 FF 61052 044200  780 643  828    +6124118    -25          99    +26   30  33   90   +0  119  -11  119  -11  21  0  0 L3P 01
G31 FF 61052 044200  780 543  159    +1730942    -44          94    -24   25  23  100  -10  129  +19  129   19  16  0  0 L3P 1B
G32 FF 61052 044200  780 368 1343    +1669786   -223         128    -53   40  45  135  +19  148  +78  148   78  32  0  0 L3P 77
G01 FF 61052 045800  780 486 2410    -3447136     +9         131    -26   37 151  108   -8  124  +16  124   16  26  0  0 L3P 2F
G02 FF 61052 045800  780 584 3002     -147686    -98         119    -15   28  54   95   +4  130  +15  130   15  20  0  0 L3P 12
G03 FF 61052 045800  780 236 2297    -6007495    +85         165    -14   55  87  202  -45  152   -7  152   -7  41  0  0 L3P 44
G28 FF 61052 045800  780 632 1008    +6124073    -65         104    -14   32  33   91   +2  125  +18  125   18  23  0  0 L3P 13
G31 FF 61052 045800  780 618  217    +1730925    -18          97     +3   24  23   92   -7  126  -10  126  -10  18  0  0 L3P F8
G32 FF 61052 045800  780 311 1297    +1669620   -193         124    -23   40  45  156  +26  179  +47  179   47  29  0  0 L3P 73
G01 FF 61052 052600  780 541 2605    -3447083    +22         126    -13   35 151  100   -2  136   +7  136    7  27  0  0 L3P 0C
G02 FF 61052 052600  780 488 3194     -147834    -62         111    +21   34  54  108  +11  172   +4  172    4  26  0  0 L3P 06
G03 FF 61052 052600  780 336 2229    -6007359    +99         136     +1   32  87  147  -24  165   -8  165   -8  24  0  0 L3P 33
G04 FF 61052 052600  780 230 2751     -376253    -44         116    -20   74 196  207  -40  229  -28  229  -28  51  0  0 L3P 5A
G28 FF 61052 052600  780 557 1230    +6123997    -87         114    -36   31  33   98   +7  142  +38  142   38  22  0  0 L3P 35
G31 FF 61052 052600  780 731  449    +1730890     -7          96    +14   37  23   85   -2  125  -17  125  -17  24  0  0 L3P 01
G01 FF 61052 054200  780 546 2740    -3447060    +28         115     -8   24 151  100   +1  147  +12  147   12  18  0  0 L3P 19
G02 FF 61052 054200  780 421 3264     -147909    -13         116    +70   69  54  121  +16  192  -19  192  -19  48  0  0 L3P 48
G03 FF 61052 054200  780 398 2196    -6007265    +77         135    -21   34  87  127  -18  153   +8  153    8  25  0  0 L3P 36
G04 FF 61052 054200  780 275 2685     -376274    -11         118    +13   42 196  176  -27  201  -23  201  -23  30  0  0 L3P 4A
G28 FF 61052 054200  780 496 1300    +6123941    -51         107     +0   34  33  107  +10  157  +24  157   24  25  0  0 L3P 1F
G31 FF 61052 054200  780 762  733    +1730867    -11          92     +9   29  23   84   +0  128   -3  128   -3  22  0  0 L3P D4
G01 FF 61052 055800  780 528 2873    -3447030    +42         111     +7   33 151  102   +4  158   +2  158    2  25  0  0 L3P FE
G02 FF 61052 055800  780 353 3318     -147990    -74         114     +9   75  54  140  +24  233  +37  233   37  53  0  0 L3P 2C
G03 FF 61052 055800  780 463 2167    -6007169   +103         136     +4   29  87  112  -13  148   -9  148   -9  21  0  0 L3P 3B
G04 FF 61052 055800  780 318 2616     -376309    +27         106    +51   84 196  154  -19  197  -63  197  -63  62  0  0 L3P 78
G26 FF 61052 055800  780 305  566    +3099684    +20         118    -41   83  57  160  -23  249   +7  249    7  65  0  0 L3P 2F
G28 FF 61052 055800  780 431 1340    +6123904    -82         119    -31   37  33  119  +15  170  +46  170   46  27  0  0 L3P 46
G31 FF 61052 055800  780 746 1041    +1730848    -34          93    -14   40  23   84   +2  134  +18  134   18  27  0  0 L3P 10
G01 FF 61052 061400  780 492 2988    -3446981    +27         123     -9   29 152  107   +7  166  +18  166   18  21  0  0 L3P 4C
G02 FF 61052 061400  780 285 3362     -148068    -56         115    +27   79  55  169  +37  278  +11  278   11  57  0  0 L3P 50
G03 FF 61052 061400  780 532 2145    -6007063    +34         146    -64   31  99  102  -10  137  +37  137   37  24  0  0 L3P 3C
G04 FF 61052 061400  780 361 2542     -376300    -28         139     -4   33 197  138  -14  164   -8  164   -8  22  0  0 L3P 23
G26 FF 61052 061400  780 349  637    +3099745    +77         125    +15   43  58  142  -15  226  -45  226  -45  31  0  0 L3P 56
G28 FF 61052 061400  780 365 1360    +6123847    -74         111    -23   46  34  136  +22  203  +40  203   40  33  0  0 L3P 30
G31 FF 61052 061400  780 695 1230    +1730834     +3         100    +24   26  24   87   +4  136  -14  136  -14  19  0  0 L3P 0B
G01 FF 61052 063000  780 443 3081    -3446959    +29         111     -6   39 152  116  +11  184   +9  184    9  27  0  0 L3P 2A
G03 FF 61052 063000  780 605 2133    -6006975    +81         140    -18   27  99   93   -7  131   +1  131    1  20  0  0 L3P F0
G04 FF 61052 063000  780 403 2464     -376339     -3         122    +21   46 197  125  -11  159  -36  159  -36  35  0  0 L3P 46
G26 FF 61052 063000  780 386  718    +3099801    +62         121     +0   52  58  130  -10  209  -15  209  -15  38  0  0 L3P 29
G28 FF 61052 063000  780 299 1365    +6123803    -68         116    -16   36  34  162  +33  222  +47  222   47  25  0  0 L3P 4C
G31 FF 61052 063000  780 630 1321    +1730807    -24          94     -3   26  24   91   +6  140   +0  140    0  19  0  0 L3P B9
G01 FF 61052 064600  780 386 3156    -3446923    +79         114    +44   62 152  130  +17  194  -12  194  -12  49  0  0 L3P 70
G03 FF 61052 064600  780 680 2137    -6006886    +59         134    -40   21  99   88   -5  121  +17  121   17  18  0  0 L3P 31
G04 FF 61052 064600  780 444 2381     -376351    -31         133     -7   41 197  116   -9  134   -8  134   -8  30  0  0 L3P 10
G26 FF 61052 064600  780 413  809    +3099866    +36         127    -26   39  58  123   -5  186   +1  186    1  30  0  0 L3P 16
G28 FF 61052 064600  780 234 1360    +6123784   -129         146    -78   42  34  203  +53  235 +105  235  105  32  0  0 L3P 7B
G31 FF 61052 064600  780 561 1362    +1730796    -44         102    -23   31  24   98   +8  137  +18  137   18  23  0  0 L3P 27
G01 FF 61052 070200  780 326 3216    -3446899   +101         104    +65   49 152  150  +26  223  -21  223  -21  35  0  0 L3P 64
G03 FF 61052 070200  780 758 2184    -6006797    +85         127    -14   19  99   84   -3  117   +1  117    1  15  0  0 L3P 0F
G04 FF 61052 070200  780 485 2291     -376383    +26         124    +50   28 197  108   -7  130  -45  130  -45  21  0  0 L3P 3F
G09 FF 61052 070200  780 199 2505    -7701469     +9         117    +14   71  24  238  -52  204  -45  204  -45  55  0  0 L3P 4D
G26 FF 61052 070200  780 428  907    +3099919    +70         121     +8   42  58  120   -2  179  -15  179  -15  31  0  0 L3P 2B
G28 FF 61052 070200  780 173 1347    +6123735    -61         146    -10   40  34  271  +93  283  +64  283   64  33  0  0 L3P 4A
G31 FF 61052 070200  780 492 1376    +1730766    -15          91     +5   27  24  107  +11  151   +3  151    3  19  0  0 L3P EF
G01 FF 61052 071800  780 265 3267    -3446864    +62         105    +27   53 152  181  +40  249  +19  249   19  38  0  0 L3P 6D
G03 FF 61052 071800  780 829 2400    -6006702   +108         128     +9   25  99   82   -1  112  -12  112  -12  20  0  0 L3P 1B
G04 FF 61052 071800  780 524 2195     -376413    -13         117    +10   19 197  103   -6  128   -5  128   -5  13  0  0 L3P 1A
G09 FF 61052 071800  780 244 2449    -7701452     -5         138     -1   52  24  196  -36  164  -15  164  -15  40  0  0 L3P 3B
G16 FF 61052 071800  780 394  541    -1862006    -80         129     -4   47  42  128  -15  186  -31  186  -31  38  0  0 L3P 40
G26 FF 61052 071800  780 427 1006    +3099981    +45         125    -17   44  58  120   +2  167   +3  167    3  32  0  0 L3P 15
G31 FF 61052 071800  780 425 1374    +1730747    -72          92    -51   32  24  120  +16  162  +46  162   46  23  0  0 L3P 2F
G03 FF 61052 073400  780 840 3181    -6006614   +102         121     +3   14  99   82   +1  111  -14  111  -14  10  0  0 L3P 05
G04 FF 61052 073400  780 562 2088     -376444    -40         109    -16   17 197   98   -4  126  -13  126  -13  13  0  0 L3P 3B
G06 FF 61052 073400  780 124 2283    +6015519    +71         135    +30   43  25  371  -58  206  -58  206  -58  32  0  0 L3P 55
G09 FF 61052 073400  780 291 2392    -7701472    -69         123    -64   42  24  167  -26  156   +6  156    6  32  0  0 L3P 37
G16 FF 61052 073400  780 442  622    -1862093    -91         115    -15   56  42  117  -10  171  -15  171  -15  40  0  0 L3P 37
G26 FF 61052 073400  780 411 1099    +3100042    +37         127    -25   32  58  123   +6  162   +2  162    2  23  0  0 L3P F5
G31 FF 61052 073400  780 360 1361    +1730725    -27          90     -7   42  24  138  +22  174   +6  174    6  29  0  0 L3P FD
G03 FF 61052 075000  780 769 3492    -6006522   +108         118     +9   23  99   83   +3  113   +1  113    1  17  0  0 L3P F9
G04 FF 61052 075000  780 598 1967     -376461    -47         114    -23   26 197   94   -3  116   +8  116    8  19  0  0 L3P 1F
G06 FF 61052 075000  780 139 2349    +6015564    +11         140    -30   52  25  333  -23  186  +13  186   13  37  0  0 L3P 3C
G09 FF 61052 075000  780 340 2336    -7701479    -30         120    -25   43  24  145  -20  143   +3  143    3  32  0  0 L3P 0C
G16 FF 61052 075000  780 480  719    -1862165    -52         116    +24   33  42  109   -6  152  -26  152  -26  23  0  0 L3P 2E
G26 FF 61052 075000  780 382 1181    +3100101    +48         127    -13   43  58  131  +11  161  +15  161   15  30  0  0 L3P 1E
G31 FF 61052 075000  780 298 1341    +1730700    +26          84    +46   30  24  163  +31  194  -12  194  -12  21  0  0 L3P 2D
G03 FF 61052 080600  780 687 3565    -6006432    +97         109     -3   25   1   87   +5  117   +1  117    1  19  0  0 L3P DF
G04 FF 61052 080600  780 629 1827     -376488    -15         111     +9   16 198   91   -2  113  -16  113  -16  14  0  0 L3P 28
G06 FF 61052 080600  780 143 2420    +6015602    +55         138    +15   56  26  323   +1  174  -11  174  -11  44  0  0 L3P 29
G09 FF 61052 080600  780 392 2279    -7701487    -28         121    -23   38  25  129  -15  135  +16  135   16  26  0  0 L3P 58
G16 FF 61052 080600  780 504  831    -1862231   -113         125    -37   34  45  105   -2  131   +9  131    9  25  0  0 L3P 01
G26 FF 61052 080600  780 342 1247    +3100143    +33         114    -28   51  76  144  +17  175  +24  175   24  38  0  0 L3P 3C
G31 FF 61052 080600  780 238 1314    +1730666   -120          71   -100   47  29  200  +47  231  +84  231   84  32  0  0 L3P 47
G03 FF 61052 082200  780 602 3591    -6006332   +129         113    +28   22   1   94   +8  120   -8  120   -8  13  0  0 L3P F3
G04 FF 61052 082200  780 653 1665     -376509    -37         113    -13   27 198   89   -1  107   +8  107    8  20  0  0 L3P 0E
G06 FF 61052 082200  780 137 2491    +6015649    +31         146     -9   43  26  336  +25  174   +4  174    4  35  0  0 L3P 16
G07 FF 61052 082200  780 247 2892    +1341739    +89         101    +37   62  42  194  -40  199  -70  199  -70  48  0  0 L3P 75
G09 FF 61052 082200  780 446 2221    -7701483    +52         130    +56   24  25  116  -12  121  -53  121  -53  18  0  0 L3P 40
G16 FF 61052 082200  780 510  951    -1862302    -50         126    +26   42  45  104   +0  124  -22  124  -22  31  0  0 L3P 0B
G26 FF 61052 082200  780 294 1298    +3100220    +41         132    -20   49  76  165  +27  176  +32  176   32  35  0  0 L3P 41
G31 FF 61052 082200  780 182 1283    +1730680    +19         106    +39   78  29  258  +76  243   +2  243    2  59  0  0 L3P 2F
G03 FF 61052 083800  780 518    2    -6006230   +127         119    +27   30   1  103  +12  123  -14  123  -14  23  0  0 L3P F2
G04 FF 61052 083800  780 666 1482     -376528    -33         117     -9   28 198   89   +0  100   -7  100   -7  19  0  0 L3P 11
G07 FF 61052 083800  780 299 2828    +1341812     +9         124    -43   49  42  163  -26  148  +11  148   11  38  0  0 L3P 45
G09 FF 61052 083800  780 503 2162    -7701484    -14         133     -9   25  25  106   -9  107  -13  107  -13  18  0  0 L3P 2F
G16 FF 61052 083800  780 498 1066    -1862375    -86         127    -10   36  45  106   +3  118   +1  118    1  26  0  0 L3P 1B
G26 FF 61052 083800  780 241 1335    +3100279   +130         132    +68   55  76  198  +43  198  -29  198  -29  46  0  0 L3P 85
G03 FF 61052 085400  780 436    8    -6006154    +93          99     -7   33   1  118  +18  142   +8  142    8  24  0  0 L3P BC
G04 FF 61052 085400  780 665 1288     -376553     -7         114    +17   30 198   89   +1   95  -11   95  -11  24  0  0 L3P 11
G07 FF 61052 085400  780 350 2758    +1341841    +47         102     -5   57  42  142  -18  141  -23  141  -23  39  0  0 L3P 3C
G09 FF 61052 085400  780 562 2098    -7701494     -1         127     +4   19  25   98   -7   97  -18   97  -18  15  0  0 L3P 15
G16 FF 61052 085400  780 469 1165    -1862450    -58         125    +18   24  45  111   +7  113   -9  113   -9  18  0  0 L3P 27
G26 FF 61052 085400  780 185 1360    +3100342   +143         136    +81   38  76  254  +77  228  -18  228  -18  29  0  0 L3P 74
G03 FF 61052 091000  780 356   14    -6006020   +374         137   +274   78   1  139  +28  115 -194  115 -194  54  0  0 L3P 65
G04 FF 61052 091000  780 647 1103     -376585    -60         105    -36   28 198   90   +2   98  +25   98   25  21  0  0 L3P 11
G07 FF 61052 091000  780 398 2680    +1341898    +45         110     -8   40  42  127  -13  113  -19  113  -19  29  0  0 L3P 44
G09 FF 61052 091000  780 624 2025    -7701503    -14         122     -9   19  25   92   -5   87   -3   87   -3  14  0  0 L3P D9
G16 FF 61052 091000  780 426 1243    -1862536   -120         112    -44   40  45  120  +11  121  +39  121   39  30  0  0 L3P 36
G04 FF 61052 092600  780 615  942     -376608    -22         106     +2   27 198   92   +3   94   -6   94   -6  19  0  0 L3P DD
G07 FF 61052 092600  780 445 2594    +1341950    +55         111     +3   44  42  116  -10   94  -25   94  -25  33  0  0 L3P 1C
G09 FF 61052 092600  780 688 1932    -7701512    -28         118    -24   24  25   87   -4   78   -4   78   -4  17  0  0 L3P 0B
G16 FF 61052 092600  780 375 1300    -1862592   -116         129    -40   31  45  133  +17  116  +28  116   28  23  0  0 L3P 55
G30 FF 61052 092600  780 185 2750     -852246    -96         134    +27   87  18  255  -63  155  -33  155  -33  59  0  0 L3P 63
G03 FF 61052 094200  780 205   28    -6005843    +97         122     -3   58   1  231  +79  161  +29  161   29  49  0  0 L3P 06
G04 FF 61052 094200  780 572  809     -376641    -13          96    +11   30 198   97   +5   97   -1   97   -1  22  0  0 L3P DB
G07 FF 61052 094200  780 488 2498    +1341986    +45          97     -7   39  42  108   -7   93   -6   93   -6  26  0  0 L3P 08
G09 FF 61052 094200  780 750 1791    -7701516    -15         118    -11   25  25   84   -2   69   -1   69   -1  18  0  0 L3P F5
G16 FF 61052 094200  780 319 1339    -1862673   -114         121    -38   45  45  153  +26  125  +45  125   45  34  0  0 L3P 61
G30 FF 61052 094200  780 231 2690     -852387   -163         112    -40   65  18  206  -40  143   +3  143    3  46  0  0 L3P 1A
G04 FF 61052 095800  780 521  702     -376660    -14          99    +10   31 198  103   +8   91   -6   91   -6  23  0  0 L3P DF
G07 FF 61052 095800  780 528 2390    +1342031    +17          91    -35   27  42  102   -5   82  +14   82   14  20  0  0 L3P F3
G08 FF 61052 095800  780 289  639    -5051258    +24         103    -18   71  24  168  -23  149  -11  149  -11  56  0  0 L3P 58
G09 FF 61052 095800  780 803 1511    -7701526    -12         113     -7   17  25   82   -1   63   -2   63   -2  13  0  0 L3P CE
G16 FF 61052 095800  780 260 1363    -1862752    -64         116    +12   38  45  185  +41  145  +10  145   10  27  0  0 L3P 46
G21 FF 61052 095800  780 150 2226    -3786016    -91         122    -10   61 173  311  -94  160  -38  160  -38  48  0  0 L3P 6B
G30 FF 61052 095800  780 277 2628     -852510   -239         106   -117   72  18  174  -27  117  +54  117   54  54  0  0 L3P 70
G04 FF 61052 101400  780 465  615     -376691    -26          87     -2   44 199  112  +11   93   -1   93   -1  33  0  0 L3P DA
G07 FF 61052 101400  780 564 2269    +1342080    +46          90     -7   27  44   98   -4   74   -4   74   -4  18  0  0 L3P D1
G08 FF 61052 101400  780 329  711    -5051228     +5          92    -37   61  30  149  -15  132  +17  132   17  47  0  0 L3P 07
G09 FF 61052 101400  780 814  997    -7701535    -11         107     -7   22  28   82   +0   57   -5   57   -5  16  0  0 L3P CE
G16 FF 61052 101400  780 199 1375    -1862832    +89         109   +165   71  57  236  +70  163 -118  163 -118  56  0  0 L3P A5
G21 FF 61052 101400  780 192 2276    -3786109    -46         108    +34   42 174  245  -49  140  -53  140  -53  32  0  0 L3P 66
G30 FF 61052 101400  780 323 2562     -852613   -151         122    -28   61  19  152  -20   89   +4   89    4  42  0  0 L3P F8
G04 FF 61052 103000  780 404  544     -376710    -63          91    -39   42 199  125  +16   89  +28   89   28  30  0  0 L3P 11
G07 FF 61052 103000  780 593 2134    +1342135    +42          94    -10   23  44   94   -3   61   -1   61   -1  17  0  0 L3P BB
G08 FF 61052 103000  780 361  793    -5051195    +68          85    +26   54  30  138   -9  113  -54  113  -54  40  0  0 L3P 20
G09 FF 61052 103000  780 768  624    -7701548     -7         100     -3   31  28   83   +2   58   +0   58    0  21  0  0 L3P 9D
G21 FF 61052 103000  780 227 2336    -3786204    -80          91     +1   36 174  210  -27  129  -31  129  -31  29  0  0 L3P 38
G30 FF 61052 103000  780 369 2493     -852752    -96         101    +27   38  19  135  -15   90  -28   90  -28  29  0  0 L3P 32
G07 FF 61052 104600  780 616 1983    +1342177    +18          87    -35   25  44   92   -2   58  +18   58   18  18  0  0 L3P 08
G08 FF 61052 104600  780 383  882    -5051159    +19          80    -23   27  30  131   -5   96   +2   96    2  18  0  0 L3P D1
G09 FF 61052 104600  780 701  455    -7701551    -13         101     -8   28  28   86   +4   56   +7   56    7  21  0  0 L3P BB
G21 FF 61052 104600  780 251 2405    -3786270   -115         102    -34   34 174  191  -14   96   +4   96    4  29  0  0 L3P 25
G30 FF 61052 104600  780 415 2420     -852862    -72         108    +50   41  19  123  -12   64  -64   64  -64  31  0  0 L3P 15
G07 FF 61052 110200  780 629 1819    +1342214    +98          74    +46   24  44   91   -1   57  -46   57  -46  17  0  0 L3P 0A
G08 FF 61052 110200  780 391  975    -5051121    +45          79     +2   45  30  129   -1   88   -2   88   -2  32  0  0 L3P C3
G09 FF 61052 110200  780 626  364    -7701567     +4          89     +8   25  28   91   +6   59  -10   59  -10  18  0  0 L3P D5
G14 FF 61052 110200  780 327 3103    -7282837   -105          56    -81   56 168  150  -27  113  +22  113   22  40  0  0 L3P 48
G21 FF 61052 110200  780 265 2481    -3786373    -94          76    -13   43 174  182   -5   90  -10   90  -10  36  0  0 L3P 23
G27 FF 61052 110200  780 213 1274     +171474    +68         109     -7   44  28  221  +29  120   +4  120    4  35  0  0 L3P E8
G30 FF 61052 110200  780 461 2342     -852987   -134         102    -11   30  19  113   -9   53   -9   53   -9  22  0  0 L3P EF
G05 FF 61052 111800  780 123 2289    +2271599    +45         113    +38   41  37  374  -56  130  -48  130  -48  34  0  0 L3P 5D
G07 FF 61052 111800  780 632 1649    +1342266    +87          75    +35   25  44   91   +0   53  -24   53  -24  17  0  0 L3P FE
G08 FF 61052 111800  780 386 1067    -5051071    +97          88    +55   60  30  130   +4   81  -39   81  -39  47  0  0 L3P 1C
G09 FF 61052 111800  780 550  306    -7701569    -10          91     -6   31  28   99  +10   63  +15   63   15  21  0  0 L3P D9
G14 FF 61052 111800  780 391 3048    -7282850    -61          65    -37   40 168  129  -18  101  +15  101   15  30  0  0 L3P 41
G21 FF 61052 111800  780 266 2561    -3786445    -93          81    -13   42 174  181   +3   72   -4   72   -4  35  0  0 L3P 04
G30 FF 61052 111800  780 507 2258     -853116   -108          90    +15   22  19  105   -7   53  -14   53  -14  17  0  0 L3P 03
G05 FF 61052 113400  780 137 2354    +2271614    -26         121    -32   53  37  338  -22  105   +5  105    5  40  0  0 L3P 09
G07 FF 61052 113400  780 624 1480    +1342325    +88          84    +36   36  44   92   +1   45  -16   45  -16  24  0  0 L3P FA
G08 FF 61052 113400  780 366 1152    -5051034    +35          84     -7   50  30  136   +9   83   +9   83    9  36  0  0 L3P CC
G09 FF 61052 113400  780 473  265    -7701566    -25          98    -20   30  28  110  +14   56  +34   56   34  21  0  0 L3P FE
G14 FF 61052 113400  780 453 2981    -7282860    -25          79     -1   35 168  114  -13   65  -26   65  -26  24  0  0 L3P 31
G21 FF 61052 113400  780 256 2642    -3786523    -37          81    +44   53 174  187  +11   68  -31   68  -31  44  0  0 L3P 3F
G30 FF 61052 113400  780 553 2165     -853239   -148          85    -25   30  19   99   -6   51  +11   51   11  21  0  0 L3P EC
G05 FF 61052 115000  780 140 2423    +2271602    -54         103    -61   70  37  329   +2   99  +23   99   23  49  0  0 L3P 0A
G07 FF 61052 115000  780 605 1323    +1342383    +33          92    -20   26  44   93   +2   45   +7   45    7  21  0  0 L3P B6
G08 FF 61052 115000  780 334 1226    -5050984    +40          94     -3   52  30  147  +15   79   +2   79    2  35  0  0 L3P D9
G09 FF 61052 115000  780 396  235    -7701580    +18          89    +23   48  28  127  +21   84   -7   84   -7  34  0  0 L3P FE
G14 FF 61052 115000  780 512 2899    -7282887    -47          75    -23   38 168  104   -9   54   +4   54    4  28  0  0 L3P 10
G21 FF 61052 115000  780 235 2720    -3786595   -102          87    -21   48 174  202  +21   77  +27   77   27  35  0  0 L3P 40
G22 FF 61052 115000  780 329 3013     +596552    -30          88    +12   52  71  150  -24   83  -19   83  -19  41  0  0 L3P 09
G30 FF 61052 115000  780 599 2059     -853341   -117         102     +6   19  19   94   -4   35  -10   35  -10  14  0  0 L3P F2
G05 FF 61052 120600  780 134 2493    +2271628     +0         125     -7   66  38  343  +26   73   -3   73   -3  47  0  0 L3P E8
G07 FF 61052 120600  780 577 1181    +1342432    +34          90    -19   31  46   96   +3   46  +19   46   19  20  0  0 L3P ED
G08 FF 61052 120600  780 293 1286    -5050953    +59          80    +17   45  35  165  +24   83  -12   83  -12  31  0  0 L3P 23
G09 FF 61052 120600  780 321  213    -7701583    +53          95    +57   52  29  152  +32   91  -15   91  -15  37  0  0 L3P 0F
G13 FF 61052 120600  780 166 2209    -6898474     +6          71     -4   65  40  283 -103   91   -3   91   -3  48  0  0 L3P F8
G14 FF 61052 120600  780 566 2798    -7282918    -23          67     +0   23 169   97   -6   54   -3   54   -3  17  0  0 L3P F6
G21 FF 61052 120600  780 206 2793    -3786676    -87          79     -6   68 175  228  +35   93  +18   93   18  46  0  0 L3P 48
G22 FF 61052 120600  780 385 2949     +596507    -75          88    -33   40  72  130  -16   70  +17   70   17  29  0  0 L3P 14
G30 FF 61052 120600  780 641 1931     -853464   -116         100     +7   18  23   90   -3   33   -7   33   -7  12  0  0 L3P C5
G07 FF 61052 122200  780 542 1056    +1342483    +53          91     +1   33  46  100   +5   50  +15   50   15  22  0  0 L3P C7
G08 FF 61052 122200  780 244 1333    -5050906    +24          87    -18   48  35  196  +40   84  +16   84   16  39  0  0 L3P 1E
G13 FF 61052 122200  780 227 2216    -6898434    -24         100    -35   39  40  210  -55   57   +5   57    5  28  0  0 L3P 01
G14 FF 61052 122200  780 614 2671    -7282926    -25          81     -2   26 169   93   -4   45   +6   45    6  19  0  0 L3P DB
G22 FF 61052 122200  780 439 2875     +596462    -46          83     -4   46  72  117  -12   58   -1   58   -1  35  0  0 L3P E8
G30 FF 61052 122200  780 678 1773     -853588   -111          93    +11   29  23   88   -2   37   -3   37   -3  20  0  0 L3P E0
G07 FF 61052 123800  780 501  947    +1342538    +61          95     +8   38  46  106   +7   58  +13   58   13  28  0  0 L3P EB
G08 FF 61052 123800  780 190 1366    -5050868    +55          85    +13   56  35  247  +70   88   +3   88    3  35  0  0 L3P 08
G13 FF 61052 123800  780 288 2234    -6898421     +6         104     -4   21  40  169  -34   41   -7   41   -7  17  0  0 L3P ED
G14 FF 61052 123800  780 651 2514    -7282946    -24          84     +0   30 169   90   -2   42   -2   42   -2  24  0  0 L3P D2
G17 FF 61052 123800  780 317 3547     +302842   +145          90    +28   58  56  155  -33   92  -48   92  -48  49  0  0 L3P 3F
G22 FF 61052 123800  780 490 2788     +596429    -31          90    +11   37  72  108   -8   48  -11   48  -11  25  0  0 L3P 0A
G30 FF 61052 123800  780 704 1573     -853704   -142          96    -19   23  23   86   -1   37  +13   37   13  17  0  0 L3P F2
G07 FF 61052 125400  780 456  852    +1342594    +36         101    -16   40  46  114   +9   68  +29   68   29  30  0  0 L3P 09
G13 FF 61052 125400  780 348 2266    -6898432     -5          83    -15   37  40  143  -22   50  +17   50   17  26  0  0 L3P 07
G14 FF 61052 125400  780 673 2327    -7282969     -3          84    +21   25 169   88   -1   40  -15   40  -15  18  0  0 L3P 0C
G17 FF 61052 125400  780 392 3549     +302958    +57          93    -60   69  56  129  -22   83  +47   83   47  53  0  0 L3P 28
G22 FF 61052 125400  780 535 2686     +596398    -21         100    +21   34  72  101   -6   38  -18   38  -18  24  0  0 L3P 11
G30 FF 61052 125400  780 713 1340     -853818   -132          99     -9   25  23   86   +0   37   +9   37    9  18  0  0 L3P C9
G07 FF 61052 131000  780 407  770    +1342668    +52         125     -1   47  46  124  +13   69  +11   69   11  38  0  0 L3P F8
G13 FF 61052 131000  780 404 2316    -6898410     -4          95    -14   33  40  126  -14   40   +1   40    1  28  0  0 L3P C2
G14 FF 61052 131000  780 679 2125    -7282987    -17          89     +6   20 169   88   +0   38   +2   38    2  16  0  0 L3P E1
G15 FF 61052 131000  780 139 2229    -3759495    -13         126    +23   53  53  334 -104   62  -41   62  -41  45  0  0 L3P 40
G22 FF 61052 131000  780 575 2566     +596360    -48         102     -6   26  72   96   -4   38   +1   38    1  19  0  0 L3P C1
G30 FF 61052 131000  780 699 1109     -853938   -113          97    +10   26  23   87   +1   44   +0   44    0  19  0  0 L3P C6
G07 FF 61052 132600  780 356  698    +1342699    +16         106    -36   53  46  139  +18   97  +37   97   37  40  0  0 L3P 39
G13 FF 61052 132600  780 452 2387    -6898404     -4          91    -14   34  40  114   -9   33   +1   33    1  26  0  0 L3P C7
G14 FF 61052 132600  780 669 1929    -7283005    -10          95    +14   23 169   88   +1   34  -11   34  -11  17  0  0 L3P 11
G15 FF 61052 132600  780 180 2274    -3759543    -55         112    -20   58  53  262  -54   62   +3   62    3  42  0  0 L3P 00
G17 FF 61052 132600  780 550 3552     +303199   +108         109     -9   39  56   99  -10   44  -15   44  -15  30  0  0 L3P 14
G22 FF 61052 132600  780 607 2426     +596319    -38         101     +4   24  72   93   -3   35  -16   35  -16  17  0  0 L3P EA
G30 FF 61052 132600  780 666  916     -854054   -164          99    -41   30  23   89   +3   46  +27   46   27  21  0  0 L3P EE
G07 FF 61052 134200  780 303  634    +1342728   -137          84   -189   67  46  160  +27  120 +138  120  138  48  0  0 L3P 73
G13 FF 61052 134200  780 490 2481    -6898408     +1          77     -9   54  40  108   -5   36   -5   36   -5  40  0  0 L3P D3
G14 FF 61052 134200  780 646 1756    -7283036    -35          86    -11   18 169   90   +2   41   +3   41    3  14  0  0 L3P DC
G15 FF 61052 134200  780 213 2329    -3759586   -102         102    -67   54  53  222  -30   53  +31   53   31  44  0  0 L3P 2C
G17 FF 61052 134200  780 632 3559     +303285   +105          83    -12   30  56   91   -7   52   -4   52   -4  22  0  0 L3P CE
G19 FF 61052 134200  780 422 3432    -6851996    +30          95    +49   42  58  121  -19   62  -69   62  -69  30  0  0 L3P 3D
G22 FF 61052 134200  780 629 2268     +596269    -44          92     -2   21  72   91   -1   35  -13   35  -13  17  0  0 L3P DD
G30 FF 61052 134200  780 619  769     -854190   -120          81     +3   31  23   92   +5   58   -4   58   -4  22  0  0 L3P B5
G13 FF 61052 135800  780 511 2596    -6898399    -10          77    -21   45  40  104   -2   29   +6   29    6  33  0  0 L3P F2
G14 FF 61052 135800  780 615 1610    -7283061     +3          84    +27   28 169   92   +3   40  -18   40  -18  21  0  0 L3P F9
G15 FF 61052 135800  780 239 2392    -3759619    -34         103     +1   63  53  200  -17   40  -13   40  -13  47  0  0 L3P 1A
G17 FF 61052 135800  780 715 3581     +303386   +107          72    -10   17  56   86   -4   50   -4   50   -4  13  0  0 L3P D4
G22 FF 61052 135800  780 639 2098     +596219    -40          82     +2   26  72   90   +0   34  -13   34  -13  17  0  0 L3P D9
G30 FF 61052 135800  780 563  658     -854311   -151          78    -28   33  23   98   +7   58  +18   58   18  23  0  0 L3P FB
G13 FF 61052 141400  780 512 2722    -6898396    +24          74    +14   29  41  104   +1   29   -6   29   -6  20  0  0 L3P EB
G14 FF 61052 141400  780 578 1485    -7283092    -24          76     +0   29 170   96   +4   39   -3   39   -3  22  0  0 L3P E8
G15 FF 61052 141400  780 254 2463    -3759669   -100          85    -64   54  54  189   -7   44  +43   44   43  40  0  0 L3P 2A
G17 FF 61052 141400  780 797   61     +303496   +113          74     -4   17  58   83   -2   42   -4   42   -4  14  0  0 L3P A1
G19 FF 61052 141400  780 586 3388    -6852038     -9          87     +9   31  62   95   -9   40   -6   40   -6  22  0  0 L3P D4
G22 FF 61052 141400  780 638 1925     +596172    -55          80    -13   22 107   91   +1   30   +9   30    9  16  0  0 L3P C4
G30 FF 61052 141400  780 503  573     -854430   -142          82    -20   45  24  106  +10   57  +26   57   26  32  0  0 L3P EF
G13 FF 61052 143000  780 493 2844    -6898387     +7          73     -4   41  41  107   +5   33   +4   33    4  27  0  0 L3P C2
G14 FF 61052 143000  780 540 1377    -7283113     +3          78    +27   28 170  100   +5   43  -19   43  -19  21  0  0 L3P 00
G15 FF 61052 143000  780 258 2539    -3759703    -40          84     -5   80  54  186   +1   48   -3   48   -3  65  0  0 L3P EC
G17 FF 61052 143000  780 860  563     +303613   +100          79    -17   24  58   82   +0   40   +7   40    7  17  0  0 L3P A8
G19 FF 61052 143000  780 669 3351    -6852045    -11          98     +8   25  62   88   -6   31  -23   31  -23  17  0  0 L3P F6
G22 FF 61052 143000  780 626 1759     +596133    -61          82    -18   24 107   92   +1   35   +7   35    7  17  0  0 L3P CF
G30 FF 61052 143000  780 439  506     -854559   -119          70     +4   44  24  117  +14   85  +22   85   22  31  0  0 L3P EC
G13 FF 61052 144600  780 457 2952    -6898381    +14          69     +4   33  41  113   +8   31  -10   31  -10  24  0  0 L3P F7
G14 FF 61052 144600  780 499 1281    -7283133     -1          92    +23   34 171  106   +7   33  -20   33  -20  25  0  0 L3P 00
G15 FF 61052 144600  780 252 2616    -3759736    -32          86     +3  106  54  190   +8   38   -3   38   -3  76  0  0 L3P FF
G17 FF 61052 144600  780 818 1321     +303710    +86          64    -31   19  58   82   +2   45  +13   45   13  13  0  0 L3P D2
G19 FF 61052 144600  780 752 3289    -6852070     +0          90    +18   23  62   84   -3   21  -29   21  -29  15  0  0 L3P F2
G22 FF 61052 144600  780 604 1607     +596095    -33          84     +9   18 107   93   +2   26  -17   26  -17  15  0  0 L3P F4
G24 FF 61052 144600  780 153 2243    +1657587   -199          90    -50   52  63  306 -114   34  +10   34   10  46  0  0 L3P 36
G01 FF 61052 150200  780 160 1310    -3445916    +64          72    +29   31 157  291  +52   52  -33   52  -33  23  0  0 L3P 1D
G13 FF 61052 150200  780 410 3042    -6898381    +68          59    +58   45  41  124  +13   39  -28   39  -28  33  0  0 L3P 30
G14 FF 61052 150200  780 458 1193    -7283169    -38          78    -14   38 171  113   +8   36   +6   36    6  26  0  0 L3P 02
G15 FF 61052 150200  780 235 2692    -3759777    -68          78    -33   76  54  202  +17   48  +34   48   34  54  0  0 L3P 38
G17 FF 61052 150200  780 740 1433     +303815   +119          56     +2   29  58   85   +3   42   -8   42   -8  20  0  0 L3P BD
G19 FF 61052 150200  780 832 3123    -6852097     +9          81    +27   27  62   82   -1   14  -27   14  -27  19  0  0 L3P F3
G22 FF 61052 150200  780 576 1471     +596045    -66          75    -24   21 107   96   +3   24  +10   24   10  17  0  0 L3P E3
G24 FF 61052 150200  780 211 2244    +1657459   -222         104    -73   56  63  225  -61   19  +38   19   38  43  0  0 L3P 39
G06 FF 61052 151800  780 333  250    +6016570    +34          63     -6   65  52  148  -29   78  -25   78  -25  49  0  0 L3P 10
G13 FF 61052 151800  780 354 3116    -6898367    -48          63    -59   42  41  140  +20   43  +45   43   45  33  0  0 L3P 20
G14 FF 61052 151800  780 416 1112    -7283197     +2          74    +26   51 171  122  +10   40  -20   40  -20  35  0  0 L3P FE
G15 FF 61052 151800  780 210 2765    -3759814    -35          75     +1   81  54  224  +30   54   +0   54    0  57  0  0 L3P DB
G17 FF 61052 151800  780 662 1450     +303930   +103          59    -14   31  58   89   +5   33   +4   33    4  25  0  0 L3P C2
G19 FF 61052 151800  780 864 2116    -6852113    -25          83     -7   29  62   81   +0    7   -2    7   -2  21  0  0 L3P A4
G22 FF 61052 151800  780 543 1349     +596003    -83          72    -41   28 107  100   +5   24  +39   24   39  20  0  0 L3P F8
G24 FF 61052 151800  780 270 2255    +1657281   -144          69     +5   43  63  179  -37   33  -19   33  -19  28  0  0 L3P 35
G06 FF 61052 153400  780 403  293    +6016632    +92          87    +53   38  52  126  -19   44  -61   44  -61  32  0  0 L3P 11
G13 FF 61052 153400  780 295 3177    -6898402   +144          19   +134   54  41  164  +31   87 -100   87 -100  38  0  0 L3P 72
G14 FF 61052 153400  780 373 1036    -7283216    -30          78     -6   53 171  134  +14   42  +12   42   12  36  0  0 L3P 03
G17 FF 61052 153400  780 585 1442     +304047   +103          63    -14   26  58   95   +8   24   -1   24   -1  19  0  0 L3P D0
G19 FF 61052 153400  780 796 1697    -6852131    -45          81    -26   23  62   83   +2   10  +11   10   11  16  0  0 L3P EB
G22 FF 61052 153400  780 506 1240     +595965    -78          75    -35   35 107  105   +6   22  +27   22   27  24  0  0 L3P 03
G24 FF 61052 153400  780 329 2278    +1657142   -144          73     +5   34  63  150  -24   26  -13   26  -13  23  0  0 L3P 18
G06 FF 61052 155000  780 472  349    +6016636    +73          53    +34   40  52  111  -13   41  -33   41  -33  30  0  0 L3P F5
G12 FF 61052 155000  780 168 2470    +6064637    +97          61    +93   84   0  279  -74   25  -50   25  -50  59  0  0 L3P 23
G14 FF 61052 155000  780 330  965    -7283239    -61          78    -37   45 171  149  +18   45  +41   45   41  34  0  0 L3P 24
G17 FF 61052 155000  780 512 1421     +304147   +142          50    +25   36  58  104  +11   24  -20   24  -20  26  0  0 L3P F3
G19 FF 61052 155000  780 721 1596    -6852162    -29          68    -11   25  62   85   +4   12   +0   12    0  19  0  0 L3P C9
G22 FF 61052 155000  780 467 1140     +595896    -67          46    -25   37 107  111   +8   36  +14   36   14  26  0  0 L3P 09
G24 FF 61052 155000  780 385 2315    +1656988   -156          62     -7   34  63  131  -16   21   -7   21   -7  26  0  0 L3P 05
G06 FF 61052 160600  780 539  425    +6016673    +48          50     +9   26  58  101   -8   34   -9   34   -9  18  0  0 L3P D5
G12 FF 61052 160600  780 215 2419    +6064650   -131          75   -135   71  27  221  -48   18  +92   18   92  51  0  0 L3P 39
G17 FF 61052 160600  780 442 1393     +304259    +98          51    -19   33  60  116  +15   26  +13   26   13  23  0  0 L3P F6
G19 FF 61052 160600  780 648 1535    -6852186    -39          57    -20   34  72   90   +5   11  +10   11   10  23  0  0 L3P EA
G22 FF 61052 160600  780 425 1050     +595856    -40          51     +2   33 108  120  +10   41   -7   41   -7  24  0  0 L3P CC
G24 FF 61052 160600  780 437 2371    +1656847   -143          68     +6   49  67  118  -11   11  -16   11  -16  35  0  0 L3P 28
G06 FF 61052 162200  780 597  534    +6016723    +13          61    -27   31  58   94   -5   23  +12   23   12  22  0  0 L3P D0
G11 FF 61052 162200  780 318 3589    +4766723   -199          73    -66   77  11  154  -34   41  +27   41   27  65  0  0 L3P 42
G12 FF 61052 162200  780 263 2369    +6064634    +39          54    +35   57  27  183  -33   28  -35   28  -35  40  0  0 L3P 2D
G17 FF 61052 162200  780 376 1361     +304371    +86          50    -31   40  60  133  +20   26  +21   26   21  29  0  0 L3P E3
G19 FF 61052 162200  780 578 1485    -6852199    -29          61    -11   34  72   96   +7    5   +7    5    7  26  0  0 L3P C9
G22 FF 61052 162200  780 380  967     +595803    -30          38    +12   37 108  131  +14   50   -5   50   -5  26  0  0 L3P DF
G24 FF 61052 162200  780 480 2449    +1656703   -150          67     -1   53  67  109   -7    4   -6    4   -6  38  0  0 L3P D0
G06 FF 61052 163800  780 638  688    +6016745    +55          45    +15   29  58   91   -2   31  -17   31  -17  23  0  0 L3P FD
G12 FF 61052 163800  780 314 2321    +6064654    +66          69    +62   45  27  156  -24   13  -62   13  -62  34  0  0 L3P 21
G17 FF 61052 163800  780 313 1324     +304482   +147          49    +30   54  60  156  +28   26  -25   26  -25  38  0  0 L3P 1F
G19 FF 61052 163800  780 513 1438    -6852217    -16          60     +2   31  72  104  +10    2  -11    2  -11  21  0  0 L3P CA
G22 FF 61052 163800  780 334  891     +595786    -53          62    -11   49 108  147  +19   31   +5   31    5  38  0  0 L3P EF
G24 FF 61052 163800  780 512 2551    +1656556   -159          62    -10   49  67  104   -4    2   +3    2    3  35  0  0 L3P C8
G06 FF 61052 165400  780 652  877    +6016794    +38          56     -2   35  58   90   +0   21   -4   21   -4  24  0  0 L3P BB
G11 FF 61052 165400  780 474    9    +4766432   -158          37    -25   41  11  111  -15   37   +4   37    4  30  0  0 L3P C4
G12 FF 61052 165400  780 367 2274    +6064641     +5          52     +0   34  27  136  -18   18   -2   18   -2  28  0  0 L3P D3
G17 FF 61052 165400  780 254 1284     +304584   +187          39    +70   44  60  188  +41   38  -42   38  -42  36  0  0 L3P 31
G19 FF 61052 165400  780 451 1392    -6852236    -13          59     +6   32  72  115  +12    0   +3    0    3  24  0  0 L3P A9
G24 FF 61052 165400  780 526 2670    +1656401   -178          51    -29   46  67  102   -1    5  +17    5   17  32  0  0 L3P F0
G06 FF 61052 171000  780 635 1060    +6016822    +50          46    +10   31  58   91   +3   23   -7   23   -7  21  0  0 L3P BB
G11 FF 61052 171000  780 555   25    +4766311   -133          44     +0   29  11   99  -10   24   +8   24    8  21  0  0 L3P A5
G12 FF 61052 171000  780 424 2228    +6064642    +38          49    +34   31  27  121  -14   12  -28   12  -28  22  0  0 L3P 0A
G19 FF 61052 171000  780 392 1345    -6852279    +31          33    +49   40  72  128  +16   17  -29   17  -29  29  0  0 L3P 33
G24 FF 61052 171000  780 520 2797    +1656247   -163          40    -14   35  67  103   +2    9  +13    9   13  25  0  0 L3P E7
G06 FF 61052 172600  780 592 1200    +6016859    +58          45    +19   35  58   95   +5   18  -14   18  -14  23  0  0 L3P 0A
G11 FF 61052 172600  780 637   52    +4766165   -127          25     +6   30  11   91   -7   30   -7   30   -7  20  0  0 L3P A8
G12 FF 61052 172600  780 484 2184    +6064632     +6          34     +2   28  27  109  -11   15   -5   15   -5  19  0  0 L3P D2
G19 FF 61052 172600  780 337 1298    -6852303    -36          27    -18   44  72  146  +21   23  +14   23   14  31  0  0 L3P 14
G24 FF 61052 172600  780 496 2916    +1656101   -127          36    +21   44  67  107   +5    8  -14    8  -14  31  0  0 L3P FC
G06 FF 61052 174200  780 534 1290    +6016902    +45          50     +6   39  58  101   +8   12   -4   12   -4  28  0  0 L3P C8
G11 FF 61052 174200  780 718  113    +4766037   -141          25     -8   25  11   86   -4   25   -1   25   -1  17  0  0 L3P B9
G12 FF 61052 174200  780 547 2141    +6064632    -16          30    -21   30  27  100   -8   15   +8   15    8  23  0  0 L3P C3
G19 FF 61052 174200  780 285 1249    -6852329   -121          18   -103   48  72  169  +28   34  +77   34   77  36  0  0 L3P 59
G24 FF 61052 174200  780 456 3018    +1655948   -169          26    -20   37  67  113   +9   15  +13   15   13  25  0  0 L3P 19
G25 FF 61052 174200  780 178 2289    -4503983    -48          49    -72   64  67  265  -83   -6  +57   -6   57  45  0  0 L3P 40
G06 FF 61052 175800  780 469 1344    +6016939    +40          48     +0   42  58  111  +13   15  +13   15   13  32  0  0 L3P F5
G11 FF 61052 175800  780 792  281    +4765906   -120          22    +13   28  11   83   -2   22   -7   22   -7  21  0  0 L3P CF
G12 FF 61052 175800  780 614 2097    +6064634    +11          28     +6   26  27   93   -6   14   +2   14    2  18  0  0 L3P B6
G24 FF 61052 175800  780 406 3103    +1655809   -115          30    +33   45  67  124  +14   16  -20   16  -20  35  0  0 L3P 21
G25 FF 61052 175800  780 235 2267    -4503984    +73          25    +49   46  67  203  -50   10  -32   10  -32  36  0  0 L3P 25
G06 FF 61052 181400  780 401 1373    +6016970    +50          39    +10   34  60  126  +18   27   -1   27   -1  25  0  0 L3P E5
G11 FF 61052 181400  780 828  788    +4765783   -134          24     -1   22  12   82   +0   18   -1   18   -1  16  0  0 L3P C5
G12 FF 61052 181400  780 684 2051    +6064643     -8          32    -13   22  28   87   -5    9   +8    9    8  15  0  0 L3P 9F
G24 FF 61052 181400  780 350 3173    +1655651    -89          19    +60   55  68  141  +21   40  -25   40  -25  42  0  0 L3P 1C
G25 FF 61052 181400  780 295 2252    -4503958     +7          32    -17   48  68  165  -32    6   -1    6   -1  36  0  0 L3P D3
G06 FF 61052 183000  780 333 1384    +6017011     +1          41    -39   47  60  147  +27   39  +52   39   52  34  0  0 L3P F8
G11 FF 61052 183000  780 785 1237    +4765655   -147          23    -14   30  12   83   +2   20  +13   20   13  22  0  0 L3P E8
G12 FF 61052 183000  780 757 1993    +6064649     +9          34     +5   27  28   84   -3   14   +1   14    1  18  0  0 L3P AF
G25 FF 61052 183000  780 358 2244    -4503918    +41          49    +17   36  68  139  -22   -4   -2   -4   -2  28  0  0 L3P F8
G29 FF 61052 183000  780 211 2618    +3941259    -97          73    -33   68  74  225  -46    3  +32    3   32  54  0  0 L3P FE
G06 FF 61052 184600  780 267 1383    +6017081    -27          73    -66   39  60  180  +42   32  +75   32   75  33  0  0 L3P 20
G11 FF 61052 184600  780 713 1373    +4765520   -155          16    -22   26  12   86   +4   29  +16   29   16  16  0  0 L3P 03
G12 FF 61052 184600  780 832 1877    +6064662    +25          43    +21   21  28   82   -1   12   -7   12   -7  13  0  0 L3P D0
G21 FF 61052 184600  780 361  564    -3788672   -104          37    -24   46 179  138  -17   68   -2   68   -2  31  0  0 L3P 2D
G25 FF 61052 184600  780 423 2247    -4503895    +66          49    +42   27  68  121  -16    4  -24    4  -24  18  0  0 L3P 0B
G29 FF 61052 184600  780 254 2556    +3941178   +127          53   +191   50  74  189  -31   22 -115   22 -115  38  0  0 L3P 77
G05 FF 61052 190200  780 343  264    +2271692    +48          26    +41   58  45  144  -27   81  -42   81  -42  43  0  0 L3P 11
G06 FF 61052 190200  780 202 1373    +6017114    +44          68     +4   37  60  233  +71   57  +33   57   33  27  0  0 L3P F5
G11 FF 61052 190200  780 638 1413    +4765394   -130          18     +3   21  12   91   +6   30  +10   30   10  14  0  0 L3P C9
G12 FF 61052 190200  780 876  771    +6064661     +3          37     -1   26  28   81   +0   18   +5   18    5  22  0  0 L3P 91
G21 FF 61052 190200  780 407  645    -3788760    -72          26     +9   43 179  125  -11   68   -7   68   -7  31  0  0 L3P 05
G25 FF 61052 190200  780 489 2265    -4503877    +39          45    +15   39  68  108  -11   10   -4   10   -4  32  0  0 L3P 01
G29 FF 61052 190200  780 298 2492    +3941126    -22          62    +42   52  74  163  -23   19  -26   19  -26  40  0  0 L3P 29
G05 FF 61052 191800  780 412  311    +2271719    +13          47     +6   47  45  123  -18   61  -15   61  -15  35  0  0 L3P F2
G11 FF 61052 191800  780 563 1419    +4765267   -112          19    +21   27  12   98   +9   42   -9   42   -9  21  0  0 L3P F6
G12 FF 61052 191800  780 804  309    +6064667     +6          39     +1   29  28   82   +2   25   +8   25    8  22  0  0 L3P 9D
G21 FF 61052 191800  780 444  740    -3788839    -74          25     +7   43 179  116   -7   69   +3   69    3  32  0  0 L3P F0
G25 FF 61052 191800  780 554 2305    -4503848    +29          50     +5   25  68   99   -8   14   +4   14    4  19  0  0 L3P CC
G29 FF 61052 191800  780 343 2427    +3941073    -49          71    +15   52  74  144  -17   19   -5   19   -5  38  0  0 L3P 12
G05 FF 61052 193400  780 481  371    +2271726    +24          47    +18   36  45  109  -12   61  -10   61  -10  26  0  0 L3P 01
G11 FF 61052 193400  780 492 1408    +4765144   -149          24    -16   37  12  107  +12   53  +32   53   32  26  0  0 L3P 1D
G12 FF 61052 193400  780 723  235    +6064675    +10          43     +5   20  28   85   +4   35  +10   35   10  15  0  0 L3P B4
G21 FF 61052 193400  780 468  847    -3788902    -54          40    +27   37 179  111   -3   63  -11   63  -11  25  0  0 L3P 1D
G25 FF 61052 193400  780 615 2380    -4503818    +25          57     +1   27  68   93   -5   19  +12   19   12  19  0  0 L3P E8
G29 FF 61052 193400  780 389 2359    +3941011    -33          70    +31   30  74  129  -13   30  -10   30  -10  23  0  0 L3P 0B
G05 FF 61052 195000  780 544  454    +2271728    +17          43    +11   38  45  100   -8   66   -9   66   -9  29  0  0 L3P E5
G11 FF 61052 195000  780 423 1388    +4765026   -121          33    +12   37  12  120  +16   60  +10   60   10  26  0  0 L3P FE
G12 FF 61052 195000  780 642  197    +6064673     -7          36    -12   27  28   90   +6   55  +40   55   40  18  0  0 L3P D3
G21 FF 61052 195000  780 474  962    -3788979    -85          41     -5   53 179  110   +0   65   +9   65    9  39  0  0 L3P F7
G25 FF 61052 195000  780 666 2509    -4503796    +28          57     +4   16  68   89   -3   22   +2   22    2  12  0  0 L3P C6
G29 FF 61052 195000  780 436 2289    +3940924    -83          44    -19   29  74  118  -11   57  +21   57   21  21  0  0 L3P 27
G05 FF 61052 200600  780 598  570    +2271722    -25          33    -32   30  46   94   -5   67  +15   67   15  23  0  0 L3P DE
G11 FF 61052 200600  780 358 1361    +4764913   -200          49    -67   38  13  138  +22   56  +68   56   68  27  0  0 L3P 37
G12 FF 61052 200600  780 560  171    +6064682     -5          42     -9   25  48   98  +10   70  +22   70   22  21  0  0 L3P BB
G21 FF 61052 200600  780 462 1072    -3789060    -59          38    +22   41 180  112   +4   64  -18   64  -18  30  0  0 L3P 17
G25 FF 61052 200600  780 694 2705    -4503783    +20          46     -4   20  69   87   -1   30   +8   30    8  15  0  0 L3P B7
G29 FF 61052 200600  780 484 2214    +3940879    -49          62    +15   23  75  109   -9   49  -17   49  -17  16  0  0 L3P 2D
G05 FF 61052 202200  780 634  727    +2271725     +3          29     -4   34  46   91   -2   67   +3   67    3  25  0  0 L3P 92
G11 FF 61052 202200  780 297 1330    +4764763   -157          27    -24   42  13  163  +31   93  +41   93   41  31  0  0 L3P 1A
G12 FF 61052 202200  780 480  153    +6064675    +37          30    +32   29  48  109  +14   97   -5   97   -5  21  0  0 L3P EA
G21 FF 61052 202200  780 434 1169    -3789144    -63          31    +18   43 180  118   +8   70   -5   70   -5  31  0  0 L3P F6
G25 FF 61052 202200  780 688 2931    -4503764    +30          43     +6   20  69   87   +1   39   +4   39    4  15  0  0 L3P BE
G29 FF 61052 202200  780 534 2133    +3940812    -52          56    +12   22  75  101   -7   54   +1   54    1  16  0  0 L3P C4
G05 FF 61052 203800  780 642  910    +2271725     -4          23    -10   37  46   90   +1   65   +2   65    2  26  0  0 L3P 96
G11 FF 61052 203800  780 239 1294    +4764632   -138          24     -5   46  13  199  +45  121  +48  121   48  38  0  0 L3P 43
G12 FF 61052 203800  780 400  139    +6064670    +10          20     +6   38  48  126  +21  124  +35  124   35  28  0  0 L3P F8
G18 FF 61052 203800  780 277 2841    +4526349   -173          48    -75   48 218  174  -30   65  +30   65   30  36  0  0 L3P 50
G21 FF 61052 203800  780 392 1247    -3789214    -93          38    -12   37 180  128  +13   74  +23   74   23  29  0  0 L3P 31
G25 FF 61052 203800  780 651 3118    -4503746     +1          38    -22   26  69   90   +4   51  +20   51   20  19  0  0 L3P D2
G29 FF 61052 203800  780 584 2042    +3940735    -96          40    -32   20  75   95   -5   62  +17   62   17  14  0  0 L3P FA
G05 FF 61052 205400  780 621 1080    +2271723    -11          14    -17   31  46   92   +3   74  +23   74   23  24  0  0 L3P D5
G12 FF 61052 205400  780 323  131    +6064670    +19          16    +15   46  48  151  +33  151  +35  151   35  34  0  0 L3P 0D
G18 FF 61052 205400  780 326 2772    +4526246   -175          39    -77   51 218  151  -20   61  +65   61   65  40  0  0 L3P 43
G21 FF 61052 205400  780 341 1305    -3789309    -93          21    -13   35 180  145  +21  102  +32  102   32  27  0  0 L3P 2C
G25 FF 61052 205400  780 592 3243    -4503735    +27          26     +3   26  69   95   +7   59   +3   59    3  20  0  0 L3P C5
G29 FF 61052 205400  780 635 1933    +3940662    -67          29     -3   23  75   91   -4   68   +5   68    5  16  0  0 L3P D5
G05 FF 61052 211000  780 577 1207    +2271739    -11          23    -18   31  46   96   +6   82  +27   82   27  24  0  0 L3P EE
G18 FF 61052 211000  780 372 2696    +4526158    -83          45    +14   41 218  134  -14   69   -9   69   -9  32  0  0 L3P 23
G21 FF 61052 211000  780 284 1346    -3789377    -76          30     +5   59 180  170  +33  125  +28  125   28  43  0  0 L3P 3E
G25 FF 61052 211000  780 524 3325    -4503712    +11          26    -13   41  69  102  +10   73  +28   73   28  30  0  0 L3P F4
G29 FF 61052 211000  780 682 1793    +3940615    -63          43     +1   20  75   88   -3   69   +6   69    6  14  0  0 L3P CA
G05 FF 61052 212600  780 520 1291    +2271741    -21          19    -28   37  46  103   +9   95  +28   95   28  27  0  0 L3P 07
G18 FF 61052 212600  780 416 2613    +4526061    -98          42     -1   31 218  122  -11   70   -5   70   -5  22  0  0 L3P E8
G21 FF 61052 212600  780 224 1373    -3789461   -148          24    -68   50 180  212  +56  162  +95  162   95  38  0  0 L3P 6E
G23 FF 61052 212600  780 235 3330    -5985959    +26          44    +76   48 209  204  -60  121  -44  121  -44  37  0  0 L3P 60
G26 FF 61052 212600  780 178 2273    +3103002    +87          46    +27   53  28  264  -61   97  -26   97  -26  35  0  0 L3P 30
G29 FF 61052 212600  780 721 1601    +3940546    -43          35    +20   27  75   85   -2   74   -6   74   -6  18  0  0 L3P E0
G05 FF 61052 214200  780 457 1341    +2271758     +5          30     -2   36  46  113  +13  102  +16  102   16  25  0  0 L3P F0
G18 FF 61052 214200  780 457 2523    +4525972   -102          47     -5   36 218  114   -8   69  +11   69   11  28  0  0 L3P 1D
G26 FF 61052 214200  780 217 2325    +3103059    +48          45    -12   44  28  219  -35   96   +8   96    8  31  0  0 L3P F6
G29 FF 61052 214200  780 743 1341    +3940484    -65          35     -1   27  75   84   +0   84  +11   84   11  18  0  0 L3P DF
G05 FF 61052 215800  780 391 1368    +2271770    -53          35    -60   41  46  129  +19  116  +67  116   67  29  0  0 L3P 48
G15 FF 61052 215800  780 353  588    -3760722    -46          21    -11   59   3  140  -17  159  +15  159   15  45  0  0 L3P 1F
G18 FF 61052 215800  780 495 2424    +4525870    -93          39     +5   32 218  107   -6   77  -12   77  -12  25  0  0 L3P 23
G26 FF 61052 215800  780 247 2388    +3103133    +40          61    -21   64  28  193  -20   87  +25   87   25  48  0  0 L3P 1B
G29 FF 61052 215800  780 735 1055    +3940433    -71          44     -7   23  75   85   +1   89  +16   89   16  17  0  0 L3P F7
G05 FF 61052 221400  780 325 1378    +2271757     -2          17     -8   51  80  151  +28  156  +43  156   43  36  0  0 L3P 14
G15 FF 61052 221400  780 396  668    -3760751     -9          22    +26   50  39  127  -11  150  -38  150  -38  35  0  0 L3P 29
G18 FF 61052 221400  780 529 2317    +4525785   -105          46     -7   32 219  102   -5   71   +5   71    5  21  0  0 L3P EC
G23 FF 61052 221400  780 453 3220    -5986105    -54          41     -4   44 210  114  -15  105   +8  105    8  34  0  0 L3P FD
G26 FF 61052 221400  780 268 2459    +3103173    +91          39    +31   60  34  180  -10  104  -18  104  -18  44  0  0 L3P 33
G29 FF 61052 221400  780 701  821    +3940359    -66          34     -3   23  76   86   +3  103   +7  103    7  17  0  0 L3P C9
G05 FF 61052 223000  780 260 1377    +2271772    -19          26    -26   57  80  184  +43  174  +67  174   67  42  0  0 L3P 46
G15 FF 61052 223000  780 430  760    -3760787    -40          21     -5   43  39  119   -6  146  +15  146   15  32  0  0 L3P FC
G18 FF 61052 223000  780 560 2199    +4525681    -99          36     -2   28 219   98   -3   83   +9   83    9  20  0  0 L3P EC
G23 FF 61052 223000  780 526 3158    -5986165    -62          29    -12   22 210  102  -10  108   +3  108    3  15  0  0 L3P 0F
G26 FF 61052 223000  780 278 2537    +3103224    +91          32    +30   76  34  174   -2  110   -7  110   -7  61  0  0 L3P F4
G29 FF 61052 223000  780 648  658    +3940295    -47          31    +16   30  76   90   +4  111   -2  111   -2  22  0  0 L3P DF
G05 FF 61052 224600  780 197 1366    +2271764    +16          12     +9   48  80  238  +72  232  +43  232   43  34  0  0 L3P 27
G15 FF 61052 224600  780 451  862    -3760818    -42          23     -7   30  39  115   -3  143   -9  143   -9  22  0  0 L3P ED
G16 FF 61052 224600  780 165 2271    -1866328    -82          57     -6   41  80  284  -58  119   -1  119   -1  31  0  0 L3P 1C
G18 FF 61052 224600  780 585 2069    +4525596    -91          45     +6   19 219   95   -2   82   +8   82    8  15  0  0 L3P F1
G23 FF 61052 224600  780 596 3073    -5986211    -65          31    -15   23 210   94   -7   93   -7   93   -7  17  0  0 L3P 00
G26 FF 61052 224600  780 275 2618    +3103291    +72          42    +12   72  34  175   +5  113   +5  113    5  60  0  0 L3P EC
G29 FF 61052 224600  780 586  546    +3940238    -67          35     -3   22  76   95   +7  117   +9  117    9  16  0  0 L3P EB
G15 FF 61052 230200  780 456  968    -3760850    -19          25    +16   32  39  114   +1  141   -7  141   -7  22  0  0 L3P F7
G16 FF 61052 230200  780 194 2330    -1866391    -47          67    +29   33  80  243  -31  109  -16  109  -16  27  0  0 L3P 4A
G18 FF 61052 230200  780 605 1929    +4525510    -83          53    +15   24 219   93   -2   83   -6   83   -6  18  0  0 L3P F3
G23 FF 61052 230200  780 661 2952    -5986255    -39          35    +11   29 210   89   -4   82  -17   82  -17  21  0  0 L3P 1E
G26 FF 61052 230200  780 262 2698    +3103344   +101          36    +41   49  34  183  +12  129  -19  129  -19  38  0  0 L3P 53
G29 FF 61052 230200  780 519  465    +3940184    -39          42    +25   29  76  103  +10  134  +18  134   18  21  0  0 L3P 20
G10 FF 61052 231800  780 303 3051    +5820810    -60          39    -88   50  27  161  -30  140  +40  140   40  37  0  0 L3P 19
G13 FF 61052 231800  780 213 1260    -6898122    -28          38    -38   33  36  222  +24  207  +35  207   35  26  0  0 L3P 36
G15 FF 61052 231800  780 445 1070    -3760883    -73          26    -38   39  39  116   +4  135   +6  135    6  28  0  0 L3P 11
G16 FF 61052 231800  780 214 2397    -1866484   -142          46    -66   36  80  221  -15  121  +33  121   33  26  0  0 L3P 49
G18 FF 61052 231800  780 618 1777    +4525413   -156          50    -58   22 219   92   -1   81  +35   81   35  14  0  0 L3P 21
G23 FF 61052 231800  780 714 2768    -5986314    -58          25     -8   22 210   86   -2   81   -6   81   -6  18  0  0 L3P F1
G26 FF 61052 231800  780 239 2775    +3103397    -54          32   -114   86  34  199  +21  141  +95  141   95  62  0  0 L3P 5C
G29 FF 61052 231800  780 450  404    +3940139    -77          59    -13   39  76  115  +15  133   +1  133    1  27  0  0 L3P 00
G10 FF 61052 233400  780 363 2987    +5820819    -14          21    -42   55  27  137  -20  141  +50  141   50  40  0  0 L3P 28
G15 FF 61052 233400  780 419 1160    -3760919    -15          24    +20   36  39  121   +8  132   +1  132    1  24  0  0 L3P E8
G16 FF 61052 233400  780 224 2470    -1866571    -27          33    +49   31  80  212   -4  130  -20  130  -20  23  0  0 L3P 17
G18 FF 61052 233400  780 623 1619    +4525311   -116          41    -19   23 219   92   +0   88  +14   88   14  16  0  0 L3P 14
G23 FF 61052 233400  780 744 2501    -5986361    -36          25    +14   19 210   84   -1   77   -8   77   -8  14  0  0 L3P F9
G29 FF 61052 233400  780 379  358    +3940057    -21          37    +42   75  76  132  +21  153   +7  153    7  56  0  0 L3P 0E
