CGGTTS     GENERIC DATA FORMAT VERSION = 2E
REV DATE = 2024-12-02                    
RCVR = Septentrio PolaRx2 S/N 3252   R2CGGTTS v8.8    
CH = 20 
IMS = Septentrio PolaRx2 S/N 3252   
LAB = NMI Australia                 
X = -4648241.00 m 
Y = +2560636.48 m 
Z = -3526317.74 m 
FRAME = ITRF
COMMENTS =           IGS antenna SYDN              
INT DLY =  211.7 ns (GPS P1),  213.3 ns (GPS P2)     CAL_ID = 1015-2021           
CAB DLY = 2484.6 ns 
REF DLY =  338.6 ns
REF = UTC(AUS)                      
CKSUM = 82

SAT CL  MJD  STTIME TRKL ELV AZTH   REFSV      SRSV     REFSYS    SRSYS  DSG IOE MDTR SMDT MDIO SMDI MSIO SMSI ISG FR HC FRC CK
             hhmmss  s  .1dg .1dg    .1ns     .1ps/s     .1ns    .1ps/s .1ns     .1ns.1ps/s.1ns.1ps/s.1ns.1ps/s.1ns
G08 FF 61069 000600  780 194 2253    -4987399    +71         255    +24   53  70  244  -60  186  -41  186  -41  41  0  0 L3P 70
G10 FF 61069 000600  780 616 2280    +5855382     +9         236    -12   21  28   92   -1  109   +7  109    7  15  0  0 L3P EE
G18 FF 61069 000600  780 460  815    +4391196   -132         250    -35   32 189  113   +9  146  +42  146   42  24  0  0 L3P 4C
G23 FF 61069 000600  780 502 1461    -6054966    -23         244    +26   32 174  106   +8  119   -7  119   -7  24  0  0 L3P 34
G27 FF 61069 000600  780 446 2470     +285755    +22         251    -63   28  69  116   -6  119  +30  119   30  20  0  0 L3P 26
G08 FF 61069 002200  780 239 2301    -4987366    +70         243    +23   43  70  200  -34  174  -24  174  -24  31  0  0 L3P 50
G10 FF 61069 002200  780 624 2111    +5855404    +39         237    +18   24  28   92   +0  110   +2  110    2  16  0  0 L3P DE
G18 FF 61069 002200  780 411  731    +4391097    -82         244    +15   43 189  123  +13  165  +11  165   11  29  0  0 L3P 43
G23 FF 61069 002200  780 451 1385    -6055023    -49         234     +0   35 174  114  +10  136  +15  136   15  26  0  0 L3P 34
G27 FF 61069 002200  780 468 2572     +285823    +87         237     +1   31  69  111   -3  123   +6  123    6  26  0  0 L3P F0
G08 FF 61069 003800  780 277 2361    -4987319    +19         245    -28   57  70  175  -20  162   +5  162    5  37  0  0 L3P 43
G10 FF 61069 003800  780 619 1944    +5855430     +8         242    -14   18  28   92   +1  111  +12  111   12  15  0  0 L3P 02
G18 FF 61069 003800  780 359  658    +4391020    -78         260    +19   47 189  138  +18  172   -2  172   -2  40  0  0 L3P 49
G23 FF 61069 003800  780 403 1314    -6055074    -32         230    +17   37 174  125  +13  152   -2  152   -2  29  0  0 L3P 2F
G27 FF 61069 003800  780 474 2685     +285913   +103         245    +18   40  69  110   +1  122   -4  122   -4  27  0  0 L3P 1A
G08 FF 61069 005400  780 306 2432    -4987293    +56         226     +9   41  70  160  -11  167   -9  167   -9  32  0  0 L3P 36
G10 FF 61069 005400  780 605 1787    +5855446     +6         237    -15   22  28   93   +2  113   +8  113    8  16  0  0 L3P F6
G18 FF 61069 005400  780 304  594    +4390913    -71         246    +25   46 189  160  +27  202   +9  202    9  35  0  0 L3P 31
G23 FF 61069 005400  780 356 1246    -6055131    -19         220    +30   31 174  139  +16  162  -16  162  -16  25  0  0 L3P 5B
G27 FF 61069 005400  780 461 2798     +285988    +81         238     -4   59  69  113   +4  134  +12  134   12  44  0  0 L3P 2D
G02 FF 61069 011000  780 161 2243     -267002   -183         254   -101   42  23  293 -113  203  +64  203   64  35  0  0 L3P 4B
G08 FF 61069 011000  780 323 2513    -4987242    +24         233    -22   54  70  152   -5  154  +14  154   14  40  0  0 L3P 26
G10 FF 61069 011000  780 583 1643    +5855456    +14         226     -7   22  28   95   +3  115   +6  115    6  17  0  0 L3P EE
G23 FF 61069 011000  780 311 1180    -6055174    -46         223     +3   31 174  156  +21  170  +21  170   21  22  0  0 L3P 21
G27 FF 61069 011000  780 432 2902     +286065   +111         233    +26   37  69  119   +8  146   -3  146   -3  28  0  0 L3P 1E
G02 FF 61069 012600  780 224 2233     -267100     +4         234    +86   33  23  213  -60  201  -66  201  -66  23  0  0 L3P 13
G08 FF 61069 012600  780 327 2600    -4987188     +3         242    -44   54  70  150   +1  161  +40  161   40  37  0  0 L3P 20
G10 FF 61069 012600  780 556 1514    +5855487    +16         237     -6   25  28   98   +4  119  +20  119   20  19  0  0 L3P 22
G27 FF 61069 012600  780 391 2993     +286149   +108         236    +23   39  69  129  +13  168  +16  168   16  29  0  0 L3P 6D
G02 FF 61069 014200  780 291 2233     -267173    -74         240     +8   28  23  167  -37  187  -12  187  -12  20  0  0 L3P 34
G08 FF 61069 014200  780 318 2688    -4987152    +48         233     +2   62  70  154   +7  189  +20  189   20  45  0  0 L3P 3E
G10 FF 61069 014200  780 525 1397    +5855519    +16         248     -5   36  28  102   +5  124  +20  124   20  25  0  0 L3P 1C
G27 FF 61069 014200  780 341 3070     +286248    +34         253    -51   43  69  144  +20  182  +63  182   63  29  0  0 L3P 3B
G02 FF 61069 015800  780 359 2244     -267243   -126         248    -44   33  23  139  -24  160   +6  160    6  28  0  0 L3P 2C
G08 FF 61069 015800  780 297 2773    -4987095    -47         245    -93   67  70  163  +13  192  +79  192   79  55  0  0 L3P 8F
G10 FF 61069 015800  780 491 1291    +5855533     -5         241    -27   33  28  107   +6  138  +24  138   24  24  0  0 L3P 2B
G28 FF 61069 015800  780 323  232    +6044502   -101         217    -43   36   6  152  -30  228   -9  228   -9  24  0  0 L3P 1C
G02 FF 61069 021400  780 427 2272     -267340    -83         231     -1   30  35  120  -16  145  -16  145  -16  20  0  0 L3P 19
G08 FF 61069 021400  780 267 2852    -4987062    +58         228    +11   58  71  180  +22  214   +8  214    8  45  0  0 L3P 37
G10 FF 61069 021400  780 455 1192    +5855549    +43         238    +21   33  29  114   +7  147   -7  147   -7  24  0  0 L3P 2A
G28 FF 61069 021400  780 392  275    +6044435    -59         207     -1   43   7  129  -20  202  -37  202  -37  29  0  0 L3P 25
G01 FF 61069 023000  780 199 2228    -3389225   +146         237   +102   32 130  238  -74  228  -96  228  -96  21  0  0 L3P 9C
G02 FF 61069 023000  780 492 2322     -267404    -60         245    +22   24  35  107  -11  126  -26  126  -26  16  0  0 L3P 2F
G10 FF 61069 023000  780 418 1101    +5855572    +21         240     -1   37  29  122   +9  157  +11  157   11  26  0  0 L3P 0E
G28 FF 61069 023000  780 461  329    +6044391    -44         219    +14   31   7  113  -13  174  -33  174  -33  23  0  0 L3P 2A
G01 FF 61069 024600  780 262 2235    -3389155    +29         265    -16   32 130  184  -43  182  -30  182  -30  21  0  0 L3P 63
G02 FF 61069 024600  780 552 2404     -267486    -98         242    -16   23  35   99   -7  121   -4  121   -4  20  0  0 L3P 02
G10 FF 61069 024600  780 379 1017    +5855586    -21         233    -42   39  29  132  +12  172  +34  172   34  28  0  0 L3P 52
G28 FF 61069 024600  780 527  402    +6044334    -84         217    -26   20   7  102   -9  153   -9  153   -9  17  0  0 L3P 04
G31 FF 61069 024600  780 319   71    +1700627     -2         206    +20   62  73  154  -33  228  -60  228  -60  42  0  0 L3P 15
G01 FF 61069 030200  780 325 2254    -3389115    +26         263    -19   24 130  151  -27  157   -3  157   -3  20  0  0 L3P 37
G02 FF 61069 030200  780 597 2528     -267565    -93         242    -11   19  35   94   -4  114   +8  114    8  14  0  0 L3P FC
G10 FF 61069 030200  780 338  938    +5855618     +5         246    -16   40  29  146  +16  176  +32  176   32  29  0  0 L3P 38
G28 FF 61069 030200  780 585  505    +6044271    -60         210     -2   26   7   95   -6  141   -9  141   -9  18  0  0 L3P DB
G31 FF 61069 030200  780 393   92    +1700612    -71         211    -50   37  73  128  -21  181   +3  181    3  28  0  0 L3P EF
G01 FF 61069 031800  780 386 2289    -3389070    +42         265     -2   34 130  130  -18  145   -1  145   -1  25  0  0 L3P 2E
G02 FF 61069 031800  780 620 2692     -267640    -80         245     +2   24  35   92   -1  116   +9  116    9  18  0  0 L3P E0
G10 FF 61069 031800  780 295  864    +5855630    +50         237    +29   73  29  164  +23  208   +9  208    9  48  0  0 L3P 30
G28 FF 61069 031800  780 628  648    +6044222    -52         217     +6   29   7   91   -3  133   +6  133    6  23  0  0 L3P D3
G31 FF 61069 031800  780 469  118    +1700594     +9         214    +31   25  73  111  -14  166  -32  166  -32  18  0  0 L3P 30
G01 FF 61069 033400  780 444 2343    -3389026    +59         266    +14   25 130  116  -12  142  -14  142  -14  18  0  0 L3P 5B
G02 FF 61069 033400  780 614 2871     -267715    -67         249    +15   26  35   93   +2  124   +2  124    2  21  0  0 L3P EC
G03 FF 61069 033400  780 190 2335    -5854831    +91         277    -18   56  85  248  -66  225  -11  225  -11  41  0  0 L3P 69
G28 FF 61069 033400  780 647  828    +6044177    -13         227    +45   25   7   90   +0  130  -29  130  -29  17  0  0 L3P 18
G31 FF 61069 033400  780 545  154    +1700591    -18         232     +4   24  73  100  -10  149   -8  149   -8  17  0  0 L3P 08
G01 FF 61069 035000  780 493 2422    -3388998    +44         251     -1   25 130  107   -7  143  -12  143  -12  19  0  0 L3P 41
G02 FF 61069 035000  780 579 3026     -267792    -85         250     -3   24  35   96   +5  133  +14  133   14  17  0  0 L3P 08
G03 FF 61069 035000  780 243 2292    -5854732   +102         272     -7   40  85  197  -43  197  -32  197  -32  31  0  0 L3P 66
G28 FF 61069 035000  780 635 1010    +6044118    -56         224     +2   23   7   91   +2  132   -3  132   -3  18  0  0 L3P D1
G31 FF 61069 035000  780 620  211    +1700566    -27         227     -5   24  73   92   -7  142  -14  142  -14  17  0  0 L3P FF
G01 FF 61069 041800  780 545 2622    -3388917    +12         261    -32   25 131  100   -2  132  +22  132   22  20  0  0 L3P 29
G02 FF 61069 041800  780 479 3209     -267928    -98         249    -16   32  36  109  +12  169  +25  169   25  25  0  0 L3P 5E
G03 FF 61069 041800  780 343 2225    -5854551    +72         268    -38   19  86  144  -23  163  +11  163   11  15  0  0 L3P 52
G04 FF 61069 041800  780 229 2748     -409956    +12         250    +35   34 178  209  -40  229  -55  229  -55  26  0  0 L3P 73
G28 FF 61069 041800  780 559 1233    +6044022    -80         232    -22   27   8   98   +7  137  +12  137   12  19  0  0 L3P 19
G31 FF 61069 041800  780 734  444    +1700524    -23         220     -1   17  75   85   -2  131  -12  131  -12  13  0  0 L3P F2
G01 FF 61069 043400  780 546 2759    -3388875    +41         260     -4   32 131  100   +1  133  +10  133   10  24  0  0 L3P 21
G02 FF 61069 043400  780 412 3276     -268001    -60         255    +22   41  36  123  +17  183   +8  183    8  32  0  0 L3P 08
G03 FF 61069 043400  780 405 2192    -5854446   +111         268     +2   32  86  125  -17  151   -9  151   -9  26  0  0 L3P 3A
G04 FF 61069 043400  780 273 2682     -409968    +16         260    +39   24 178  177  -27  198  -51  198  -51  19  0  0 L3P 85
G28 FF 61069 043400  780 498 1302    +6043972     -8         237    +50   32   8  106  +10  142  -27  142  -27  25  0  0 L3P 33
G31 FF 61069 043400  780 765  734    +1700501    -16         218     +6   25  75   84   +0  126   -6  126   -6  18  0  0 L3P EA
G01 FF 61069 045000  780 525 2890    -3388837    +40         256     -4   29 131  102   +4  142  +12  142   12  22  0  0 L3P 27
G02 FF 61069 045000  780 344 3328     -268095     -8         240    +74   43  36  143  +26  217  -25  217  -25  28  0  0 L3P 3A
G03 FF 61069 045000  780 471 2164    -5854345   +152         264    +42   23  86  111  -13  146  -39  146  -39  16  0  0 L3P 71
G04 FF 61069 045000  780 317 2613     -409993    +20         257    +43   42 178  154  -20  186  -42  186  -42  31  0  0 L3P 5E
G26 FF 61069 045000  780 310  572    +3187343    +57         260     -2   72  52  158  -22  217  -25  217  -25  53  0  0 L3P 33
G28 FF 61069 045000  780 432 1341    +6043922    -95         243    -37   31   8  118  +15  153  +55  153   55  23  0  0 L3P 39
G31 FF 61069 045000  780 748 1048    +1700483    -12         220     +9   20  75   84   +2  126   +0  126    0  13  0  0 L3P D6
G01 FF 61069 050600  780 487 3003    -3388802    +25         248    -20   27 131  108   +8  158  +25  158   25  20  0  0 L3P 49
G03 FF 61069 050600  780 541 2143    -5854247   +102         258     -7   20  86  100   -9  141   -1  141   -1  14  0  0 L3P 0E
G04 FF 61069 050600  780 360 2539     -410013    -10         259    +12   30 178  138  -15  174  -14  174  -14  21  0  0 L3P 45
G26 FF 61069 050600  780 353  643    +3187374   +111         234    +52   40  52  140  -15  217  -54  217  -54  32  0  0 L3P 4F
G28 FF 61069 050600  780 366 1360    +6043865    -75         241    -17   38   8  136  +22  178  +33  178   33  27  0  0 L3P 51
G31 FF 61069 050600  780 696 1236    +1700473    -12         231     +9   20  75   87   +4  123   -2  123   -2  14  0  0 L3P ED
G01 FF 61069 052200  780 437 3093    -3388761    +61         247    +17   34 131  117  +12  174  +12  174   12  25  0  0 L3P 54
G03 FF 61069 052200  780 614 2131    -5854137   +108         263     -2   16  86   93   -7  128   +6  128    6  12  0  0 L3P 06
G04 FF 61069 052200  780 402 2461     -410032    -43         262    -20   25 178  126  -11  161  +10  161   10  21  0  0 L3P 1A
G26 FF 61069 052200  780 390  725    +3187451    +69         255    +10   36  52  129   -9  188  -10  188  -10  27  0  0 L3P 45
G28 FF 61069 052200  780 300 1366    +6043806    -21         238    +37   27   8  162  +33  202   +8  202    8  19  0  0 L3P 0D
G31 FF 61069 052200  780 631 1325    +1700442    -27         221     -5   19  75   91   +6  132  +23  132   23  14  0  0 L3P FA
G01 FF 61069 053800  780 380 3166    -3388698    +41         267     -3   47 131  132  +18  185  +35  185   35  36  0  0 L3P 66
G03 FF 61069 053800  780 689 2138    -5854029   +120         267    +11   19  86   87   -5  125   -1  125   -1  15  0  0 L3P 32
G04 FF 61069 053800  780 443 2378     -410059    -24         257     -1   24 178  116   -9  157   +0  157    0  18  0  0 L3P 0B
G26 FF 61069 053800  780 416  817    +3187512    +69         258    +10   34  52  122   -5  182   -6  182   -6  25  0  0 L3P 1D
G28 FF 61069 053800  780 235 1360    +6043763    -62         251     -4   41   8  202  +52  236  +45  236   45  33  0  0 L3P 27
G31 FF 61069 053800  780 562 1365    +1700427    +18         227    +40   22  75   98   +8  138  -15  138  -15  16  0  0 L3P 3E
G01 FF 61069 055400  780 319 3225    -3388662    +54         260    +10   47 131  153  +27  215  +23  215   23  34  0  0 L3P 51
G03 FF 61069 055400  780 766 2192    -5853926   +101         265     -8   16  86   84   -3  122   +6  122    6  14  0  0 L3P 12
G04 FF 61069 055400  780 484 2290     -410089    -10         248    +13   20 178  109   -7  151  -22  151  -22  15  0  0 L3P 3A
G09 FF 61069 055400  780 210 2496    -7703976    +25         255    +24   66   4  226  -47  246  -28  246  -28  50  0  0 L3P 66
G26 FF 61069 055400  780 429  915    +3187556    +79         246    +20   25  52  119   -1  183  -14  183  -14  18  0  0 L3P 49
G28 FF 61069 055400  780 174 1346    +6043719    -53         262     +5   31   8  269  +92  262  +44  262   44  23  0  0 L3P 38
G31 FF 61069 055400  780 493 1378    +1700397     -7         218    +15   25  75  107  +11  156   +7  156    7  21  0  0 L3P 1E
G03 FF 61069 061000  780 836 2453    -5853814   +107         253     -3   17  36   82   -1  116   -4  116   -4  12  0  0 L3P 0A
G04 FF 61069 061000  780 524 2194     -410102    -24         257     -1   20 179  103   -6  144   -2  144   -2  13  0  0 L3P EF
G09 FF 61069 061000  780 255 2440    -7703959    -67         270    -69   64   5  188  -33  210  +31  210   31  49  0  0 L3P 4A
G16 FF 61069 061000  780 400  553    -1973035    -81         243     -6   37  12  126  -14  204   -8  204   -8  27  0  0 L3P 08
G26 FF 61069 061000  780 427 1015    +3187615    +56         250     -3   31  53  120   +2  176   -2  176   -2  22  0  0 L3P FB
G31 FF 61069 061000  780 425 1375    +1700364    -31         198     -9   20  76  120  +16  178  +21  178   21  14  0  0 L3P 30
G03 FF 61069 062600  780 834 3253    -5853710    +97         251    -14   19  36   82   +1  118  +15  118   15  14  0  0 L3P 2C
G04 FF 61069 062600  780 562 2087     -410128    -15         252     +8   25 179   98   -4  141  -11  141  -11  17  0  0 L3P 1F
G09 FF 61069 062600  780 303 2383    -7703945    +10         283     +9   48   5  161  -24  180  -16  180  -16  33  0  0 L3P 3D
G16 FF 61069 062600  780 447  637    -1973095    -38         255    +37   43  12  116   -9  176  -40  176  -40  32  0  0 L3P 4E
G26 FF 61069 062600  780 410 1107    +3187675    +67         254     +8   33  53  124   +6  175   -3  175   -3  24  0  0 L3P 17
G31 FF 61069 062600  780 361 1361    +1700334     -6         189    +16   34  76  138  +22  204  +11  204   11  24  0  0 L3P 22
G03 FF 61069 064200  780 761 3509    -5853613   +116         242     +5   23  36   84   +3  128   +3  128    3  16  0  0 L3P 02
G04 FF 61069 064200  780 598 1967     -410156    -12         246    +11   22 179   94   -3  133  -19  133  -19  15  0  0 L3P 3F
G06 FF 61069 064200  780 141 2360    +6066876    +62         269    +32   61  84  327  -19  253  -20  253  -20  44  0  0 L3P 60
G09 FF 61069 064200  780 352 2326    -7703950    -33         277    -34   34   5  141  -18  162  +27  162   27  25  0  0 L3P 44
G16 FF 61069 064200  780 483  736    -1973175    -57         247    +18   32  12  109   -5  169  -20  169  -20  23  0  0 L3P 48
G26 FF 61069 064200  780 379 1187    +3187722    +42         244    -17   43  53  132  +11  187  +22  187   22  30  0  0 L3P 50
G31 FF 61069 064200  780 298 1340    +1700325    +60         201    +82   39  76  163  +31  212  -40  212  -40  28  0  0 L3P 40
G03 FF 61069 065800  780 677 3572    -5853500   +130         249    +20   17  36   88   +5  136   +9  136    9  13  0  0 L3P 2A
G04 FF 61069 065800  780 630 1828     -410181    +12         243    +35   17 179   91   -2  132  -27  132  -27  13  0  0 L3P 2E
G06 FF 61069 065800  780 144 2431    +6066907    +36         272     +6   58  84  320   +4  251   +9  251    9  42  0  0 L3P 10
G09 FF 61069 065800  780 404 2268    -7703962     -9         263    -10   33   5  125  -14  160   +4  160    4  21  0  0 L3P 04
G16 FF 61069 065800  780 504  849    -1973236    -63         258    +12   32  12  105   -2  153  -11  153  -11  25  0  0 L3P 32
G26 FF 61069 065800  780 338 1252    +3187787    +73         252    +14   58  53  145  +18  193  +13  193   13  44  0  0 L3P 64
G31 FF 61069 065800  780 239 1314    +1700334    +89         231   +111   60  76  199  +46  223  -18  223  -18  43  0  0 L3P 6E
G03 FF 61069 071400  780 593 3594    -5853390    +59         253    -51   19  36   94   +9  145  +45  145   45  15  0  0 L3P 4B
G04 FF 61069 071400  780 654 1666     -410207    -35         239    -13   18 179   89   -1  128   +4  128    4  14  0  0 L3P 0F
G06 FF 61069 071400  780 138 2502    +6066935    +21         272     -9   37  84  335  +28  253  +11  253   11  28  0  0 L3P 3E
G07 FF 61069 071400  780 256 2885    +1417534    +15         247    -36   49  64  188  -37  219   +0  219    0  39  0  0 L3P 44
G09 FF 61069 071400  780 458 2210    -7703962    -28         262    -29   19   5  113  -11  144   -1  144   -1  14  0  0 L3P 20
G16 FF 61069 071400  780 508  969    -1973309    -56         257    +19   39  12  105   +1  149  -26  149  -26  28  0  0 L3P 58
G26 FF 61069 071400  780 290 1302    +3187845    +72         253    +13   46  53  167  +28  210   +5  210    5  32  0  0 L3P 1D
G31 FF 61069 071400  780 183 1282    +1700292    +40         210    +62   59  76  256  +75  272  -16  272  -16  44  0  0 L3P 5A
G03 FF 61069 073000  780 509    4    -5853301    +97         237    -14   22  36  105  +13  165  +19  165   19  18  0  0 L3P 17
G04 FF 61069 073000  780 668 1481     -410239     -1         228    +22   28 179   88   +0  128  -23  128  -23  19  0  0 L3P 2A
G07 FF 61069 073000  780 307 2820    +1417573    +36         236    -15   53  64  159  -25  198  -19  198  -19  38  0  0 L3P 79
G09 FF 61069 073000  780 515 2148    -7703976     +2         247     +1   20   5  104   -9  138  -15  138  -15  15  0  0 L3P 14
G16 FF 61069 073000  780 493 1081    -1973384    -86         254    -11   25  12  107   +4  142   +3  142    3  21  0  0 L3P 0A
G26 FF 61069 073000  780 236 1338    +3187894   +108         246    +49   41  53  201  +45  232   -7  232   -7  34  0  0 L3P 4F
G03 FF 61069 074600  780 427   10    -5853206    +84         226    -26   51  36  120  +19  192  +31  192   31  38  0  0 L3P 26
G04 FF 61069 074600  780 666 1286     -410258     -1         232    +22   25 179   88   +1  131   -5  131   -5  17  0  0 L3P FE
G07 FF 61069 074600  780 357 2749    +1417632    +51         247     +0   46  64  139  -17  166  -16  166  -16  33  0  0 L3P 5E
G09 FF 61069 074600  780 575 2082    -7703970     -1         252     -2   22   5   96   -7  127   +2  127    2  17  0  0 L3P D9
G16 FF 61069 074600  780 461 1177    -1973463    -76         247     -1   27  12  113   +7  153   +6  153    6  22  0  0 L3P 0D
G04 FF 61069 080200  780 649 1099     -410272    -19         234     +3   24 180   90   +2  128   -3  128   -3  19  0  0 L3P FB
G07 FF 61069 080200  780 406 2670    +1417688    +90         254    +39   45  85  125  -13  147  -33  147  -33  35  0  0 L3P 6A
G09 FF 61069 080200  780 637 2005    -7703969    -12         251    -13   16  31   91   -5  125   -4  125   -4  12  0  0 L3P 0C
G16 FF 61069 080200  780 418 1252    -1973534    -38         248    +38   31  13  122  +12  158  -20  158  -20  24  0  0 L3P 53
G03 FF 61069 081800  780 270   22    -5852950   +198         272    +88   67  38  178  +47  220  -49  220  -49  56  0  0 L3P 6F
G04 FF 61069 081800  780 617  937     -410310    -60         217    -37   31 180   92   +3  141  +26  141   26  23  0  0 L3P 09
G07 FF 61069 081800  780 452 2582    +1417725    +50         242     -1   29  85  115   -9  145   -7  145   -7  23  0  0 L3P 1D
G09 FF 61069 081800  780 700 1903    -7703965    -12         254    -13   22  31   87   -4  112   -5  112   -5  17  0  0 L3P 0F
G16 FF 61069 081800  780 366 1306    -1973606    -42         248    +33   32  13  136  +18  165  -17  165  -17  23  0  0 L3P 65
G30 FF 61069 081800  780 182 2747    -1033850    -73         247    +52   59  92  258  -65  230 -103  230 -103  42  0  0 L3P 83
G04 FF 61069 083400  780 574  804     -410331    -43         219    -21   27 180   96   +5  144  +24  144   24  19  0  0 L3P 13
G07 FF 61069 083400  780 495 2484    +1417769    +54         237     +3   28  85  107   -7  134  -17  134  -17  19  0  0 L3P 54
G09 FF 61069 083400  780 761 1742    -7703974    -12         243    -13   23  31   84   -2  109   +6  109    6  17  0  0 L3P 0E
G16 FF 61069 083400  780 309 1343    -1973678    -58         248    +17   39  13  158  +28  185  +19  185   19  30  0  0 L3P 76
G30 FF 61069 083400  780 228 2688    -1033963   -159         254    -34   75  92  209  -41  195  -12  195  -12  55  0  0 L3P 8A
G04 FF 61069 085000  780 522  697     -410349    -14         222     +9   20 180  103   +8  153  +10  153   10  15  0  0 L3P FC
G07 FF 61069 085000  780 534 2374    +1417813    +55         231     +4   18  85  101   -5  130  -12  130  -12  13  0  0 L3P 1B
G08 FF 61069 085000  780 294  646    -4985951    +19         229    -27   67  74  166  -22  223   -6  223   -6  50  0  0 L3P 48
G09 FF 61069 085000  780 807 1416    -7703986    -39         231    -40   21  31   82   -1  118  +29  118   29  16  0  0 L3P 38
G16 FF 61069 085000  780 250 1366    -1973756   -119         242    -44   53  13  191  +44  219  +72  219   72  37  0  0 L3P 73
G21 FF 61069 085000  780 150 2227    -3894237    -29         253    +39   42 157  311  -93  226  -53  226  -53  29  0  0 L3P 7E
G27 FF 61069 085000  780 248  995     +288439    +99         253    +14   43  95  193   -9  226  -10  226  -10  31  0  0 L3P 42
G30 FF 61069 085000  780 274 2625    -1034095    -63         242    +62   57  92  176  -28  178  -63  178  -63  41  0  0 L3P 74
G04 FF 61069 090600  780 465  610     -410370    -16         223     +6   34 180  112  +11  171  +18  171   18  26  0  0 L3P 10
G07 FF 61069 090600  780 569 2251    +1417858    +50         228     -1   20  85   97   -4  131   -8  131   -8  15  0  0 L3P 0C
G08 FF 61069 090600  780 333  719    -4985906    +13         230    -34   80  74  148  -15  206   +9  206    9  57  0  0 L3P 32
G09 FF 61069 090600  780 805  909    -7703970     -5         246     -6   25  31   82   +1  115   +6  115    6  19  0  0 L3P DD
G16 FF 61069 090600  780 190 1376    -1973794    +71         277   +146   69  13  248  +77  225  -70  225  -70  53  0  0 L3P 92
G21 FF 61069 090600  780 192 2277    -3894321    +47         233   +114   34 157  246  -48  216 -106  216 -106  24  0  0 L3P AA
G30 FF 61069 090600  780 320 2560    -1034229   -143         228    -18   53  92  153  -20  173   +5  173    5  41  0  0 L3P 2F
G04 FF 61069 092200  780 405  539     -410409    -44         206    -21   57 180  125  +16  200  +46  200   46  39  0  0 L3P 2C
G07 FF 61069 092200  780 597 2113    +1417908    +42         228     -9   20  85   94   -3  123   +0  123    0  15  0  0 L3P EC
G08 FF 61069 092200  780 364  802    -4985856    +63         234    +17   42  74  137   -9  186  -30  186  -30  31  0  0 L3P 51
G09 FF 61069 092200  780 754  594    -7703978    -14         236    -15   27  31   84   +2  125  +15  125   15  20  0  0 L3P 24
G21 FF 61069 092200  780 226 2337    -3894390    -29         229    +38   25 157  211  -27  197  -47  197  -47  19  0  0 L3P 96
G30 FF 61069 092200  780 366 2491    -1034347    -97         230    +28   38  92  136  -15  157  -38  157  -38  28  0  0 L3P 77
G07 FF 61069 093800  780 618 1960    +1417955    +52         226     +0   26  85   92   -1  123   +2  123    2  19  0  0 L3P F6
G08 FF 61069 093800  780 384  891    -4985822    +95         224    +49   49  74  131   -4  180  -39  180  -39  37  0  0 L3P 6C
G09 FF 61069 093800  780 685  444    -7703982     -1         231     -2   31  31   87   +4  134   +9  134    9  21  0  0 L3P DD
G21 FF 61069 093800  780 250 2407    -3894451    -71         232     -4   21 157  192  -14  183   -1  183   -1  18  0  0 L3P 39
G30 FF 61069 093800  780 412 2419    -1034469   -218         228    -92   36  92  123  -12  144  +68  144   68  26  0  0 L3P 74
G07 FF 61069 095400  780 630 1794    +1417991    +30         213    -22   21  85   91   -1  133   +9  133    9  14  0  0 L3P 06
G08 FF 61069 095400  780 391  985    -4985785    +47         216     +1   42  74  129   +0  177   -7  177   -7  31  0  0 L3P 2C
G09 FF 61069 095400  780 610  360    -7703988     +3         224     +1   20  31   93   +7  148   +8  148    8  15  0  0 L3P DA
G14 FF 61069 095400  780 336 3098    -7316564    -27         219     -6   64 148  147  -26  199   -6  199   -6  48  0  0 L3P 70
G21 FF 61069 095400  780 263 2483    -3894513    -86         234    -19   39 157  183   -5  182  +13  182   13  30  0  0 L3P 64
G27 FF 61069 095400  780 210 1280     +288767   +113         254    +28   54  95  225  +31  224   -6  224   -6  40  0  0 L3P 3A
G30 FF 61069 095400  780 458 2342    -1034599   -152         218    -27   24  92  113   -9  147   +2  147    2  18  0  0 L3P 36
G05 FF 61069 101000  780 124 2294    +2280931    +21         255    +15   46  42  370  -52  230  -21  230  -21  31  0  0 L3P 31
G07 FF 61069 101000  780 631 1624    +1418057    +13         230    -38   21 106   91   +0  120  +21  120   21  15  0  0 L3P 04
G08 FF 61069 101000  780 384 1076    -4985732    +60         224    +14   58  75  131   +4  167  -14  167  -14  44  0  0 L3P 4F
G09 FF 61069 101000  780 534  304    -7703973    +43         233    +42   32  33  101  +10  149  -21  149  -21  26  0  0 L3P 2E
G14 FF 61069 101000  780 400 3041    -7316563    -20         243     +2   45 149  126  -17  168  -25  168  -25  32  0  0 L3P 4B
G21 FF 61069 101000  780 264 2563    -3894573    -47         240    +20   31 158  182   +3  179  -11  179  -11  24  0  0 L3P 58
G30 FF 61069 101000  780 505 2259    -1034705   -129         242     -4   20   3  105   -7  124   +5  124    5  14  0  0 L3P E2
G05 FF 61069 102600  780 137 2360    +2280944    -10         263    -16   56  42  337  -19  219   +3  219    3  39  0  0 L3P 2A
G07 FF 61069 102600  780 621 1457    +1418112    +52         236     +0   31 106   92   +1  113   +4  113    4  22  0  0 L3P D9
G08 FF 61069 102600  780 363 1161    -4985674    +48         238     +2   54  75  137   +9  158   +4  158    4  41  0  0 L3P 1E
G09 FF 61069 102600  780 457  264    -7703983    +72         222    +71   46  33  113  +15  171  -31  171  -31  30  0  0 L3P 41
G14 FF 61069 102600  780 462 2973    -7316586     -1         241    +21   41 149  113  -12  152  -39  152  -39  29  0  0 L3P 5F
G21 FF 61069 102600  780 253 2643    -3894637    -50         241    +17   57 158  189  +11  180   -3  180   -3  42  0  0 L3P 4E
G30 FF 61069 102600  780 551 2167    -1034838   -150         229    -24   24   3   99   -6  127  +12  127   12  19  0  0 L3P 26
G05 FF 61069 104200  780 140 2428    +2280941    -32         254    -38   66  42  330   +4  218  +26  218   26  49  0  0 L3P 37
G07 FF 61069 104200  780 600 1302    +1418142    +29         217    -22   26 106   94   +2  122  +19  122   19  22  0  0 L3P 18
G08 FF 61069 104200  780 330 1233    -4985637    +50         230     +4   41  75  149  +16  169  +15  169   15  32  0  0 L3P 3D
G09 FF 61069 104200  780 381  235    -7703980    -51         223    -52   52  33  131  +23  173  +41  173   41  40  0  0 L3P 2B
G14 FF 61069 104200  780 521 2889    -7316616     +1         232    +23   32 149  103   -8  135  -39  135  -39  24  0  0 L3P 4A
G21 FF 61069 104200  780 232 2721    -3894704    -80         238    -13   48 158  205  +22  194  +29  194   29  36  0  0 L3P 6D
G22 FF 61069 104200  780 339 3006     +531840   -151         238   -106   55  63  146  -22  178  +50  178   50  43  0  0 L3P 5A
G30 FF 61069 104200  780 597 2062    -1034966   -138         221    -12   21   3   94   -4  118   -2  118   -2  14  0  0 L3P 03
G05 FF 61069 105800  780 133 2498    +2280948    +27         255    +22   65  42  346  +28  222   -7  222   -7  51  0  0 L3P 40
G07 FF 61069 105800  780 571 1163    +1418203    +12         229    -39   31 106   97   +4  114  +36  114   36  22  0  0 L3P 2D
G08 FF 61069 105800  780 288 1291    -4985585    +19         237    -28   55  75  168  +25  181  +34  181   34  38  0  0 L3P 7C
G09 FF 61069 105800  780 307  214    -7703998    -44         204    -45   77  33  159  +35  220  +71  220   71  57  0  0 L3P 4D
G13 FF 61069 105800  780 172 2209    -6882918    -18         283    -30   58  47  274  -96  196   +4  196    4  44  0  0 L3P 56
G14 FF 61069 105800  780 574 2784    -7316640    -47         229    -25   31 149   96   -6  128  +13  128   13  22  0  0 L3P 51
G21 FF 61069 105800  780 203 2793    -3894762    -41         245    +26   74 158  232  +36  209   -4  209   -4  55  0  0 L3P 5C
G22 FF 61069 105800  780 395 2941     +531792     -4         234    +42   40  63  128  -15  163  -53  163  -53  25  0  0 L3P 3B
G30 FF 61069 105800  780 641 1936    -1035082   -109         225    +16   20   3   90   -3  112   -8  112   -8  14  0  0 L3P FD
G07 FF 61069 111400  780 535 1041    +1418248    +66         225    +15   38 106  101   +5  124  -11  124  -11  27  0  0 L3P 39
G08 FF 61069 111400  780 238 1336    -4985537    +83         241    +36   54  75  200  +42  191  -14  191  -14  47  0  0 L3P 64
G13 FF 61069 111400  780 233 2217    -6882930    +46         260    +35   35  47  205  -53  178  -66  178  -66  27  0  0 L3P 71
G14 FF 61069 111400  780 620 2653    -7316661    -34         229    -13   25 149   92   -4  120   -1  120   -1  19  0  0 L3P 15
G22 FF 61069 111400  780 448 2865     +531746    -69         232    -23   34  63  115  -11  148   -1  148   -1  30  0  0 L3P 20
G30 FF 61069 111400  780 678 1779    -1035195   -124         232     +1   20   3   88   -2  103   -9  103   -9  14  0  0 L3P F7
G07 FF 61069 113000  780 494  935    +1418305    +15         233    -36   32 106  107   +7  126  +35  126   35  23  0  0 L3P 2D
G13 FF 61069 113000  780 294 2237    -6882933    -37         245    -48   35  47  166  -32  157  +17  157   17  26  0  0 L3P 6B
G14 FF 61069 113000  780 656 2491    -7316684    -20         227     +2   23 149   89   -2  115   -2  115   -2  18  0  0 L3P 11
G17 FF 61069 113000  780 332 3552     +470445   +207         228    +95   68  43  149  -31  192  -89  192  -89  54  0  0 L3P 78
G22 FF 61069 113000  780 498 2776     +531707    -23         236    +22   30  63  106   -8  129  -26  129  -26  21  0  0 L3P 36
G30 FF 61069 113000  780 706 1580    -1035317   -147         231    -22   17   3   86   -1  100  +17  100   17  12  0  0 L3P 02
G07 FF 61069 114600  780 448  842    +1418356   +117         235    +66   37 106  115  +10  136  -31  136  -31  26  0  0 L3P 66
G13 FF 61069 114600  780 353 2270    -6882924    +29         244    +18   29  47  141  -21  139  -18  139  -18  20  0  0 L3P 69
G14 FF 61069 114600  780 676 2300    -7316694    +12         237    +33   26 149   88   -1  105  -22  105  -22  18  0  0 L3P 47
G17 FF 61069 114600  780 407 3555     +470552   +204         227    +92   49  43  125  -20  170  -85  170  -85  37  0  0 L3P 65
G22 FF 61069 114600  780 544 2671     +531661    -25         233    +20   31  63  100   -6  124  -22  124  -22  23  0  0 L3P 14
G30 FF 61069 114600  780 715 1344    -1035438   -104         229    +21   24   3   86   +0  101   -9  101   -9  16  0  0 L3P FA
G07 FF 61069 120200  780 399  761    +1418405    +54         235     +3   40 107  126  +14  148  +10  148   10  28  0  0 L3P 2A
G13 FF 61069 120200  780 408 2321    -6882911    -13         248    -25   35  49  124  -14  126  -14  126  -14  29  0  0 L3P 56
G14 FF 61069 120200  780 680 2096    -7316716    -20         243     +1   20 150   88   +0  108   -6  108   -6  16  0  0 L3P 02
G15 FF 61069 120200  780 143 2233    -3810526    -34         271     +1   54  60  325  -97  204  -64  204  -64  40  0  0 L3P 38
G22 FF 61069 120200  780 582 2547     +531622    -80         241    -35   26  64   96   -4  116  +15  116   15  20  0  0 L3P 0B
G30 FF 61069 120200  780 702 1109    -1035554   -120         232     +5   18  25   86   +1  100  -11  100  -11  13  0  0 L3P FC
G07 FF 61069 121800  780 348  690    +1418453     +1         234    -51   43 107  142  +19  168  +57  168   57  33  0  0 L3P 47
G13 FF 61069 121800  780 456 2394    -6882905     +8         244     -3   29  49  114   -9  113   +2  113    2  19  0  0 L3P FF
G14 FF 61069 121800  780 667 1902    -7316726    -16         255     +5   30 150   88   +1   99   +0   99    0  22  0  0 L3P EC
G15 FF 61069 121800  780 183 2279    -3810575    -22         257    +14   43  60  257  -51  185  -33  185  -33  36  0  0 L3P 6B
G17 FF 61069 121800  780 566 3562     +470749    +94         213    -19   25  44   97  -10  137   -4  137   -4  19  0  0 L3P 2A
G22 FF 61069 121800  780 613 2404     +531581    -16         244    +29   25  64   93   -2  107  -19  107  -19  20  0  0 L3P 1D
G30 FF 61069 121800  780 669  913    -1035669    -94         237    +31   32  25   88   +3  100  -13  100  -13  22  0  0 L3P 1A
G07 FF 61069 123400  780 294  628    +1418558     +9         289    -42   57 107  165  +28  150  +70  150   70  43  0  0 L3P 4D
G13 FF 61069 123400  780 493 2490    -6882895    -19         242    -31   43  49  107   -5  111  +11  111   11  30  0  0 L3P 35
G14 FF 61069 123400  780 642 1733    -7316749    -45         252    -24   21 150   90   +2  102  +14  102   14  16  0  0 L3P 25
G15 FF 61069 123400  780 216 2334    -3810610    -44         255     -9   60  60  220  -29  168  -10  168  -10  45  0  0 L3P 3E
G17 FF 61069 123400  780 648 3573     +470853   +127         208    +14   23  44   90   -6  129  -18  129  -18  17  0  0 L3P 47
G19 FF 61069 123400  780 426 3429    -6877677    -46         236    -29   44  75  120  -19  160   -1  160   -1  38  0  0 L3P 53
G22 FF 61069 123400  780 633 2243     +531543    -30         249    +15   22  64   91   -1  101  -14  101  -14  16  0  0 L3P 01
G30 FF 61069 123400  780 622  764    -1035793   -141         233    -16   36  25   92   +5  109  +12  109   12  25  0  0 L3P 1E
G13 FF 61069 125000  780 512 2607    -6882887    -10         240    -21   44  49  104   -2  108   +6  108    6  33  0  0 L3P 12
G14 FF 61069 125000  780 610 1591    -7316774    -35         247    -13   29 150   93   +3  102   +8  102    8  20  0  0 L3P 0C
G15 FF 61069 125000  780 240 2399    -3810635    -36         264     -1   64  60  199  -16  153  -11  153  -11  47  0  0 L3P 4B
G17 FF 61069 125000  780 731    5     +470973   +120         220     +7   28  44   85   -4  115  -10  115  -10  22  0  0 L3P D2
G22 FF 61069 125000  780 641 2071     +531503    -35         253    +10   31  64   90   +0   94  -17   94  -17  21  0  0 L3P E8
G30 FF 61069 125000  780 566  653    -1035912   -113         234    +12   36  25   97   +7  115   +1  115    1  26  0  0 L3P F1
G13 FF 61069 130600  780 511 2733    -6882879    +16         237     +5   38  49  104   +2  110   -5  110   -5  26  0  0 L3P 10
G14 FF 61069 130600  780 573 1469    -7316800    -39         242    -17   28 150   96   +4  104   +9  104    9  20  0  0 L3P 1C
G15 FF 61069 130600  780 255 2470    -3810676    -24         257    +11   62  60  188   -6  153  -16  153  -16  51  0  0 L3P 4C
G17 FF 61069 130600  780 811  125     +471085   +135         224    +23   25  44   82   -2  105  -21  105  -21  19  0  0 L3P 09
G19 FF 61069 130600  780 590 3383    -6877706    -17         240     +0   31  75   95   -9  125  -13  125  -13  25  0  0 L3P 33
G22 FF 61069 130600  780 637 1898     +531458    -81         252    -35   32  64   91   +1   90  +12   90   12  21  0  0 L3P F3
G30 FF 61069 130600  780 505  568    -1036044   -151         222    -26   30  25  105  +10  130  +25  130   25  21  0  0 L3P 1F
G13 FF 61069 132200  780 491 2855    -6882870    -21         235    -33   43  49  107   +5  119  +33  119   33  31  0  0 L3P 43
G14 FF 61069 132200  780 534 1363    -7316817    -35         246    -13   29 150  101   +5  105   +7  105    7  21  0  0 L3P 18
G15 FF 61069 132200  780 258 2546    -3810720    -57         246    -22   79  60  186   +1  161  +21  161   21  62  0  0 L3P 37
G17 FF 61069 132200  780 857  803     +471195   +113         227     +1   20  44   82   +0  100   -9  100   -9  17  0  0 L3P D8
G19 FF 61069 132200  780 674 3344    -6877707     +3         256    +20   31  75   88   -6  102  -26  102  -26  21  0  0 L3P 2D
G22 FF 61069 132200  780 623 1734     +531407    -38         244     +8   18  64   92   +2   93   -7   93   -7  13  0  0 L3P D0
G30 FF 61069 132200  780 441  501    -1036163   -126         223     -1   44  25  116  +14  145  +20  145   20  32  0  0 L3P 0C
G13 FF 61069 133800  780 454 2961    -6882858    +23         236    +12   40  49  114   +9  131   +1  131    1  30  0  0 L3P 11
G14 FF 61069 133800  780 493 1268    -7316828    +22         256    +44   34 150  107   +7  109  -26  109  -26  26  0  0 L3P 68
G15 FF 61069 133800  780 250 2623    -3810736    -53         264    -18   80  60  191   +9  155  +19  155   19  56  0  0 L3P 4D
G17 FF 61069 133800  780 801 1343     +471301   +113         224     +0   26  44   83   +2   98  -10   98  -10  17  0  0 L3P EE
G19 FF 61069 133800  780 756 3278    -6877717    -16         262     +1   24  75   84   -3   90  -12   90  -12  18  0  0 L3P 21
G22 FF 61069 133800  780 600 1584     +531371    -79         252    -34   24  64   94   +3   90  +20   90   20  18  0  0 L3P F0
G24 FF 61069 133800  780 161 2243    +1435452   -241         274    -86   74  13  292 -104  173  +36  173   36  56  0  0 L3P 7A
G13 FF 61069 135400  780 405 3049    -6882845    +12         238     +0   35  49  125  +14  143   +5  143    5  25  0  0 L3P 16
G14 FF 61069 135400  780 451 1182    -7316865    -38         239    -16   35 150  114   +9  131  +21  131   21  27  0  0 L3P 46
G15 FF 61069 135400  780 233 2699    -3810780    -69         254    -34   88  60  204  +18  174  +44  174   44  60  0  0 L3P 68
G17 FF 61069 135400  780 723 1431     +471403   +145         219    +32   28  44   85   +4   96  -24   96  -24  21  0  0 L3P 15
G19 FF 61069 135400  780 835 3093    -6877729     -4         266    +13   14  75   82   -1   79  -17   79  -17  10  0  0 L3P 2A
G22 FF 61069 135400  780 571 1451     +531325    -72         250    -27   25  64   97   +4   95  +20   95   20  19  0  0 L3P F6
G24 FF 61069 135400  780 219 2245    +1435321   -248         290    -93   52  13  217  -57  139  +41  139   41  36  0  0 L3P 66
G06 FF 61069 141000  780 342  258    +6067629    +30         232     +0   47  97  145  -27  168  -36  168  -36  35  0  0 L3P 47
G13 FF 61069 141000  780 349 3122    -6882827    -73         248    -84   47  60  142  +21  155  +88  155   88  36  0  0 L3P 6D
G14 FF 61069 141000  780 409 1102    -7316870    -79         258    -57   41 151  124  +11  135  +49  135   49  30  0  0 L3P 5F
G15 FF 61069 141000  780 207 2771    -3810793     +5         273    +40   68  63  227  +31  183  -18  183  -18  51  0  0 L3P 4F
G17 FF 61069 141000  780 645 1444     +471523   +125         235    +12   25  45   90   +6   98  -13   98  -13  19  0  0 L3P 15
G19 FF 61069 141000  780 860 2069    -6877731    -39         283    -22   35  76   82   +0   72  +12   72   12  24  0  0 L3P 14
G22 FF 61069 141000  780 537 1332     +531284    -37         255     +9   25  94  101   +5  101   -5  101   -5  19  0  0 L3P EA
G24 FF 61069 141000  780 278 2257    +1435152   -143         266    +12   38  14  174  -35  130  -39  130  -39  27  0  0 L3P 69
G06 FF 61069 142600  780 412  303    +6067667    -47         241    -77   42  97  124  -18  142  +53  142   53  29  0  0 L3P 49
G14 FF 61069 142600  780 366 1027    -7316894    -73         254    -51   38 151  136  +14  152  +41  152   41  28  0  0 L3P 65
G17 FF 61069 142600  780 569 1435     +471637   +121         241     +8   34  45   97   +8   98   -2   98   -2  25  0  0 L3P F7
G19 FF 61069 142600  780 791 1693    -6877741    -21         290     -4   23  76   83   +2   69   +5   69    5  16  0  0 L3P F7
G22 FF 61069 142600  780 500 1225     +531237    -39         253     +6   34  94  106   +6  106   -1  106   -1  25  0  0 L3P E8
G24 FF 61069 142600  780 336 2281    +1434997   -179         259    -24   35  14  147  -23  114   -6  114   -6  26  0  0 L3P 59
G06 FF 61069 144200  780 481  362    +6067700    +64         246    +34   29  97  109  -12  123  -44  123  -44  24  0  0 L3P 49
G14 FF 61069 144200  780 323  956    -7316906    -25         264     -3   54 151  151  +19  150   +9  150    9  41  0  0 L3P 1A
G17 FF 61069 144200  780 496 1414     +471741    +80         237    -33   30  45  106  +12   97  +21   97   21  23  0  0 L3P 13
G19 FF 61069 144200  780 716 1594    -6877767     -9         281     +8   27  76   86   +4   70  -10   70  -10  19  0  0 L3P 15
G22 FF 61069 144200  780 459 1127     +531181    -56         240    -11   36  94  113   +8  117  +20  117   20  26  0  0 L3P 15
G24 FF 61069 144200  780 392 2321    +1434849   -156         259     -1   33  14  129  -15  101  -14  101  -14  26  0  0 L3P 4B
G06 FF 61069 145800  780 546  442    +6067733    +69         250    +40   32  97  100   -8  105  -44  105  -44  24  0  0 L3P 3A
G17 FF 61069 145800  780 427 1386     +471852    +44         240    -68   39  45  120  +16   94  +56   94   56  28  0  0 L3P 39
G19 FF 61069 145800  780 644 1533    -6877794    -28         270    -11   29  76   90   +6   74   +7   74    7  20  0  0 L3P 0C
G22 FF 61069 145800  780 417 1038     +531130   -103         232    -57   41  94  122  +11  123  +48  123   48  29  0  0 L3P 3C
G24 FF 61069 145800  780 443 2379    +1434697   -152         256     +3   33  14  116  -10   93   -9   93   -9  24  0  0 L3P 27
G06 FF 61069 151400  780 602  557    +6067771    +35         260     +5   26  97   94   -5   91   -7   91   -7  19  0  0 L3P E6
G11 FF 61069 151400  780 323 3589    +4572775   -177         276    -46   67 233  152  -33  138  +29  138   29  57  0  0 L3P 9C
G17 FF 61069 151400  780 361 1353     +471942    +91         222    -22   56  45  137  +22  107  +37  107   37  38  0  0 L3P 3A
G19 FF 61069 151400  780 575 1483    -6877801    +21         278    +38   33  76   96   +7   68  -17   68  -17  25  0  0 L3P 45
G22 FF 61069 151400  780 372  957     +531106     +8         252    +53   47  94  134  +14  117  -21  117  -21  33  0  0 L3P 19
G24 FF 61069 151400  780 486 2460    +1434550   -132         257    +23   41  14  108   -6   88  -18   88  -18  32  0  0 L3P 3F
G06 FF 61069 153000  780 639  716    +6067801    +22         262     -8   39  97   90   -2   81   +2   81    2  26  0  0 L3P C8
G17 FF 61069 153000  780 299 1317     +472065   +154         237    +41   62  45  162  +31   95  -15   95  -15  44  0  0 L3P 3F
G19 FF 61069 153000  780 509 1435    -6877819    -31         277    -14   22  76  104  +10   71  +25   71   25  16  0  0 L3P 35
G22 FF 61069 153000  780 326  881     +531057    -58         247    -13   37  94  150  +20  137  +28  137   28  30  0  0 L3P 2A
G24 FF 61069 153000  780 515 2564    +1434404   -136         259    +19   48  14  104   -3   83  -11   83  -11  34  0  0 L3P 2E
G06 FF 61069 154600  780 649  906    +6067832    +32         264     +3   25  97   90   +0   78   -4   78   -4  19  0  0 L3P E9
G11 FF 61069 154600  780 480    8    +4572494   -134         248     -2   36 233  110  -14  120  -18  120  -18  26  0  0 L3P 2C
G17 FF 61069 154600  780 241 1277     +472167   +257         231   +145   49  45  198  +45  116  -91  116  -91  35  0  0 L3P 83
G19 FF 61069 154600  780 448 1389    -6877820    -41         293    -24   40  76  115  +13   68  +21   68   21  28  0  0 L3P 4A
G24 FF 61069 154600  780 527 2686    +1434257   -141         260    +13   33  14  102   +0   84   -5   84   -5  22  0  0 L3P 09
G06 FF 61069 160200  780 628 1083    +6067868    +51         271    +21   26  99   91   +3   72  -18   72  -18  18  0  0 L3P 28
G11 FF 61069 160200  780 561   24    +4572375   -167         257    -35   27 234   98  -10   98  +11   98   11  18  0  0 L3P 29
G12 FF 61069 160200  780 439 2218    +6070696     -7         260    -11   29  84  117  -13   80   -9   80   -9  21  0  0 L3P 08
G19 FF 61069 160200  780 389 1342    -6877841    -49         286    -32   38  81  129  +16   76  +12   76   12  26  0  0 L3P 4F
G24 FF 61069 160200  780 519 2813    +1434113   -148         265     +6   35  15  103   +3   85   -9   85   -9  27  0  0 L3P 06
G06 FF 61069 161800  780 583 1215    +6067908     +4         282    -26   30  99   95   +6   57  +17   57   17  21  0  0 L3P 0F
G11 FF 61069 161800  780 644   52    +4572235   -116         243    +16   25 234   90   -6   95  -29   95  -29  16  0  0 L3P 24
G12 FF 61069 161800  780 499 2173    +6070690    +17         251    +14   20  84  106  -10   76  -28   76  -28  15  0  0 L3P 40
G19 FF 61069 161800  780 335 1294    -6877857    -36         286    -19   42  81  147  +21   65  +27   65   27  30  0  0 L3P 55
G24 FF 61069 161800  780 493 2930    +1433950   -177         250    -22   34  15  107   +6   94  +18   94   18  27  0  0 L3P 39
G06 FF 61069 163400  780 524 1299    +6067924    +10         270    -20   29  99  102   +9   63   +7   63    7  21  0  0 L3P FE
G11 FF 61069 163400  780 725  116    +4572110   -146         245    -14   20 234   85   -4   79   -9   79   -9  15  0  0 L3P 0C
G12 FF 61069 163400  780 563 2129    +6070689    -11         247    -15   30  84   98   -8   71   -3   71   -3  22  0  0 L3P FB
G19 FF 61069 163400  780 283 1246    -6877870    +26         290    +43   57  81  170  +28   68  -21   68  -21  40  0  0 L3P 53
G24 FF 61069 163400  780 452 3031    +1433796   -191         245    -37   40  15  114  +10  106  +33  106   33  29  0  0 L3P 4F
G25 FF 61069 163400  780 179 2288    -4468957    +64         248    +40   50  82  264  -82   90  -34   90  -34  36  0  0 L3P 60
G06 FF 61069 165000  780 458 1349    +6067951    +45         268    +15   34  99  113  +13   60   -5   60   -5  24  0  0 L3P 20
G11 FF 61069 165000  780 797  298    +4571976   -123         237     +9   33 234   83   -2   69  -16   69  -16  23  0  0 L3P 38
G12 FF 61069 165000  780 630 2083    +6070690    +24         245    +21   25  84   91   -6   63  -17   63  -17  18  0  0 L3P 12
G24 FF 61069 165000  780 401 3113    +1433638   -143         235    +12   49  15  126  +15  121   +0  121    0  37  0  0 L3P 14
G25 FF 61069 165000  780 236 2266    -4468938    +49         244    +25   65  82  202  -49   79  -29   79  -29  46  0  0 L3P 6D
G06 FF 61069 170600  780 390 1375    +6067984    +56         273    +26   36  99  129  +20   67  -18   67  -18  26  0  0 L3P 61
G11 FF 61069 170600  780 828  835    +4571856   -146         244    -14   24 234   82   +0   57   +0   57    0  17  0  0 L3P FB
G12 FF 61069 170600  780 700 2031    +6070710    +18         261    +15   26  84   87   -4   49  -21   49  -21  18  0  0 L3P 0A
G24 FF 61069 170600  780 344 3182    +1433467   -288         213   -133   65  15  143  +22  152  +95  152   95  50  0  0 L3P 78
G25 FF 61069 170600  780 297 2251    -4468907    +40         251    +16   38  82  164  -32   66  -17   66  -17  31  0  0 L3P 4C
G29 FF 61069 170600  780 164 2676    +3846866    -55         275    +11   87  74  286  -76  139  -13  139  -13  68  0  0 L3P 94
G06 FF 61069 172200  780 322 1385    +6067997    +21         258     -8   44  99  152  +29   76   +8   76    8  30  0  0 L3P 1A
G11 FF 61069 172200  780 781 1257    +4571717   -156         232    -24   24 234   83   +2   54  +14   54   14  17  0  0 L3P 28
G12 FF 61069 172200  780 773 1961    +6070702     -8         250    -12   28  84   83   -3   50   +8   50    8  19  0  0 L3P D5
G24 FF 61069 172200  780 285 3239    +1433346    -73         240    +82  121  15  170  +33  133  -74  133  -74 101  0  0 L3P 71
G25 FF 61069 172200  780 359 2244    -4468879    +19         257     -5   41  82  139  -22   48  -13   48  -13  29  0  0 L3P 49
G29 FF 61069 172200  780 207 2616    +3846796   -126         269    -60   63  74  229  -47  116  +16  116   16  43  0  0 L3P 7F
G06 FF 61069 173800  780 256 1383    +6068051   +137         284   +107   44  99  187  +46   54  -74   54  -74  31  0  0 L3P 7D
G11 FF 61069 173800  780 708 1379    +4571584   -123         225     +9   29 234   86   +4   60   +0   60    0  21  0  0 L3P F7
G12 FF 61069 173800  780 847 1778    +6070716    +19         260    +15   22  84   82   -1   43   -3   43   -3  17  0  0 L3P F9
G21 FF 61069 173800  780 364  564    -3896364   -114         247    -47   48 162  137  -17  100  +17  100   17  35  0  0 L3P 6F
G25 FF 61069 173800  780 424 2248    -4468863    +56         249    +32   31  82  121  -16   42  -22   42  -22  24  0  0 L3P 3E
G29 FF 61069 173800  780 251 2555    +3846743    -37         279    +29   76  74  191  -32   81  -36   81  -36  55  0  0 L3P 68
G05 FF 61069 175400  780 349  267    +2281079     -1         238     -7   51  49  142  -26  111  -21  111  -21  36  0  0 L3P 21
G11 FF 61069 175400  780 633 1415    +4571472   -121         240    +11   27 234   91   +6   52   -4   52   -4  20  0  0 L3P FD
G12 FF 61069 175400  780 861  586    +6070723    -11         264    -14   20  84   81   +1   44   +8   44    8  15  0  0 L3P D2
G21 FF 61069 175400  780 411  645    -3896432    -64         243     +3   48 162  124  -11   91  -16   91  -16  36  0  0 L3P 2E
G25 FF 61069 175400  780 490 2267    -4468841     +3         249    -21   30  82  108  -11   37   +5   37    5  25  0  0 L3P FF
G29 FF 61069 175400  780 295 2491    +3846673    +23         272    +89   52  74  165  -23   71  -76   71  -76  40  0  0 L3P 62
G05 FF 61069 181000  780 418  315    +2281096    +65         243    +59   38  50  122  -17   89  -45   89  -45  26  0  0 L3P 3B
G11 FF 61069 181000  780 558 1419    +4571336   -118         231    +14   29 235   98   +9   58  -11   58  -11  22  0  0 L3P 3F
G12 FF 61069 181000  780 786  310    +6070724    +17         263    +14   32  86   83   +2   43   +5   43    5  22  0  0 L3P C2
G21 FF 61069 181000  780 448  741    -3896502    -64         234     +3   41 163  115   -7   81  -11   81  -11  31  0  0 L3P 0A
G25 FF 61069 181000  780 555 2309    -4468818    +33         249     +9   24  83   99   -8   34   -2   34   -2  18  0  0 L3P FA
G29 FF 61069 181000  780 340 2426    +3846598    -30         256    +36   37  75  145  -18   65  -14   65  -14  29  0  0 L3P 53
G05 FF 61069 182600  780 487  377    +2281106     +4         248     -1   35  50  108  -12   75  -14   75  -14  25  0  0 L3P 04
G11 FF 61069 182600  780 487 1408    +4571213   -125         235     +6   28 235  108  +12   54   -8   54   -8  21  0  0 L3P 26
G12 FF 61069 182600  780 705  240    +6070718     -2         254     -6   25  86   86   +4   55   +9   55    9  18  0  0 L3P BE
G21 FF 61069 182600  780 471  849    -3896569    -43         232    +24   43 163  111   -3   73  -29   73  -29  28  0  0 L3P 45
G25 FF 61069 182600  780 616 2386    -4468799    +16         245     -8   23  83   92   -5   34   +0   34    0  17  0  0 L3P EB
G29 FF 61069 182600  780 386 2359    +3846545   -137         266    -72   29  75  130  -14   53  +53   53   53  20  0  0 L3P 5B
G05 FF 61069 184200  780 550  461    +2281098    +11         234     +5   31  50   99   -8   75   -8   75   -8  22  0  0 L3P D5
G11 FF 61069 184200  780 419 1387    +4571086   -124         234     +8   36 235  121  +16   63  +13   63   13  26  0  0 L3P 39
G12 FF 61069 184200  780 624  201    +6070715    -26         248    -29   23  86   92   +7   72  +32   72   32  16  0  0 L3P F6
G21 FF 61069 184200  780 477  965    -3896626    -63         239     +4   41 163  110   +1   67   +0   67    0  33  0  0 L3P EF
G25 FF 61069 184200  780 665 2517    -4468771    +21         250     -3   19  83   89   -3   31   +5   31    5  15  0  0 L3P DD
G29 FF 61069 184200  780 433 2290    +3846475   -101         259    -35   34  75  118  -11   55  +23   55   23  23  0  0 L3P 46
G05 FF 61069 185800  780 603  581    +2281109    -13         240    -19   30  50   94   -4   69   +3   69    3  21  0  0 L3P D1
G11 FF 61069 185800  780 354 1359    +4570970   -186         244    -54   39 235  140  +22   69  +53   69   53  25  0  0 L3P 6E
G12 FF 61069 185800  780 543  175    +6070732    +60         262    +57   30  86  100  +10   77  -27   77  -27  22  0  0 L3P 29
G21 FF 61069 185800  780 464 1076    -3896688    -57         242    +10   33 163  112   +4   70   -6   70   -6  26  0  0 L3P 25
G25 FF 61069 185800  780 692 2714    -4468746    +11         252    -13   19  83   87   -1   35  +13   35   13  14  0  0 L3P 18
G29 FF 61069 185800  780 482 2216    +3846414   -118         262    -52   20  75  109   -9   52  +39   52   39  15  0  0 L3P 44
G05 FF 61069 191400  780 636  741    +2281112    +19         238    +14   21  50   91   -2   70   -8   70   -8  15  0  0 L3P D3
G11 FF 61069 191400  780 293 1327    +4570839   -142         240    -10   31 235  165  +31   94  +38   94   38  22  0  0 L3P 52
G12 FF 61069 191400  780 463  157    +6070743     +2         270     -1   23  86  112  +15   84  +23   84   23  16  0  0 L3P E9
G21 FF 61069 191400  780 435 1172    -3896741    -52         253    +15   42 163  118   +8   70   -6   70   -6  29  0  0 L3P 1E
G25 FF 61069 191400  780 685 2937    -4468726    +30         249     +6   28  83   87   +1   44   +6   44    6  21  0  0 L3P EF
G29 FF 61069 191400  780 532 2137    +3846348    -89         259    -23   20  75  102   -7   55  +23   55   23  15  0  0 L3P 2B
G05 FF 61069 193000  780 642  926    +2281126     -3         246     -8   19  50   90   +1   66   +2   66    2  15  0  0 L3P A9
G11 FF 61069 193000  780 235 1291    +4570716   -174         244    -42   41 235  202  +46  110  +31  110   31  31  0  0 L3P 4F
G12 FF 61069 193000  780 384  143    +6070734    +29         257    +26   37  86  130  +23  113   -5  113   -5  28  0  0 L3P 1F
G18 FF 61069 193000  780 284 2834    +4384451    -61         246    +35   66 199  171  -28  114  -51  114  -51  50  0  0 L3P 7D
G21 FF 61069 193000  780 392 1249    -3896810    -94         248    -27   42 163  128  +13   81  +12   81   12  31  0  0 L3P 44
G25 FF 61069 193000  780 647 3120    -4468705     -5         247    -29   16  83   90   +4   55  +22   55   22  11  0  0 L3P FB
G29 FF 61069 193000  780 583 2047    +3846271    -73         245     -7   19  75   96   -5   66   -4   66   -4  15  0  0 L3P 03
G05 FF 61069 194600  780 618 1093    +2281114    -10         228    -16   33  50   92   +3   75  +11   75   11  22  0  0 L3P F7
G18 FF 61069 194600  780 332 2764    +4384351   -110         239    -13   52 199  148  -19   88  -10   88  -10  41  0  0 L3P 73
G21 FF 61069 194600  780 341 1307    -3896887   -105         236    -38   40 163  145  +21   89  +28   89   28  28  0  0 L3P 76
G25 FF 61069 194600  780 588 3243    -4468688    +26         241     +2   23  83   95   +7   64   +8   64    8  19  0  0 L3P FC
G29 FF 61069 194600  780 634 1940    +3846192    -71         229     -5   22  75   91   -4   73   +4   73    4  17  0  0 L3P EB
G05 FF 61069 200200  780 573 1216    +2281128     -5         236    -10   36  62   96   +6   71   +8   71    8  25  0  0 L3P CA
G18 FF 61069 200200  780 378 2687    +4384246   -112         229    -15   52 200  132  -14   85  +15   85   15  39  0  0 L3P 56
G21 FF 61069 200200  780 284 1347    -3896946   -138         233    -71   52 164  170  +33  100  +74  100   74  35  0  0 L3P 71
G25 FF 61069 200200  780 520 3324    -4468669    -14         232    -38   34  84  103  +10   80  +42   80   42  24  0  0 L3P 1E
G29 FF 61069 200200  780 682 1802    +3846134    -57         235     +9   22  76   88   -3   76  -11   76  -11  16  0  0 L3P 10
G05 FF 61069 201800  780 515 1296    +2281128    +24         230    +19   32  62  104   +9   85   +0   85    0  23  0  0 L3P E2
G18 FF 61069 201800  780 422 2604    +4384161    -78         237    +19   40 200  121  -10   81  -18   81  -18  28  0  0 L3P 42
G21 FF 61069 201800  780 224 1373    -3897018   -128         226    -61   44 164  212  +56  127  +87  127   87  34  0  0 L3P 84
G26 FF 61069 201800  780 182 2277    +3190640    +44         257    -15   49  48  259  -58  109   +9  109    9  38  0  0 L3P 4C
G29 FF 61069 201800  780 723 1612    +3846065    -75         229     -9   26  76   85   -2   77  +11   77   11  17  0  0 L3P 0E
G05 FF 61069 203400  780 451 1344    +2281145     +3         242     -3   32  62  114  +13   92  +24   92   24  26  0  0 L3P EA
G18 FF 61069 203400  780 462 2512    +4384067   -100         236     -3   25 200  113   -8   82   +4   82    4  18  0  0 L3P F6
G21 FF 61069 203400  780 162 1387    -3897071    -62         237     +5   66 164  287 +106  153  +21  153   21  50  0  0 L3P 62
G23 FF 61069 203400  780 311 3299    -6058577    -83         250    -34   75 185  157  -34  144   -6  144   -6  56  0  0 L3P 65
G26 FF 61069 203400  780 219 2330    +3190695    +22         255    -37   45  48  216  -33  110  +21  110   21  34  0  0 L3P 37
G29 FF 61069 203400  780 746 1350    +3846007    -73         235     -7   23  76   84   +0   81  +12   81   12  17  0  0 L3P F5
G05 FF 61069 205000  780 385 1369    +2281154     +7         245     +1   35  62  130  +19  105  +14  105   14  25  0  0 L3P 12
G15 FF 61069 205000  780 358  595    -3811677     +9         219    +44   52  20  139  -16  153  -41  153  -41  39  0  0 L3P 44
G18 FF 61069 205000  780 500 2412    +4383973    -80         235    +17   27 200  106   -6   79  -10   79  -10  21  0  0 L3P 2B
G23 FF 61069 205000  780 384 3262    -6058627    -56         246     -7   43 185  131  -22  116  -18  116  -18  36  0  0 L3P 66
G26 FF 61069 205000  780 249 2394    +3190747    -30         250    -89   47  48  192  -19  110  +74  110   74  36  0  0 L3P 5E
G29 FF 61069 205000  780 740 1057    +3845947    -54         238    +12   32  76   85   +1   84   +0   84    0  23  0  0 L3P E8
G05 FF 61069 210600  780 319 1379    +2281153    -31         239    -36   37  62  153  +29  130  +42  130   42  26  0  0 L3P 44
G15 FF 61069 210600  780 400  676    -3811701    -28         229     +7   49  20  126  -10  136  -19  136  -19  35  0  0 L3P 35
G18 FF 61069 210600  780 534 2303    +4383876   -123         230    -26   27 200  101   -4   76  +11   76   11  18  0  0 L3P 2C
G23 FF 61069 210600  780 458 3215    -6058700    -91         221    -42   35 185  114  -15  111   +9  111    9  29  0  0 L3P 34
G26 FF 61069 210600  780 269 2466    +3190801    +26         248    -33   80  48  179   -9  112  +27  112   27  59  0  0 L3P 4E
G29 FF 61069 210600  780 705  817    +3845882    -85         237    -19   36  76   86   +2   90  +17   90   17  25  0  0 L3P 1A
G05 FF 61069 212200  780 255 1376    +2281159    +47         240    +41   41  62  188  +45  143   -4  143   -4  33  0  0 L3P 2D
G15 FF 61069 212200  780 433  769    -3811733    -56         230    -21   46  20  119   -6  120   +6  120    6  35  0  0 L3P F7
G18 FF 61069 212200  780 563 2183    +4383776    -77         223    +20   22 200   98   -3   79  -15   79  -15  16  0  0 L3P 37
G23 FF 61069 212200  780 530 3151    -6058753    -48         214     +1   29 185  102  -10  103   -8  103   -8  21  0  0 L3P 1F
G26 FF 61069 212200  780 277 2544    +3190850    +63         240     +4   62  48  174   -2  123  +14  123   14  50  0  0 L3P 18
G29 FF 61069 212200  780 652  652    +3845816    -86         234    -20   21  76   89   +4  101  +27  101   27  15  0  0 L3P 1B
G05 FF 61069 213800  780 192 1365    +2281151    +92         226    +86   51  62  244  +76  181   -5  181   -5  35  0  0 L3P 3D
G15 FF 61069 213800  780 452  872    -3811764    -40         233     -5   45  20  114   -2  113   +7  113    7  31  0  0 L3P E4
G16 FF 61069 213800  780 170 2280    -1977201    -66         264     +9   34  28  275  -52  138   +2  138    2  25  0  0 L3P 22
G18 FF 61069 213800  780 588 2053    +4383687    -69         227    +27   24 200   95   -2   77   -6   77   -6  16  0  0 L3P 28
G23 FF 61069 213800  780 600 3065    -6058798    -43         216     +6   32 185   94   -7   92   -6   92   -6  22  0  0 L3P 08
G26 FF 61069 213800  780 274 2625    +3190909    +72         242    +13   55  48  176   +5  129  +12  129   12  38  0  0 L3P 46
G29 FF 61069 213800  780 589  539    +3845752    -56         233    +10   22  76   95   +7  108  +17  108   17  16  0  0 L3P 35
G15 FF 61069 215400  780 456  978    -3811806    -30         226     +6   41  20  114   +1  111   -3  111   -3  26  0  0 L3P EA
G16 FF 61069 215400  780 199 2340    -1977271    -99         266    -24   28  28  237  -28  128  +20  128   20  23  0  0 L3P 66
G18 FF 61069 215400  780 607 1910    +4383598    -85         231    +12   24 200   93   -1   78  -12   78  -12  17  0  0 L3P 2D
G23 FF 61069 215400  780 664 2940    -6058840    -64         221    -15   22 185   89   -4   83   +6   83    6  16  0  0 L3P 0A
G26 FF 61069 215400  780 260 2705    +3190957     +8         234    -51   58  48  184  +13  151  +48  151   48  39  0  0 L3P 4F
G29 FF 61069 215400  780 522  459    +3845682    -19         226    +47   40  76  103  +10  127  -27  127  -27  27  0  0 L3P 59
G10 FF 61069 221000  780 310 3045    +5857095    -49         258    -71   44  73  158  -29  149  +16  149   16  32  0  0 L3P 5F
G13 FF 61069 221000  780 211 1266    -6882515     -1         243    -12   33  94  224  +25  162  +24  162   24  27  0  0 L3P 29
G15 FF 61069 221000  780 443 1079    -3811835    -51         228    -16   33  21  116   +4  119  +17  119   17  22  0  0 L3P 30
G16 FF 61069 221000  780 218 2408    -1977372   -131         242    -56   31  68  218  -14  147  +48  147   48  24  0  0 L3P 6F
G18 FF 61069 221000  780 619 1758    +4383490    -93         213     +3   19 201   92   -1   89   -7   89   -7  14  0  0 L3P 06
G23 FF 61069 221000  780 716 2752    -6058896    -72         214    -23   18 186   86   -2   84  +11   84   11  13  0  0 L3P 25
G26 FF 61069 221000  780 237 2782    +3191026    +15         248    -44   61  49  201  +23  163  +39  163   39  41  0  0 L3P 4B
G29 FF 61069 221000  780 452  399    +3845631    -99         234    -33   27  77  114  +14  145  +55  145   55  18  0  0 L3P 54
G10 FF 61069 222600  780 370 2980    +5857091    +22         233     +0   44  73  135  -19  141  -22  141  -22  35  0  0 L3P 39
G13 FF 61069 222600  780 182 1327    -6882505    -18         242    -29   35  94  257  +46  183  +49  183   49  25  0  0 L3P 70
G15 FF 61069 222600  780 416 1167    -3811874    -20         222    +15   32  21  122   +8  130   -3  130   -3  23  0  0 L3P 03
G16 FF 61069 222600  780 226 2481    -1977448   -135         237    -60   33  68  210   -3  148  +40  148   40  22  0  0 L3P 55
G18 FF 61069 222600  780 623 1599    +4383392   -108         208    -12   19 201   92   +0   92  +10   92   10  14  0  0 L3P 25
G23 FF 61069 222600  780 744 2481    -6058952    -51         205     -2   20 186   84   -1   85   -2   85   -2  15  0  0 L3P F8
G29 FF 61069 222600  780 382  353    +3845556   -109         223    -43   57  77  131  +21  185  +60  185   60  41  0  0 L3P 5C
G10 FF 61069 224200  780 426 2904    +5857103    +10         224    -12   46  73  120  -13  129   -6  129   -6  37  0  0 L3P 29
G15 FF 61069 224200  780 377 1239    -3811912    -56         218    -21   34  21  133  +13  143  +28  143   28  27  0  0 L3P 48
G16 FF 61069 224200  780 223 2557    -1977510   -124         247    -49   37  68  212   +7  146  +46  146   46  34  0  0 L3P 63
G18 FF 61069 224200  780 617 1440    +4383301    -91         210     +5   33 201   92   +1   99   -1   99   -1  24  0  0 L3P E2
G23 FF 61069 224200  780 740 2178    -6058998    -55         206     -6   25 186   85   +1   89  +13   89   13  19  0  0 L3P 2D
G27 FF 61069 224200  780 195 2225     +292743    +98         266    +12   50  85  243  -73  146  -32  146  -32  38  0  0 L3P 59
G29 FF 61069 224200  780 311  317    +3845521   -262         251   -196   73  77  157  +33  202 +186  202  186  53  0  0 L3P 8E
G10 FF 61069 225800  780 479 2814    +5857122    +41         222    +20   33  73  110   -9  124  -18  124  -18  25  0  0 L3P 41
G15 FF 61069 225800  780 330 1294    -3811930    -22         234    +14   38  21  149  +21  154  +11  154   11  29  0  0 L3P 3C
G16 FF 61069 225800  780 211 2634    -1977590    -66         240     +9   50  68  224  +18  171  +13  171   13  38  0  0 L3P 47
G18 FF 61069 225800  780 601 1288    +4383214    -73         215    +24   24 201   94   +2  116   +9  116    9  18  0  0 L3P 18
G23 FF 61069 225800  780 707 1935    -6059030    -21         221    +28   25 186   86   +2   92   -9   92   -9  17  0  0 L3P 16
G27 FF 61069 225800  780 253 2244     +292811    +54         250    -33   63  85  190  -42  143   +7  143    7  42  0  0 L3P 19
G10 FF 61069 231400  780 526 2708    +5857147    +19         227     -3   13  73  102   -6  114  -12  114  -12  13  0  0 L3P 24
G15 FF 61069 231400  780 277 1334    -3811968    -63         229    -28   45  21  174  +32  172  +39  172   39  35  0  0 L3P 64
G16 FF 61069 231400  780 189 2707    -1977668   -116         233    -41   42  68  249  +33  197  +53  197   53  31  0  0 L3P 87
G18 FF 61069 231400  780 576 1147    +4383127    -70         221    +27   30 201   96   +3  119  -19  119  -19  22  0  0 L3P 48
G23 FF 61069 231400  780 660 1766    -6059081    -60         216    -11   26 186   89   +4  101   +9  101    9  18  0  0 L3P 1C
G27 FF 61069 231400  780 310 2275     +292887    +88         243     +2   43  85  158  -26  135  -22  135  -22  33  0  0 L3P 3F
G32 FF 61069 231400  780 208 3474    +1171175   -125         270    +49   76 140  229  -77  232  -75  232  -75  58  0  0 L3P 91
G10 FF 61069 233000  780 566 2583    +5857174    +18         233     -4   24  73   97   -4  106   +5  106    5  17  0  0 L3P FC
G15 FF 61069 233000  780 222 1360    -3812003   -143         228   -107   41  21  214  +53  202 +113  202  113  31  0  0 L3P 5C
G18 FF 61069 233000  780 544 1022    +4383034   -112         221    -16   29 201  100   +5  128  +21  128   21  20  0  0 L3P 30
G23 FF 61069 233000  780 607 1642    -6059121    -75         224    -26   31 186   93   +5  100  +31  100   31  22  0  0 L3P 21
G27 FF 61069 233000  780 363 2322     +292965   +100         239    +13   30  85  137  -17  127  -12  127  -12  21  0  0 L3P 49
G08 FF 61069 234600  780 144 2218    -4983402    -13         260    -60   61  48  325 -117  187  +11  187   11  42  0  0 L3P 63
G10 FF 61069 234600  780 597 2439    +5857185     -1         223    -23   23  73   94   -3  115  +16  115   16  17  0  0 L3P 22
G18 FF 61069 234600  780 505  911    +4382943   -124         222    -28   38 201  105   +7  137  +38  137   38  29  0  0 L3P 59
G23 FF 61069 234600  780 554 1544    -6059174    -94         217    -45   21 186   99   +6  111  +41  111   41  15  0  0 L3P 44
G27 FF 61069 234600  780 410 2386     +293049    +84         240     -2   33  85  124  -11  125   -4  125   -4  27  0  0 L3P 0D
G32 FF 61069 234600  780 356 3462    +1170774   -330         203   -156   79 140  140  -27  222  +58  222   58  56  0  0 L3P 8B
