CGGTTS     GENERIC DATA FORMAT VERSION = 2E
REV DATE = 2024-12-02                    
RCVR = Septentrio PolaRx2 S/N 3252   R2CGGTTS v8.8    
CH = 20 
IMS = Septentrio PolaRx2 S/N 3252   
LAB = NMI Australia                 
X = -4648241.00 m 
Y = +2560636.48 m 
Z = -3526317.74 m 
FRAME = ITRF
COMMENTS =           IGS antenna SYDN              
INT DLY =  211.7 ns (GPS P1),  213.3 ns (GPS P2)     CAL_ID = 1015-2021           
CAB DLY = 2484.6 ns 
REF DLY =  338.6 ns
REF = UTC(AUS)                      
CKSUM = 82

SAT CL  MJD  STTIME TRKL ELV AZTH   REFSV      SRSV     REFSYS    SRSYS  DSG IOE MDTR SMDT MDIO SMDI MSIO SMSI ISG FR HC FRC CK
             hhmmss  s  .1dg .1dg    .1ns     .1ps/s     .1ns    .1ps/s .1ns     .1ns.1ps/s.1ns.1ps/s.1ns.1ps/s.1ns
G10 FF 61044 001000  780 359 2991    +5797468    -47         -46    -78   45  67  139  -20  301  +43  301   43  32  0  0 L3P 54
G15 FF 61044 001000  780 421 1155    -3733752    -74         -80    -39   34  15  121   +8  259  +52  259   52  25  0  0 L3P 2F
G16 FF 61044 001000  780 223 2464    -1807279    -85         -74     -8   29  22  213   -5  327  +18  327   18  20  0  0 L3P 23
G18 FF 61044 001000  780 623 1629    +4600773    -96         -77     +2   19 104   92   +0  195  +10  195   10  14  0  0 L3P 16
G23 FF 61044 001000  780 744 2512    -5947374    -50         -78     +1   18  98   84   -1  190   +1  190    1  12  0  0 L3P E5
G29 FF 61044 001000  780 378  360    +3989389    -78        -116    -14   41 130  132  +22  329  +77  329   77  30  0  0 L3P 6A
G10 FF 61044 002600  780 416 2917    +5797493     -5         -52    -37   37  67  122  -14  282  +11  282   11  29  0  0 L3P 3B
G15 FF 61044 002600  780 383 1230    -3733768    -26         -61     +9   39  15  131  +13  269   +9  269    9  30  0  0 L3P 19
G16 FF 61044 002600  780 222 2539    -1807333   -141         -53    -63   30  22  213   +5  340  +97  340   97  25  0  0 L3P 39
G18 FF 61044 002600  780 619 1469    +4600673    -68         -83    +30   23 104   92   +1  206  -10  206  -10  17  0  0 L3P 30
G23 FF 61044 002600  780 743 2204    -5947426    -44         -81     +7   18  98   84   +1  195   +0  195    0  15  0  0 L3P F3
G27 FF 61044 002600  780 185 2222     +118712   +179         -46   +110   47  25  255  -81  311  -95  311  -95  35  0  0 L3P 62
G10 FF 61044 004200  780 469 2830    +5797510    -23         -65    -55   31  67  111  -10  263   +8  263    8  25  0  0 L3P 1F
G15 FF 61044 004200  780 337 1287    -3733821    -58         -81    -23   54  15  146  +19  295  +29  295   29  40  0  0 L3P 59
G16 FF 61044 004200  780 212 2616    -1807417    -62         -63    +15   41  22  223  +16  374   +8  374    8  33  0  0 L3P 15
G18 FF 61044 004200  780 605 1315    +4600577    -93         -85     +5   27 104   93   +2  213   -7  213   -7  20  0  0 L3P FC
G23 FF 61044 004200  780 712 1953    -5947484    -53         -90     -2   21  98   86   +2  199   -1  199   -1  15  0  0 L3P 0E
G27 FF 61044 004200  780 244 2239     +118757    +40         -68    -30   41  25  197  -46  300  -22  300  -22  32  0  0 L3P 2C
G10 FF 61044 005800  780 518 2727    +5797520    +35         -85     +3   19  67  103   -7  245  -28  245  -28  15  0  0 L3P 40
G15 FF 61044 005800  780 285 1329    -3733860    -82         -86    -47   43  15  169  +30  312  +58  312   58  33  0  0 L3P 58
G18 FF 61044 005800  780 583 1171    +4600489    -83         -79    +14   30 104   95   +3  211   +1  211    1  22  0  0 L3P FC
G23 FF 61044 005800  780 665 1778    -5947529    -35         -86    +16   17  98   89   +4  195   -3  195   -3  13  0  0 L3P 3D
G27 FF 61044 005800  780 301 2269     +118810    +82         -81    +13   33  25  162  -28  280  -32  280  -32  25  0  0 L3P 31
G10 FF 61044 011400  780 559 2606    +5797546    +37         -90     +5   20  67   98   -5  226  -31  226  -31  15  0  0 L3P 27
G15 FF 61044 011400  780 230 1356    -3733898   -118         -89    -83   41  15  207  +49  345  +85  345   85  31  0  0 L3P 70
G18 FF 61044 011400  780 551 1042    +4600391   -111         -84    -13   28 104   99   +4  227  +14  227   14  21  0  0 L3P 2B
G23 FF 61044 011400  780 613 1651    -5947583    -79         -91    -27   21  98   93   +5  205  +25  205   25  15  0  0 L3P 2F
G27 FF 61044 011400  780 355 2313     +118870    +58         -88    -12   23  25  140  -18  260  -22  260  -22  17  0  0 L3P 2F
G10 FF 61044 013000  780 592 2465    +5797563    +34        -104     +2   21  67   95   -3  218  -10  218  -10  15  0  0 L3P 22
G18 FF 61044 013000  780 513  929    +4600282    -70         -98    +28   20 104  104   +6  243   -9  243   -9  14  0  0 L3P 12
G23 FF 61044 013000  780 559 1552    -5947636    -73         -95    -22   23  98   98   +6  211  +21  211   21  17  0  0 L3P 2A
G27 FF 61044 013000  780 403 2374     +118924    +56        -101    -13   36  25  126  -12  246   -4  246   -4  25  0  0 L3P 18
G32 FF 61044 013000  780 350 3466    +1787807    -80         -67    +87   70  32  142  -28  348 -165  348 -165  60  0  0 L3P 8E
G08 FF 61044 014600  780 186 2247    -5081044    +61         -53    +21   44  17  253  -66  322  -50  322  -50  32  0  0 L3P 43
G10 FF 61044 014600  780 613 2308    +5797601    +35         -97     +4   13  67   93   -1  202   -7  202   -7  10  0  0 L3P EC
G18 FF 61044 014600  780 469  830    +4600189    -57         -98    +41   26 104  111   +9  258  -14  258  -14  18  0  0 L3P 4F
G23 FF 61044 014600  780 507 1468    -5947686    -39         -96    +12   24  98  105   +8  218   +4  218    4  18  0  0 L3P 2E
G27 FF 61044 014600  780 441 2456     +118994    +95         -96    +26   34  25  117   -7  232  -22  232  -22  24  0  0 L3P 32
G08 FF 61044 020200  780 232 2293    -5081020    +66         -69    +26   43  18  205  -37  299  -53  299  -53  31  0  0 L3P 5A
G10 FF 61044 020200  780 623 2140    +5797621     +7        -106    -25   19  69   92   +0  195   -1  195   -1  12  0  0 L3P FD
G18 FF 61044 020200  780 421  743    +4600078   -101        -116     -3   37 105  121  +12  289  +35  289   35  26  0  0 L3P 45
G23 FF 61044 020200  780 456 1392    -5947747    -49        -108     +2   30  99  114  +10  233   +6  233    6  22  0  0 L3P 1E
G27 FF 61044 020200  780 466 2555     +119052    +55        -109    -14   30  26  112   -3  229   -8  229   -8  23  0  0 L3P 11
G32 FF 61044 020200  780 508 3439    +1787459   -160         -96     +7   53  33  105  -13  262  -56  262  -56  42  0  0 L3P 5E
G08 FF 61044 021800  780 272 2351    -5080989    +98         -75    +58   51  18  178  -22  284  -59  284  -59  37  0  0 L3P 86
G10 FF 61044 021800  780 621 1972    +5797648    +15        -109    -17   15  69   92   +1  185   +4  185    4  11  0  0 L3P 1B
G18 FF 61044 021800  780 369  668    +4600005   -124         -95    -27   31 105  135  +17  301  +66  301   66  26  0  0 L3P 52
G23 FF 61044 021800  780 407 1320    -5947796    -87        -108    -36   31  99  124  +12  240  +39  240   39  24  0  0 L3P 65
G27 FF 61044 021800  780 474 2667     +119109    +52        -119    -17   26  26  110   +0  228  +10  228   10  22  0  0 L3P 1D
G32 FF 61044 021800  780 591 3417    +1787278   -147        -116    +21   21  33   95   -9  233  -45  233  -45  15  0  0 L3P 5C
G08 FF 61044 023400  780 302 2421    -5080961    +53         -86    +13   28  18  161  -13  272  -23  272  -23  23  0  0 L3P 41
G10 FF 61044 023400  780 608 1813    +5797672    +41        -116     +9   18  69   93   +2  186  -12  186  -12  14  0  0 L3P 38
G18 FF 61044 023400  780 314  603    +4599890   -125        -116    -27   38 105  155  +25  358  +73  358   73  33  0  0 L3P 7D
G23 FF 61044 023400  780 360 1253    -5947852    -29        -115    +22   26  99  138  +16  257   -5  257   -5  19  0  0 L3P 54
G27 FF 61044 023400  780 464 2781     +119170    +65        -124     -4   39  26  112   +4  235   +9  235    9  28  0  0 L3P FD
G32 FF 61044 023400  780 675 3386    +1787118   -197        -116    -30   18  33   88   -6  204   -3  204   -3  13  0  0 L3P 35
G08 FF 61044 025000  780 321 2500    -5080926     -1         -90    -40   38  18  153   -6  271  +25  271   25  26  0  0 L3P 11
G10 FF 61044 025000  780 587 1667    +5797705    +53        -113    +22   14  69   95   +2  190   -7  190   -7  10  0  0 L3P 23
G23 FF 61044 025000  780 315 1187    -5947901    -61        -115    -10   42  99  155  +20  274  +34  274   34  31  0  0 L3P 53
G27 FF 61044 025000  780 437 2887     +119240    +60        -120    -10   29  26  117   +7  249  +35  249   35  22  0  0 L3P 2D
G32 FF 61044 025000  780 758 3335    +1786966   -164        -107     +3   18  33   84   -3  183   -7  183   -7  13  0  0 L3P 2E
G02 FF 61044 030600  780 209 2234      -90176   -136         -96    -53   25  42  228  -69  320  +17  320   17  16  0  0 L3P 2E
G08 FF 61044 030600  780 327 2586    -5080888    +48         -90     +8   39  18  150   +0  276   +8  276    8  28  0  0 L3P 1D
G10 FF 61044 030600  780 561 1535    +5797750    +47        -100    +15   21  69   98   +3  188  +13  188   13  15  0  0 L3P 38
G23 FF 61044 030600  780 271 1122    -5947937    -16        -102    +35   49  99  177  +27  296  +22  296   22  38  0  0 L3P 70
G27 FF 61044 030600  780 397 2980     +119310    +99        -117    +29   34  26  127  +12  275  +21  275   21  23  0  0 L3P 44
G32 FF 61044 030600  780 841 3194    +1786811   -140        -102    +27   19  33   82   -1  176  -16  176  -16  15  0  0 L3P 4F
G02 FF 61044 032200  780 274 2232      -90268   -103        -108    -20   23  42  176  -41  294  -19  294  -19  16  0  0 L3P 49
G08 FF 61044 032200  780 320 2675    -5080849    +48         -88     +8   36  18  153   +6  293  +24  293   24  25  0  0 L3P 34
G10 FF 61044 032200  780 531 1416    +5797777    +35        -103     +3   22  69  101   +4  202  +21  202   21  17  0  0 L3P 10
G27 FF 61044 032200  780 349 3059     +119396   +128         -98    +59   29  26  142  +19  307  +11  307   11  22  0  0 L3P 4C
G32 FF 61044 032200  780 866 1938    +1786657   -161         -96     +6   15  33   81   +1  172   -1  172   -1  12  0  0 L3P 0E
G02 FF 61044 033800  780 342 2241      -90341   -109        -102    -26   30  42  145  -26  261   -9  261   -9  22  0  0 L3P 16
G08 FF 61044 033800  780 301 2760    -5080807     -6         -85    -46   55  18  161  +12  318  +56  318   56  43  0  0 L3P 3F
G10 FF 61044 033800  780 498 1308    +5797815    +30         -95     -2   22  69  106   +6  206  +11  206   11  17  0  0 L3P 1F
G28 FF 61044 033800  780 320  237    +6158063   -102        -123    -54   45 169  153  -30  356  -43  356  -43  35  0  0 L3P 78
G31 FF 61044 033800  780 114   13    +1744988    +79         -96   +100   67  23  407 -220  739 -318  739 -318  54  0  0 L3P 92
G32 FF 61044 033800  780 789 1649    +1786495   -191         -98    -24   19  33   83   +2  175   +8  175    8  14  0  0 L3P 3D
G02 FF 61044 035400  780 410 2265      -90413    -82         -94     +1   26  42  124  -18  237  -13  237  -13  17  0  0 L3P 0A
G08 FF 61044 035400  780 272 2840    -5080758    +29         -74    -11   44  18  177  +21  351  +49  351   49  36  0  0 L3P 56
G10 FF 61044 035400  780 462 1208    +5797840    +59        -101    +27   31  69  112   +7  223   +0  223    0  21  0  0 L3P 08
G28 FF 61044 035400  780 388  280    +6158026    -42        -114     +6   36 169  130  -20  293  -47  293  -47  28  0  0 L3P 63
G32 FF 61044 035400  780 711 1574    +1786329   -145        -103    +22   23  33   86   +4  183   -5  183   -5  16  0  0 L3P 2C
G01 FF 61044 041000  780 186 2227    -3470275    -14        -108    -45   56  50  254  -84  353  -10  353  -10  37  0  0 L3P 59
G02 FF 61044 041000  780 477 2310      -90502   -108        -105    -25   26  49  110  -12  224   +3  224    3  22  0  0 L3P F5
G10 FF 61044 041000  780 425 1116    +5797868    +22        -103    -10   36  70  120   +9  240  +27  240   27  25  0  0 L3P 2C
G28 FF 61044 041000  780 457  335    +6157965    -20        -129    +28   34 170  114  -14  268  -52  268  -52  27  0  0 L3P 71
G31 FF 61044 041000  780 246   56    +1744926    -19        -122     +2   44  29  196  -54  448 -124  448 -124  30  0  0 L3P 56
G32 FF 61044 041000  780 636 1523    +1786184   -144         -85    +24   13  45   91   +6  186   +0  186    0  11  0  0 L3P 06
G01 FF 61044 042600  780 249 2233    -3470230     -5         -92    -36   25  50  193  -47  309  -15  309  -15  19  0  0 L3P 3F
G02 FF 61044 042600  780 537 2384      -90580    -70        -103    +13   17  49  101   -8  215  -15  215  -15  14  0  0 L3P 1C
G10 FF 61044 042600  780 386 1030    +5797903    +73         -98    +41   51  70  130  +12  256   -1  256   -1  37  0  0 L3P 27
G28 FF 61044 042600  780 522  408    +6157924    -73        -123    -25   26 170  103   -9  246   +6  246    6  20  0  0 L3P 21
G31 FF 61044 042600  780 317   76    +1744900    -12        -128     +9   55  29  155  -33  374  -76  374  -76  39  0  0 L3P 47
G32 FF 61044 042600  780 564 1478    +1786028   -123         -80    +44   19  45   97   +8  197  -16  197  -16  15  0  0 L3P 60
G01 FF 61044 044200  780 312 2250    -3470206     -6         -98    -37   35  50  157  -29  280   -5  280   -5  26  0  0 L3P 17
G02 FF 61044 044200  780 586 2498      -90653    -86         -97     -3   26  49   95   -4  208   +5  208    5  19  0  0 L3P E9
G10 FF 61044 044200  780 346  950    +5797950    +47         -81    +15   56  70  143  +15  265  +16  265   16  42  0  0 L3P 3C
G28 FF 61044 044200  780 580  510    +6157886    -28        -116    +20   24 170   96   -6  228  -25  228  -25  18  0  0 L3P 4D
G31 FF 61044 044200  780 390   98    +1744891    -47        -117    -27   36  29  129  -22  313  -31  313  -31  28  0  0 L3P 47
G32 FF 61044 044200  780 495 1434    +1785868   -173         -80     -5   31  45  107  +11  207   +4  207    4  22  0  0 L3P 1D
G01 FF 61044 045800  780 373 2281    -3470169    +62         -90    +31   23  50  134  -19  251  -40  251  -40  18  0  0 L3P 43
G02 FF 61044 045800  780 615 2654      -90724    -50         -87    +33   16  49   93   -1  210  -11  210  -11  15  0  0 L3P FA
G10 FF 61044 045800  780 303  875    +5797983    +43         -79    +11   37  70  160  +21  295  +36  295   36  30  0  0 L3P 49
G28 FF 61044 045800  780 623  651    +6157851    -19        -105    +29   12 170   92   -3  214  -23  214  -23  10  0  0 L3P 37
G31 FF 61044 045800  780 466  125    +1744879    -18        -110     +2   27  29  112  -15  272  -28  272  -28  20  0  0 L3P 43
G32 FF 61044 045800  780 431 1390    +1785704   -116         -83    +51   24  45  119  +14  225  -18  225  -18  18  0  0 L3P 65
G01 FF 61044 051400  780 432 2331    -3470138    +27         -89     -4   24  50  119  -13  234   -8  234   -8  18  0  0 L3P 13
G02 FF 61044 051400  780 615 2831      -90792    -62         -76    +21   20  49   93   +1  212   +3  212    3  15  0  0 L3P C3
G03 FF 61044 051400  780 181 2342    -6075528   +113         -62    +15   57 104  260  -72  362  -71  362  -71  43  0  0 L3P 6C
G28 FF 61044 051400  780 642  828    +6157806     -8        -104    +40   22 170   90   +0  209  -23  209  -23  16  0  0 L3P 25
G31 FF 61044 051400  780 542  162    +1744869    -15        -100     +5   20  29  100  -10  240  -25  240  -25  15  0  0 L3P 1B
G32 FF 61044 051400  780 370 1345    +1785540   -146         -87    +21   27  45  135  +19  248  +22  248   22  19  0  0 L3P 5A
G01 FF 61044 053000  780 483 2405    -3470103    +16         -83    -15   24  50  109   -8  218   -1  218   -1  15  0  0 L3P 01
G02 FF 61044 053000  780 586 2992      -90869    -85         -74     -2   19  49   95   +4  218   +5  218    5  13  0  0 L3P E4
G03 FF 61044 053000  780 233 2299    -6075414    +78         -42    -20   44 104  205  -46  305  -36  305  -36  33  0  0 L3P 5A
G28 FF 61044 053000  780 631 1007    +6157759    -46        -105     +2   28 170   91   +2  205   -9  205   -9  19  0  0 L3P 1B
G31 FF 61044 053000  780 617  220    +1744837    -24        -113     -3   26  29   92   -7  225  -23  225  -23  19  0  0 L3P 12
G32 FF 61044 053000  780 312 1298    +1785392   -144         -74    +23   34  45  156  +26  270  +18  270   18  25  0  0 L3P 58
G01 FF 61044 055800  780 540 2597    -3470074    +44        -105    +13   26  50  100   -2  210  -12  210  -12  20  0  0 L3P 23
G02 FF 61044 055800  780 491 3187      -91033    -80         -98     +3   27  49  107  +11  240  +12  240   12  22  0  0 L3P FF
G03 FF 61044 055800  780 333 2231    -6075294   +105         -86     +8   38 104  148  -24  263  -33  263  -33  28  0  0 L3P 69
G04 FF 61044 055800  780 231 2753     -359759    +30         -98    +55   60  93  207  -40  359  -82  359  -82  39  0  0 L3P 69
G28 FF 61044 055800  780 556 1229    +6157672    -30        -112    +18   26 170   98   +7  203   -3  203   -3  18  0  0 L3P 32
G31 FF 61044 055800  780 729  452    +1744791    -50        -125    -30   21  29   85   -2  190   +6  190    6  16  0  0 L3P 02
G01 FF 61044 061400  780 545 2732    -3470046    +11        -109    -20   23  51  100   +1  209  +21  209   21  18  0  0 L3P 18
G02 FF 61044 061400  780 425 3259      -91099    -81         -86     +2   38  80  120  +16  266  +35  266   35  28  0  0 L3P 1B
G03 FF 61044 061400  780 394 2198    -6075193    +96         -79     -1   33 106  128  -18  231  -24  231  -24  25  0  0 L3P 5A
G04 FF 61044 061400  780 275 2687     -359792    -34        -111     -9   39  94  175  -27  319  -35  319  -35  28  0  0 L3P 68
G28 FF 61044 061400  780 496 1299    +6157628    -38        -114    +10   29 171  107  +10  218  +18  218   18  23  0  0 L3P 72
G31 FF 61044 061400  780 760  732    +1744772    -23        -127     -2   27  48   84   +0  185   -3  185   -3  19  0  0 L3P FD
G01 FF 61044 063000  780 529 2865    -3470023    +52        -116    +21   25  51  102   +4  222   +8  222    8  18  0  0 L3P 03
G03 FF 61044 063000  780 460 2169    -6075106    +89         -85     -9   27 106  113  -13  219   -3  219   -3  20  0  0 L3P 2A
G04 FF 61044 063000  780 319 2617     -359810    -55        -104    -30   48  94  153  -19  286   +6  286    6  35  0  0 L3P 32
G26 FF 61044 063000  780 303  563    +3057200    +59         -96     -3   78  58  161  -23  319  -35  319  -35  54  0  0 L3P 39
G28 FF 61044 063000  780 431 1339    +6157597    -57         -99     -9   33 171  119  +15  230  +44  230   44  25  0  0 L3P 53
G31 FF 61044 063000  780 744 1038    +1744757    -19        -122     +2   28  48   84   +2  181   +8  181    8  20  0  0 L3P FC
G01 FF 61044 064600  780 494 2981    -3469991     +2        -113    -29   31  51  107   +7  237  +38  237   38  24  0  0 L3P 46
G03 FF 61044 064600  780 529 2147    -6075002   +118         -75    +21   27 106  102  -10  200  -24  200  -24  19  0  0 L3P 53
G04 FF 61044 064600  780 362 2543     -359817    +19         -87    +44   51  94  137  -14  255  -52  255  -52  36  0  0 L3P 58
G26 FF 61044 064600  780 347  634    +3057258    +68         -96     +7   45  58  143  -15  293  -28  293  -28  32  0  0 L3P 53
G28 FF 61044 064600  780 364 1359    +6157541    -70        -109    -22   42 171  136  +22  262  +41  262   41  28  0  0 L3P 68
G31 FF 61044 064600  780 694 1227    +1744740     +4        -120    +24   40  48   87   +4  181  -15  181  -15  27  0  0 L3P 2A
G01 FF 61044 070200  780 446 3075    -3469948    +16        -100    -15   44  51  116  +11  246  +31  246   31  30  0  0 L3P 43
G03 FF 61044 070200  780 601 2133    -6074899   +118         -66    +21   19 106   94   -7  185  -20  185  -20  14  0  0 L3P 51
G04 FF 61044 070200  780 404 2465     -359841     +9         -88    +34   30  94  125  -11  241  -32  241  -32  22  0  0 L3P 21
G26 FF 61044 070200  780 385  714    +3057324    +92         -89    +31   39  58  131  -10  266  -42  266  -42  31  0  0 L3P 45
G28 FF 61044 070200  780 298 1365    +6157505   -116        -100    -69   41 171  163  +33  288  +91  288   91  30  0  0 L3P 8B
G31 FF 61044 070200  780 630 1319    +1744721    -26        -119     -5   28  48   91   +6  190  +16  190   16  20  0  0 L3P 18
G01 FF 61044 071800  780 390 3151    -3469912    +41         -93    +10   43  51  129  +17  267  +31  267   31  36  0  0 L3P 41
G03 FF 61044 071800  780 676 2137    -6074805   +104         -65     +7   21 106   88   -5  179   -1  179   -1  15  0  0 L3P 28
G04 FF 61044 071800  780 445 2381     -359845     +5         -67    +30   35  94  116   -9  215  -25  215  -25  26  0  0 L3P 29
G26 FF 61044 071800  780 412  805    +3057391    +76         -82    +15   45  58  123   -6  251  -19  251  -19  33  0  0 L3P 36
G28 FF 61044 071800  780 234 1361    +6157506   -135         -53    -87   39 171  203  +53  303 +141  303  141  29  0  0 L3P 89
G31 FF 61044 071800  780 561 1361    +1744708     +4        -113    +24   26  48   98   +8  198   +3  198    3  19  0  0 L3P 0E
G01 FF 61044 073400  780 330 3212    -3469873    +62         -84    +32   54  51  149  +25  296  +14  296   14  40  0  0 L3P 48
G03 FF 61044 073400  780 753 2180    -6074711   +111         -65    +13   24 106   84   -3  175   -9  175   -9  18  0  0 L3P 2F
G04 FF 61044 073400  780 485 2292     -359877    -30         -75     -5   20  94  108   -7  213   +2  213    2  15  0  0 L3P EE
G09 FF 61044 073400  780 194 2510    -7697040    +96         -27   +104   67  24  243  -55  348 -122  348 -122  51  0  0 L3P 96
G26 FF 61044 073400  780 427  902    +3057454    +70         -78     +9   46  58  120   -2  242   -5  242   -5  32  0  0 L3P F9
G28 FF 61044 073400  780 172 1348    +6157428    -73         -85    -25   39 171  271  +94  377  +67  377   67  27  0  0 L3P 8A
G31 FF 61044 073400  780 492 1375    +1744692    -43        -108    -22   18  48  107  +11  214  +41  214   41  13  0  0 L3P 49
G01 FF 61044 075000  780 268 3264    -3469844    +29         -84     -2   55  51  179  +39  346  +55  346   55  35  0  0 L3P 56
G03 FF 61044 075000  780 826 2380    -6074613    +91         -62     -7   19 106   82   -1  172   -9  172   -9  14  0  0 L3P 10
G04 FF 61044 075000  780 525 2195     -359896    -18         -71     +7   24  94  102   -6  201   -8  201   -8  17  0  0 L3P 00
G09 FF 61044 075000  780 239 2453    -7697052    -27         -31    -19   55  24  200  -37  307  -39  307  -39  40  0  0 L3P 63
G16 FF 61044 075000  780 391  534    -1809386   -125         -56    -47   38  42  129  -15  257   +2  257    2  29  0  0 L3P 37
G26 FF 61044 075000  780 427 1002    +3057524    +47         -66    -14   32  58  120   +2  233   -1  233   -1  24  0  0 L3P FE
G31 FF 61044 075000  780 425 1374    +1744672    -64        -109    -44   33  48  120  +16  239  +53  239   53  24  0  0 L3P 5B
G03 FF 61044 080600  780 842 3145    -6074512    +97         -69     -1   22   1   82   +1  170  +12  170   12  16  0  0 L3P EA
G04 FF 61044 080600  780 563 2088     -359923     +1         -77    +26   17  95   98   -4  202  -16  202  -16  13  0  0 L3P 14
G09 FF 61044 080600  780 286 2397    -7697071     -3         -44     +5   56  25  169  -27  282  -34  282  -34  44  0  0 L3P 53
G16 FF 61044 080600  780 440  614    -1809476    -50         -73    +27   55  45  117  -10  243  -32  243  -32  40  0  0 L3P 39
G26 FF 61044 080600  780 412 1095    +3057583    +57         -67     -5   44  79  123   +6  238  +18  238   18  34  0  0 L3P 36
G31 FF 61044 080600  780 360 1361    +1744659     +7        -106    +27   41  68  138  +22  261  +16  261   16  28  0  0 L3P 42
G03 FF 61044 082200  780 773 3484    -6074420   +111         -71    +13   15   1   83   +3  176   -6  176   -6  11  0  0 L3P FD
G04 FF 61044 082200  780 598 1967     -359931    -11         -60    +14   22  95   94   -3  191  -18  191  -18  16  0  0 L3P 32
G06 FF 61044 082200  780 137 2344    +5985800    -18         -55    -64   52  26  337  -25  376  +51  376   51  38  0  0 L3P 5E
G09 FF 61044 082200  780 335 2340    -7697078    -67         -43    -59   50  25  147  -20  264  +33  264   33  41  0  0 L3P 56
G16 FF 61044 082200  780 479  711    -1809545    -77         -69     +1   40  45  110   -6  224  -11  224  -11  26  0  0 L3P 18
G26 FF 61044 082200  780 383 1177    +3057638    +38         -70    -23   55  79  131  +10  251  +35  251   35  39  0  0 L3P 4B
G31 FF 61044 082200  780 297 1341    +1744641   +121        -103   +142   43  68  163  +31  288  -65  288  -65  30  0  0 L3P 88
G03 FF 61044 083800  780 691 3562    -6074319   +130         -63    +32   21   1   87   +5  182  -11  182  -11  15  0  0 L3P 23
G04 FF 61044 083800  780 629 1827     -359961    -24         -66     +1   24  95   91   -2  194  -13  194  -13  17  0  0 L3P 23
G06 FF 61044 083800  780 142 2414    +5985858    +36         -41     -9   62  26  325   +0  376  +25  376   25  48  0  0 L3P 3C
G09 FF 61044 083800  780 386 2284    -7697088    +10         -45    +18   32  25  130  -16  247  -35  247  -35  25  0  0 L3P 6C
G16 FF 61044 083800  780 504  822    -1809607    -80         -56     -3   29  45  105   -3  210   -2  210   -2  20  0  0 L3P E8
G26 FF 61044 083800  780 344 1245    +3057701    +65         -66     +3   45  79  143  +17  270  +18  270   18  34  0  0 L3P 3B
G31 FF 61044 083800  780 238 1315    +1744626    +61         -99    +81   59  68  200  +47  333  -15  333  -15  39  0  0 L3P 64
G03 FF 61044 085400  780 606 3589    -6074231    +87         -70    -10   14   1   93   +8  196  +12  196   12  10  0  0 L3P 10
G04 FF 61044 085400  780 653 1665     -359989    -34         -70     -9   23  95   89   -1  187  -14  187  -14  17  0  0 L3P 39
G07 FF 61044 085400  780 244 2895    +1305191     -7         -77    -59   78  42  196  -41  331   +1  331    1  54  0  0 L3P 1E
G09 FF 61044 085400  780 440 2227    -7697102    +21         -52    +29   30  25  117  -12  231  -37  231  -37  19  0  0 L3P 4B
G16 FF 61044 085400  780 512  942    -1809693    -59         -68    +18   39  45  104   +0  210  -29  210  -29  29  0  0 L3P 40
G26 FF 61044 085400  780 296 1296    +3057767    +13         -59    -49   48  79  164  +26  289  +53  289   53  34  0  0 L3P 80
G31 FF 61044 085400  780 181 1284    +1744613    -73         -92    -52   43  68  258  +77  363  +79  363   79  35  0  0 L3P 6E
G03 FF 61044 091000  780 522    1    -6074142   +100         -74     +2   28   1  103  +12  206   +7  206    7  21  0  0 L3P A6
G04 FF 61044 091000  780 665 1482     -360020    -60         -78    -35   24  95   89   +0  176  +12  176   12  17  0  0 L3P 0F
G07 FF 61044 091000  780 296 2832    +1305246    +65         -72    +13   54  42  164  -27  282  -40  282  -40  43  0  0 L3P 4D
G09 FF 61044 091000  780 497 2168    -7697114     -1         -56     +7   25  25  107  -10  202  -29  202  -29  19  0  0 L3P 36
G16 FF 61044 091000  780 500 1058    -1809768    -84         -69     -6   32  45  106   +3  198   -1  198   -1  23  0  0 L3P 18
G26 FF 61044 091000  780 243 1334    +3057831   +115         -54    +54   67  79  196  +42  302  -32  302  -32  50  0  0 L3P 59
G03 FF 61044 092600  780 440    8    -6074055    +60         -81    -37   36   1  117  +18  221  +42  221   42  24  0  0 L3P E8
G04 FF 61044 092600  780 664 1289     -360048    -40         -81    -15   29  95   89   +1  169   +7  169    7  21  0  0 L3P 07
G07 FF 61044 092600  780 346 2762    +1305290    +67         -78    +15   46  42  143  -19  250  -45  250  -45  32  0  0 L3P 58
G09 FF 61044 092600  780 556 2105    -7697130    +12         -64    +20   24  25   98   -7  183  -32  183  -32  17  0  0 L3P 38
G16 FF 61044 092600  780 472 1158    -1809847   -109         -73    -32   39  45  111   +7  199  +35  199   35  29  0  0 L3P 6C
G26 FF 61044 092600  780 187 1359    +3057889    +75         -55    +13   49  79  251  +75  332  +34  332   34  40  0  0 L3P 64
G04 FF 61044 094200  780 646 1105     -360061    -44         -71    -19   37  95   90   +2  165  +16  165   16  27  0  0 L3P 10
G07 FF 61044 094200  780 395 2685    +1305362    +24         -56    -28   50  42  128  -13  210  -10  210  -10  34  0  0 L3P 3B
G09 FF 61044 094200  780 618 2033    -7697127    -10         -54     -2   22  25   92   -6  163   -9  163   -9  15  0  0 L3P 05
G16 FF 61044 094200  780 430 1238    -1809918    -89         -71    -11   40  45  119  +11  208  +18  208   18  28  0  0 L3P 4E
G04 FF 61044 095800  780 614  944     -360086     -7         -72    +18   25  95   92   +3  167  -11  167  -11  18  0  0 L3P 09
G07 FF 61044 095800  780 442 2599    +1305406    +37         -63    -15   43  42  117  -10  189  -23  189  -23  32  0  0 L3P 5D
G09 FF 61044 095800  780 682 1944    -7697137    -35         -56    -27   23  25   88   -4  152   +5  152    5  18  0  0 L3P 24
G16 FF 61044 095800  780 380 1297    -1809984    -67         -62    +11   32  45  132  +16  210   +4  210    4  24  0  0 L3P 20
G03 FF 61044 101400  780 208   28    -6073752   +119         -64    +21   68   7  227  +77  297  +33  297   33  58  0  0 L3P 34
G04 FF 61044 101400  780 571  812     -360119    -51         -84    -26   36  96   97   +5  165  +29  165   29  26  0  0 L3P 0D
G07 FF 61044 101400  780 485 2503    +1305456    +49         -63     -3   31  44  108   -7  176  -13  176  -13  21  0  0 L3P 23
G09 FF 61044 101400  780 745 1811    -7697146     -4         -55     +4   20  28   84   -3  141  -12  141  -12  16  0  0 L3P 01
G16 FF 61044 101400  780 324 1337    -1810068    -95         -74    -18   38  57  151  +25  228  +32  228   32  30  0  0 L3P 42
G30 FF 61044 101400  780 233 2691     -768033    +32         -41   +153   78  19  205  -39  261 -163  261 -163  56  0  0 L3P 75
G04 FF 61044 103000  780 520  705     -360133    -17         -73     +8   34  96  103   +8  165  -10  165  -10  25  0  0 L3P EF
G07 FF 61044 103000  780 525 2397    +1305509    +26         -61    -26   26  44  102   -5  160   +0  160    0  19  0  0 L3P F2
G08 FF 61044 103000  780 287  635    -5079801    -24         -71    -64   72  30  169  -24  247  +10  247   10  54  0  0 L3P 34
G09 FF 61044 103000  780 800 1552    -7697164    -32         -65    -24   21  28   83   -1  140   +5  140    5  18  0  0 L3P F2
G16 FF 61044 103000  780 264 1362    -1810133    -88         -65    -11   39  57  181  +39  234  +29  234   29  29  0  0 L3P 4C
G20 FF 61044 103000  780 148 2265    -3618227    +24         -47    +23   37  78  315  -70  296  -77  296  -77  26  0  0 L3P 6B
G21 FF 61044 103000  780 150 2225    -3728119    -53         -58    +35   46  70  311  -94  301  -80  301  -80  34  0  0 L3P 3F
G30 FF 61044 103000  780 279 2629     -768163    -67         -54    +55   69  19  173  -27  239  -77  239  -77  52  0  0 L3P 70
G04 FF 61044 104600  780 464  617     -360164    -17         -81     +8   37  96  112  +11  176   +9  176    9  26  0  0 L3P F5
G07 FF 61044 104600  780 561 2277    +1305549    +36         -71    -16   17  44   98   -4  152   -5  152   -5  12  0  0 L3P 0C
G08 FF 61044 104600  780 327  707    -5079766    +36         -74     -4   61  30  150  -16  221   -6  221   -6  44  0  0 L3P 0B
G09 FF 61044 104600  780 817 1043    -7697175     -4         -68     +4   26  28   82   +0  130   -7  130   -7  20  0  0 L3P E7
G16 FF 61044 104600  780 204 1375    -1810189     -4         -47    +73   55  57  231  +66  243  -14  243  -14  42  0  0 L3P 3E
G20 FF 61044 104600  780 176 2326    -3618248    -45         -69    -46   32  78  266  -36  283   +3  283    3  24  0  0 L3P 37
G21 FF 61044 104600  780 192 2275    -3728221    -33         -75    +55   32  70  245  -49  276  -72  276  -72  25  0  0 L3P 63
G30 FF 61044 104600  780 325 2563     -768284   -113         -59     +9   60  19  151  -20  205  -38  205  -38  45  0  0 L3P 46
G04 FF 61044 110200  780 404  546     -360175     +5         -68    +30   37  96  125  +16  182   -4  182   -4  27  0  0 L3P EF
G07 FF 61044 110200  780 591 2142    +1305588    +61         -82     +9   19  44   95   -3  144  -19  144  -19  13  0  0 L3P 1D
G08 FF 61044 110200  780 360  788    -5079737    +35         -84     -4   41  30  138  -10  215  -13  215  -13  30  0  0 L3P 23
G09 FF 61044 110200  780 775  641    -7697184     +3         -69    +11   19  28   83   +2  122   -8  122   -8  15  0  0 L3P EF
G20 FF 61044 110200  780 195 2394    -3618229    +26         -52    +25   29  78  241  -17  245  -38  245  -38  23  0  0 L3P 5D
G21 FF 61044 110200  780 227 2335    -3728308    -35         -78    +53   24  70  210  -27  250  -65  250  -65  18  0  0 L3P 4C
G30 FF 61044 110200  780 371 2493     -768406   -129         -64     -7   31  19  135  -15  185  -26  185  -26  24  0  0 L3P 4A
G07 FF 61044 111800  780 614 1993    +1305627     +9         -93    -44   19  44   93   -2  139  +13  139   13  14  0  0 L3P 17
G08 FF 61044 111800  780 382  877    -5079697    +16         -82    -24   50  30  131   -5  199   +2  199    2  36  0  0 L3P 17
G09 FF 61044 111800  780 708  461    -7697203    -34         -81    -26   31  28   86   +4  128  +22  128   22  23  0  0 L3P 15
G20 FF 61044 111800  780 204 2467    -3618231    -42         -54    -43   33  78  232   -3  230   +6  230    6  28  0  0 L3P FF
G21 FF 61044 111800  780 252 2404    -3728380   -100         -66    -12   32  70  190  -14  215   -7  215   -7  26  0  0 L3P 2C
G30 FF 61044 111800  780 417 2420     -768519   -108         -60    +13   36  19  122  -11  155  -32  155  -32  28  0  0 L3P 46
G07 FF 61044 113400  780 629 1830    +1305682   +106         -88    +54   18  44   91   -1  133  -42  133  -42  14  0  0 L3P 36
G08 FF 61044 113400  780 391  970    -5079658    +22         -81    -17   47  30  129   -1  191   -4  191   -4  32  0  0 L3P 12
G09 FF 61044 113400  780 634  367    -7697215     +1         -86     +9   32  28   91   +6  141   +0  141    0  23  0  0 L3P C2
G14 FF 61044 113400  780 323 3105    -7266004   -141         -82   -116   55  64  152  -28  210  +38  210   38  38  0  0 L3P 59
G20 FF 61044 113400  780 201 2541    -3618241    -43         -66    -44   21  78  234   +9  230  +18  230   18  16  0  0 L3P 1F
G21 FF 61044 113400  780 266 2480    -3728481   -130         -83    -43   46  70  181   -5  217  +17  217   17  38  0  0 L3P 4A
G27 FF 61044 113400  780 215 1271     +121484    +84         -62    +14   35   6  220  +28  255   +7  255    7  29  0  0 L3P F3
G30 FF 61044 113400  780 463 2342     -768648    -84         -72    +38   29  19  112   -9  149  -56  149  -56  21  0  0 L3P 4B
G07 FF 61044 115000  780 632 1660    +1305725   +103         -95    +50   21  44   91   +0  141  -27  141  -27  16  0  0 L3P 21
G08 FF 61044 115000  780 387 1063    -5079631    +28         -92    -12   48  30  130   +3  182   +1  182    1  39  0  0 L3P 04
G09 FF 61044 115000  780 557  307    -7697244    -19        -107    -11   26  28   98   +9  160  +16  160   16  17  0  0 L3P 30
G14 FF 61044 115000  780 387 3051    -7266047    -10        -101    +15   46  64  130  -19  189  -15  189  -15  35  0  0 L3P 63
G20 FF 61044 115000  780 188 2615    -3618261     +6         -86     +5   38  78  249  +22  245   +5  245    5  28  0  0 L3P 09
G21 FF 61044 115000  780 267 2560    -3728574    -88         -92     +0   39  70  180   +3  212   -1  212   -1  32  0  0 L3P FC
G27 FF 61044 115000  780 182 1328     +121543    +29         -71    -42   44   6  257  +51  268  +37  268   37  35  0  0 L3P 26
G30 FF 61044 115000  780 509 2257     -768775    -77         -83    +45   24  19  105   -7  145  -34  145  -34  18  0  0 L3P 43
G05 FF 61044 120600  780 136 2351    +2266866    -19         -65    -26   61  37  339  -23  261  +14  261   14  46  0  0 L3P 49
G07 FF 61044 120600  780 625 1491    +1305776    +43        -100    -10   28  46   92   +1  141   +4  141    4  18  0  0 L3P F5
G08 FF 61044 120600  780 368 1148    -5079592    +42         -89     +2   41  35  135   +8  186  +15  186   15  30  0  0 L3P 2F
G09 FF 61044 120600  780 480  265    -7697249    +47        -101    +55   39  29  109  +14  184   -1  184   -1  26  0  0 L3P 3D
G14 FF 61044 120600  780 449 2985    -7266060     +5         -88    +30   44  65  115  -13  164  -40  164  -40  31  0  0 L3P 41
G20 FF 61044 120600  780 167 2687    -3618251    -34         -79    -35   51  80  279  +41  259  +46  259   46  43  0  0 L3P 63
G21 FF 61044 120600  780 257 2641    -3728651    -60         -86    +28   65  71  186  +11  214   +3  214    3  48  0  0 L3P 21
G30 FF 61044 120600  780 555 2164     -768876   -140         -60    -18   20  23   99   -6  130  +10  130   10  15  0  0 L3P 11
G05 FF 61044 122200  780 140 2420    +2266866     -1         -70     -8   65  37  329   +1  255   +7  255    7  51  0  0 L3P E5
G07 FF 61044 122200  780 607 1332    +1305831    +51         -96     -1   21  46   93   +2  138   +2  138    2  17  0  0 L3P D4
G08 FF 61044 122200  780 336 1223    -5079554    +35         -90     -5   48  35  146  +14  201  +30  201   30  35  0  0 L3P 1C
G09 FF 61044 122200  780 403  235    -7697271    -25        -115    -17   38  29  125  +20  219  +35  219   35  30  0  0 L3P 43
G14 FF 61044 122200  780 508 2904    -7266088    -33         -93     -8   33  65  105   -9  148   +4  148    4  26  0  0 L3P 0D
G21 FF 61044 122200  780 237 2719    -3728746    -85         -98     +3   41  71  201  +20  229   +9  229    9  33  0  0 L3P 1B
G22 FF 61044 122200  780 325 3016     +625186     +8         -95    +49   50 107  151  -25  201  -57  201  -57  34  0  0 L3P 33
G30 FF 61044 122200  780 600 2056     -769013   -145         -80    -23   16  23   94   -4  137  +19  137   19  12  0  0 L3P 14
G05 FF 61044 123800  780 135 2490    +2266864     +4         -80     -2   63  37  342  +25  262   +9  262    9  46  0  0 L3P 04
G07 FF 61044 123800  780 580 1189    +1305881    +54         -95     +2   33  46   96   +3  133   -1  133   -1  21  0  0 L3P F0
G08 FF 61044 123800  780 295 1284    -5079507    +46         -81     +7   50  35  164  +24  218  +18  218   18  33  0  0 L3P 42
G09 FF 61044 123800  780 328  212    -7697271    -12        -108     -4   53  29  149  +31  242  +47  242   47  43  0  0 L3P 3C
G13 FF 61044 123800  780 164 2209    -6905529    -47         -89    -57   67  35  288 -106  244  +34  244   34  49  0  0 L3P 7F
G14 FF 61044 123800  780 563 2804    -7266114    -40         -94    -15   26  65   98   -6  143   -5  143   -5  18  0  0 L3P 19
G21 FF 61044 123800  780 208 2792    -3728832    -26        -100    +62   49  71  227  +34  248  -30  248  -30  38  0  0 L3P 6C
G22 FF 61044 123800  780 381 2953     +625149    -68         -93    -27   41 107  132  -17  169   -3  169   -3  30  0  0 L3P 3C
G30 FF 61044 123800  780 642 1928     -769127   -145         -78    -24   20  23   90   -3  126   +2  126    2  15  0  0 L3P FB
G07 FF 61044 125400  780 545 1063    +1305937    +33         -89    -19   34  46  100   +5  145  +34  145   34  25  0  0 L3P 2E
G08 FF 61044 125400  780 247 1331    -5079458    +42         -70     +2   56  35  193  +39  211  -19  211  -19  43  0  0 L3P 42
G09 FF 61044 125400  780 255  196    -7697224   +149         -53   +157  111  29  188  +51  225  -77  225  -77  88  0  0 L3P A1
G13 FF 61044 125400  780 224 2216    -6905489    +13         -59     +3   44  35  213  -57  214  -31  214  -31  29  0  0 L3P 3B
G14 FF 61044 125400  780 611 2680    -7266135    -34         -92     -9   29  65   93   -4  142  +12  142   12  20  0  0 L3P 0A
G22 FF 61044 125400  780 435 2880     +625102    -32        -101     +9   64 107  118  -12  161   -9  161   -9  49  0  0 L3P 23
G30 FF 61044 125400  780 678 1769     -769249   -129         -82     -7   22  23   88   -2  123   +8  123    8  15  0  0 L3P 06
G07 FF 61044 131000  780 504  953    +1305998    +63         -79    +10   39  46  105   +7  153   +1  153    1  28  0  0 L3P F8
G08 FF 61044 131000  780 193 1365    -5079423    +32         -73     -8   45  35  243  +68  213  +19  213   19  28  0  0 L3P 38
G13 FF 61044 131000  780 286 2233    -6905494     +0         -74    -10   26  35  170  -34  190  -36  190  -36  17  0  0 L3P 3A
G14 FF 61044 131000  780 648 2525    -7266160    -53         -92    -28   29  65   90   -2  141   +1  141    1  23  0  0 L3P F3
G17 FF 61044 131000  780 310 3544     +221392   +352         -84   +232   51  58  158  -35  210 -186  210 -186  41  0  0 L3P 78
G22 FF 61044 131000  780 485 2793     +625069    -62         -94    -21   31 107  108   -8  155   +9  155    9  24  0  0 L3P 18
G30 FF 61044 131000  780 704 1569     -769364   -114         -81     +7   23  23   86   -1  120  -12  120  -12  16  0  0 L3P 06
G07 FF 61044 132600  780 459  857    +1306043    +12         -84    -41   39  46  113   +9  170  +45  170   45  27  0  0 L3P 23
G13 FF 61044 132600  780 345 2265    -6905502     -4         -92    -15   30  35  143  -22  181   +8  181    8  21  0  0 L3P 05
G14 FF 61044 132600  780 672 2340    -7266184    -45         -93    -20   22  65   88   -1  135   +9  135    9  16  0  0 L3P 09
G22 FF 61044 132600  780 532 2692     +625028    -36         -96     +5   22 107  102   -6  146  -11  146  -11  17  0  0 L3P 1F
G30 FF 61044 132600  780 711 1337     -769486   -122         -86     +0   25  23   86   +0  123   +6  123    6  18  0  0 L3P E4
G07 FF 61044 134200  780 411  774    +1306107    +52         -70     +0   43  46  123  +13  177  +10  177   10  33  0  0 L3P FE
G13 FF 61044 134200  780 401 2313    -6905482     +6         -81     -4   33  35  126  -14  161   -2  161   -2  27  0  0 L3P F3
G14 FF 61044 134200  780 679 2138    -7266200    -21         -85     +4   21  65   88   +0  130  +14  130   14  17  0  0 L3P FE
G22 FF 61044 134200  780 572 2574     +624998    -17         -87    +24   31 107   97   -4  136  -16  136  -16  22  0  0 L3P 3E
G30 FF 61044 134200  780 697 1108     -769598   -143         -81    -22   23  23   87   +1  132  +25  132   25  16  0  0 L3P 23
G07 FF 61044 135800  780 360  701    +1306133    -21         -94    -73   47  46  138  +18  205  +66  205   66  37  0  0 L3P 36
G13 FF 61044 135800  780 450 2383    -6905474    +29         -83    +19   51  35  115   -9  147  -28  147  -28  38  0  0 L3P 5D
G14 FF 61044 135800  780 670 1941    -7266227    -32         -87     -7   25  65   88   +1  133   -6  133   -6  17  0  0 L3P 0B
G15 FF 61044 135800  780 178 2272    -3735495    -88         -71    -53   65  78  264  -56  235  +11  235   11  44  0  0 L3P 65
G17 FF 61044 135800  780 543 3548     +221721    +81         -98    -38   37  58  100  -11  165  +23  165   23  28  0  0 L3P 3B
G22 FF 61044 135800  780 605 2436     +624955    -55         -91    -14   19 107   93   -3  135   +9  135    9  16  0  0 L3P 0D
G30 FF 61044 135800  780 664  917     -769726   -140         -92    -19   21  23   89   +3  135   +9  135    9  14  0  0 L3P 03
G07 FF 61044 141400  780 307  637    +1306187    +10         -91    -43   75  51  159  +26  218  +50  218   50  51  0  0 L3P 2C
G13 FF 61044 141400  780 488 2476    -6905475     +6         -91     -4   41  36  108   -5  147   +3  147    3  27  0  0 L3P FA
G14 FF 61044 141400  780 648 1767    -7266258    -27         -97     -2   19  66   90   +2  125   +3  125    3  13  0  0 L3P FA
G15 FF 61044 141400  780 212 2326    -3735533    -36         -73     -1   70  79  224  -31  222  -10  222  -10  52  0  0 L3P 26
G17 FF 61044 141400  780 625 3553     +221825   +110        -106     -9   23  60   92   -7  151   -7  151   -7  18  0  0 L3P FE
G19 FF 61044 141400  780 419 3433    -6839506    +25         -75    +43   49  62  122  -20  165  -22  165  -22  42  0  0 L3P 57
G22 FF 61044 141400  780 627 2280     +624910    -26         -97    +15   21 108   91   -1  130  -14  130  -14  16  0  0 L3P 14
G30 FF 61044 141400  780 617  771     -769852   -130        -104     -7   30  24   92   +5  140  +11  140   11  22  0  0 L3P F4
G13 FF 61044 143000  780 510 2590    -6905471     -6         -96    -16   34  36  105   -2  145   +0  145    0  26  0  0 L3P EE
G14 FF 61044 143000  780 617 1619    -7266284    -17        -100     +8   27  66   92   +3  128  -17  128  -17  20  0  0 L3P 32
G15 FF 61044 143000  780 238 2389    -3735569    -92         -75    -57   66  79  201  -17  207  +21  207   21  47  0  0 L3P 60
G17 FF 61044 143000  780 708 3571     +221936   +102        -110    -17   23  60   86   -5  141  -13  141  -13  16  0  0 L3P 23
G22 FF 61044 143000  780 639 2111     +624871    -65         -97    -24   25 108   90   +0  123   +1  123    1  19  0  0 L3P E9
G30 FF 61044 143000  780 561  660     -769969   -148        -103    -25   27  24   98   +7  144  +14  144   14  21  0  0 L3P 29
G13 FF 61044 144600  780 512 2716    -6905470     -4        -105    -14   26  36  104   +1  143   -8  143   -8  17  0  0 L3P 11
G14 FF 61044 144600  780 581 1493    -7266321    -39        -105    -14   22  67   96   +4  129   -4  129   -4  15  0  0 L3P 28
G15 FF 61044 144600  780 253 2460    -3735638    -76        -110    -40   57  79  189   -8  217   +5  217    5  47  0  0 L3P 3C
G17 FF 61044 144600  780 790   36     +222042   +106        -119    -13   21  60   83   -2  132  -15  132  -15  17  0  0 L3P FF
G19 FF 61044 144600  780 583 3390    -6839559    -85         -92    -66   26  62   96   -9  135  +10  135   10  18  0  0 L3P 4A
G22 FF 61044 144600  780 638 1937     +624817    -46        -112     -5   23 108   91   +0  119  -14  119  -14  16  0  0 L3P 2D
G30 FF 61044 144600  780 501  575     -770102   -133        -119    -10   36  24  106  +10  153   -6  153   -6  24  0  0 L3P 11
G13 FF 61044 150200  780 494 2839    -6905469     -5        -113    -15   37  36  107   +4  148  +16  148   16  26  0  0 L3P 43
G14 FF 61044 150200  780 542 1384    -7266347    -19        -107     +6   26  67  100   +5  127   +4  127    4  19  0  0 L3P 0C
G15 FF 61044 150200  780 258 2535    -3735667     +6        -105    +41   59  79  186   +0  210  -28  210  -28  48  0  0 L3P 4A
G17 FF 61044 150200  780 859  442     +222158   +133        -117    +14   19  60   82   +0  121  -18  121  -18  15  0  0 L3P 16
G19 FF 61044 150200  780 667 3354    -6839589    -19        -105     -1   23  62   89   -6  121  -12  121  -12  17  0  0 L3P 3A
G22 FF 61044 150200  780 627 1771     +624770    -58        -120    -17   25 108   91   +1  116   +4  116    4  17  0  0 L3P 00
G30 FF 61044 150200  780 438  508     -770220   -127        -119     -4   40  24  117  +14  155   +5  155    5  29  0  0 L3P FF
G13 FF 61044 151800  780 459 2947    -6905452    +27        -107    +17   30  36  113   +8  150   -4  150   -4  22  0  0 L3P 29
G14 FF 61044 151800  780 502 1287    -7266355    -26         -91     -1   35  67  106   +6  120  +10  120   10  25  0  0 L3P 0D
G15 FF 61044 151800  780 252 2612    -3735690    +32         -95    +67   98  79  190   +8  205  -34  205  -34  72  0  0 L3P 57
G17 FF 61044 151800  780 826 1306     +222280   +133        -110    +13   27  60   82   +1  111   -9  111   -9  19  0  0 L3P FD
G19 FF 61044 151800  780 750 3293    -6839599     +6         -98    +24   25  62   84   -3  104  -28  104  -28  17  0  0 L3P 3F
G22 FF 61044 151800  780 606 1618     +624734    -41        -116     +0   19 108   93   +2  111   +5  111    5  15  0  0 L3P E3
G24 FF 61044 151800  780 150 2243    +1759435   -166         -92    -19   54  74  312 -119  232   -8  232   -8  45  0  0 L3P 5F
G13 FF 61044 153400  780 412 3038    -6905449    +42        -113    +32   44  36  123  +13  157  -21  157  -21  31  0  0 L3P 4F
G14 FF 61044 153400  780 461 1198    -7266395    -62        -107    -37   40  67  113   +8  123  +23  123   23  27  0  0 L3P 47
G15 FF 61044 153400  780 236 2688    -3735736    -39        -107     -4   93  79  201  +17  219   +3  219    3  71  0  0 L3P 37
G17 FF 61044 153400  780 749 1434     +222386   +106        -118    -13   27  60   84   +3  110   +1  110    1  20  0  0 L3P ED
G19 FF 61044 153400  780 830 3136    -6839613    -13         -94     +5   21  62   82   -1   90  -14   90  -14  15  0  0 L3P FA
G22 FF 61044 153400  780 579 1480     +624696    -25        -115    +16   28 108   96   +3  105  -20  105  -20  21  0  0 L3P 36
G24 FF 61044 153400  780 208 2244    +1759306   -247         -80   -100   55  74  228  -63  194  +21  194   21  41  0  0 L3P 69
G06 FF 61044 155000  780 328  245    +5986951   +149        -118   +103   65  52  150  -29  172  -96  172  -96  49  0  0 L3P 97
G13 FF 61044 155000  780 357 3113    -6905435    -13        -109    -23   46  36  139  +20  162  +25  162   25  33  0  0 L3P 4B
G14 FF 61044 155000  780 419 1116    -7266416     -5        -104    +20   43  67  121  +10  121  -13  121  -13  31  0  0 L3P 27
G15 FF 61044 155000  780 212 2761    -3735761    +43         -98    +78   69  79  223  +29  212  -61  212  -61  48  0  0 L3P 67
G17 FF 61044 155000  780 670 1454     +222500   +117        -119     -2   26  60   88   +5  106   -5  106   -5  18  0  0 L3P F8
G19 FF 61044 155000  780 865 2145    -6839621     -9         -85     +9   24  62   81   +0   77  -10   77  -10  17  0  0 L3P FA
G22 FF 61044 155000  780 546 1357     +624654    -54        -118    -13   25 108  100   +4  109  +22  109   22  20  0  0 L3P 2B
G24 FF 61044 155000  780 267 2254    +1759134    -60        -111    +86   39  74  181  -38  180  -85  180  -85  28  0  0 L3P 7B
G06 FF 61044 160600  780 398  288    +5987004    +59        -107    +14   37  62  127  -19  129  -27  129  -27  26  0  0 L3P 72
G13 FF 61044 160600  780 298 3175    -6905433   +150        -118   +139   63  37  163  +30  188  -67  188  -67  43  0  0 L3P A7
G14 FF 61044 160600  780 376 1040    -7266441    -51        -102    -26   49  68  133  +13  132  +30  132   30  34  0  0 L3P 3F
G17 FF 61044 160600  780 593 1445     +222632   +134         -99    +14   28  61   94   +8   94   +3   94    3  19  0  0 L3P E8
G19 FF 61044 160600  780 798 1700    -6839637     -9         -79    +10   24  72   83   +2   71   -9   71   -9  16  0  0 L3P F7
G22 FF 61044 160600  780 510 1247     +624632    -88         -87    -47   42   4  104   +6   92  +46   92   46  30  0  0 L3P F0
G24 FF 61044 160600  780 325 2276    +1758992   -169        -111    -22   34  75  151  -25  145  -24  145  -24  22  0  0 L3P 7C
G06 FF 61044 162200  780 468  342    +5987038     -9        -116    -55   39  62  112  -13  113  +12  113   12  28  0  0 L3P 2F
G12 FF 61044 162200  780 163 2474    +6061256    +44         -97    +39   57  27  288  -79  202  -35  202  -35  43  0  0 L3P 62
G14 FF 61044 162200  780 333  969    -7266455     -5         -91    +20   41  68  147  +18  123   -1  123   -1  33  0  0 L3P 08
G17 FF 61044 162200  780 520 1425     +222741   +113        -104     -7   32  61  103  +10   95   +9   95    9  25  0  0 L3P E5
G19 FF 61044 162200  780 723 1597    -6839660    +11         -85    +29   23  72   85   +4   76  -15   76  -15  17  0  0 L3P 29
G22 FF 61044 162200  780 470 1147     +624565    -13        -115    +28   43   4  111   +8  108  -19  108  -19  32  0  0 L3P 1E
G24 FF 61044 162200  780 382 2313    +1758853   -138        -110     +8   41  75  132  -17  121  -26  121  -26  29  0  0 L3P 5B
G06 FF 61044 163800  780 535  417    +5987092    +47        -106     +1   26  62  101   -9   98   -8   98   -8  17  0  0 L3P 06
G12 FF 61044 163800  780 209 2423    +6061216    -73        -141    -78   46  27  227  -50  198  +16  198   16  35  0  0 L3P 67
G14 FF 61044 163800  780 289  901    -7266470    +39         -83    +64   74  68  167  +24  123  -71  123  -71  53  0  0 L3P 5B
G17 FF 61044 163800  780 450 1397     +222862   +150         -98    +30   30  61  115  +14   93  -20   93  -20  22  0  0 L3P 20
G19 FF 61044 163800  780 650 1536    -6839681    -19         -88     -1   19  72   90   +5   75   -4   75   -4  12  0  0 L3P F7
G22 FF 61044 163800  780 428 1055     +624541    -40         -99     +1   31   4  119  +10   99  -18   99  -18  22  0  0 L3P FF
G24 FF 61044 163800  780 434 2368    +1758712   -133        -110    +13   33  75  118  -11  105  -28  105  -28  23  0  0 L3P 6C
G06 FF 61044 165400  780 594  523    +5987148    +91         -94    +45   35  62   95   -5   89  -32   89  -32  24  0  0 L3P 26
G12 FF 61044 165400  780 257 2373    +6061249    -26        -113    -30   42  27  187  -35  148  +20  148   20  30  0  0 L3P 4E
G17 FF 61044 165400  780 383 1364     +222969    +89        -106    -30   36  61  131  +19   98  +30   98   30  28  0  0 L3P 34
G19 FF 61044 165400  780 580 1486    -6839695    -21         -85     -3   30  72   96   +7   71   +4   71    4  23  0  0 L3P E4
G22 FF 61044 165400  780 384  972     +624474    -14        -127    +27   32   4  130  +13  120   -9  120   -9  20  0  0 L3P F8
G24 FF 61044 165400  780 478 2444    +1758571   -143        -110     +3   37  75  110   -7   98   -5   98   -5  28  0  0 L3P 22
G06 FF 61044 171000  780 637  674    +5987196    +85         -89    +40   27  62   91   -3   86  -36   86  -36  20  0  0 L3P 22
G12 FF 61044 171000  780 308 2325    +6061253    -10        -113    -15   51  27  159  -25  129  -10  129  -10  39  0  0 L3P 4A
G17 FF 61044 171000  780 320 1328     +223097    +92         -93    -27   45  61  153  +27   98  +23   98   23  32  0  0 L3P 14
G19 FF 61044 171000  780 514 1439    -6839700    -31         -72    -13   19  72  104  +10   66   +9   66    9  16  0  0 L3P 04
G22 FF 61044 171000  780 338  895     +624469    -16         -93    +25   40   4  145  +18  105  -31  105  -31  31  0  0 L3P 12
G24 FF 61044 171000  780 510 2544    +1758447   -156         -93    -10   30  75  105   -4   84   +1   84    1  21  0  0 L3P F1
G06 FF 61044 172600  780 653  862    +5987246    +56         -83    +11   23  62   89   +0   79  -11   79  -11  16  0  0 L3P 11
G11 FF 61044 172600  780 474   12    +4858163   -106        -103    +27   41 148  111  -15  108  -21  108  -21  29  0  0 L3P 50
G12 FF 61044 172600  780 361 2278    +6061262     +0        -108     -5   30  27  138  -19  109  -10  109  -10  22  0  0 L3P 28
G17 FF 61044 172600  780 261 1288     +223199   +183        -105    +64   51  61  184  +39  121  -28  121  -28  35  0  0 L3P 67
G19 FF 61044 172600  780 452 1393    -6839721    +13         -76    +31   29  72  114  +12   74   +0   74    0  23  0  0 L3P FC
G24 FF 61044 172600  780 525 2663    +1758300   -138         -99     +9   39  75  102   -1   85   -8   85   -8  28  0  0 L3P 19
G06 FF 61044 174200  780 638 1049    +5987291    +72         -82    +26   30  62   91   +2   70  -19   70  -19  20  0  0 L3P 15
G11 FF 61044 174200  780 555   28    +4858031   -103        -107    +30   32 148   99  -10   97  -29   97  -29  24  0  0 L3P 3D
G12 FF 61044 174200  780 418 2233    +6061265    +45        -110    +40   31  27  122  -14   91  -31   91  -31  20  0  0 L3P 1B
G17 FF 61044 174200  780 204 1245     +223348   +242         -71   +123   69  61  230  +60  121  -78  121  -78  53  0  0 L3P 56
G19 FF 61044 174200  780 394 1347    -6839745    -14         -82     +5   38  72  128  +16   91   +8   91    8  28  0  0 L3P 11
G24 FF 61044 174200  780 521 2790    +1758156   -141        -103     +6   30  75  103   +2   83   +3   83    3  22  0  0 L3P EA
G06 FF 61044 175800  780 597 1192    +5987338    +56         -78    +11   27  62   94   +5   72   +4   72    4  19  0  0 L3P FF
G11 FF 61044 175800  780 637   57    +4857920   -138         -90     -5   17 148   91   -7   82   +8   82    8  13  0  0 L3P E8
G12 FF 61044 175800  780 477 2189    +6061286    +20         -94    +15   26  27  110  -11   76  -12   76  -12  18  0  0 L3P 33
G19 FF 61044 175800  780 338 1299    -6839738    -54         -58    -36   42  72  145  +21   94  +47   94   47  30  0  0 L3P 56
G24 FF 61044 175800  780 497 2909    +1758015   -143        -103     +4   29  75  106   +5   88   +9   88    9  21  0  0 L3P 1C
G06 FF 61044 181400  780 540 1286    +5987392    +34         -67    -12   37  68  100   +8   77  +15   77   15  27  0  0 L3P 28
G11 FF 61044 181400  780 718  119    +4857787   -143         -94    -10   19 149   86   -4   78   +3   78    3  15  0  0 L3P 0D
G12 FF 61044 181400  780 540 2146    +6061288    +28        -100    +23   20  28  100   -9   73  -19   73  -19  15  0  0 L3P 1F
G19 FF 61044 181400  780 287 1251    -6839760    -81         -63    -63   42  99  169  +28  115  +68  115   68  32  0  0 L3P 6F
G24 FF 61044 181400  780 459 3013    +1757870   -188        -106    -42   40  76  113   +9   96  +32   96   32  29  0  0 L3P 48
G06 FF 61044 183000  780 475 1342    +5987430     -8         -72    -53   38  68  110  +12   90  +52   90   52  28  0  0 L3P 19
G11 FF 61044 183000  780 791  290    +4857662   -158         -92    -25   23 149   83   -2   75  +16   75   16  16  0  0 L3P 27
G12 FF 61044 183000  780 607 2103    +6061290    +26        -103    +21   22  28   93   -6   75  -15   75  -15  17  0  0 L3P 0A
G24 FF 61044 183000  780 409 3098    +1757728   -121        -108    +26   36  76  124  +14  101  -25  101  -25  25  0  0 L3P 6D
G25 FF 61044 183000  780 235 2268    -4520137    +37         -91    +14   50  71  204  -50  101  -23  101  -23  37  0  0 L3P 35
G06 FF 61044 184600  780 407 1372    +5987457    +47         -88     +2   35  68  124  +18  109  +14  109   14  23  0  0 L3P 48
G11 FF 61044 184600  780 826  791    +4857532   -129         -94     +4   24 149   82   +0   75   -1   75   -1  16  0  0 L3P F9
G12 FF 61044 184600  780 677 2059    +6061297    +11        -100     +6   22  28   88   -5   71   -2   71   -2  17  0  0 L3P E6
G24 FF 61044 184600  780 353 3169    +1757580    -62        -114    +85   48  76  140  +21  113  -42  113  -42  36  0  0 L3P 68
G25 FF 61044 184600  780 295 2252    -4520118    -13         -94    -36   33  71  165  -32   97  +22   97   22  25  0  0 L3P 2E
G06 FF 61044 190200  780 339 1384    +5987490     -7         -99    -52   37  68  145  +26  136  +67  136   67  26  0  0 L3P 63
G11 FF 61044 190200  780 783 1233    +4857396   -147        -102    -14   36 149   83   +2   84  +12   84   12  26  0  0 L3P 39
G12 FF 61044 190200  780 750 2005    +6061300    +11        -101     +7   24  28   84   -3   74   -2   74   -2  16  0  0 L3P C2
G20 FF 61044 190200  780 420  478    -3618244    -26        -104    -27   46 100  122  -14  126  +11  126   11  35  0  0 L3P 38
G25 FF 61044 190200  780 358 2244    -4520092     +7         -90    -15   44  71  139  -22   90   +8   90    8  32  0  0 L3P ED
G29 FF 61044 190200  780 212 2619    +3985082   -115         -80    -51   88  14  223  -45  141  +51  141   51  67  0  0 L3P 5A
G06 FF 61044 191800  780 272 1384    +5987554    -37         -78    -83   46  68  177  +41  160 +123  160  123  31  0  0 L3P 85
G11 FF 61044 191800  780 712 1369    +4857276   -162         -94    -29   19 149   86   +4   86  +28   86   28  13  0  0 L3P 50
G12 FF 61044 191800  780 825 1908    +6061320    +15         -85    +11   20  28   82   -1   73   -3   73   -3  14  0  0 L3P D9
G20 FF 61044 191800  780 473  562    -3618240    +30        -100    +29   45 100  111   -9  121  -25  121  -25  29  0  0 L3P 35
G21 FF 61044 191800  780 359  564    -3730938    -56         -86    +31   47  75  139  -17  151  -32  151  -32  35  0  0 L3P 59
G25 FF 61044 191800  780 422 2247    -4520063    +25         -83     +3   27  71  121  -16   89   -8   89   -8  23  0  0 L3P 04
G29 FF 61044 191800  780 256 2556    +3985047   -203         -54   -140   89  14  188  -31  116 +106  116  106  64  0  0 L3P A1
G05 FF 61044 193400  780 340  262    +2267002   +110        -109   +104   45  44  146  -27  163  -76  163  -76  29  0  0 L3P 6E
G06 FF 61044 193400  780 207 1374    +5987614    +39         -62     -6   47  68  228  +68  199  +66  199   66  33  0  0 L3P 6E
G11 FF 61044 193400  780 637 1411    +4857137   -129        -106     +4   24 149   91   +6  101   +4  101    4  16  0  0 L3P 11
G12 FF 61044 193400  780 882  948    +6061326    +16         -84    +11   25  28   81   +0   77   +0   77    0  19  0  0 L3P CC
G20 FF 61044 193400  780 516  668    -3618233     +8         -95     +7   32 100  104   -5  114  -11  114  -11  24  0  0 L3P 07
G21 FF 61044 193400  780 405  644    -3731029   -119         -94    -31   52  75  125  -11  146  +22  146   22  37  0  0 L3P 41
G25 FF 61044 193400  780 488 2264    -4520043    +31         -84     +8   39  71  108  -11   87   -6   87   -6  30  0  0 L3P 07
G29 FF 61044 193400  780 300 2492    +3984956    -71         -84     -7   56  14  162  -23  130  +11  130   11  43  0  0 L3P 32
G05 FF 61044 195000  780 409  309    +2267020    -15         -97    -22   43  44  124  -18  140  -12  140  -12  33  0  0 L3P 28
G11 FF 61044 195000  780 562 1417    +4857021   -121         -94    +12   21 149   98   +9  104   -6  104   -6  16  0  0 L3P 27
G12 FF 61044 195000  780 812  309    +6061332    -16         -82    -20   24  28   82   +2   84  +16   84   16  17  0  0 L3P E3
G20 FF 61044 195000  780 543  796    -3618240     +3        -103     +2   35 100  100   -2  116   -3  116   -3  26  0  0 L3P E5
G21 FF 61044 195000  780 443  739    -3731100    -79         -81     +8   39  75  116   -7  131  -10  131  -10  29  0  0 L3P 17
G25 FF 61044 195000  780 554 2304    -4520021    +26         -85     +3   26  71   99   -8   87   -6   87   -6  15  0  0 L3P E4
G29 FF 61044 195000  780 345 2427    +3984902    -56         -76     +7   37  14  143  -17  123  -11  123  -11  28  0  0 L3P 47
G05 FF 61044 200600  780 478  368    +2267029    +16         -92     +9   30  45  110  -12  130   -8  130   -8  24  0  0 L3P FC
G11 FF 61044 200600  780 490 1408    +4856894   -163         -91    -30   28 150  107  +12  122  +40  122   40  20  0  0 L3P 4E
G12 FF 61044 200600  780 732  232    +6061334    -12         -85    -16   19  48   85   +4   97  +25   97   25  13  0  0 L3P ED
G20 FF 61044 200600  780 549  934    -3618229     -3         -94     -4   39 110   99   +1  113   +6  113    6  29  0  0 L3P DB
G21 FF 61044 200600  780 467  846    -3731194    -65         -92    +22   27  76  112   -3  137  -13  137  -13  20  0  0 L3P 2A
G25 FF 61044 200600  780 615 2378    -4519999    +22         -84     -1   21  79   93   -5   88   -1   88   -1  15  0  0 L3P F3
G29 FF 61044 200600  780 390 2359    +3984845   -119         -74    -56   41  15  129  -13  115  +33  115   33  29  0  0 L3P 66
G05 FF 61044 202200  780 542  450    +2267028    -15        -100    -22   35  45  100   -8  129  +12  129   12  26  0  0 L3P 0F
G11 FF 61044 202200  780 422 1388    +4856759   -140         -99     -7   34 150  121  +16  143  +22  143   22  24  0  0 L3P 4C
G12 FF 61044 202200  780 650  194    +6061333    +25         -89    +21   35  48   90   +6  111   -4  111   -4  26  0  0 L3P DF
G20 FF 61044 202200  780 533 1065    -3618227    -12         -93    -13   26 110  101   +4  117  +10  117   10  21  0  0 L3P 10
G21 FF 61044 202200  780 473  960    -3731277    -99         -91    -11   27  76  110   +0  137  +16  137   16  20  0  0 L3P 1A
G25 FF 61044 202200  780 666 2506    -4519978     +7         -85    -16   25  79   89   -3   86  +13   86   13  19  0  0 L3P 15
G29 FF 61044 202200  780 437 2288    +3984753    -31        -106    +32   30  15  118  -11  141  -29  141  -29  21  0  0 L3P 5B
G05 FF 61044 203800  780 596  564    +2267026    -19        -108    -26   20  45   94   -5  128  +18  128   18  14  0  0 L3P 2D
G11 FF 61044 203800  780 357 1361    +4856647   -182         -84    -49   32 150  139  +22  156  +68  156   68  21  0  0 L3P 80
G12 FF 61044 203800  780 568  169    +6061331     -9         -96    -13   13  48   97   +9  132  +31  132   31   9  0  0 L3P F1
G20 FF 61044 203800  780 497 1174    -3618243    -26        -110    -27   26 110  106   +7  134  +34  134   34  19  0  0 L3P 48
G21 FF 61044 203800  780 462 1071    -3731374    -86        -103     +1   33  76  113   +4  152   +8  152    8  26  0  0 L3P 00
G25 FF 61044 203800  780 695 2702    -4519961    +22         -90     +0   29  79   87   -1   94   +7   94    7  23  0  0 L3P E3
G29 FF 61044 203800  780 486 2213    +3984701     -7         -96    +56   22  15  108   -8  128  -50  128  -50  15  0  0 L3P 3B
G05 FF 61044 205400  780 632  719    +2267026    -13        -115    -20   23  45   91   -2  133  +15  133   15  16  0  0 L3P 07
G11 FF 61044 205400  780 296 1330    +4856497   -157        -105    -24   43 150  164  +31  208  +63  208   63  31  0  0 L3P 77
G12 FF 61044 205400  780 487  151    +6061340    -44         -92    -49   35  48  108  +14  151  +74  151   74  25  0  0 L3P 31
G20 FF 61044 205400  780 447 1255    -3618240    +20        -109    +19   35 110  115  +11  149   +5  149    5  26  0  0 L3P 2E
G21 FF 61044 205400  780 433 1168    -3731449    -85         -94     +2   33  76  118   +8  155  +21  155   21  27  0  0 L3P 25
G25 FF 61044 205400  780 690 2929    -4519942    +34         -92    +11   23  79   87   +1  105   +4  105    4  16  0  0 L3P 03
G29 FF 61044 205400  780 535 2132    +3984639    -40         -97    +24   29  15  101   -7  130  -10  130  -10  20  0  0 L3P 2C
G05 FF 61044 211000  780 642  902    +2267030     -3        -118    -10   29  45   90   +0  131   +7  131    7  22  0  0 L3P C3
G11 FF 61044 211000  780 238 1294    +4856369   -130        -106     +3   41 150  200  +46  240  +34  240   34  31  0  0 L3P 45
G12 FF 61044 211000  780 408  138    +6061333    +18        -103    +13   33  48  124  +20  183  +12  183   12  23  0  0 L3P 18
G18 FF 61044 211000  780 274 2844    +4593356   -204        -115   -106   40 114  176  -30  194  +64  194   64  31  0  0 L3P 8C
G20 FF 61044 211000  780 390 1311    -3618245    -18        -114    -19   23 110  129  +17  170  +35  170   35  17  0  0 L3P 4B
G21 FF 61044 211000  780 392 1246    -3731538   -126        -100    -38   39  76  128  +13  173  +44  173   44  32  0  0 L3P 62
G25 FF 61044 211000  780 652 3117    -4519926    +16         -98     -7   22  79   89   +4  116  +14  116   14  16  0  0 L3P 19
G29 FF 61044 211000  780 585 2040    +3984564    -51        -111    +12   22  15   95   -5  134  -18  134  -18  15  0  0 L3P 36
G05 FF 61044 212600  780 622 1074    +2267027    -19        -126    -26   29  45   92   +3  143  +27  143   27  22  0  0 L3P 2B
G12 FF 61044 212600  780 331  129    +6061332    +42        -108    +38   45  48  148  +31  212   -4  212   -4  36  0  0 L3P 14
G18 FF 61044 212600  780 323 2775    +4593263    -94        -114     +4   53 114  152  -21  187  -19  187  -19  43  0  0 L3P 73
G20 FF 61044 212600  780 328 1346    -3618246    -15        -117    -16   35 110  150  +26  200  +48  200   48  25  0  0 L3P 51
G21 FF 61044 212600  780 341 1304    -3731620    -77         -98    +10   33  76  145  +21  195  +19  195   19  30  0  0 L3P 41
G25 FF 61044 212600  780 594 3244    -4519906     +8         -99    -15   28  79   94   +6  131  +30  131   30  20  0  0 L3P 1A
G29 FF 61044 212600  780 635 1930    +3984495    -40        -119    +24   23  15   91   -4  139  -16  139  -16  16  0  0 L3P 4F
G05 FF 61044 214200  780 579 1203    +2267042     +0        -118     -7   23  45   96   +6  149  +18  149   18  18  0  0 L3P 11
G18 FF 61044 214200  780 369 2700    +4593179   -125        -104    -28   64 114  135  -15  167   +5  167    5  45  0  0 L3P 62
G20 FF 61044 214200  780 264 1366    -3618247    +50        -118    +49   35 110  182  +42  237   +6  237    6  27  0  0 L3P 40
G21 FF 61044 214200  780 284 1346    -3731715    -61        -109    +26   46  76  170  +33  233  +19  233   19  33  0  0 L3P 53
G25 FF 61044 214200  780 526 3326    -4519886    +14        -102     -9   34  79  102  +10  151  +26  151   26  27  0  0 L3P 3F
G29 FF 61044 214200  780 682 1788    +3984427    -82        -126    -19   19  15   88   -3  143  +15  143   15  13  0  0 L3P 4B
G05 FF 61044 215800  780 523 1288    +2267050    -13        -117    -20   39  45  103   +9  167  +28  167   28  29  0  0 L3P 4C
G18 FF 61044 215800  780 413 2618    +4593081    -60        -108    +38   34 114  123  -11  166  -36  166  -36  25  0  0 L3P 79
G20 FF 61044 215800  780 200 1374    -3618224    -21         -97    -23   58 110  235  +72  274  +81  274   81  43  0  0 L3P 54
G21 FF 61044 215800  780 224 1372    -3731797   -142        -107    -54   39  76  211  +55  278  +92  278   92  28  0  0 L3P 88
G23 FF 61044 215800  780 233 3331    -5951379    -54         -96     -3   72 108  206  -61  271  -14  271  -14  51  0  0 L3P 59
G26 FF 61044 215800  780 177 2271    +3060646    +87         -79    +25   57  28  266  -63  256  -24  256  -24  37  0  0 L3P 74
G29 FF 61044 215800  780 720 1595    +3984368    -62        -123     +1   25  15   85   -2  145   +1  145    1  17  0  0 L3P 02
G05 FF 61044 221400  780 459 1339    +2267056    -51        -120    -58   37  46  113  +13  185  +56  185   56  25  0  0 L3P 60
G18 FF 61044 221400  780 454 2528    +4592996    -76        -100    +22   36 115  114   -8  161  -13  161  -13  28  0  0 L3P 65
G21 FF 61044 221400  780 163 1387    -3731864    -90         -92     -2   58  77  285 +105  319  +49  319   49  42  0  0 L3P 63
G26 FF 61044 221400  780 216 2323    +3060694    +19         -90    -42   54  34  220  -35  250  +18  250   18  40  0  0 L3P 31
G29 FF 61044 221400  780 741 1336    +3984310    -70        -118     -6   26  16   85   +0  150   +1  150    1  19  0  0 L3P EC
G05 FF 61044 223000  780 393 1367    +2267068    -32        -115    -39   29  46  128  +19  208  +63  208   63  21  0  0 L3P 5E
G15 FF 61044 223000  780 351  585    -3736631    +14        -117    +50   46  39  141  -17  243  -42  243  -42  38  0  0 L3P 4C
G18 FF 61044 223000  780 492 2430    +4592889    -64        -101    +33   32 116  107   -6  165   -8  165   -8  22  0  0 L3P 45
G26 FF 61044 223000  780 246 2385    +3060760    -20         -84    -82   49  34  194  -20  237  +55  237   55  37  0  0 L3P 4F
G29 FF 61044 223000  780 733 1053    +3984247    -80        -120    -17   28  16   85   +1  155  +21  155   21  18  0  0 L3P 2C
G05 FF 61044 224600  780 327 1378    +2267071    +30        -117    +23   35  46  150  +27  252  +35  252   35  26  0  0 L3P 4B
G15 FF 61044 224600  780 394  664    -3736654    -30        -106     +5   48  39  128  -11  233   -9  233   -9  33  0  0 L3P 2B
G18 FF 61044 224600  780 527 2323    +4592804   -106         -92     -8   23 116  102   -5  171   +7  171    7  17  0  0 L3P 20
G23 FF 61044 224600  780 451 3222    -5951526    -47        -102     +4   41 109  115  -15  216  -13  216  -13  33  0  0 L3P 4E
G26 FF 61044 224600  780 268 2456    +3060828     +8         -75    -53   64  34  180  -10  237  +21  237   21  48  0  0 L3P 3B
G29 FF 61044 224600  780 698  822    +3984184    -54        -121    +10   20  16   87   +3  169   +1  169    1  15  0  0 L3P 08
G05 FF 61044 230200  780 263 1377    +2267064    -40        -131    -46   39  46  183  +42  299  +87  299   87  27  0  0 L3P 76
G15 FF 61044 230200  780 429  755    -3736689     +0        -108    +36   36  39  119   -7  230  -37  230  -37  28  0  0 L3P 3F
G18 FF 61044 230200  780 558 2205    +4592718   -113         -84    -15   25 116   98   -3  163   +5  163    5  21  0  0 L3P 24
G23 FF 61044 230200  780 524 3161    -5951579    -48        -106     +3   19 109  103  -10  205  -18  205  -18  14  0  0 L3P 58
G26 FF 61044 230200  780 278 2534    +3060887    +25         -75    -37   56  34  174   -3  245  +32  245   32  42  0  0 L3P 3A
G29 FF 61044 230200  780 646  661    +3984119    -67        -125     -3   16  16   90   +4  186  +18  186   18  13  0  0 L3P 21
G05 FF 61044 231800  780 200 1367    +2267108    -56         -94    -63   49  46  236  +71  319 +105  319  105  35  0  0 L3P 71
G15 FF 61044 231800  780 450  857    -3736716    -56        -100    -21   37  39  115   -3  222  +11  222   11  25  0  0 L3P 24
G16 FF 61044 231800  780 162 2267    -1813668    -67         -62    +10   38  80  289  -61  281  -21  281  -21  35  0  0 L3P 60
G18 FF 61044 231800  780 584 2077    +4592616   -102         -93     -4   21 116   95   -3  168   +0  168    0  14  0  0 L3P 15
G23 FF 61044 231800  780 594 3078    -5951629    -55        -106     -4   30 109   94   -7  191   -2  191   -2  22  0  0 L3P 2B
G26 FF 61044 231800  780 276 2614    +3060935    +94         -86    +33   60  34  175   +4  272   -4  272   -4  49  0  0 L3P 29
G29 FF 61044 231800  780 584  549    +3984060    -53        -124    +11   30  16   95   +7  206  +15  206   15  22  0  0 L3P 20
G15 FF 61044 233400  780 456  963    -3736749    -34        -100     +1   41  39  114   +0  222   +4  222    4  28  0  0 L3P F0
G16 FF 61044 233400  780 192 2326    -1813767     +2         -87    +80   33  80  246  -33  291  -55  291  -55  24  0  0 L3P 4F
G18 FF 61044 233400  780 604 1937    +4592519   -109         -96    -11   22 116   93   -2  170  +16  170   16  16  0  0 L3P 4A
G23 FF 61044 233400  780 659 2958    -5951682    -38        -110    +13   21 109   89   -4  187   -4  187   -4  15  0  0 L3P 4B
G26 FF 61044 233400  780 263 2695    +3060997    +57         -83     -5   55  34  182  +12  296  +36  296   36  44  0  0 L3P 54
G29 FF 61044 233400  780 517  468    +3984001    -37        -122    +26   31  16  103  +10  233  +24  233   24  21  0  0 L3P 2B
