CGGTTS     GENERIC DATA FORMAT VERSION = 2E
REV DATE = 2024-12-02                    
RCVR = Septentrio PolaRx2 S/N 3252   R2CGGTTS v8.8    
CH = 20 
IMS = Septentrio PolaRx2 S/N 3252   
LAB = NMI Australia                 
X = -4648241.00 m 
Y = +2560636.48 m 
Z = -3526317.74 m 
FRAME = ITRF
COMMENTS =           IGS antenna SYDN              
INT DLY =  211.7 ns (GPS P1),  213.3 ns (GPS P2)     CAL_ID = 1015-2021           
CAB DLY = 2484.6 ns 
REF DLY =  338.6 ns
REF = UTC(AUS)                      
CKSUM = 82

SAT CL  MJD  STTIME TRKL ELV AZTH   REFSV      SRSV     REFSYS    SRSYS  DSG IOE MDTR SMDT MDIO SMDI MSIO SMSI ISG FR HC FRC CK
             hhmmss  s  .1dg .1dg    .1ns     .1ps/s     .1ns    .1ps/s .1ns     .1ns.1ps/s.1ns.1ps/s.1ns.1ps/s.1ns
G10 FF 61064 001000  780 596 2445    +5845497    +29         129     +5   18   5   94   -3  120   +9  120    9  13  0  0 L3P E0
G18 FF 61064 001000  780 507  915    +4432827   -105         111     -9   36 124  105   +6  146  +34  146   34  27  0  0 L3P 2B
G23 FF 61064 001000  780 555 1546    -6033824    -55          99     -6   28 112   98   +6  134  +24  134   24  20  0  0 L3P 13
G27 FF 61064 001000  780 408 2384     +249483    +67         119    -15   32   8  124  -11  138  +11  138   11  22  0  0 L3P 16
G32 FF 61064 001000  780 354 3463    +1495147   -194         110    -21   82   7  140  -28  201  -36  201  -36  66  0  0 L3P 46
G08 FF 61064 002600  780 192 2252    -5007428    +81          99    +36   35  11  246  -61  205  -34  205  -34  28  0  0 L3P 44
G10 FF 61064 002600  780 616 2286    +5845522    +56         131    +32   21   5   92   -1  127  -17  127  -17  14  0  0 L3P 13
G18 FF 61064 002600  780 462  818    +4432734   -107         111    -11   38 124  112   +9  173  +33  173   33  28  0  0 L3P 3E
G23 FF 61064 002600  780 503 1462    -6033863    -61         106    -12   27 112  105   +8  147  +29  147   29  18  0  0 L3P 41
G27 FF 61064 002600  780 445 2467     +249572    +77         129     -5   33   8  116   -7  134  +15  134   15  26  0  0 L3P 0B
G08 FF 61064 004200  780 238 2300    -5007364    +90         119    +44   41  11  201  -35  184  -38  184  -38  30  0  0 L3P 46
G10 FF 61064 004200  780 624 2117    +5845543    +14         129    -10   20   5   92   +0  131  +13  131   13  14  0  0 L3P E6
G18 FF 61064 004200  780 413  734    +4432644    -62         114    +35   42 124  123  +13  200   +8  200    8  29  0  0 L3P 07
G23 FF 61064 004200  780 452 1386    -6033907    -43         109     +6   29 112  114  +10  159  +19  159   19  20  0  0 L3P 42
G27 FF 61064 004200  780 468 2569     +249655    +81         134     -1   37   8  111   -3  135   +6  135    6  27  0  0 L3P E4
G32 FF 61064 004200  780 513 3434    +1494830   -233         125    -60   40   7  104  -12  155  +16  155   16  31  0  0 L3P 2F
G08 FF 61064 005800  780 276 2359    -5007307    +57         132    +11   52  11  175  -21  176  -15  176  -15  37  0  0 L3P 58
G10 FF 61064 005800  780 620 1950    +5845562    +26         125     +2   21   5   92   +1  138   -1  138   -1  16  0  0 L3P D7
G18 FF 61064 005800  780 361  660    +4432553    -79         115    +18   37 124  137  +18  225  +13  225   13  30  0  0 L3P 43
G23 FF 61064 005800  780 404 1315    -6033958    -24         106    +25   43 112  125  +13  188   +8  188    8  32  0  0 L3P 35
G27 FF 61064 005800  780 474 2681     +249734    +94         134    +12   35   8  110   +1  141   -3  141   -3  28  0  0 L3P F2
G32 FF 61064 005800  780 596 3411    +1494655   -185         116    -12   25   7   94   -8  155   -4  155   -4  17  0  0 L3P 21
G08 FF 61064 011400  780 305 2430    -5007281    +96         114    +51   43  11  160  -12  189  -31  189  -31  35  0  0 L3P 44
G10 FF 61064 011400  780 606 1792    +5845580    +36         121    +13   26   5   93   +2  148   -3  148   -3  20  0  0 L3P EF
G18 FF 61064 011400  780 306  596    +4432462    -54         117    +42   46 124  159  +27  263  +10  263   10  37  0  0 L3P 43
G23 FF 61064 011400  780 357 1247    -6034004    -32         106    +17   25 112  139  +16  215  +17  215   17  17  0  0 L3P 41
G27 FF 61064 011400  780 461 2794     +249804    +46         126    -36   32   8  113   +4  162  +42  162   42  25  0  0 L3P 0D
G32 FF 61064 011400  780 679 3378    +1494495   -178         121     -6   17   7   88   -5  144   -3  144   -3  15  0  0 L3P 14
G02 FF 61064 013000  780 157 2243     -231886   -131         148    -49   41   5  298 -117  227  +22  227   22  37  0  0 L3P 48
G08 FF 61064 013000  780 322 2511    -5007228     +6         124    -40   47  11  152   -5  188  +44  188   44  35  0  0 L3P 18
G10 FF 61064 013000  780 584 1648    +5845609    +40         126    +16   22   5   95   +3  153   -3  153   -3  16  0  0 L3P F3
G23 FF 61064 013000  780 312 1181    -6034041    -65         116    -16   41 112  156  +20  236  +43  236   43  32  0  0 L3P 35
G27 FF 61064 013000  780 433 2899     +249885   +114         128    +32   31   8  118   +8  176   -6  176   -6  21  0  0 L3P 1E
G32 FF 61064 013000  780 763 3322    +1494325   -151         117    +22   21   7   84   -3  142  -20  142  -20  16  0  0 L3P 11
G02 FF 61064 014600  780 221 2233     -232004    -31         108    +51   34   5  216  -62  234  -66  234  -66  24  0  0 L3P 15
G08 FF 61064 014600  780 327 2597    -5007179    +19         129    -26   38  11  150   +1  192  +32  192   32  32  0  0 L3P 39
G10 FF 61064 014600  780 557 1518    +5845640     -1         135    -25   29   5   98   +4  160  +32  160   32  21  0  0 L3P FA
G27 FF 61064 014600  780 392 2990     +249952    +85         116     +3   42   8  128  +13  213  +33  213   33  31  0  0 L3P 0F
G32 FF 61064 014600  780 844 3156    +1494158   -178         116     -5   22   7   82   -1  142   +0  142    0  16  0  0 L3P E6
G02 FF 61064 020200  780 287 2233     -232082    -69         105    +13   30   7  169  -38  212   -5  212   -5  22  0  0 L3P F6
G08 FF 61064 020200  780 318 2685    -5007146     +0         115    -46   47  20  154   +6  212  +56  212   56  34  0  0 L3P 16
G10 FF 61064 020200  780 526 1401    +5845655    +36         126    +12   27   6  102   +5  178   +9  178    9  20  0  0 L3P F7
G27 FF 61064 020200  780 343 3068     +250041    +76         126     -6   43   9  144  +20  239  +49  239   49  29  0  0 L3P 17
G32 FF 61064 020200  780 861 1915    +1493991   -165         114     +8   16   8   82   +1  144   +3  144    3  12  0  0 L3P E6
G02 FF 61064 021800  780 355 2244     -232142   -100         124    -18   36   7  140  -24  195   +5  195    5  29  0  0 L3P 04
G08 FF 61064 021800  780 298 2770    -5007092    +39         126     -7   47  20  163  +13  229  +28  229   28  40  0  0 L3P 43
G10 FF 61064 021800  780 493 1294    +5845680    +34         128    +10   29   6  107   +6  190  +12  190   12  20  0  0 L3P 17
G28 FF 61064 021800  780 323  233    +6069016    -15         107    +41   32 183  152  -30  319  -75  319  -75  23  0  0 L3P 53
G32 FF 61064 021800  780 785 1651    +1493823   -189         112    -16   15   8   83   +2  153  +13  153   13  10  0  0 L3P 1F
G02 FF 61064 023400  780 423 2270     -232227   -102         117    -20   27   7  121  -16  185   +3  185    3  20  0  0 L3P EF
G08 FF 61064 023400  780 268 2850    -5007058    +53         116     +8   35  20  179  +22  269  +31  269   31  28  0  0 L3P 3F
G10 FF 61064 023400  780 457 1195    +5845696    +48         121    +24   24   6  113   +7  209  +11  209   11  18  0  0 L3P 1F
G28 FF 61064 023400  780 391  276    +6068957    -41         102    +15   39 183  129  -20  289  -57  289  -57  28  0  0 L3P 80
G32 FF 61064 023400  780 707 1575    +1493654   -175         109     -2   16   8   86   +4  158   +7  158    7  10  0  0 L3P 00
G01 FF 61064 025000  780 196 2228    -3407780    +76         126    +34   50  65  241  -76  251  -51  251  -51  36  0  0 L3P 55
G02 FF 61064 025000  780 489 2319     -232315    -76         107     +6   24   7  108  -11  177  -27  177  -27  17  0  0 L3P 26
G10 FF 61064 025000  780 419 1104    +5845718    +18         120     -6   42   6  121   +9  228  +12  228   12  30  0  0 L3P F9
G28 FF 61064 025000  780 460  330    +6068907    -72         105    -17   29 183  113  -13  248  -31  248  -31  20  0  0 L3P 50
G31 FF 61064 025000  780 248   52    +1709640    -94         120    -73   55  96  194  -53  398  -26  398  -26  38  0  0 L3P 55
G32 FF 61064 025000  780 632 1523    +1493489   -184         110    -11   21   8   91   +6  162  +10  162   10  15  0  0 L3P 0B
G01 FF 61064 030600  780 259 2235    -3407729     +2         136    -40   34  65  186  -44  221   +7  221    7  25  0  0 L3P 0D
G02 FF 61064 030600  780 549 2400     -232397    -96         104    -14   25   7   99   -7  168   +8  168    8  19  0  0 L3P F6
G10 FF 61064 030600  780 380 1019    +5845746    +37         125    +13   36   6  132  +12  240  +11  240   11  26  0  0 L3P 16
G28 FF 61064 030600  780 526  403    +6068853    -28         105    +28   32 183  102   -9  215  -46  215  -46  25  0  0 L3P 49
G32 FF 61064 030600  780 560 1477    +1493319   -157         106    +16   17   8   98   +8  171   -2  171   -2  13  0  0 L3P 12
G01 FF 61064 032200  780 322 2253    -3407679     -8         146    -50   24  65  153  -27  195  +17  195   17  17  0  0 L3P 41
G02 FF 61064 032200  780 595 2522     -232470    -62         110    +20   16   7   94   -4  160  -19  160  -19  11  0  0 L3P F6
G10 FF 61064 032200  780 339  940    +5845776    -39         132    -62   36   6  145  +16  257  +60  257   60  26  0  0 L3P 35
G28 FF 61064 032200  780 584  506    +6068798    -90         103    -35   22 183   96   -6  195   -2  195   -2  17  0  0 L3P 2B
G31 FF 61064 032200  780 392   93    +1709607    -77         126    -57   31  96  129  -21  269  -20  269  -20  22  0  0 L3P 40
G32 FF 61064 032200  780 492 1432    +1493167   -178         120     -6   26   8  107  +11  176  +16  176   16  19  0  0 L3P 38
G01 FF 61064 033800  780 384 2287    -3407655    +30         130    -12   28  65  131  -18  183   -7  183   -7  23  0  0 L3P 35
G02 FF 61064 033800  780 619 2684     -232552    -84         106     -2   22   7   92   -1  157   +5  157    5  16  0  0 L3P CF
G10 FF 61064 033800  780 297  866    +5845794     +7         127    -17   69   6  163  +22  284  +45  284   45  48  0  0 L3P 40
G28 FF 61064 033800  780 627  649    +6068742    -60         101     -4   26 183   92   -3  176  -11  176  -11  21  0  0 L3P 2A
G31 FF 61064 033800  780 468  119    +1709581    -21         120     -1   28  96  112  -15  225  -47  225  -47  19  0  0 L3P 38
G32 FF 61064 033800  780 428 1388    +1492987   -207         106    -34   25   8  119  +15  194  +40  194   40  18  0  0 L3P 5E
G01 FF 61064 035400  780 441 2340    -3407614    +55         131    +12   19  65  117  -12  170  -26  170  -26  13  0  0 L3P 3B
G02 FF 61064 035400  780 614 2862     -232629    -85         108     -3   30   7   93   +2  161   +9  161    9  22  0  0 L3P C9
G03 FF 61064 035400  780 188 2336    -5900888   +103         120     -1   58  51  250  -67  246  -27  246  -27  45  0  0 L3P 64
G28 FF 61064 035400  780 646  828    +6068692    -29         103    +27   18 183   90   +0  167  -22  167  -22  13  0  0 L3P 45
G31 FF 61064 035400  780 544  156    +1709558    -42         117    -21   23  96  100  -10  194  -18  194  -18  16  0  0 L3P 47
G32 FF 61064 035400  780 367 1342    +1492829   -216         113    -43   43   8  136  +19  211  +69  211   69  34  0  0 L3P 50
G01 FF 61064 041000  780 491 2418    -3407577    +35         132     -7   27  66  108   -8  157  -11  157  -11  20  0  0 L3P 2D
G02 FF 61064 041000  780 581 3019     -232713   -117         104    -35   24   8   96   +5  168  +26  168   26  17  0  0 L3P 11
G03 FF 61064 041000  780 241 2294    -5900776   +121         131    +16   35  52  199  -43  208  -50  208  -50  28  0  0 L3P 5F
G28 FF 61064 041000  780 634 1010    +6068638    -81         107    -25   23 184   91   +2  158   +9  158    9  17  0  0 L3P 1C
G31 FF 61064 041000  780 620  213    +1709535    -26         114     -5   22  97   92   -7  176  -21  176  -21  15  0  0 L3P 04
G32 FF 61064 041000  780 310 1295    +1492654   -145         104    +28   33   9  157  +26  235   +3  235    3  26  0  0 L3P 18
G01 FF 61064 043800  780 544 2617    -3407529    +20         110    -22   24  66  100   -2  150   +8  150    8  19  0  0 L3P FD
G02 FF 61064 043800  780 482 3204     -232865    -92          90    -10   36   8  109  +11  189   +8  189    8  30  0  0 L3P FA
G03 FF 61064 043800  780 341 2227    -5900629   +114         102     +9   36  52  145  -23  187  -32  187  -32  27  0  0 L3P 56
G04 FF 61064 043800  780 229 2749     -400423    -11         116    +12   38 114  208  -40  255  -47  255  -47  31  0  0 L3P 4F
G28 FF 61064 043800  780 558 1232    +6068529    -73          92    -18   23 184   98   +7  161  +11  161   11  17  0  0 L3P 38
G31 FF 61064 043800  780 733  446    +1709486    -47         100    -26   19  97   85   -2  147   -4  147   -4  13  0  0 L3P 10
G01 FF 61064 045400  780 546 2753    -3407499    +46          99     +3   24  66  100   +1  154   -3  154   -3  18  0  0 L3P 02
G03 FF 61064 045400  780 403 2193    -5900526   +110         105     +5   26  52  126  -17  163  -18  163  -18  19  0  0 L3P 4A
G04 FF 61064 045400  780 274 2683     -400460     +9         100    +32   39 114  177  -27  229  -49  229  -49  29  0  0 L3P 53
G28 FF 61064 045400  780 497 1301    +6068485    -39         101    +16   24 184  106  +10  162   -3  162   -3  19  0  0 L3P 41
G31 FF 61064 045400  780 764  734    +1709460    -39          94    -19   20  97   84   +0  140   +7  140    7  15  0  0 L3P E7
G01 FF 61064 051000  780 526 2885    -3407457    +56         101    +14   24  66  102   +4  155   -7  155   -7  18  0  0 L3P 1B
G02 FF 61064 051000  780 347 3325     -233027    -76          85     +6   36   8  142  +25  238  +23  238   23  28  0  0 L3P FE
G03 FF 61064 051000  780 469 2165    -5900432   +121          99    +16   28  52  111  -13  153  -25  153  -25  21  0  0 L3P 45
G04 FF 61064 051000  780 317 2614     -400469    -27         113     -4   28 114  154  -20  194  -28  194  -28  21  0  0 L3P 3A
G26 FF 61064 051000  780 309  570    +3161731    +86          91    +27   64  90  158  -22  257  -53  257  -53  49  0  0 L3P 45
G28 FF 61064 051000  780 432 1341    +6068430   -113         100    -57   23 184  118  +15  175  +57  175   57  17  0  0 L3P 68
G31 FF 61064 051000  780 747 1046    +1709436    -20          89     +1   22  97   84   +2  139   -2  139   -2  15  0  0 L3P E9
G01 FF 61064 052600  780 489 2998    -3407424    +22          93    -20   24  66  108   +8  165  +14  165   14  17  0  0 L3P 33
G03 FF 61064 052600  780 538 2143    -5900336    +82          94    -23   16  52  101  -10  142   -4  142   -4  13  0  0 L3P 09
G04 FF 61064 052600  780 360 2540     -400487    -19         117     +4   33 114  138  -15  171  -24  171  -24  23  0  0 L3P 32
G26 FF 61064 052600  780 352  642    +3161785    +51          88     -8   39  90  141  -15  226  -23  226  -23  34  0  0 L3P 2A
G28 FF 61064 052600  780 365 1360    +6068368   -109          91    -54   41 184  136  +22  196  +50  196   50  28  0  0 L3P 72
G31 FF 61064 052600  780 696 1234    +1709422    -11          95     +9   18  97   87   +4  134   -9  134   -9  15  0  0 L3P 00
G01 FF 61064 054200  780 439 3090    -3407392    +70          84    +28   26  66  117  +12  180   -3  180   -3  19  0  0 L3P 1D
G03 FF 61064 054200  780 611 2132    -5900239   +103          91     -2   20  52   93   -7  130   -7  130   -7  15  0  0 L3P E0
G04 FF 61064 054200  780 402 2462     -400531    -14          94     +8   27 114  126  -11  169  -20  169  -20  21  0  0 L3P 19
G26 FF 61064 054200  780 389  723    +3161843    +45          89    -14   47  90  129   -9  200   -9  200   -9  39  0  0 L3P 13
G28 FF 61064 054200  780 299 1366    +6068320     -1          96    +54   24 184  162  +33  211  -24  211  -24  18  0  0 L3P 44
G31 FF 61064 054200  780 631 1324    +1709395    -55          88    -34   24  97   91   +6  137  +32  137   32  18  0  0 L3P 22
G01 FF 61064 055800  780 382 3163    -3407336    +38         100     -4   33  66  131  +18  191  +29  191   29  24  0  0 L3P 36
G03 FF 61064 055800  780 687 2138    -5900137    +88          92    -16   16  52   87   -5  123   +6  123    6  12  0  0 L3P FF
G04 FF 61064 055800  780 443 2379     -400544    -15         104     +7   18 114  116   -9  153  -12  153  -12  12  0  0 L3P 22
G26 FF 61064 055800  780 415  815    +3161908    +61          97     +2   30  90  123   -5  181  -11  181  -11  23  0  0 L3P 05
G28 FF 61064 055800  780 235 1360    +6068262     +5          93    +61   40 184  202  +52  247  -10  247  -10  32  0  0 L3P 3B
G31 FF 61064 055800  780 562 1364    +1709383    -18          95     +2   25  97   98   +8  141   +7  141    7  19  0  0 L3P F8
G01 FF 61064 061400  780 321 3222    -3407296    +74         100    +32   44  67  152  +27  223  +16  223   16  32  0  0 L3P 2D
G03 FF 61064 061400  780 764 2190    -5900040   +106          85     +1   17   5   84   -3  121   -2  121   -2  12  0  0 L3P C9
G04 FF 61064 061400  780 484 2291     -400567    -29         102     -6   24 115  109   -7  151   -1  151   -1  18  0  0 L3P FE
G09 FF 61064 061400  780 206 2499    -7704371     +2         121     +2   54  37  229  -49  215  -12  215  -12  39  0  0 L3P 34
G26 FF 61064 061400  780 428  913    +3161953    +74          83    +15   20  91  119   -1  175  -15  175  -15  16  0  0 L3P 25
G28 FF 61064 061400  780 173 1347    +6068244    +37         131    +93   40 185  270  +93  260  -29  260  -29  30  0  0 L3P 70
G31 FF 61064 061400  780 493 1377    +1709350    -16          83     +4   20  98  107  +11  157  +14  157   14  16  0  0 L3P 23
G03 FF 61064 063000  780 834 2437    -5899934   +108          91     +4   12   5   82   -1  116   -2  116   -2   9  0  0 L3P DD
G04 FF 61064 063000  780 524 2194     -400579    -12         111    +11   20 115  103   -6  137   -9  137   -9  15  0  0 L3P 08
G09 FF 61064 063000  780 252 2443    -7704352    +40         140    +40   42  37  190  -34  182  -35  182  -35  33  0  0 L3P 4A
G16 FF 61064 063000  780 398  550    -1940682    -82          94     -7   36  16  127  -14  187  -15  187  -15  27  0  0 L3P 3E
G26 FF 61064 063000  780 427 1012    +3162021    +92          94    +33   37  91  120   +2  164  -22  164  -22  29  0  0 L3P 19
G31 FF 61064 063000  780 425 1375    +1709341    -29          94     -9   34  98  120  +16  165  +32  165   32  24  0  0 L3P 29
G03 FF 61064 064600  780 836 3233    -5899825   +104         100     -1   15   5   82   +1  112   +8  112    8  10  0  0 L3P E0
G04 FF 61064 064600  780 562 2088     -400603    -20         109     +2   19 115   98   -4  134  -10  134  -10  13  0  0 L3P 08
G09 FF 61064 064600  780 299 2386    -7704371    -17         121    -17   30  37  163  -25  180   +3  180    3  21  0  0 L3P 2B
G16 FF 61064 064600  780 445  633    -1940749    -58         100    +17   44  16  116   -9  165  -33  165  -33  34  0  0 L3P 41
G26 FF 61064 064600  780 410 1105    +3162094    +60         110     +1   25  91  124   +6  162  +10  162   10  16  0  0 L3P F8
G31 FF 61064 064600  780 360 1362    +1709324    -33          97    -13   37  98  138  +22  186  +39  186   39  26  0  0 L3P 53
G03 FF 61064 070200  780 763 3504    -5899730   +117          95    +13   19   5   84   +3  118   -6  118   -6  13  0  0 L3P 08
G04 FF 61064 070200  780 598 1967     -400621    -15         113     +8   24 115   94   -3  124  -13  124  -13  17  0  0 L3P 13
G06 FF 61064 070200  780 141 2357    +6053279    +39         119     +6   44  30  329  -20  243  -10  243  -10  31  0  0 L3P 30
G09 FF 61064 070200  780 348 2329    -7704382     -7         110     -7   41  37  142  -19  173   -8  173   -8  31  0  0 L3P 1A
G16 FF 61064 070200  780 482  731    -1940818    -48         103    +27   32  16  109   -5  153  -27  153  -27  22  0  0 L3P 32
G26 FF 61064 070200  780 380 1186    +3162146    +45         106    -14   35  91  132  +11  177  +22  177   22  25  0  0 L3P 3A
G31 FF 61064 070200  780 298 1341    +1709317    +71         110    +91   35  98  163  +31  199  -38  199  -38  24  0  0 L3P 6A
G03 FF 61064 071800  780 680 3570    -5899630   +113          94     +8   21   5   88   +5  131   +8  131    8  16  0  0 L3P EB
G04 FF 61064 071800  780 630 1828     -400656    -40         100    -17   16 115   91   -2  134   +9  134    9  12  0  0 L3P F2
G06 FF 61064 071800  780 144 2428    +6053314    +41         122     +8   57  30  321   +3  241   -4  241   -4  41  0  0 L3P F2
G09 FF 61064 071800  780 400 2272    -7704382    +16         110    +16   34  37  126  -14  162  -19  162  -19  25  0  0 L3P 51
G16 FF 61064 071800  780 504  844    -1940887    -91         105    -16   25  16  105   -2  149  +11  149   11  18  0  0 L3P 2C
G26 FF 61064 071800  780 339 1251    +3162202    +93         105    +33   53  91  145  +17  193   -7  193   -7  42  0  0 L3P 32
G31 FF 61064 071800  780 239 1314    +1709299     +6         111    +27   49  98  199  +46  236  +16  236   16  37  0  0 L3P 54
G03 FF 61064 073400  780 596 3593    -5899520    +94         104    -11   20   5   94   +8  137  +32  137   32  14  0  0 L3P 21
G04 FF 61064 073400  780 654 1666     -400674    -21         103     +2   19 115   89   -1  130   +9  130    9  15  0  0 L3P E4
G06 FF 61064 073400  780 138 2499    +6053358    +36         134     +3   40  30  335  +27  242  +20  242   20  34  0  0 L3P 29
G07 FF 61064 073400  780 253 2887    +1395264   +116         104    +65   66  66  190  -38  219  -56  219  -56  48  0  0 L3P 8F
G09 FF 61064 073400  780 454 2213    -7704380    +29         111    +29   19  37  114  -11  145  -28  145  -28  14  0  0 L3P 57
G16 FF 61064 073400  780 509  964    -1940953    -54         111    +21   32  16  105   +1  145  -18  145  -18  24  0  0 L3P 2F
G26 FF 61064 073400  780 291 1301    +3162265    -11         111    -70   46  91  166  +27  209  +73  209   73  34  0  0 L3P 44
G31 FF 61064 073400  780 182 1282    +1709283     -7         115    +13   57  98  257  +76  269  +34  269   34  44  0  0 L3P 55
G03 FF 61064 075000  780 512    4    -5899407   +141         116    +37   31   5  104  +13  154  +10  154   10  21  0  0 L3P F3
G04 FF 61064 075000  780 667 1482     -400690     -1         110    +22   23 115   88   +0  131   -9  131   -9  16  0  0 L3P E7
G07 FF 61064 075000  780 305 2823    +1395309    +59         100     +8   44  66  160  -25  198  -16  198  -16  34  0  0 L3P 54
G09 FF 61064 075000  780 511 2153    -7704371     +8         121     +8   16  37  104   -9  136   -8  136   -8  12  0  0 L3P FA
G16 FF 61064 075000  780 494 1077    -1941023    -43         113    +32   25  16  107   +4  151   -3  151   -3  20  0  0 L3P 04
G26 FF 61064 075000  780 238 1337    +3162322   +134         112    +75   45  91  200  +45  237  -11  237  -11  38  0  0 L3P 57
G03 FF 61064 080600  780 429   10    -5899297   +205         119   +101   47  11  119  +19  181  -52  181  -52  40  0  0 L3P 58
G04 FF 61064 080600  780 666 1287     -400699    -22         121     +1   25 116   89   +1  131   +5  131    5  19  0  0 L3P E7
G07 FF 61064 080600  780 355 2752    +1395381    +38         123    -13   53  67  140  -18  171   +1  171    1  40  0  0 L3P 1D
G09 FF 61064 080600  780 571 2087    -7704360     +9         136     +9   19  38   97   -7  131   -8  131   -8  14  0  0 L3P 03
G16 FF 61064 080600  780 463 1174    -1941081   -104         132    -29   30  17  112   +7  152  +39  152   39  22  0  0 L3P 3E
G26 FF 61064 080600  780 181 1361    +3162400    +88         130    +29   38  92  258  +80  270  +21  270   21  28  0  0 L3P 42
G03 FF 61064 082200  780 349   15    -5899198    +80         119    -24   87  11  141  +29  222  +39  222   39  67  0  0 L3P 3F
G04 FF 61064 082200  780 649 1100     -400731    -18         112     +5   25 116   90   +2  141   -8  141   -8  18  0  0 L3P E1
G07 FF 61064 082200  780 403 2673    +1395431    +27         124    -25   38  67  125  -13  160   -7  160   -7  28  0  0 L3P 33
G09 FF 61064 082200  780 633 2011    -7704360    -22         136    -22   15  38   91   -5  127   +2  127    2  11  0  0 L3P ED
G16 FF 61064 082200  780 420 1249    -1941157    -82         129     -7   24  17  121  +12  169  +14  169   14  20  0  0 L3P 32
G03 FF 61064 083800  780 272   21    -5899089   +199         127    +94   55  11  177  +46  251  -29  251  -29  43  0  0 L3P 6A
G04 FF 61064 083800  780 617  939     -400756    -45         108    -22   19 116   92   +3  144  +19  144   19  13  0  0 L3P 1F
G07 FF 61064 083800  780 450 2586    +1395478    +39         122    -12   30  67  115   -9  143  +10  143   10  23  0  0 L3P 35
G09 FF 61064 083800  780 696 1913    -7704361    -17         135    -17   10  38   87   -4  118   +4  118    4   9  0  0 L3P 09
G16 FF 61064 083800  780 368 1305    -1941219    -64         138    +11   32  17  135  +18  174   +6  174    6  23  0  0 L3P 2C
G30 FF 61064 083800  780 183 2748     -980269   -153         130    -29   70 112  257  -65  244   -9  244   -9  56  0  0 L3P 66
G03 FF 61064 085400  780 199   30    -5898966    +98         149     -6   67  11  237  +84  287  +50  287   50  53  0  0 L3P 4A
G04 FF 61064 085400  780 573  806     -400771    -17         115     +6   28 116   96   +5  142   +0  142    0  20  0  0 L3P CD
G07 FF 61064 085400  780 493 2488    +1395527    +37         122    -15   26  67  107   -7  131   +7  131    7  19  0  0 L3P 26
G09 FF 61064 085400  780 758 1758    -7704363     +0         134     +0   17  38   84   -2  112   -7  112   -7  14  0  0 L3P F1
G16 FF 61064 085400  780 312 1342    -1941292    -93         137    -18   29  17  156  +27  193  +30  193   30  21  0  0 L3P 4E
G30 FF 61064 085400  780 229 2689     -980382    -71         136    +53   49 112  208  -41  199  -78  199  -78  33  0  0 L3P 8A
G04 FF 61064 091000  780 522  698     -400789     -6         119    +17   28 116  103   +8  147   -1  147   -1  20  0  0 L3P F9
G07 FF 61064 091000  780 532 2379    +1395571    +35         117    -16   19  67  101   -5  130   +6  130    6  14  0  0 L3P 0B
G08 FF 61064 091000  780 292  644    -5005990    +38         103     -7   54  38  166  -23  242   -9  242   -9  45  0  0 L3P 1E
G09 FF 61064 091000  780 806 1446    -7704369    +30         127    +30   16  38   82   -1  114  -25  114  -25  11  0  0 L3P 29
G16 FF 61064 091000  780 253 1365    -1941380   -140         122    -65   52  17  189  +43  227  +73  227   73  33  0  0 L3P 60
G21 FF 61064 091000  780 150 2227    -3864618    -54         151    +17   49  92  311  -93  226  -34  226  -34  35  0  0 L3P 5D
G27 FF 61064 091000  780 247  992     +252160    +99         138    +17   44  15  193   -9  231  -35  231  -35  34  0  0 L3P 2B
G30 FF 61064 091000  780 275 2626     -980524   -167         112    -43   44 112  176  -28  188   -6  188   -6  37  0  0 L3P 5C
G04 FF 61064 092600  780 465  611     -400811    -20         118     +3   38 116  112  +11  162  +11  162   11  28  0  0 L3P FF
G07 FF 61064 092600  780 567 2256    +1395626    +58         122     +7   17  67   97   -4  122  -16  122  -16  13  0  0 L3P 31
G08 FF 61064 092600  780 331  717    -5005934     +9         115    -36   50  38  148  -15  215   +5  215    5  39  0  0 L3P 0A
G09 FF 61064 092600  780 808  934    -7704365     +0         132     +0   21  38   82   +1  112   -7  112   -7  14  0  0 L3P CE
G16 FF 61064 092600  780 192 1376    -1941416   -104         157    -29   62  17  244  +75  238  +77  238   77  53  0  0 L3P 7F
G21 FF 61064 092600  780 192 2277    -3864704    +43         132   +114   39  92  246  -48  215 -114  215 -114  30  0  0 L3P 8F
G30 FF 61064 092600  780 321 2560     -980631   -112         124    +12   62 112  153  -20  157  -43  157  -43  43  0  0 L3P 54
G04 FF 61064 094200  780 405  541     -400852    -80         100    -58   39 116  125  +16  189  +62  189   62  28  0  0 L3P 3F
G07 FF 61064 094200  780 596 2119    +1395661    +54         109     +3   19  67   94   -3  125   -5  125   -5  14  0  0 L3P 0C
G08 FF 61064 094200  780 363  799    -5005882    +28         124    -17   51  38  137   -9  189   -4  189   -4  36  0  0 L3P 39
G09 FF 61064 094200  780 758  602    -7704378    -24         118    -24   23  38   84   +2  117  +22  117   22  18  0  0 L3P 1E
G21 FF 61064 094200  780 226 2337    -3864789    -33         115    +37   29  92  210  -27  200  -51  200  -51  23  0  0 L3P 54
G30 FF 61064 094200  780 367 2492     -980755   -130         119     -6   41 112  136  -15  139   -6  139   -6  30  0  0 L3P 3C
G07 FF 61064 095800  780 617 1967    +1395706    +32         104    -19   18  67   92   -2  131  +21  131   21  13  0  0 L3P 29
G08 FF 61064 095800  780 383  888    -5005852    +42         110     -3   48  38  131   -4  186   -4  186   -4  34  0  0 L3P 13
G09 FF 61064 095800  780 690  447    -7704380     +6         116     +6   24  38   87   +4  124   +0  124    0  17  0  0 L3P D3
G21 FF 61064 095800  780 250 2406    -3864845    -97         127    -26   30  92  191  -14  177   +4  177    4  25  0  0 L3P 40
G30 FF 61064 095800  780 413 2419     -980878   -115         115     +9   32 112  123  -12  137   -8  137   -8  25  0  0 L3P 3D
G07 FF 61064 101400  780 629 1802    +1395769    +50         114     -2   27  68   91   -1  132   +3  132    3  19  0  0 L3P E9
G08 FF 61064 101400  780 391  982    -5005811    +23         109    -23   34  39  129   +0  189  +19  189   19  25  0  0 L3P 31
G09 FF 61064 101400  780 615  361    -7704385    +24         111    +24   32  44   92   +7  140   -4  140   -4  22  0  0 L3P E5
G14 FF 61064 101400  780 334 3099    -7307034    -73         109    -51   52  84  148  -26  192  +10  192   10  35  0  0 L3P 47
G21 FF 61064 101400  780 263 2483    -3864915    -61         129     +9   37  93  182   -5  177   +0  177    0  30  0  0 L3P 0B
G27 FF 61064 101400  780 211 1278     +252487   +103         148    +22   38  16  224  +31  231   +5  231    5  31  0  0 L3P 07
G30 FF 61064 101400  780 459 2342     -981003   -107         122    +17   24   1  113   -9  134   -1  134   -1  18  0  0 L3P EE
G05 FF 61064 103000  780 124 2293    +2278141    +32         128    +25   40  69  371  -53  234  -30  234  -30  28  0  0 L3P 42
G07 FF 61064 103000  780 631 1632    +1395821    +34         117    -17   21  68   91   +0  128  +10  128   10  15  0  0 L3P 0A
G08 FF 61064 103000  780 384 1074    -5005757    +57         119    +12   65  39  130   +4  186   -8  186   -8  47  0  0 L3P 30
G09 FF 61064 103000  780 539  304    -7704377    -14         119    -14   34  44  100  +10  149  +20  149   20  26  0  0 L3P 25
G14 FF 61064 103000  780 398 3043    -7307037   -113         128    -90   45  84  127  -17  151  +39  151   39  33  0  0 L3P 5F
G21 FF 61064 103000  780 264 2563    -3864982    -75         130     -5   33  93  182   +3  177   +4  177    4  27  0  0 L3P 0E
G30 FF 61064 103000  780 505 2259     -981126   -157         118    -33   25   1  105   -7  136  +19  136   19  17  0  0 L3P 21
G05 FF 61064 104600  780 137 2358    +2278165    +23         145    +16   51  69  337  -20  217  -21  217  -21  37  0  0 L3P 54
G07 FF 61064 104600  780 622 1464    +1395867    +57         114     +6   29  68   92   +1  125   -5  125   -5  21  0  0 L3P 04
G08 FF 61064 104600  780 364 1158    -5005703    +10         130    -36   50  39  137   +9  185  +31  185   31  39  0  0 L3P 33
G09 FF 61064 104600  780 462  264    -7704392     -6         105     -6   39  44  112  +15  176  +23  176   23  29  0  0 L3P 1C
G14 FF 61064 104600  780 459 2975    -7307073    -31         114     -9   33  84  113  -12  144  -10  144  -10  24  0  0 L3P 3B
G21 FF 61064 104600  780 254 2643    -3865052    -60         127    +10   52  93  189  +11  179   -4  179   -4  39  0  0 L3P 3F
G30 FF 61064 104600  780 552 2166     -981251   -159         112    -35   25   1   99   -6  135  +21  135   21  19  0  0 L3P 11
G05 FF 61064 110200  780 140 2427    +2278174    +19         148    +12   51  69  330   +4  214   +2  214    2  39  0  0 L3P FC
G07 FF 61064 110200  780 602 1309    +1395914    +50         112     -1   31  68   94   +2  131   +7  131    7  24  0  0 L3P D4
G08 FF 61064 110200  780 331 1231    -5005652    +78         137    +33   40  39  148  +15  191  -11  191  -11  33  0  0 L3P 3E
G09 FF 61064 110200  780 386  235    -7704361    +29         136    +29   53  44  130  +22  175  +22  175   22  40  0  0 L3P 2D
G14 FF 61064 110200  780 518 2892    -7307082    +33         127    +56   40  84  103   -8  127  -50  127  -50  30  0  0 L3P 3B
G21 FF 61064 110200  780 233 2720    -3865116    -42         131    +28   42  93  204  +21  191   -4  191   -4  32  0  0 L3P 17
G22 FF 61064 110200  780 336 3008     +551274    -78         130    -33   44 104  147  -23  169   +9  169    9  37  0  0 L3P 29
G30 FF 61064 110200  780 597 2061     -981354   -113         129    +11   21   1   94   -4  118  -12  118  -12  16  0  0 L3P 0A
G05 FF 61064 111800  780 134 2497    +2278196    -31         163    -38   73  69  345  +28  215  +31  215   31  48  0  0 L3P 5A
G07 FF 61064 111800  780 573 1169    +1395980    +36         129    -16   27  68   96   +4  127  +24  127   24  20  0  0 L3P 38
G08 FF 61064 111800  780 289 1290    -5005600    +19         146    -27   66  39  167  +25  203  +35  203   35  45  0  0 L3P 4D
G09 FF 61064 111800  780 311  213    -7704372    -65         125    -65   59  44  157  +34  217  +79  217   79  42  0  0 L3P 4E
G13 FF 61064 111800  780 170 2209    -6887752    +26         152    +15   74  64  277  -98  218  -15  218  -15  53  0  0 L3P 71
G14 FF 61064 111800  780 572 2788    -7307103    -57         127    -34   24  84   97   -6  126  +19  126   19  17  0  0 L3P 40
G21 FF 61064 111800  780 204 2793    -3865162     -9         152    +61   60  93  231  +36  199  -31  199  -31  41  0  0 L3P 50
G22 FF 61064 111800  780 392 2944     +551227    +30         126    +74   37 104  129  -16  158  -78  158  -78  24  0  0 L3P 69
G30 FF 61064 111800  780 641 1935     -981471   -117         130     +7   18   1   90   -3  115  -11  115  -11  13  0  0 L3P F7
G07 FF 61064 113400  780 537 1046    +1396025    +71         125    +20   33  68  101   +5  143   -5  143   -5  22  0  0 L3P 07
G08 FF 61064 113400  780 240 1335    -5005550    +41         152     -4   57  39  199  +41  222  +38  222   38  48  0  0 L3P 33
G13 FF 61064 113400  780 231 2217    -6887751    +16         143     +5   45  64  207  -54  195  -55  195  -55  32  0  0 L3P 55
G14 FF 61064 113400  780 619 2658    -7307126    -41         126    -18   23  84   92   -4  122   +2  122    2  16  0  0 L3P FA
G22 FF 61064 113400  780 446 2868     +551189    -55         130    -11   35 104  116  -11  143   -7  143   -7  28  0  0 L3P 2D
G30 FF 61064 113400  780 678 1777     -981588   -141         132    -17   18   1   88   -2  110   +1  110    1  13  0  0 L3P E9
G07 FF 61064 115000  780 496  938    +1396084    +75         135    +24   33  68  107   +7  145   +4  145    4  23  0  0 L3P 0C
G08 FF 61064 115000  780 186 1368    -5005532    +38         126     -7   75  39  252  +73  271  +29  271   29  54  0  0 L3P 4A
G13 FF 61064 115000  780 292 2236    -6887742    -17         140    -28   31  64  167  -33  166   -3  166   -3  25  0  0 L3P 3F
G14 FF 61064 115000  780 654 2498    -7307157     -9         116    +14   22  84   89   -2  123  -15  123  -15  18  0  0 L3P 28
G22 FF 61064 115000  780 496 2779     +551151    -40         135     +5   33 104  107   -8  130  -10  130  -10  25  0  0 L3P 13
G30 FF 61064 115000  780 705 1578     -981713   -143         126    -19   20   1   86   -1  110   +9  110    9  14  0  0 L3P E1
G07 FF 61064 120600  780 450  845    +1396127    +72         129    +21   37  69  115  +10  166   +4  166    4  25  0  0 L3P 12
G13 FF 61064 120600  780 351 2269    -6887733     -8         141    -20   31  75  141  -21  149   +0  149    0  22  0  0 L3P 0D
G14 FF 61064 120600  780 676 2308    -7307165     -4         130    +19   26  85   88   -1  110  -11  110  -11  19  0  0 L3P 13
G22 FF 61064 120600  780 541 2675     +551096    -48         125     -4   25 105  100   -6  130   -8  130   -8  19  0  0 L3P 01
G30 FF 61064 120600  780 714 1344     -981831   -121         129     +3   25   2   86   +0  110   +0  110    0  17  0  0 L3P B5
G07 FF 61064 122200  780 402  764    +1396187    +82         139    +31   51  69  126  +13  175   -9  175   -9  37  0  0 L3P 33
G13 FF 61064 122200  780 407 2320    -6887727     +6         136     -5   39  75  125  -14  135  -22  135  -22  30  0  0 L3P 2F
G14 FF 61064 122200  780 680 2104    -7307193    -18         124     +5   22  85   88   +0  117   -4  117   -4  16  0  0 L3P F2
G15 FF 61064 122200  780 142 2232    -3795696     -5         140    +31   55  28  328  -99  221  -70  221  -70  40  0  0 L3P 45
G22 FF 61064 122200  780 580 2552     +551054    -35         125     +9   24 105   96   -4  124  -12  124  -12  17  0  0 L3P 0A
G30 FF 61064 122200  780 701 1110     -981947   -143         132    -20   26   2   86   +1  111  +12  111   12  17  0  0 L3P E7
G07 FF 61064 123800  780 350  692    +1396236     +3         139    -48   48  69  141  +19  194  +56  194   56  35  0  0 L3P 48
G13 FF 61064 123800  780 455 2392    -6887725    +10         128     -2   32  75  114   -9  129   -8  129   -8  25  0  0 L3P 26
G14 FF 61064 123800  780 668 1910    -7307220    -47         119    -24   27  85   88   +1  112  +15  112   15  20  0  0 L3P 1F
G15 FF 61064 123800  780 182 2277    -3795739    -46         131    -11   53  28  258  -52  193  -16  193  -16  39  0  0 L3P 79
G17 FF 61064 123800  780 562 3559     +422101    +69         119    -44   25  20   98  -10  142  +14  142   14  21  0  0 L3P 18
G22 FF 61064 123800  780 611 2410     +551010    -40         124     +4   24 105   93   -2  120   -9  120   -9  19  0  0 L3P D4
G30 FF 61064 123800  780 668  915     -982068   -130         130     -6   31   2   88   +3  111   +5  111    5  24  0  0 L3P C1
G07 FF 61064 125400  780 297  630    +1396302    +10         156    -41   71  69  163  +28  204  +64  204   64  50  0  0 L3P 33
G13 FF 61064 125400  780 492 2487    -6887714    +26         127    +14   41  75  107   -5  127  -10  127  -10  27  0  0 L3P 4D
G14 FF 61064 125400  780 643 1740    -7307247    -27         113     -5   21  85   90   +2  117   +4  117    4  15  0  0 L3P E5
G15 FF 61064 125400  780 215 2333    -3795776    -59         127    -23   50  28  220  -29  175  -10  175  -10  39  0  0 L3P 64
G17 FF 61064 125400  780 644 3569     +422194   +125         103    +11   22  20   90   -7  140  -19  140  -19  17  0  0 L3P 23
G19 FF 61064 125400  780 425 3430    -6870388     -6         114    +11   28  23  120  -19  163  -34  163  -34  23  0  0 L3P 42
G22 FF 61064 125400  780 632 2250     +550972    -32         129    +13   29 105   91   -1  115   -6  115   -6  22  0  0 L3P FB
G30 FF 61064 125400  780 621  766     -982201   -124         115     +0   31   2   92   +5  128   +9  128    9  22  0  0 L3P BE
G13 FF 61064 131000  780 512 2604    -6887707    -13         123    -24   45  75  104   -2  120   -2  120   -2  35  0  0 L3P 06
G14 FF 61064 131000  780 611 1596    -7307274    -29         108     -7   22  85   93   +3  113   -5  113   -5  16  0  0 L3P F9
G15 FF 61064 131000  780 240 2397    -3795807    -34         130     +1   55  28  199  -16  161  -11  161  -11  41  0  0 L3P 3E
G17 FF 61064 131000  780 726 3598     +422297    +68          97    -45   30  20   85   -4  127   +4  127    4  24  0  0 L3P EB
G22 FF 61064 131000  780 641 2078     +550926    -36         124     +9   25 105   90   +0  108  -25  108  -25  18  0  0 L3P 12
G30 FF 61064 131000  780 565  655     -982327   -113         108    +11   29   2   97   +7  137  -15  137  -15  21  0  0 L3P 0C
G13 FF 61064 132600  780 511 2730    -6887698    +11         122     +0   37  75  104   +2  119   -2  119   -2  25  0  0 L3P 06
G14 FF 61064 132600  780 574 1474    -7307297    -19         106     +4   26  85   96   +4  114   -7  114   -7  18  0  0 L3P 10
G15 FF 61064 132600  780 254 2468    -3795851    -28         120     +7   67  28  188   -7  166  -23  166  -23  54  0  0 L3P 55
G17 FF 61064 132600  780 807  105     +422401   +108          92     -5   23  20   82   -2  120   -5  120   -5  16  0  0 L3P B5
G19 FF 61064 132600  780 589 3385    -6870435    -40          99    -23   22  23   95   -9  126   -1  126   -1  19  0  0 L3P 19
G22 FF 61064 132600  780 638 1905     +550884    -64         125    -20   23 105   91   +1  102  +11  102   11  17  0  0 L3P 07
G30 FF 61064 132600  780 504  569     -982447   -196         107    -72   37   2  105  +10  150  +65  150   65  25  0  0 L3P 2A
G13 FF 61064 134200  780 491 2851    -6887697     -5         111    -16   45  75  107   +5  129  +17  129   17  33  0  0 L3P 3D
G14 FF 61064 134200  780 535 1367    -7307315    -36         111    -13   32  85  101   +5  117  +13  117   13  25  0  0 L3P 20
G15 FF 61064 134200  780 258 2544    -3795884    -68         121    -33   53  28  186   +1  162  +16  162   16  47  0  0 L3P 4E
G17 FF 61064 134200  780 859  738     +422515   +124          97    +10   19  20   82   +0  112   -9  112   -9  15  0  0 L3P E3
G19 FF 61064 134200  780 672 3347    -6870445    +11         105    +28   26  23   88   -6  110  -33  110  -33  15  0  0 L3P 2D
G22 FF 61064 134200  780 624 1741     +550828    -59         112    -15   18 105   92   +2  110  +10  110   10  13  0  0 L3P FE
G30 FF 61064 134200  780 441  502     -982562   -170         112    -46   29   2  117  +14  165  +63  165   63  21  0  0 L3P 1A
G13 FF 61064 135800  780 455 2958    -6887676     +8         122     -3   44  75  114   +9  124   -2  124   -2  31  0  0 L3P 10
G14 FF 61064 135800  780 495 1272    -7307330    +21         118    +44   37  85  107   +7  117  -35  117  -35  28  0  0 L3P 4C
G15 FF 61064 135800  780 251 2621    -3795903    -49         136    -14   71  28  191   +9  145   -1  145   -1  51  0  0 L3P 2A
G17 FF 61064 135800  780 805 1337     +422620    +97          93    -17   28  20   82   +2  109   +2  109    2  19  0  0 L3P DD
G19 FF 61064 135800  780 755 3282    -6870453    -21         114     -4   26  23   84   -3   99   -9   99   -9  19  0  0 L3P 05
G22 FF 61064 135800  780 601 1591     +550790    -64         117    -19   29 105   94   +3  101   +3  101    3  21  0  0 L3P EE
G24 FF 61064 135800  780 159 2243    +1501436   -188         127    -36   57  17  296 -107  164  +10  164   10  45  0  0 L3P 76
G13 FF 61064 141400  780 406 3047    -6887669     +6         121     -5   40  76  125  +14  136  +11  136   11  29  0  0 L3P 25
G14 FF 61064 141400  780 453 1185    -7307380    +25          89    +47   38  86  114   +9  132  -35  132  -35  27  0  0 L3P 40
G15 FF 61064 141400  780 234 2697    -3795958    -38         112     -3   92  82  203  +18  168   +7  168    7  71  0  0 L3P 37
G17 FF 61064 141400  780 728 1431     +422723   +136          90    +22   29  48   85   +4  107  -21  107  -21  20  0  0 L3P 0F
G19 FF 61064 141400  780 834 3103    -6870463    -11         119     +6   18  32   82   -1   90   -6   90   -6  14  0  0 L3P D9
G22 FF 61064 141400  780 572 1457     +550746    -58         117    -14   30 112   97   +4  100   +3  100    3  20  0  0 L3P E5
G24 FF 61064 141400  780 217 2244    +1501307   -170         147    -18   52  18  220  -58  139  -10  139  -10  37  0  0 L3P 59
G06 FF 61064 143000  780 339  256    +6054145     +0         107    -33   59  34  146  -27  181   -5  181   -5  44  0  0 L3P 0C
G13 FF 61064 143000  780 351 3120    -6887658    -48         121    -60   45  76  141  +21  154  +74  154   74  35  0  0 L3P 51
G14 FF 61064 143000  780 411 1105    -7307387    -63         103    -40   40  86  123  +11  135  +29  135   29  30  0  0 L3P 32
G15 FF 61064 143000  780 208 2769    -3795968    -11         136    +24   77  82  227  +31  166   +2  166    2  60  0  0 L3P 39
G17 FF 61064 143000  780 650 1446     +422841   +118          99     +4   24  48   90   +6  104   -2  104   -2  18  0  0 L3P DF
G19 FF 61064 143000  780 861 2080    -6870472    -29         126    -12   21  32   81   +0   82   -1   82   -1  15  0  0 L3P DF
G22 FF 61064 143000  780 539 1337     +550706     -9         119    +35   26 112  100   +5  101  -18  101  -18  20  0  0 L3P 12
G24 FF 61064 143000  780 276 2256    +1501140   -134         126    +19   33  18  176  -36  138  -30  138  -30  24  0  0 L3P 59
G06 FF 61064 144600  780 409  300    +6054183    -32         114    -65   36  34  124  -18  158  +42  158   42  22  0  0 L3P 31
G14 FF 61064 144600  780 368 1029    -7307410    -31         102     -8   42  86  135  +14  148  +36  148   36  30  0  0 L3P 36
G17 FF 61064 144600  780 574 1437     +422956   +123         105     +9   38  48   96   +8  103   +7  103    7  27  0  0 L3P FD
G19 FF 61064 144600  780 792 1694    -6870485     -4         129    +13   24  32   83   +2   75  -11   75  -11  15  0  0 L3P 0F
G22 FF 61064 144600  780 502 1229     +550661    -10         117    +34   33 112  106   +6  108   -9  108   -9  24  0  0 L3P 0B
G24 FF 61064 144600  780 334 2280    +1500997   -116         130    +36   42  18  148  -23  129  -22  129  -22  29  0  0 L3P 67
G06 FF 61064 150200  780 479  358    +6054218    +26         118     -7   29  34  110  -12  138  -28  138  -28  21  0  0 L3P 37
G12 FF 61064 150200  780 177 2463    +6068950    -77         146    -80   60  44  265  -67  149  +62  149   62  48  0  0 L3P 6B
G14 FF 61064 150200  780 325  959    -7307412     -9         124    +14   59  87  151  +19  153  -13  153  -13  43  0  0 L3P 36
G17 FF 61064 150200  780 501 1416     +423075    +94         115    -20   30  48  106  +11   96   +0   96    0  23  0  0 L3P D3
G19 FF 61064 150200  780 718 1594    -6870508    -46         123    -29   23  32   86   +4   76   +7   76    7  17  0  0 L3P FD
G22 FF 61064 150200  780 461 1131     +550612    -50         111     -5   39 112  112   +8  114   -2  114   -2  29  0  0 L3P E0
G24 FF 61064 150200  780 390 2319    +1500849   -149         127     +3   37  18  129  -16  122  -22  122  -22  29  0  0 L3P 4E
G06 FF 61064 151800  780 544  437    +6054250    +52         117    +19   24  34  100   -8  110  -33  110  -33  20  0  0 L3P 12
G12 FF 61064 151800  780 224 2413    +6068936   +123         129   +119   57  44  213  -44  136  -94  136  -94  41  0  0 L3P 86
G17 FF 61064 151800  780 431 1388     +423185   +127         116    +13   38  48  119  +15   91   +0   91    0  27  0  0 L3P FE
G19 FF 61064 151800  780 645 1533    -6870531    -21         116     -4   26  32   90   +5   74   -2   74   -2  18  0  0 L3P DD
G22 FF 61064 151800  780 419 1042     +550566    -40         108     +4   41 112  121  +11  109   +0  109    0  29  0  0 L3P ED
G24 FF 61064 151800  780 441 2377    +1500701   -147         126     +5   30  18  117  -10  103  -24  103  -24  22  0  0 L3P 33
G06 FF 61064 153400  780 600  550    +6054282    +50         118    +17   27  34   94   -5   89  -35   89  -35  19  0  0 L3P 0D
G11 FF 61064 153400  780 319 3587    +4629476    -12          92   +120   62 168  154  -34  178 -135  178 -135  50  0  0 L3P A5
G12 FF 61064 153400  780 272 2363    +6068946    -24         135    -27   63  44  177  -31  106   -8  106   -8  42  0  0 L3P 3E
G17 FF 61064 153400  780 366 1355     +423283    +62         105    -51   48  48  136  +21   91  +32   91   32  33  0  0 L3P 10
G19 FF 61064 153400  780 576 1483    -6870547     -1         117    +16   27  32   96   +7   65  -19   65  -19  21  0  0 L3P 1C
G22 FF 61064 153400  780 375  960     +550523     -1         107    +44   46 112  133  +14  112  -30  112  -30  32  0  0 L3P 0B
G24 FF 61064 153400  780 484 2457    +1500550   -171         121    -19   35  18  109   -7   89   -7   89   -7  27  0  0 L3P 25
G06 FF 61064 155000  780 639  708    +6054319    +18         123    -15   26  34   91   -2   70   -7   70   -7  19  0  0 L3P E0
G12 FF 61064 155000  780 324 2314    +6068938    -42         124    -46   40  44  152  -23   96  +13   96   13  29  0  0 L3P 29
G17 FF 61064 155000  780 303 1319     +423381    +66          93    -47   57  48  160  +30   96  +20   96   20  40  0  0 L3P 02
G19 FF 61064 155000  780 510 1436    -6870566    -49         114    -32   26  32  104  +10   62  +13   62   13  19  0  0 L3P 1B
G22 FF 61064 155000  780 328  884     +550480   -101         106    -56   45 112  149  +20  120  +37  120   37  38  0  0 L3P 39
G24 FF 61064 155000  780 514 2560    +1500403   -170         120    -18   51  18  104   -3   77   -1   77   -1  36  0  0 L3P F5
G06 FF 61064 160600  780 650  898    +6054332     +3         104    -30   30  35   90   +0   69   +8   69    8  22  0  0 L3P BA
G11 FF 61064 160600  780 475    6    +4629228   -167         102    -35   35 169  110  -15  106   -3  106   -3  23  0  0 L3P 16
G12 FF 61064 160600  780 378 2267    +6068929     -4         108     -7   31  45  133  -17   85   -8   85   -8  24  0  0 L3P 09
G17 FF 61064 160600  780 244 1279     +423477   +240          79   +126   68  54  195  +44  109 -102  109 -102  50  0  0 L3P 81
G19 FF 61064 160600  780 448 1390    -6870579    -30         120    -13   33  40  115  +13   55   +2   55    2  24  0  0 L3P FA
G24 FF 61064 160600  780 527 2681    +1500245   -162         110    -10   37  19  102   +0   77   +3   77    3  24  0  0 L3P EB
G06 FF 61064 162200  780 630 1077    +6054363    +49         103    +16   25  35   91   +3   60  -11   60  -11  19  0  0 L3P FA
G11 FF 61064 162200  780 556   20    +4629075   -153          76    -21   33 169   99  -10   99   -9   99   -9  25  0  0 L3P 0D
G12 FF 61064 162200  780 435 2221    +6068920    +12          96     +9   31  45  118  -13   79  -24   79  -24  22  0  0 L3P 10
G17 FF 61064 162200  780 189 1236     +423607    +33         100    -81   51  54  248  +69   95  +70   95   70  44  0  0 L3P 20
G19 FF 61064 162200  780 390 1343    -6870615    -51         101    -34   41  40  129  +16   65  +23   65   23  27  0  0 L3P 20
G24 FF 61064 162200  780 520 2808    +1500091   -159         103     -7   33  19  103   +2   77   +2   77    2  26  0  0 L3P DF
G06 FF 61064 163800  780 585 1210    +6054406    +47         115    +14   27  35   95   +6   54   +1   54    1  20  0  0 L3P D2
G11 FF 61064 163800  780 639   47    +4628958   -122          85    +10   18 169   91   -7   79  -10   79  -10  12  0  0 L3P 19
G12 FF 61064 163800  780 495 2176    +6068919    +44          92    +41   24  45  107  -10   72  -45   72  -45  17  0  0 L3P 34
G19 FF 61064 163800  780 335 1295    -6870622    -25         110     -8   48  40  147  +21   62  +28   62   28  35  0  0 L3P 22
G24 FF 61064 163800  780 494 2926    +1499936   -154          94     -2   43  19  107   +6   84   +9   84    9  33  0  0 L3P 0A
G06 FF 61064 165400  780 527 1297    +6054450    +18         128    -15   29  35  102   +9   55  +23   55   23  20  0  0 L3P 13
G11 FF 61064 165400  780 720  106    +4628850   -108         104    +23   20 169   86   -4   67  -17   67  -17  15  0  0 L3P 26
G12 FF 61064 165400  780 558 2132    +6068932    -32         102    -36   27  45   98   -8   63  +22   63   22  20  0  0 L3P 06
G19 FF 61064 165400  780 284 1247    -6870619    +34         129    +51   49  40  170  +28   65  -15   65  -15  35  0  0 L3P 4B
G24 FF 61064 165400  780 453 3027    +1499799   -164         103    -12   48  19  114   +9   89  +19   89   19  33  0  0 L3P 4E
G25 FF 61064 165400  780 178 2288    -4479453    +10         125    -14   56  56  264  -82   86   +9   86    9  42  0  0 L3P 2C
G06 FF 61064 171000  780 461 1348    +6054492     -7         138    -40   25  35  113  +13   53  +35   53   35  20  0  0 L3P 06
G11 FF 61064 171000  780 794  274    +4628731   -139         112     -7   29 169   83   -2   59   -1   59   -1  21  0  0 L3P FA
G12 FF 61064 171000  780 625 2087    +6068939    +19         105    +15   28  45   92   -6   57  -17   57  -17  20  0  0 L3P 21
G24 FF 61064 171000  780 402 3110    +1499653   -174         104    -21   41  19  126  +14   97  +15   97   15  32  0  0 L3P 2E
G25 FF 61064 171000  780 236 2266    -4479437    +96         119    +72   54  56  203  -49   85  -63   85  -63  36  0  0 L3P 5B
G06 FF 61064 172600  780 393 1375    +6054523    +33         137     +0   37  35  128  +19   54  -14   54  -14  27  0  0 L3P 23
G11 FF 61064 172600  780 830  795    +4628607   -159         114    -27   21 169   82   +0   50   +3   50    3  13  0  0 L3P EF
G12 FF 61064 172600  780 696 2037    +6068949     -4         112     -7   26  45   87   -4   45   -9   45   -9  19  0  0 L3P ED
G24 FF 61064 172600  780 346 3179    +1499495   -267          92   -115   61  19  143  +22  120  +86  120   86  49  0  0 L3P 7A
G25 FF 61064 172600  780 296 2251    -4479402    +15         131     -9   46  56  164  -32   68  -13   68  -13  33  0  0 L3P 31
G06 FF 61064 174200  780 325 1385    +6054527    -24         110    -57   43  35  151  +29   67  +40   67   40  31  0  0 L3P 24
G11 FF 61064 174200  780 786 1247    +4628460   -151          94    -19   29 169   83   +2   46   -2   46   -2  20  0  0 L3P 0D
G12 FF 61064 174200  780 769 1971    +6068935     -9          94    -13   29  45   84   -3   43   +1   43    1  19  0  0 L3P D4
G24 FF 61064 174200  780 287 3237    +1499350    -71          93    +81   92  19  169  +33  120  -73  120  -73  76  0  0 L3P 5C
G25 FF 61064 174200  780 359 2244    -4479376     -1         134    -25   36  56  139  -22   41   -9   41   -9  25  0  0 L3P 12
G29 FF 61064 174200  780 208 2617    +3874843   -120         134    -56   62  83  228  -47   89   +5   89    5  43  0  0 L3P 3A
G06 FF 61064 175800  780 259 1383    +6054579    +49         130    +16   43  35  185  +45   54   +1   54    1  32  0  0 L3P 0E
G11 FF 61064 175800  780 713 1378    +4628322   -146          83    -15   31 169   86   +4   45   -5   45   -5  21  0  0 L3P 0D
G12 FF 61064 175800  780 843 1811    +6068939     -2          95     -5   23  45   82   -1   37   -3   37   -3  17  0  0 L3P C9
G21 FF 61064 175800  780 363  565    -3866910   -121          97    -50   63  97  137  -17   92   +7   92    7  48  0  0 L3P 1B
G25 FF 61064 175800  780 424 2248    -4479382    +20         105     -4   27  56  121  -16   46  -10   46  -10  22  0  0 L3P 1E
G29 FF 61064 175800  780 252 2555    +3874766     -2         119    +62   73  83  191  -32   86  -94   86  -94  56  0  0 L3P 5A
G05 FF 61064 181400  780 347  266    +2278271     +0          78     -7   57  98  143  -26  115  -27  115  -27  40  0  0 L3P 1F
G06 FF 61064 181400  780 195 1372    +6054618    +40         142     +7   43  46  242  +76   69   +1   69    1  32  0  0 L3P F4
G11 FF 61064 181400  780 638 1416    +4628202   -138          89     -6   29 170   91   +6   39   +3   39    3  22  0  0 L3P EA
G12 FF 61064 181400  780 866  622    +6068934     -1          84     -5   20  46   81   +1   34   -9   34   -9  14  0  0 L3P AC
G21 FF 61064 181400  780 410  645    -3866991    -71          83     +0   57  98  124  -11   87  -18   87  -18  41  0  0 L3P 1B
G25 FF 61064 181400  780 490 2266    -4479358     +6         106    -17   36  57  108  -11   35   -5   35   -5  26  0  0 L3P 0F
G29 FF 61064 181400  780 296 2492    +3874701   -109         116    -44   66  84  164  -23   64  +11   64   11  48  0  0 L3P 4E
G05 FF 61064 183000  780 417  314    +2278284    +66          84    +59   43  98  122  -17   91  -43   91  -43  30  0  0 L3P 20
G11 FF 61064 183000  780 563 1420    +4628059   -149          73    -17   30 170   98   +9   48  +12   48   12  23  0  0 L3P 1A
G12 FF 61064 183000  780 791  310    +6068930     +7          76     +4   29  46   83   +2   36   +8   36    8  20  0  0 L3P 9B
G21 FF 61064 183000  780 447  741    -3867070    -48          72    +22   50  98  116   -7   81  -17   81  -17  38  0  0 L3P 12
G25 FF 61064 183000  780 555 2308    -4479349    +32          91     +8   22  57   99   -8   33   -7   33   -7  16  0  0 L3P E5
G29 FF 61064 183000  780 341 2426    +3874634    -47         111    +18   42  84  145  -18   52  -19   52  -19  31  0  0 L3P 3E
G05 FF 61064 184600  780 485  375    +2278304    +10          98     +3   34  98  109  -12   73  -13   73  -13  24  0  0 L3P 08
G11 FF 61064 184600  780 492 1409    +4627934   -170          74    -38   30 170  107  +12   57  +37   57   37  20  0  0 L3P 44
G12 FF 61064 184600  780 711  238    +6068935     +5          78     +1   26  46   86   +4   47   +4   47    4  17  0  0 L3P A9
G21 FF 61064 184600  780 470  849    -3867124    -72          86     -2   38  98  111   -3   70   -8   70   -8  25  0  0 L3P E5
G25 FF 61064 184600  780 616 2384    -4479326     +1          92    -23   15  57   92   -5   33  +13   33   13  12  0  0 L3P E4
G28 FF 61064 184600  780 122 2339    +6065670    -66          81     -9   36 192  378  -36   76   +1   76    1  28  0  0 L3P 14
G29 FF 61064 184600  780 387 2359    +3874551    -47          90    +17   31  84  130  -14   68  -27   68  -27  24  0  0 L3P 49
G05 FF 61064 190200  780 548  459    +2278294     -3          81    -10   38  98   99   -8   73   -6   73   -6  27  0  0 L3P E0
G11 FF 61064 190200  780 423 1388    +4627803   -142          71    -10   38 170  120  +16   63  +10   63   10  26  0  0 L3P 1F
G12 FF 61064 190200  780 629  200    +6068930    -36          70    -39   20  46   91   +7   59  +34   59   34  14  0  0 L3P E7
G21 FF 61064 190200  780 476  964    -3867207    -78          71     -8   38  98  110   +1   74   -3   74   -3  30  0  0 L3P DF
G25 FF 61064 190200  780 665 2515    -4479311     +2          84    -21   35  57   89   -3   33  +13   33   13  23  0  0 L3P DF
G29 FF 61064 190200  780 434 2290    +3874489    -93          91    -28   26  84  118  -11   57  +15   57   15  18  0  0 L3P 36
G05 FF 61064 191800  780 601  578    +2278299    -20          80    -27   35  98   94   -4   69  +13   69   13  25  0  0 L3P 03
G11 FF 61064 191800  780 358 1361    +4627674   -164          68    -32   34 170  138  +22   75  +38   75   38  22  0  0 L3P 50
G12 FF 61064 191800  780 548  174    +6068928    -18          65    -21   26  46   99  +10   72  +26   72   26  17  0  0 L3P 0D
G21 FF 61064 191800  780 464 1075    -3867278    -42          67    +28   43  98  112   +4   76  -22   76  -22  32  0  0 L3P 2A
G25 FF 61064 191800  780 693 2711    -4479294    +15          78     -8   19  57   87   -1   38   +5   38    5  15  0  0 L3P E6
G29 FF 61064 191800  780 482 2216    +3874424    -73          87     -8   21  84  109   -9   60   -2   60   -2  16  0  0 L3P EF
G05 FF 61064 193400  780 635  737    +2278303    -12          77    -19   22  98   91   -2   69  +18   69   18  15  0  0 L3P FF
G11 FF 61064 193400  780 297 1329    +4627540    -27          60   +105   34 170  163  +31  103  -35  103  -35  26  0  0 L3P 5C
G12 FF 61064 193400  780 467  156    +6068946    +40          79    +36   24  46  111  +15   79   +2   79    2  19  0  0 L3P F5
G21 FF 61064 193400  780 434 1172    -3867338    -47          74    +24   34  98  118   +8   78   -8   78   -8  25  0  0 L3P 17
G25 FF 61064 193400  780 686 2935    -4479272    +17          77     -7   29  57   87   +1   46  +17   46   17  23  0  0 L3P 0C
G29 FF 61064 193400  780 532 2136    +3874353    -46          79    +19   26  84  101   -7   68   -6   68   -6  19  0  0 L3P 12
G05 FF 61064 195000  780 642  921    +2278312     -7          79    -14   30  98   90   +1   70   +7   70    7  21  0  0 L3P AB
G11 FF 61064 195000  780 239 1293    +4627430    -92          78    +40   41 170  199  +45  124   +4  124    4  32  0  0 L3P 25
G12 FF 61064 195000  780 389  142    +6068932     +8          62     +5   35  46  129  +22  120   +9  120    9  26  0  0 L3P DF
G18 FF 61064 195000  780 282 2836    +4425938    -34          75    +62   55 134  172  -29  111  -55  111  -55  40  0  0 L3P 66
G21 FF 61064 195000  780 392 1249    -3867408    -92          73    -21   36  98  128  +13   94  +21   94   21  28  0  0 L3P 2E
G25 FF 61064 195000  780 648 3119    -4479250     +5          76    -19   25  57   90   +4   57  +23   57   23  19  0  0 L3P FA
G29 FF 61064 195000  780 583 2046    +3874291    -89          79    -24   22  84   96   -5   71  +14   71   14  15  0  0 L3P 12
G05 FF 61064 200600  780 619 1090    +2278306     +5          74     -1   29 119   92   +3   83  +11   83   11  20  0  0 L3P CF
G18 FF 61064 200600  780 330 2766    +4425853   -129          85    -32   53 135  149  -20   94   +3   94    3  41  0  0 L3P 1E
G21 FF 61064 200600  780 340 1307    -3867477    -91          71    -20   39  99  145  +21  105  +22  105   22  29  0  0 L3P 34
G25 FF 61064 200600  780 589 3243    -4479232     +7          71    -17   27  58   95   +7   66  +18   66   18  19  0  0 L3P 03
G29 FF 61064 200600  780 634 1938    +3874213    -61          67     +4   20  85   91   -4   78   -7   78   -7  14  0  0 L3P E3
G05 FF 61064 202200  780 574 1214    +2278324    +10          85     +4   29 119   96   +6   81   +3   81    3  22  0  0 L3P C1
G18 FF 61064 202200  780 376 2690    +4425746   -111          70    -15   44 135  133  -14   94   +9   94    9  35  0  0 L3P 20
G21 FF 61064 202200  780 283 1347    -3867543   -141          73    -70   56  99  170  +33  116  +71  116   71  40  0  0 L3P 4E
G25 FF 61064 202200  780 521 3324    -4479219     -4          61    -28   48  58  103  +10   86  +38   86   38  35  0  0 L3P 11
G29 FF 61064 202200  780 682 1800    +3874147    -33          64    +32   24  85   88   -3   79  -20   79  -20  17  0  0 L3P 0F
G05 FF 61064 203800  780 517 1295    +2278322    -10          77    -17   34 119  103   +9   93   +5   93    5  24  0  0 L3P F5
G18 FF 61064 203800  780 420 2606    +4425666   -108          83    -11   39 135  121  -10   86   +7   86    7  29  0  0 L3P 1F
G21 FF 61064 203800  780 223 1373    -3867627   -130          56    -60   47  99  212  +56  153  +79  153   79  35  0  0 L3P 67
G26 FF 61064 203800  780 181 2276    +3165035    +33          76    -26   43  25  260  -59  133   +1  133    1  32  0  0 L3P 08
G29 FF 61064 203800  780 722 1609    +3874089    -61          67     +4   23  85   85   -2   79   +0   79    0  17  0  0 L3P D8
G05 FF 61064 205400  780 453 1343    +2278324    -19          73    -26   40 119  114  +13   99  +28   99   28  30  0  0 L3P 30
G18 FF 61064 205400  780 461 2515    +4425569   -102          79     -5   23 135  113   -8   90   +2   90    2  18  0  0 L3P F0
G26 FF 61064 205400  780 219 2329    +3165083    +14          68    -45   54  25  217  -33  131  +23  131   23  40  0  0 L3P 2A
G29 FF 61064 205400  780 745 1347    +3874028    -72          68     -7   22  85   84   +0   80   +4   80    4  15  0  0 L3P CB
G05 FF 61064 211000  780 387 1369    +2278327     -7          68    -14   33 119  130  +19  119  +35  119   35  24  0  0 L3P 3F
G15 FF 61064 211000  780 356  593    -3796884    -45          51     -9   60  29  139  -16  164   +0  164    0  43  0  0 L3P 01
G18 FF 61064 211000  780 498 2416    +4425489    -97          91     +0   32 135  106   -6   87  +11   87   11  24  0  0 L3P 0D
G23 FF 61064 211000  780 383 3264    -6037573    +43          78    +92   45 122  131  -22  129  -78  129  -78  36  0  0 L3P 68
G26 FF 61064 211000  780 249 2392    +3165141    +40          69    -19   58  25  192  -19  130  +28  130   28  43  0  0 L3P 37
G29 FF 61064 211000  780 738 1056    +3873962    -62          65     +3   28  85   85   +1   91  +12   91   12  22  0  0 L3P E7
G05 FF 61064 212600  780 321 1378    +2278336     +2          72     -5   42 119  152  +29  149  +50  149   50  32  0  0 L3P 22
G15 FF 61064 212600  780 399  674    -3796898    -12          71    +23   42  29  127  -11  147   -6  147   -6  29  0  0 L3P 33
G18 FF 61064 212600  780 532 2307    +4425401   -111          97    -15   21 135  101   -4   90  +20   90   20  15  0  0 L3P 04
G23 FF 61064 212600  780 457 3216    -6037617    -64          82    -15   53 122  114  -15  119   -1  119   -1  43  0  0 L3P 2C
G26 FF 61064 212600  780 269 2464    +3165191    +79          62    +20   74  25  179   -9  146   +3  146    3  55  0  0 L3P 15
G29 FF 61064 212600  780 704  818    +3873906    -54          71    +11   25  85   86   +3  100  +11  100   11  18  0  0 L3P F8
G05 FF 61064 214200  780 256 1377    +2278350    +24          79    +17   44 119  187  +44  182  +37  182   37  33  0  0 L3P 5A
G15 FF 61064 214200  780 432  766    -3796928    -79          75    -43   38  29  119   -6  148  +28  148   28  31  0  0 L3P 44
G18 FF 61064 214200  780 562 2188    +4425309   -106          97     -9   23 135   98   -3   96   +5   96    5  17  0  0 L3P FE
G23 FF 61064 214200  780 529 3153    -6037664    -57          82     -8   33 122  102  -10  111   -3  111   -3  22  0  0 L3P 07
G26 FF 61064 214200  780 277 2542    +3165270    +70          84    +10   63  25  174   -2  141   -1  141   -1  50  0  0 L3P F5
G29 FF 61064 214200  780 651  654    +3873843    -76          70    -11   32  85   90   +4  116  +18  116   18  21  0  0 L3P 0A
G05 FF 61064 215800  780 194 1366    +2278357    +70          79    +63   38 119  243  +75  232   +9  232    9  28  0  0 L3P 43
G15 FF 61064 215800  780 452  869    -3796954    -40          83     -5   43  29  115   -3  143   +3  143    3  31  0  0 L3P EE
G16 FF 61064 215800  780 169 2277    -1944881    -78         101     -2   44  32  277  -54  173  +16  173   16  34  0  0 L3P 51
G18 FF 61064 215800  780 587 2058    +4425213   -100          94     -3   20 135   95   -2  102   +7  102    7  14  0  0 L3P F5
G23 FF 61064 215800  780 599 3067    -6037708    -39          84    +10   23 122   94   -7  106  -10  106  -10  17  0  0 L3P 38
G26 FF 61064 215800  780 275 2623    +3165321    +98          79    +39   63  25  175   +5  160  -10  160  -10  45  0  0 L3P 38
G29 FF 61064 215800  780 588  541    +3873785    -57          75     +8   30  85   95   +7  127  +13  127   13  22  0  0 L3P 13
G15 FF 61064 221400  780 456  975    -3796991    -56          76    -21   41  32  114   +1  143  +16  143   16  29  0  0 L3P 23
G16 FF 61064 221400  780 197 2337    -1944955    -81         103     -6   39  35  239  -29  163   -2  163   -2  30  0  0 L3P 30
G18 FF 61064 221400  780 607 1916    +4425138   -123         110    -27   20 136   93   -2   97  +23   97   23  14  0  0 L3P 24
G23 FF 61064 221400  780 663 2943    -6037751    -39          95    +10   25 123   89   -4  101   -8  101   -8  19  0  0 L3P 15
G26 FF 61064 221400  780 261 2703    +3165363    +83          66    +24   49  26  184  +13  176  -14  176  -14  35  0  0 L3P 4A
G29 FF 61064 221400  780 521  461    +3873727    -62          78     +3   30  86  103  +10  149  +22  149   22  20  0  0 L3P 0D
G10 FF 61064 223000  780 308 3047    +5847349    -32          76    -56   32 110  159  -29  190  +12  190   12  25  0  0 L3P 47
G13 FF 61064 223000  780 212 1264    -6887353     +1          99    -10   44  27  223  +25  210  +26  210   26  34  0  0 L3P 12
G15 FF 61064 223000  780 444 1076    -3797028    -60          73    -24   35  32  116   +4  149   +9  149    9  25  0  0 L3P 0E
G16 FF 61064 223000  780 217 2405    -1945056    -65          75    +10   36  35  219  -14  176  -19  176  -19  28  0  0 L3P 53
G18 FF 61064 223000  780 619 1764    +4425020   -106          85     -9   28 136   92   -1  113  +11  113   11  20  0  0 L3P 0F
G23 FF 61064 223000  780 715 2757    -6037808    -50          85     -1   23 123   86   -2  104   -8  104   -8  17  0  0 L3P FE
G29 FF 61064 223000  780 452  400    +3873644   -112          58    -47   32  86  114  +14  184  +57  184   57  25  0  0 L3P 44
G10 FF 61064 224600  780 368 2982    +5847382    +27          86     +3   44 110  136  -19  162  -22  162  -22  32  0  0 L3P 4B
G13 FF 61064 224600  780 183 1325    -6887368    -37          73    -48   43  27  256  +45  249  +79  249   79  30  0  0 L3P 6D
G15 FF 61064 224600  780 417 1165    -3797063    -10          72    +25   47  32  122   +8  152   -2  152   -2  34  0  0 L3P 05
G16 FF 61064 224600  780 225 2478    -1945120   -109          82    -34   31  35  211   -3  179  +30  179   30  25  0  0 L3P 37
G18 FF 61064 224600  780 623 1605    +4424928   -122          85    -25   22 136   92   +0  112  +19  112   19  16  0  0 L3P 31
G23 FF 61064 224600  780 744 2486    -6037858    -42          82     +6   20 123   84   -1  103   -6  103   -6  13  0  0 L3P FC
G29 FF 61064 224600  780 381  354    +3873595    -83          70    -18   51  86  131  +21  206  +32  206   32  35  0  0 L3P 2F
G10 FF 61064 230200  780 424 2907    +5847407    +45          88    +21   49 110  120  -13  145  -30  145  -30  38  0  0 L3P 48
G15 FF 61064 230200  780 378 1237    -3797098    -72          71    -37   44  32  132  +13  167  +39  167   39  34  0  0 L3P 53
G16 FF 61064 230200  780 223 2554    -1945213    -71          61     +4   51  35  212   +7  200   -5  200   -5  40  0  0 L3P D9
G18 FF 61064 230200  780 617 1446    +4424824    -99          75     -2   26 136   92   +1  120   +0  120    0  19  0  0 L3P E4
G23 FF 61064 230200  780 740 2182    -6037914    -58          72     -9   25 123   85   +1  107   +0  107    0  16  0  0 L3P E2
G27 FF 61064 230200  780 193 2225     +256258    +46         100    -37   52  52  245  -74  189   -1  189   -1  41  0  0 L3P 24
G29 FF 61064 230200  780 310  318    +3873565    -69         103     -4  119  86  157  +33  212  +21  212   21  74  0  0 L3P 32
G10 FF 61064 231800  780 477 2817    +5847422    +38          80    +14   35 110  110   -9  138  -13  138  -13  27  0  0 L3P 43
G15 FF 61064 231800  780 331 1293    -3797135    +28          67    +63   43  32  148  +20  185   -9  185   -9  33  0  0 L3P 36
G16 FF 61064 231800  780 211 2630    -1945267    -41          80    +34   48  35  224  +18  202   -2  202   -2  36  0  0 L3P 10
G18 FF 61064 231800  780 602 1293    +4424725    -68          68    +29   26 136   94   +2  125  -12  125  -12  19  0  0 L3P 3C
G23 FF 61064 231800  780 708 1938    -6037964    -32          69    +17   25 123   86   +2  107   -2  107   -2  17  0  0 L3P 1B
G27 FF 61064 231800  780 251 2243     +256312   +108          75    +25   56  52  191  -43  186  -32  186  -32  39  0  0 L3P 4B
G10 FF 61064 233400  780 525 2711    +5847452     -1          86    -25   25 110  102   -6  130   +6  130    6  17  0  0 L3P EA
G15 FF 61064 233400  780 279 1333    -3797166    -57          70    -21   43  32  173  +32  210  +52  210   52  30  0  0 L3P 2D
G16 FF 61064 233400  780 189 2704    -1945336    -90          83    -15   39  35  248  +33  230  +44  230   44  31  0  0 L3P 40
G18 FF 61064 233400  780 578 1152    +4424636   -108          72    -11   30 136   96   +3  133  +14  133   14  22  0  0 L3P 2B
G23 FF 61064 233400  780 661 1768    -6038011    -52          70     -3   20 123   89   +4  116  +12  116   12  16  0  0 L3P 01
G27 FF 61064 233400  780 308 2274     +256412    +55          95    -28   45  52  159  -27  168   +8  168    8  32  0  0 L3P 1D
G32 FF 61064 233400  780 207 3474    +1480609   -220         124    -48   66  13  230  -77  307   -6  307   -6  53  0  0 L3P 48
