CGGTTS     GENERIC DATA FORMAT VERSION = 2E
REV DATE = 2024-12-02                    
RCVR = Septentrio PolaRx2 S/N 3252   R2CGGTTS v8.8    
CH = 20 
IMS = Septentrio PolaRx2 S/N 3252   
LAB = NMI Australia                 
X = -4648241.00 m 
Y = +2560636.48 m 
Z = -3526317.74 m 
FRAME = ITRF
COMMENTS =           IGS antenna SYDN              
INT DLY =  211.7 ns (GPS P1),  213.3 ns (GPS P2)     CAL_ID = 1015-2021           
CAB DLY = 2484.6 ns 
REF DLY =  338.6 ns
REF = UTC(AUS)                      
CKSUM = 82

SAT CL  MJD  STTIME TRKL ELV AZTH   REFSV      SRSV     REFSYS    SRSYS  DSG IOE MDTR SMDT MDIO SMDI MSIO SMSI ISG FR HC FRC CK
             hhmmss  s  .1dg .1dg    .1ns     .1ps/s     .1ns    .1ps/s .1ns     .1ns.1ps/s.1ns.1ps/s.1ns.1ps/s.1ns
G08 FF 61076 001000  780 278 2364    -4958442    +63         362    +14   46  19  174  -20  377  -37  377  -37  35  0  0 L3P 75
G10 FF 61076 001000  780 619 1936    +5867696    +24         360     +5   17  58   92   +1  242   -2  242   -2  14  0  0 L3P FD
G18 FF 61076 001000  780 356  655    +4332905    -81         367    +16   36  40  139  +19  366  +29  366   29  30  0  0 L3P 4B
G23 FF 61076 001000  780 402 1312    -6084476    -94         353    -45   40  22  126  +13  290  +47  290   47  30  0  0 L3P 3D
G27 FF 61076 001000  780 473 2690     +339068    +80         364    -11   32  24  110   +1  287  +15  287   15  22  0  0 L3P 1B
G32 FF 61076 001000  780 598 3407    +1079880   -203         364    -27   37  32   94   -8  264   +1  264    1  27  0  0 L3P 1F
G08 FF 61076 002600  780 306 2436    -4958393   +108         364    +59   46  19  159  -11  364  -44  364  -44  35  0  0 L3P 8B
G10 FF 61076 002600  780 604 1779    +5867711    +28         358    +10   25  58   93   +2  249   -3  249   -3  18  0  0 L3P 23
G18 FF 61076 002600  780 301  592    +4332820     +9         375   +106   59  40  161  +28  416   +3  416    3  49  0  0 L3P 13
G23 FF 61076 002600  780 355 1244    -6084526    -50         350     -1   37  22  139  +16  316  +35  316   35  26  0  0 L3P 32
G27 FF 61076 002600  780 460 2803     +339168   +106         377    +15   39  24  113   +4  299   +9  299    9  29  0  0 L3P 30
G32 FF 61076 002600  780 682 3372    +1079713   -192         366    -15   17  32   88   -5  256   +7  256    7  12  0  0 L3P 28
G02 FF 61076 004200  780 165 2242     -315961   -241         373   -160   47  13  285 -107  456  +78  456   78  40  0  0 L3P 7C
G08 FF 61076 004200  780 323 2517    -4958356    +12         354    -36   43  19  152   -5  367  +20  367   20  33  0  0 L3P 3F
G10 FF 61076 004200  780 582 1637    +5867722    +10         351     -9   25  58   96   +3  253   +8  253    8  17  0  0 L3P FF
G23 FF 61076 004200  780 310 1178    -6084560    -84         362    -35   31  22  157  +21  338  +53  338   53  24  0  0 L3P 48
G27 FF 61076 004200  780 430 2907     +339247   +117         369    +26   38  24  119   +8  322   +0  322    0  30  0  0 L3P 08
G32 FF 61076 004200  780 766 3313    +1079538   -184         360     -8   25  32   84   -3  246   -8  246   -8  19  0  0 L3P 25
G02 FF 61076 005800  780 229 2233     -316048    -13         364    +68   44  13  209  -58  425  -69  425  -69  33  0  0 L3P 5A
G08 FF 61076 005800  780 327 2604    -4958314    +57         349     +8   69  19  150   +1  384  +29  384   29  53  0  0 L3P 4D
G10 FF 61076 005800  780 554 1508    +5867740    +36         352    +18   25  58   99   +4  256   +2  256    2  19  0  0 L3P 19
G27 FF 61076 005800  780 389 2997     +339320   +107         354    +16   44  24  129  +13  369  +34  369   34  33  0  0 L3P 66
G32 FF 61076 005800  780 846 3131    +1079368   -184         360     -7   23  32   82   -1  239   +2  239    2  17  0  0 L3P 0A
G02 FF 61076 011400  780 295 2233     -316133    -48         356    +33   33  13  165  -36  401  -51  401  -51  25  0  0 L3P 30
G08 FF 61076 011400  780 317 2691    -4958254    +88         362    +39   59  19  154   +7  408  +11  408   11  50  0  0 L3P 4F
G10 FF 61076 011400  780 523 1392    +5867761    +11         355     -7   19  58  103   +5  273  +23  273   23  13  0  0 L3P 22
G27 FF 61076 011400  780 339 3073     +339427   +115         375    +24   35  24  145  +20  412  +55  412   55  26  0  0 L3P 43
G32 FF 61076 011400  780 858 1908    +1079211   -149         371    +27   21  32   82   +1  235   -8  235   -8  15  0  0 L3P 23
G02 FF 61076 013000  780 363 2245     -316190    -99         376    -18   30  13  137  -23  352  -28  352  -28  22  0  0 L3P 44
G08 FF 61076 013000  780 296 2776    -4958201    +64         368    +16   76  19  164  +14  433   +6  433    6  59  0  0 L3P 45
G10 FF 61076 013000  780 489 1286    +5867794    -13         370    -31   32  58  108   +6  276  +30  276   30  22  0  0 L3P 44
G28 FF 61076 013000  780 324  230    +6008527   -143         359    -82   56  94  152  -30  461  -12  461  -12  38  0  0 L3P 56
G32 FF 61076 013000  780 782 1652    +1079037   -175         367     +1   17  32   83   +2  243   -2  243   -2  12  0  0 L3P 01
G02 FF 61076 014600  780 431 2274     -316280    -57         364    +24   28  13  119  -16  324  -42  324  -42  21  0  0 L3P 39
G08 FF 61076 014600  780 265 2855    -4958168    +60         354    +11   53  19  181  +22  487  +52  487   52  43  0  0 L3P 6A
G10 FF 61076 014600  780 453 1188    +5867797     -1         356    -20   36  58  114   +7  298  +44  298   44  28  0  0 L3P 4F
G28 FF 61076 014600  780 393  273    +6008441    -97         332    -35   56  94  129  -20  424  -13  424  -13  41  0  0 L3P 4F
G31 FF 61076 014600  780 180   30    +1688024   +121         379   +142   59  20  262  -96  681 -271  681 -271  48  0  0 L3P 8A
G32 FF 61076 014600  780 705 1575    +1078867   -183         365     -7   18  32   86   +4  246  +18  246   18  14  0  0 L3P 43
G01 FF 61076 020200  780 203 2228    -3361401    +54         359     +6   45 219  234  -71  469  -32  469  -32  33  0  0 L3P 55
G02 FF 61076 020200  780 497 2326     -316356    -36         369    +44   25  40  107  -10  308  -31  308  -31  17  0  0 L3P 3D
G10 FF 61076 020200  780 416 1097    +5867818    -11         356    -30   36  59  122  +10  323  +44  323   44  24  0  0 L3P 42
G28 FF 61076 020200  780 462  327    +6008395    -59         345     +3   38  95  113  -13  375  -43  375  -43  29  0  0 L3P 4A
G32 FF 61076 020200  780 630 1523    +1078698   -180         364     -4   22  33   91   +6  258   +8  258    8  14  0  0 L3P 0B
G01 FF 61076 021800  780 266 2236    -3361324    +88         390    +41   27 219  182  -42  413  -78  413  -78  19  0  0 L3P 7B
G02 FF 61076 021800  780 556 2410     -316415    -66         388    +15   30  40   99   -7  297  -14  297  -14  22  0  0 L3P 30
G10 FF 61076 021800  780 376 1013    +5867839    +26         359     +8   45  59  133  +12  358  +38  358   38  32  0  0 L3P 58
G28 FF 61076 021800  780 528  400    +6008335    -43         344    +18   29  95  102   -9  346  -41  346  -41  21  0  0 L3P 37
G31 FF 61076 021800  780 320   69    +1687979    -43         373    -21   66  21  154  -32  492  -38  492  -38  48  0  0 L3P 58
G32 FF 61076 021800  780 558 1476    +1078541   -151         376    +25   30  33   98   +8  265   +8  265    8  20  0  0 L3P 28
G01 FF 61076 023400  780 329 2256    -3361279    +32         390    -16   22 219  150  -26  374  -31  374  -31  18  0  0 L3P 6A
G02 FF 61076 023400  780 600 2537     -316491    -85         390     -5   29  40   94   -3  292   -7  292   -7  22  0  0 L3P F6
G10 FF 61076 023400  780 335  934    +5867871    +82         373    +63   48  59  146  +17  389   +1  389    1  33  0  0 L3P 38
G28 FF 61076 023400  780 586  502    +6008288    -63         355     -1   25  95   95   -6  313  -26  313  -26  18  0  0 L3P 25
G31 FF 61076 023400  780 394   90    +1687963    +51         378    +73   38  21  128  -21  436 -102  436 -102  26  0  0 L3P 61
G32 FF 61076 023400  780 490 1431    +1078392   -173         396     +3   28  33  107  +11  268   +9  268    9  21  0  0 L3P 2F
G01 FF 61076 025000  780 390 2291    -3361240    +14         382    -34   33 219  129  -17  347   -3  347   -3  24  0  0 L3P 3D
G02 FF 61076 025000  780 622 2704     -316577    -70         381    +11   26  40   92   -1  295   -7  295   -7  18  0  0 L3P 02
G10 FF 61076 025000  780 293  861    +5867897    +97         383    +78   57  59  165  +23  435   +9  435    9  44  0  0 L3P 4D
G28 FF 61076 025000  780 629  646    +6008228    -37         355    +24   27  95   91   -3  291  -40  291  -40  20  0  0 L3P 2E
G31 FF 61076 025000  780 469  116    +1687939    -46         375    -25   26  21  111  -14  390  -35  390  -35  19  0  0 L3P 57
G32 FF 61076 025000  780 426 1386    +1078205   -210         378    -34   30  33  120  +15  292  +42  292   42  20  0  0 L3P 47
G01 FF 61076 030600  780 447 2346    -3361187    +35         389    -12   22 219  116  -11  314  -34  314  -34  15  0  0 L3P 63
G02 FF 61076 030600  780 613 2882     -316654    -82         381     -2   21  40   93   +2  296   -1  296   -1  17  0  0 L3P EC
G03 FF 61076 030600  780 193 2333    -5788533   +148         396    +38   47  77  245  -64  496 -108  496 -108  33  0  0 L3P C0
G28 FF 61076 030600  780 648  827    +6008175    -76         361    -15   24  95   90   +0  265  -17  265  -17  17  0  0 L3P 3C
G31 FF 61076 030600  780 546  151    +1687934    -62         390    -40   31  21  100  -10  326  -33  326  -33  21  0  0 L3P 30
G32 FF 61076 030600  780 366 1340    +1078044   -200         386    -24   41  33  136  +19  302  +38  302   38  31  0  0 L3P 49
G01 FF 61076 032200  780 496 2426    -3361157    +34         374    -14   33 219  107   -7  296  -13  296  -13  26  0  0 L3P 61
G02 FF 61076 032200  780 577 3035     -316731    -78         382     +2   23  40   96   +5  296   +3  296    3  17  0  0 L3P E7
G03 FF 61076 032200  780 246 2290    -5788438   +104         385     -6   43  77  195  -42  432  -75  432  -75  32  0  0 L3P 73
G28 FF 61076 032200  780 637 1010    +6008112    -74         357    -13   24  95   91   +2  248   -4  248   -4  19  0  0 L3P 10
G31 FF 61076 032200  780 621  208    +1687903    -38         380    -16   21  21   92   -7  282  -37  282  -37  14  0  0 L3P 27
G32 FF 61076 032200  780 309 1293    +1077872   -171         384     +5   32  33  158  +26  322  +35  322   35  22  0  0 L3P 45
G01 FF 61076 035000  780 546 2630    -3361084    +62         366    +15   28 219  100   -2  268  -12  268  -12  21  0  0 L3P 4A
G02 FF 61076 035000  780 476 3215     -316871    -78         377     +3   37  40  110  +12  321  +25  321   25  32  0  0 L3P 15
G03 FF 61076 035000  780 346 2224    -5788256    +79         382    -31   32  77  143  -23  327  -19  327  -19  25  0  0 L3P 70
G04 FF 61076 035000  780 228 2747     -423074    -44         371    -22   48  28  209  -41  505  -73  505  -73  30  0  0 L3P 4B
G28 FF 61076 035000  780 560 1234    +6008012    -70         360     -8   21  95   98   +7  229  +10  229   10  17  0  0 L3P 0D
G31 FF 61076 035000  780 736  441    +1687854    -11         368    +10   25  21   85   -2  232  -25  232  -25  18  0  0 L3P 1D
G01 FF 61076 040600  780 546 2767    -3361026    +41         373     -7   21 220  100   +1  263  +16  263   16  17  0  0 L3P 23
G03 FF 61076 040600  780 409 2191    -5788145   +109         385     -1   26  78  124  -17  290  -27  290  -27  19  0  0 L3P 71
G04 FF 61076 040600  780 273 2681     -423072    -13         396     +8   26  29  177  -27  424  -56  424  -56  20  0  0 L3P 43
G28 FF 61076 040600  780 499 1302    +6007969    -19         376    +43   28  96  106  +10  238   -2  238   -2  20  0  0 L3P 44
G31 FF 61076 040600  780 767  734    +1687849     -7         377    +15   16  23   84   +0  212   -9  212   -9  11  0  0 L3P FC
G01 FF 61076 042200  780 524 2897    -3360982    +53         372     +6   27 220  102   +4  275  +11  275   11  21  0  0 L3P 2C
G02 FF 61076 042200  780 340 3332     -317020    -29         389    +51   31  42  145  +26  394  +12  394   12  24  0  0 L3P 26
G03 FF 61076 042200  780 475 2163    -5788027   +174         397    +64   25  78  110  -12  261  -74  261  -74  18  0  0 L3P 80
G04 FF 61076 042200  780 316 2611     -423100    -30         390     -8   23  29  155  -20  384  -36  384  -36  18  0  0 L3P 2A
G26 FF 61076 042200  780 312  574    +3223104    +48         413    -11   61  56  157  -21  361  -32  361  -32  49  0  0 L3P 37
G28 FF 61076 042200  780 433 1342    +6007921    -61         387     +0   29  96  118  +15  260  +36  260   36  19  0  0 L3P 3C
G31 FF 61076 042200  780 749 1051    +1687839     -9         388    +12   15  23   84   +2  210   +4  210    4  11  0  0 L3P E7
G01 FF 61076 043800  780 485 3009    -3360933    +40         374     -8   25 220  108   +8  290  +25  290   25  19  0  0 L3P 3C
G02 FF 61076 043800  780 272 3374     -317094   -135         393    -54   64  42  177  +41  453 +114  453  114  48  0  0 L3P 7C
G03 FF 61076 043800  780 544 2141    -5787931    +73         387    -38   17  78  100   -9  246   +9  246    9  12  0  0 L3P 36
G04 FF 61076 043800  780 359 2538     -423116    +10         394    +32   32  29  138  -15  342  -62  342  -62  22  0  0 L3P 44
G26 FF 61076 043800  780 355  646    +3223146    +62         399     +3   35  56  140  -14  339  -39  339  -39  27  0  0 L3P 52
G28 FF 61076 043800  780 367 1361    +6007855    -92         380    -30   38  96  136  +22  295  +40  295   40  28  0  0 L3P 66
G31 FF 61076 043800  780 697 1238    +1687818    -10         387    +12   20  23   87   +4  216   +0  216    0  15  0  0 L3P 04
G01 FF 61076 045400  780 434 3098    -3360876    +54         386     +6   30 220  118  +12  309  +27  309   27  24  0  0 L3P 50
G03 FF 61076 045400  780 617 2130    -5787817   +100         395    -10   17  78   92   -7  226  -13  226  -13  12  0  0 L3P 4B
G04 FF 61076 045400  780 401 2460     -423125    -33         406    -12   23  29  126  -11  304  -22  304  -22  18  0  0 L3P 23
G26 FF 61076 045400  780 391  728    +3223203    +31         399    -28   46  56  129   -9  309  -12  309  -12  35  0  0 L3P 44
G28 FF 61076 045400  780 301 1366    +6007800    -21         384    +41   23  96  161  +33  323   +7  323    7  18  0  0 L3P 1E
G31 FF 61076 045400  780 632 1327    +1687804    -21         394     +0   22  23   91   +6  221   +7  221    7  16  0  0 L3P E4
G01 FF 61076 051000  780 377 3170    -3360829    +58         387    +10   35 220  133  +18  344  +36  344   36  25  0  0 L3P 5B
G03 FF 61076 051000  780 693 2138    -5787712   +128         394    +18   24  78   87   -5  215  -21  215  -21  18  0  0 L3P 59
G04 FF 61076 051000  780 443 2378     -423147    -15         405     +7   27  29  116   -9  283  -20  283  -20  20  0  0 L3P 1A
G26 FF 61076 051000  780 417  820    +3223261    +53         400     -6   27  56  122   -5  287   -9  287   -9  23  0  0 L3P FF
G28 FF 61076 051000  780 236 1360    +6007743    -63         385     -2   42  96  201  +52  380  +71  380   71  35  0  0 L3P 38
G31 FF 61076 051000  780 563 1366    +1687780     -1         391    +20   24  23   98   +8  235   +3  235    3  16  0  0 L3P F0
G01 FF 61076 052600  780 316 3228    -3360781    +61         389    +13   40 220  154  +28  396  +46  396   46  28  0  0 L3P 6E
G03 FF 61076 052600  780 771 2196    -5787600   +110         401     +0   16  78   83   -3  212   +3  212    3  12  0  0 L3P F0
G04 FF 61076 052600  780 483 2289     -423164     -2         408    +19   20  29  109   -7  269  -26  269  -26  15  0  0 L3P 38
G09 FF 61076 052600  780 214 2493    -7702051    -34         427    -39   63  24  221  -45  457  -20  457  -20  48  0  0 L3P 65
G26 FF 61076 052600  780 429  919    +3223323    +39         405    -20   38  56  119   -1  282  +18  282   18  26  0  0 L3P 34
G28 FF 61076 052600  780 175 1346    +6007703   -112         405    -50   32  96  268  +91  458 +134  458  134  23  0  0 L3P 90
G31 FF 61076 052600  780 493 1379    +1687767    -14         398     +7   29  23  107  +11  254  +15  254   15  23  0  0 L3P 4E
G03 FF 61076 054200  780 839 2481    -5787487   +109         407     -1   16  78   82   -1  210   -6  210   -6  12  0  0 L3P 1C
G04 FF 61076 054200  780 523 2193     -423183    -37         410    -15   19  29  103   -6  254  -19  254  -19  13  0  0 L3P 32
G09 FF 61076 054200  780 260 2436    -7702036     +4         438     +0   55  24  185  -32  389  -64  389  -64  43  0  0 L3P 4C
G16 FF 61076 054200  780 402  559    -2018191   -129         410    -54   30  33  126  -13  314  +10  314   10  21  0  0 L3P 2A
G26 FF 61076 054200  780 427 1018    +3223378    +82         404    +23   35  56  120   +2  286  -13  286  -13  24  0  0 L3P 3E
G31 FF 61076 054200  780 426 1375    +1687732    -16         384     +5   31  23  120  +16  293  +32  293   32  22  0  0 L3P 33
G03 FF 61076 055800  780 831 3282    -5787383    +92         406    -18   27  78   82   +1  214  +18  214   18  18  0  0 L3P 43
G04 FF 61076 055800  780 562 2087     -423221    +32         393    +54   29  29   98   -4  249  -61  249  -61  22  0  0 L3P 39
G09 FF 61076 055800  780 307 2379    -7702047    +10         422     +6   49  24  159  -23  350  -62  350  -62  34  0  0 L3P 51
G16 FF 61076 055800  780 448  643    -2018277    -85         396    -10   46  33  115   -9  294  -13  294  -13  35  0  0 L3P 52
G26 FF 61076 055800  780 409 1110    +3223434    +34         403    -25   40  56  124   +6  287   +9  287    9  28  0  0 L3P 1C
G31 FF 61076 055800  780 361 1362    +1687706     +3         379    +25   37  23  137  +22  321   +8  321    8  28  0  0 L3P 1C
G03 FF 61076 061400  780 757 3516    -5787283   +118         395     +7   17   4   84   +3  220   +4  220    4  13  0  0 L3P F7
G04 FF 61076 061400  780 598 1967     -423224    -34         408    -12   25  30   94   -3  229   +3  229    3  17  0  0 L3P F9
G06 FF 61076 061400  780 142 2364    +6083582    +41         416    +16   43  24  325  -18  483  -19  483  -19  36  0  0 L3P 66
G09 FF 61076 061400  780 357 2321    -7702046    -37         424    -42   27  25  139  -18  314   +5  314    5  19  0  0 L3P 2D
G16 FF 61076 061400  780 484  743    -2018335    -64         410    +11   36  42  109   -5  271  -19  271  -19  26  0  0 L3P 36
G26 FF 61076 061400  780 378 1190    +3223491    +88         405    +29   37  57  132  +11  293   -9  293   -9  27  0  0 L3P 4C
G31 FF 61076 061400  780 299 1340    +1687681    +45         373    +67   37  24  162  +31  357   -5  357   -5  25  0  0 L3P 4A
G03 FF 61076 063000  780 673 3575    -5787173   +117         400     +7   26   4   88   +6  232  +14  232   14  19  0  0 L3P 1C
G04 FF 61076 063000  780 630 1828     -423248    -12         405     +9   19  30   91   -2  224  -17  224  -17  14  0  0 L3P 04
G06 FF 61076 063000  780 145 2435    +6083613     +3         422    -22   53  24  319   +5  479  +17  479   17  38  0  0 L3P 32
G09 FF 61076 063000  780 409 2264    -7702052    -27         413    -31   39  25  124  -14  294   -8  294   -8  26  0  0 L3P 41
G16 FF 61076 063000  780 504  857    -2018398    -64         418    +11   33  42  105   -2  251  -24  251  -24  25  0  0 L3P 2D
G26 FF 61076 063000  780 337 1255    +3223553    +68         410     +9   54  57  146  +18  309  +15  309   15  42  0  0 L3P 3D
G31 FF 61076 063000  780 240 1313    +1687707    +18         420    +39   52  24  199  +46  373  +32  373   32  38  0  0 L3P 4F
G03 FF 61076 064600  780 589 3596    -5787064    +93         403    -18   22   4   95   +9  251  +41  251   41  17  0  0 L3P 32
G04 FF 61076 064600  780 655 1666     -423269    -40         405    -18   20  30   89   -1  215  +11  215   11  15  0  0 L3P 0C
G06 FF 61076 064600  780 137 2507    +6083635    -13         420    -38   52  24  335  +29  492  +49  492   49  39  0  0 L3P 6A
G07 FF 61076 064600  780 259 2882    +1448206    +56         373     +5   45  34  186  -36  438  -60  438  -60  37  0  0 L3P 6A
G09 FF 61076 064600  780 463 2205    -7702032    -13         429    -17   27  25  112  -11  253   -2  253   -2  18  0  0 L3P 29
G16 FF 61076 064600  780 507  976    -2018471    -69         417     +6   37  42  105   +1  241  -13  241  -13  29  0  0 L3P 28
G26 FF 61076 064600  780 288 1304    +3223617    +17         418    -42   46  57  168  +28  335  +70  335   70  36  0  0 L3P 5F
G31 FF 61076 064600  780 183 1282    +1687674    +44         408    +65   53  24  255  +75  441   -2  441   -2  41  0  0 L3P 3F
G03 FF 61076 070200  780 505    5    -5786945   +124         416    +13   35   4  105  +13  266  +10  266   10  27  0  0 L3P 08
G04 FF 61076 070200  780 669 1481     -423291    +15         404    +36   27  30   88   +0  202  -46  202  -46  19  0  0 L3P 1B
G07 FF 61076 070200  780 310 2817    +1448271   +115         390    +64   47  34  157  -24  365 -116  365 -116  38  0  0 L3P 97
G09 FF 61076 070200  780 520 2143    -7702043     -3         414     -7   21  25  103   -9  235  -29  235  -29  15  0  0 L3P 17
G16 FF 61076 070200  780 491 1088    -2018543    -72         418     +3   34  42  107   +4  228  -27  228  -27  28  0  0 L3P 3B
G26 FF 61076 070200  780 235 1339    +3223663    +61         407     +2   37  57  203  +46  375  +46  375   46  33  0  0 L3P 41
G03 FF 61076 071800  780 423   11    -5786863   +141         392    +31   39   4  121  +19  307   +4  307    4  31  0  0 L3P FD
G04 FF 61076 071800  780 667 1285     -423316    -29         399     -7   28  30   88   +1  195   -5  195   -5  20  0  0 L3P 0A
G07 FF 61076 071800  780 361 2745    +1448330    -21         399    -72   40  34  138  -17  303   +4  303    4  27  0  0 L3P 29
G09 FF 61076 071800  780 580 2075    -7702035    +26         418    +22   21  25   96   -7  209  -34  209  -34  16  0  0 L3P 3F
G16 FF 61076 071800  780 458 1182    -2018621    -96         411    -21   38  42  113   +8  228  +22  228   22  32  0  0 L3P 35
G26 FF 61076 071800  780 178 1362    +3223736   +107         423    +48   57  57  263  +83  422  +33  422   33  38  0  0 L3P 6C
G04 FF 61076 073400  780 650 1097     -423330    -31         406    -10   25  30   90   +2  193  +15  193   15  19  0  0 L3P 03
G07 FF 61076 073400  780 409 2666    +1448378    +79         398    +28   43  34  124  -12  265  -54  265  -54  33  0  0 L3P 7E
G09 FF 61076 073400  780 642 1996    -7702030    -14         418    -19   26  25   90   -5  194   +0  194    0  18  0  0 L3P 11
G16 FF 61076 073400  780 414 1256    -2018683    -50         422    +25   26  42  123  +12  237  +12  237   12  18  0  0 L3P 3A
G03 FF 61076 075000  780 266   23    -5786618   +289         426   +179   76   4  180  +48  393  -74  393  -74  55  0  0 L3P 7C
G04 FF 61076 075000  780 618  935     -423350     +1         407    +23   26  30   92   +3  194   -8  194   -8  19  0  0 L3P DE
G07 FF 61076 075000  780 455 2577    +1448422    -17         393    -68   36  34  114   -9  236  +27  236   27  27  0  0 L3P 56
G09 FF 61076 075000  780 705 1890    -7702018    +20         426    +15   17  25   86   -3  177  -19  177  -19  13  0  0 L3P 45
G16 FF 61076 075000  780 362 1309    -2018740    -33         436    +42   33  42  137  +19  251   +4  251    4  25  0  0 L3P 1A
G04 FF 61076 080600  780 574  802     -423372    -27         404     -5   35  31   96   +5  196   +8  196    8  25  0  0 L3P E0
G07 FF 61076 080600  780 497 2478    +1448475    +66         395    +16   40  39  106   -7  209  -24  209  -24  29  0  0 L3P 6B
G08 FF 61076 080600  780 251  583    -4956986     +2         428    -47   95  35  191  -33  353  -16  353  -16  72  0  0 L3P 5D
G09 FF 61076 080600  780 765 1719    -7702014     -4         426     -8   19  28   84   -2  162   -9  162   -9  15  0  0 L3P 07
G16 FF 61076 080600  780 305 1345    -2018809     -9         440    +66   37  45  159  +28  266  -16  266  -16  28  0  0 L3P 62
G30 FF 61076 080600  780 227 2687    -1109410    -13         404   +113   91  75  210  -41  350 -141  350 -141  67  0  0 L3P 7C
G04 FF 61076 082200  780 523  694     -423395    -47         401    -25   29  31  103   +8  209  +38  209   38  23  0  0 L3P 1C
G07 FF 61076 082200  780 536 2368    +1448538    +63         409    +13   26  39  101   -5  190  -20  190  -20  18  0  0 L3P 48
G08 FF 61076 082200  780 295  649    -4956962    -12         405    -61   75  35  165  -22  313   +5  313    5  58  0  0 L3P 30
G09 FF 61076 082200  780 808 1374    -7702011    +14         424    +10   32  28   82   -1  154  -11  154  -11  24  0  0 L3P 1D
G16 FF 61076 082200  780 246 1367    -2018879     +4         442    +79   38  45  194  +46  305   -8  305   -8  28  0  0 L3P 44
G21 FF 61076 082200  780 150 2227    -3932761    -34         432    +27   34   7  311  -93  331  -32  331  -32  25  0  0 L3P 39
G27 FF 61076 082200  780 248  998     +341813    +49         436    -42   38  28  193   -9  316  +16  316   16  31  0  0 L3P 32
G30 FF 61076 082200  780 273 2624    -1109501   -134         434     -8   65  75  177  -28  279  -52  279  -52  47  0  0 L3P 75
G04 FF 61076 083800  780 466  608     -423408    -34         409    -13   41  31  112  +11  227  +30  227   30  30  0  0 L3P 12
G07 FF 61076 083800  780 571 2243    +1448587    +44         411     -6   20  39   97   -4  179   -1  179   -1  15  0  0 L3P 16
G08 FF 61076 083800  780 334  723    -4956898    +34         422    -15   63  35  147  -14  271  -18  271  -18  46  0  0 L3P 6A
G09 FF 61076 083800  780 801  877    -7702006    +21         425    +16   18  28   83   +1  155   -7  155   -7  13  0  0 L3P 0A
G16 FF 61076 083800  780 186 1377    -2018930    +22         463    +97   59  45  253  +80  330  -35  330  -35  51  0  0 L3P 6B
G21 FF 61076 083800  780 192 2277    -3932827    -16         426    +46   39   7  246  -48  312  -50  312  -50  30  0  0 L3P 58
G30 FF 61076 083800  780 319 2559    -1109635   -118         421     +9   42  75  154  -20  253  -44  253  -44  32  0  0 L3P 63
G04 FF 61076 085400  780 405  537     -423424    -52         414    -31   35  31  125  +16  252  +44  252   44  27  0  0 L3P 1C
G07 FF 61076 085400  780 599 2104    +1448637    +64         413    +14   20  39   94   -2  169  -13  169  -13  15  0  0 L3P 46
G08 FF 61076 085400  780 365  805    -4956851    +89         422    +40   31  35  137   -9  252  -45  252  -45  26  0  0 L3P 52
G09 FF 61076 085400  780 748  582    -7702005    +22         422    +18   22  28   84   +3  166   -3  166   -3  16  0  0 L3P 07
G21 FF 61076 085400  780 225 2338    -3932869     +7         443    +69   26   7  211  -27  281  -64  281  -64  19  0  0 L3P 55
G30 FF 61076 085400  780 365 2490    -1109745   -158         432    -32   29  75  137  -15  222   +1  222    1  23  0  0 L3P 37
G07 FF 61076 091000  780 619 1950    +1448681     -9         409    -59   18  39   92   -1  165  +33  165   33  13  0  0 L3P 2F
G08 FF 61076 091000  780 384  895    -4956798    +56         429     +7   37  35  131   -4  230  -21  230  -21  27  0  0 L3P 3B
G09 FF 61076 091000  780 678  440    -7702006    +10         416     +5   20  28   88   +5  176   +3  176    3  15  0  0 L3P DE
G21 FF 61076 091000  780 249 2407    -3932934    -91         437    -30   28   7  192  -14  270   +7  270    7  20  0  0 L3P 1D
G30 FF 61076 091000  780 411 2418    -1109860   -150         438    -24   35  75  124  -12  199   -6  199   -6  27  0  0 L3P 52
G07 FF 61076 092600  780 630 1784    +1448726    +47         406     -3   14  39   91   +0  166   +4  166    4  11  0  0 L3P FA
G08 FF 61076 092600  780 391  989    -4956753    +22         427    -27   28  35  129   +0  229  +21  229   21  19  0  0 L3P 49
G09 FF 61076 092600  780 604  358    -7702000     +3         418     -2   25  28   93   +7  188  +19  188   19  17  0  0 L3P 08
G14 FF 61076 092600  780 340 3095    -7329437    +25         432    +47   39 239  145  -25  263  -89  263  -89  28  0  0 L3P 98
G21 FF 61076 092600  780 262 2484    -3932998    -25         431    +36   29   7  183   -5  263  -48  263  -48  23  0  0 L3P 5A
G27 FF 61076 092600  780 208 1283     +342176   +110         450    +19   40  28  227  +32  316   +9  316    9  29  0  0 L3P 29
G30 FF 61076 092600  780 457 2342    -1109993   -113         427    +13   21  75  114   -9  193  -25  193  -25  15  0  0 L3P 62
G07 FF 61076 094200  780 630 1614    +1448789    +84         420    +34   21  39   91   +0  157  -19  157  -19  15  0  0 L3P 45
G08 FF 61076 094200  780 383 1080    -4956699    +85         433    +36   55  35  131   +4  220  -20  220  -20  43  0  0 L3P 49
G09 FF 61076 094200  780 527  303    -7701994    +17         419    +13   30  28  102  +11  198   +7  198    7  24  0  0 L3P 23
G14 FF 61076 094200  780 404 3038    -7329457    -17         433     +5   30 239  125  -17  213  -40  213  -40  23  0  0 L3P 51
G21 FF 61076 094200  780 262 2564    -3933063    -87         425    -25   22   7  183   +3  255  +10  255   10  16  0  0 L3P 26
G30 FF 61076 094200  780 504 2259    -1110112   -126         428     +1   19  75  105   -7  173  -16  173  -16  13  0  0 L3P 38
G05 FF 61076 095800  780 137 2362    +2284869     -6         445    -12   47  32  337  -19  299   -9  299   -9  35  0  0 L3P 5A
G07 FF 61076 095800  780 619 1448    +1448833    +36         416    -14   18  39   92   +1  161  +10  161   10  14  0  0 L3P 2C
G08 FF 61076 095800  780 362 1164    -4956669    +18         417    -30   32  35  137   +9  233  +29  233   29  24  0  0 L3P 57
G09 FF 61076 095800  780 451  264    -7701993    -63         416    -68   25  28  115  +16  212  +65  212   65  19  0  0 L3P 56
G14 FF 61076 095800  780 466 2969    -7329482    -11         428    +10   33 239  112  -12  179  -37  179  -37  25  0  0 L3P 92
G21 FF 61076 095800  780 252 2644    -3933114    -11         433    +50   38   7  190  +12  240  -41  240  -41  26  0  0 L3P 37
G22 FF 61076 095800  780 285 3060     +504042    -46         448     +2   60  70  170  -33  268  -65  268  -65  45  0  0 L3P 46
G30 FF 61076 095800  780 551 2167    -1110229   -139         433    -13   16  75   99   -6  158   -9  158   -9  12  0  0 L3P 3E
G05 FF 61076 101400  780 140 2431    +2284868    -26         432    -31   61  33  331   +5  285   +2  285    2  45  0  0 L3P 09
G07 FF 61076 101400  780 598 1294    +1448872    +34         404    -16   25  42   94   +2  153   +1  153    1  18  0  0 L3P 02
G08 FF 61076 101400  780 328 1235    -4956621    +85         415    +36   34  40  149  +16  233  -25  233  -25  24  0  0 L3P 58
G09 FF 61076 101400  780 375  235    -7701988    +38         416    +34   41  29  133  +23  221  -18  221  -18  30  0  0 L3P 45
G14 FF 61076 101400  780 524 2884    -7329506     -1         419    +21   24   0  103   -8  166  -21  166  -21  17  0  0 L3P 19
G21 FF 61076 101400  780 231 2721    -3933179    -72         428    -11   26   8  206  +22  241  +17  241   17  18  0  0 L3P 2C
G22 FF 61076 101400  780 343 3004     +503971    -11         418    +37   45  71  144  -22  226  -67  226  -67  31  0  0 L3P 3C
G30 FF 61076 101400  780 596 2063    -1110362   -141         422    -15   19  19   94   -5  152   +0  152    0  14  0  0 L3P F9
G05 FF 61076 103000  780 133 2501    +2284887     -7         446    -13   42  33  347  +29  269   -4  269   -4  30  0  0 L3P 29
G07 FF 61076 103000  780 569 1156    +1448925    +67         409    +17   23  42   97   +4  143  -18  143  -18  16  0  0 L3P 42
G08 FF 61076 103000  780 286 1293    -4956576    +16         414    -33   37  40  169  +26  246  +33  246   33  26  0  0 L3P 5D
G13 FF 61076 103000  780 174 2210    -6875937   -118         433   -129   53  88  271  -94  252  +44  252   44  36  0  0 L3P 84
G14 FF 61076 103000  780 578 2778    -7329530    -68         415    -46   20   0   96   -6  150  +12  150   12  15  0  0 L3P 17
G22 FF 61076 103000  780 399 2938     +503927    -46         421     +2   35  71  127  -15  183  -37  183  -37  25  0  0 L3P 42
G30 FF 61076 103000  780 640 1938    -1110491   -131         415     -5   15  19   90   -3  139  -19  139  -19  12  0  0 L3P 2B
G07 FF 61076 104600  780 533 1035    +1448963    +61         399    +11   30  42  101   +5  159   +9  159    9  21  0  0 L3P 16
G08 FF 61076 104600  780 236 1338    -4956528    +98         414    +49   58  40  201  +43  248  -30  248  -30  47  0  0 L3P 70
G13 FF 61076 104600  780 235 2218    -6875936    +68         423    +56   28  88  204  -52  230  -57  230  -57  21  0  0 L3P 6F
G14 FF 61076 104600  780 623 2645    -7329558    -47         409    -25   26   0   92   -4  140  +15  140   15  20  0  0 L3P 15
G22 FF 61076 104600  780 452 2861     +503875    -19         414    +29   29  71  114  -11  164  -22  164  -22  25  0  0 L3P 44
G30 FF 61076 104600  780 678 1781    -1110614   -147         413    -21   22  19   88   -2  126   +6  126    6  16  0  0 L3P 12
G07 FF 61076 110200  780 491  930    +1449030    +37         419    -13   37  42  107   +7  163  +25  163   25  26  0  0 L3P 1D
G08 FF 61076 110200  780 182 1370    -4956488    +89         408    +40   53  40  257  +77  253  -25  253  -25  36  0  0 L3P 6F
G13 FF 61076 110200  780 296 2238    -6875912    -12         436    -24   32  88  165  -32  200  -12  200  -12  25  0  0 L3P 4E
G14 FF 61076 110200  780 658 2481    -7329582    -24         406     -3   20   0   89   -2  135   -6  135   -6  15  0  0 L3P EE
G22 FF 61076 110200  780 502 2770     +503834    -29         419    +18   20  71  106   -8  157  -15  157  -15  17  0  0 L3P 2E
G30 FF 61076 110200  780 706 1582    -1110739   -133         409     -7   16  19   86   -1  130   +1  130    1  13  0  0 L3P E7
G07 FF 61076 111800  780 445  838    +1449075     +6         415    -44   35  42  116  +10  185  +50  185   50  26  0  0 L3P 2B
G13 FF 61076 111800  780 355 2272    -6875905    +20         432     +9   28  88  140  -21  177  -21  177  -21  20  0  0 L3P 4C
G14 FF 61076 111800  780 677 2289    -7329599     -4         409    +17   18   0   88   -1  128  -21  128  -21  13  0  0 L3P 29
G22 FF 61076 111800  780 547 2664     +503786    -56         418     -8   22  71  100   -5  154   -4  154   -4  17  0  0 L3P 05
G30 FF 61076 111800  780 716 1346    -1110860   -139         409    -13   14  19   86   +0  129  +11  129   11  11  0  0 L3P 26
G07 FF 61076 113400  780 396  757    +1449132    +22         424    -28   30  42  127  +14  200  +40  200   40  25  0  0 L3P 1E
G13 FF 61076 113400  780 410 2324    -6875891     +2         435    -10   33  88  124  -13  155  -21  155  -21  25  0  0 L3P 3D
G14 FF 61076 113400  780 680 2084    -7329619     +5         409    +26   20   0   88   +0  127   -9  127   -9  14  0  0 L3P F3
G15 FF 61076 113400  780 145 2234    -3831229    +10         463    +44   50  52  322  -95  216  -55  216  -55  38  0  0 L3P 57
G17 FF 61076 113400  780 492 3561     +537755   +170         402    +59   52  41  108  -13  190  -35  190  -35  34  0  0 L3P 5C
G22 FF 61076 113400  780 585 2539     +503749    -70         426    -22   20  71   95   -4  138   +9  138    9  15  0  0 L3P 03
G30 FF 61076 113400  780 703 1110    -1110973   -113         418    +13   22  19   86   +1  128   +1  128    1  15  0  0 L3P F0
G07 FF 61076 115000  780 344  687    +1449186    +90         430    +40   32  42  143  +20  211  -25  211  -25  23  0  0 L3P 2E
G13 FF 61076 115000  780 458 2397    -6875889     -1         427    -12   30  88  113   -9  142   -6  142   -6  22  0  0 L3P 27
G14 FF 61076 115000  780 666 1891    -7329637    -24         413     -2   18   0   89   +1  131  +10  131   10  13  0  0 L3P F3
G15 FF 61076 115000  780 184 2281    -3831269    +26         455    +60   42  52  255  -50  210  -67  210  -67  32  0  0 L3P 55
G17 FF 61076 115000  780 572 3566     +537865   +121         406    +11   22  41   97   -9  175   -9  175   -9  16  0  0 L3P 25
G22 FF 61076 115000  780 615 2394     +503704    -48         427     +0   17  71   92   -2  128   -9  128   -9  12  0  0 L3P EC
G30 FF 61076 115000  780 670  912    -1111095   -131         416     -4   19  19   88   +3  134   +7  134    7  12  0  0 L3P E3
G07 FF 61076 120600  780 291  625    +1449229    +92         422    +42   62  44  166  +29  238   +5  238    5  47  0  0 L3P 24
G13 FF 61076 120600  780 493 2494    -6875889    +16         414     +5   26  89  107   -5  137  -14  137  -14  19  0  0 L3P 57
G14 FF 61076 120600  780 641 1724    -7329664    -19         405     +3   13   1   90   +2  135   -6  135   -6  10  0  0 L3P E0
G15 FF 61076 120600  780 217 2337    -3831323    -37         441     -3   40  53  219  -28  208  -24  208  -24  31  0  0 L3P 3E
G17 FF 61076 120600  780 655 3579     +537972   +119         409     +9   18  55   89   -6  156  -24  156  -24  13  0  0 L3P 4A
G22 FF 61076 120600  780 634 2232     +503659    -54         424     -7   18  72   91   -1  131  +20  131   20  14  0  0 L3P EB
G30 FF 61076 120600  780 623  763    -1111222   -114         410    +12   20  23   92   +5  143   +6  143    6  15  0  0 L3P D8
G13 FF 61076 122200  780 512 2612    -6875872     -1         420    -13   25  89  104   -1  130   -2  130   -2  17  0  0 L3P F9
G14 FF 61076 122200  780 608 1583    -7329690    -17         399     +5   16   1   93   +3  138   -6  138   -6  12  0  0 L3P FE
G15 FF 61076 122200  780 241 2401    -3831351    -35         445     -1   38  53  198  -15  188  -15  188  -15  28  0  0 L3P 4F
G17 FF 61076 122200  780 737   17     +538074   +109         406     -1   22  55   85   -4  143  -22  143  -22  15  0  0 L3P F4
G22 FF 61076 122200  780 641 2059     +503620    -49         431     -1   15  72   90   +0  127  -17  127  -17  10  0  0 L3P F8
G30 FF 61076 122200  780 567  651    -1111347   -154         406    -28   26  23   97   +7  159  +29  159   29  20  0  0 L3P 34
G13 FF 61076 123800  780 511 2738    -6875868    +43         413    +31   24  89  104   +2  134  -21  134  -21  17  0  0 L3P 49
G14 FF 61076 123800  780 570 1462    -7329712    -31         398     -9   18   1   97   +4  141   +6  141    6  14  0  0 L3P E9
G15 FF 61076 123800  780 255 2473    -3831398    -57         431    -23   47  53  188   -6  193  +12  193   12  37  0  0 L3P 54
G17 FF 61076 123800  780 816  157     +538165   +101         391     -9   15  55   82   -2  140   -1  140   -1  13  0  0 L3P E1
G19 FF 61076 123800  780 592 3381    -6887615    -31         421    -13   18  58   95   -9  153   -8  153   -8  13  0  0 L3P 35
G22 FF 61076 123800  780 637 1886     +503564    -46         421     +2   18  72   91   +1  128   +5  128    5  13  0  0 L3P E2
G30 FF 61076 123800  780 506  565    -1111465   -113         409    +13   24  23  105  +10  167   -2  167   -2  19  0  0 L3P 20
G13 FF 61076 125400  780 489 2859    -6875860    -17         410    -29   24  89  108   +5  141  +34  141   34  17  0  0 L3P 56
G14 FF 61076 125400  780 531 1357    -7329737    -13         394     +8   28   1  101   +6  144   +2  144    2  21  0  0 L3P E8
G15 FF 61076 125400  780 258 2549    -3831432     -4         429    +30   45  53  186   +2  193  -21  193  -21  34  0  0 L3P 3B
G17 FF 61076 125400  780 854  884     +538275    +84         395    -27   13  55   82   +0  131  +15  131   15  10  0  0 L3P 0A
G19 FF 61076 125400  780 676 3342    -6887632    -24         420     -7   22  58   88   -6  135  -10  135  -10  17  0  0 L3P 36
G22 FF 61076 125400  780 622 1723     +503518    -38         420    +10   15  72   92   +2  129   -7  129   -7  10  0  0 L3P EF
G30 FF 61076 125400  780 442  499    -1111587   -117         409     +9   36  23  116  +14  181   +8  181    8  25  0  0 L3P 1C
G13 FF 61076 131000  780 452 2964    -6875855    +11         404     -1   37  89  114   +9  163   +9  163    9  26  0  0 L3P 18
G14 FF 61076 131000  780 490 1263    -7329748    -17         403     +4   27   1  107   +7  143   +2  143    2  21  0  0 L3P DE
G15 FF 61076 131000  780 250 2626    -3831455    -69         439    -35   59  53  191   +9  190  +41  190   41  47  0  0 L3P 4B
G17 FF 61076 131000  780 794 1349     +538373   +103         387     -8   17  55   83   +2  130   +0  130    0  12  0  0 L3P E5
G19 FF 61076 131000  780 758 3274    -6887648     +2         421    +19   19  58   84   -3  123  -20  123  -20  14  0  0 L3P 2F
G22 FF 61076 131000  780 598 1575     +503468    -63         417    -15   16  72   94   +3  130   +6  130    6  13  0  0 L3P EE
G24 FF 61076 131000  780 164 2242    +1341927   -225         420    -68   70  60  287 -101  194  +42  194   42  51  0  0 L3P 68
G01 FF 61076 132600  780 153 1322    -3359380     -1         416    -49   48 225  303  +60  172  +42  172   42  37  0  0 L3P 43
G13 FF 61076 132600  780 403 3052    -6875854     +7         394     -4   41  89  125  +14  172  +12  172   12  32  0  0 L3P 29
G14 FF 61076 132600  780 448 1177    -7329790    -48         381    -26   34   1  115   +9  159  +26  159   26  25  0  0 L3P 45
G15 FF 61076 132600  780 232 2701    -3831507    -69         420    -35   51  53  205  +19  220  +55  220   55  36  0  0 L3P 41
G17 FF 61076 132600  780 716 1429     +538471   +132         379    +22   22  55   86   +4  131   -9  131   -9  16  0  0 L3P 19
G19 FF 61076 132600  780 837 3081    -6887663    +26         422    +43   16  58   82   -1  112  -26  112  -26  11  0  0 L3P 3F
G22 FF 61076 132600  780 568 1443     +503420    -46         414     +2   28  72   97   +4  125   +2  125    2  19  0  0 L3P D5
G24 FF 61076 132600  780 222 2245    +1341787   -162         431     -5   44  60  215  -56  172   +9  172    9  29  0  0 L3P 2E
G06 FF 61076 134200  780 345  262    +6084234    +44         395    +19   38  43  143  -26  213  -66  213  -66  29  0  0 L3P 52
G13 FF 61076 134200  780 347 3124    -6875838    -27         399    -38   29  89  142  +21  186  +57  186   57  23  0  0 L3P 7F
G14 FF 61076 134200  780 406 1098    -7329804    -75         389    -54   35   1  124  +11  160  +30  160   30  28  0  0 L3P 37
G15 FF 61076 134200  780 206 2774    -3831521    -47         439    -13   48  53  229  +32  224  +14  224   14  38  0  0 L3P 4F
G17 FF 61076 134200  780 638 1442     +538576    +98         378    -12   16  55   90   +6  130   -4  130   -4  11  0  0 L3P 05
G19 FF 61076 134200  780 859 2052    -6887674    -44         427    -27   18  58   82   +1  106   +4  106    4  13  0  0 L3P 1C
G22 FF 61076 134200  780 534 1325     +503372    -60         412    -12   34  72  101   +5  130   -4  130   -4  25  0  0 L3P E6
G24 FF 61076 134200  780 281 2258    +1341632   -211         427    -54   49  60  172  -34  165   -8  165   -8  34  0  0 L3P 4E
G06 FF 61076 135800  780 415  307    +6084247    -29         385    -54   38  43  123  -18  188  +11  188   11  27  0  0 L3P 50
G14 FF 61076 135800  780 364 1023    -7329820    -57         394    -36   41   1  137  +14  156  +31  156   31  29  0  0 L3P 40
G17 FF 61076 135800  780 563 1432     +538685   +131         381    +20   20  55   98   +9  125  -15  125  -15  15  0  0 L3P 3A
G19 FF 61076 135800  780 789 1691    -6887696    -12         421     +6   20  58   83   +2  102   -6  102   -6  15  0  0 L3P 19
G22 FF 61076 135800  780 496 1218     +503326    -34         411    +14   25  72  106   +6  130  -16  130  -16  21  0  0 L3P 1C
G24 FF 61076 135800  780 339 2282    +1341472   -137         417    +20   32  60  146  -23  156  -19  156  -19  20  0  0 L3P 6B
G06 FF 61076 141400  780 484  367    +6084284    -13         396    -38   28  44  109  -12  151   -6  151   -6  21  0  0 L3P 2E
G12 FF 61076 141400  780 180 2460    +6072725     -8         424    -11   73   0  262  -66  203   +8  203    8  52  0  0 L3P F6
G14 FF 61076 141400  780 320  953    -7329829    -11         404    +11   33   2  153  +19  154   -7  154   -7  23  0  0 L3P 0A
G17 FF 61076 141400  780 490 1411     +538785    +51         378    -59   31  56  107  +12  124  +40  124   40  24  0  0 L3P 34
G19 FF 61076 141400  780 715 1593    -6887722    -12         410     +5   21  62   86   +4  100  -20  100  -20  15  0  0 L3P 10
G22 FF 61076 141400  780 456 1122     +503277    -66         405    -18   24  91  113   +8  128   +4  128    4  18  0  0 L3P FD
G24 FF 61076 141400  780 395 2323    +1341311   -189         404    -32   31  63  128  -15  146   -1  146   -1  22  0  0 L3P 33
G06 FF 61076 143000  780 549  449    +6084297    +69         385    +44   22  44   99   -8  132  -53  132  -53  16  0  0 L3P 42
G12 FF 61076 143000  780 226 2409    +6072736    +22         432    +18   68   0  210  -43  164  -65  164  -65  51  0  0 L3P 40
G17 FF 61076 143000  780 421 1383     +538900    +50         387    -60   35  56  121  +16  111  +29  111   29  25  0  0 L3P 2B
G19 FF 61076 143000  780 643 1532    -6887744    -64         405    -47   18  62   90   +6   96  +24   96   24  15  0  0 L3P 26
G22 FF 61076 143000  780 413 1033     +503224    -49         398     -1   43  91  123  +11  132   +5  132    5  30  0  0 L3P DF
G24 FF 61076 143000  780 446 2382    +1341148   -141         391    +16   33  63  116  -10  140  -27  140  -27  26  0  0 L3P 56
G06 FF 61076 144600  780 604  566    +6084311    +11         375    -14   25  44   94   -5  119   -3  119   -3  18  0  0 L3P 02
G11 FF 61076 144600  780 329 3592    +4493476   -270         379   -138   58  82  150  -32  209  +88  209   88  53  0  0 L3P A1
G12 FF 61076 144600  780 275 2360    +6072719    -21         412    -24   41   0  176  -30  148   +0  148    0  27  0  0 L3P 06
G17 FF 61076 144600  780 356 1350     +538991    +79         372    -31   40  56  139  +22  111  +18  111   18  29  0  0 L3P 42
G19 FF 61076 144600  780 574 1481    -6887758    -31         407    -14   29  62   96   +7   82   +0   82    0  20  0  0 L3P FD
G22 FF 61076 144600  780 369  952     +503170    -42         389     +5   43  91  135  +15  135   -5  135   -5  31  0  0 L3P 01
G24 FF 61076 144600  780 488 2465    +1340999   -160         393     -3   27  63  108   -6  123   -6  123   -6  20  0  0 L3P 32
G06 FF 61076 150200  780 640  727    +6084337    +33         376     +8   30  44   90   -2  101  -22  101  -22  23  0  0 L3P F9
G12 FF 61076 150200  780 327 2311    +6072716    -52         405    -56   52   0  151  -22  121   +2  121    2  36  0  0 L3P EF
G17 FF 61076 150200  780 294 1314     +539086   +107         361     -3   61  56  165  +32  115  -17  115  -17  45  0  0 L3P 43
G19 FF 61076 150200  780 508 1434    -6887782    -27         399    -10   28  62  105  +10   78   +1   78    1  20  0  0 L3P 15
G22 FF 61076 150200  780 322  878     +503131    +17         396    +65   45  91  152  +20  135  -37  135  -37  33  0  0 L3P 30
G24 FF 61076 150200  780 517 2570    +1340846   -150         391     +7   23  63  104   -3  112  -12  112  -12  16  0  0 L3P 27
G06 FF 61076 151800  780 648  917    +6084361    +25         377     +0   25  44   90   +1   89  -13   89  -13  19  0  0 L3P 04
G11 FF 61076 151800  780 486   12    +4493228   -133         384     -1   35  82  108  -14  149  -36  149  -36  27  0  0 L3P 45
G12 FF 61076 151800  780 381 2264    +6072707    +13         393     +9   30   0  132  -17  106  -30  106  -30  22  0  0 L3P 1B
G17 FF 61076 151800  780 235 1274     +539216    +55         385    -55   54  56  202  +47   98  +46   98   46  39  0  0 L3P 40
G19 FF 61076 151800  780 446 1388    -6887790    +21         408    +38   32  62  115  +13   65  -28   65  -28  23  0  0 L3P 56
G24 FF 61076 151800  780 528 2692    +1340702   -167         398    -10   25  63  102   +0  101   -4  101   -4  20  0  0 L3P 1B
G06 FF 61076 153400  780 625 1092    +6084404    +34         395     +9   24  44   92   +3   73   -5   73   -5  17  0  0 L3P E4
G11 FF 61076 153400  780 568   29    +4493106   -155         389    -23   23  82   97  -10  125   -7  125   -7  15  0  0 L3P 21
G12 FF 61076 153400  780 438 2219    +6072719    +29         401    +26   33   0  117  -13   88  -35   88  -35  26  0  0 L3P 2D
G19 FF 61076 153400  780 388 1341    -6887805    -55         410    -38   37  62  129  +16   73  +32   73   32  26  0  0 L3P 44
G24 FF 61076 153400  780 519 2819    +1340567   -182         413    -26   33  63  103   +3   96  +32   96   32  24  0  0 L3P 2F
G06 FF 61076 155000  780 579 1220    +6084436    +39         404    +14   23  44   96   +6   59  -12   59  -12  15  0  0 L3P 18
G11 FF 61076 155000  780 650   60    +4492977   -128         387     +3   28  82   90   -6  103  -19  103  -19  20  0  0 L3P 18
G12 FF 61076 155000  780 498 2174    +6072716     +6         396     +2   24   0  106  -10   79  -18   79  -18  18  0  0 L3P 0E
G19 FF 61076 155000  780 334 1293    -6887808    -36         423    -19   39  62  147  +21   67  +23   67   23  29  0  0 L3P 4B
G24 FF 61076 155000  780 491 2935    +1340400   -164         397     -7   38  63  107   +6  112  +16  112   16  30  0  0 L3P 2E
G06 FF 61076 160600  780 520 1302    +6084456    +11         399    -14   23  52  103   +9   56   +3   56    3  19  0  0 L3P EA
G11 FF 61076 160600  780 730  131    +4492853   -143         385    -11   21  83   85   -4   83  -10   83  -10  16  0  0 L3P 0A
G12 FF 61076 160600  780 562 2130    +6072719    -26         397    -29   20   1   98   -8   63   +2   63    2  14  0  0 L3P D2
G19 FF 61076 160600  780 282 1244    -6887817    +32         424    +49   51  71  171  +29   66  -24   66  -24  36  0  0 L3P 53
G24 FF 61076 160600  780 450 3035    +1340249   -167         393    -10   34  66  115  +10  120  +27  120   27  23  0  0 L3P 44
G25 FF 61076 160600  780 179 2287    -4454106    +79         408    +54   50  67  263  -82   89  -72   89  -72  35  0  0 L3P 67
G06 FF 61076 162200  780 454 1351    +6084477    +18         395     -7   24  52  114  +14   57   +5   57    5  15  0  0 L3P FB
G11 FF 61076 162200  780 801  333    +4492728   -108         386    +23   23  83   83   -2   65  -32   65  -32  18  0  0 L3P 17
G12 FF 61076 162200  780 629 2085    +6072721    +24         396    +21   18   1   91   -6   53  -17   53  -17  14  0  0 L3P FE
G24 FF 61076 162200  780 398 3117    +1340110   -161         406     -5   35  66  127  +15  119   +5  119    5  27  0  0 L3P 1F
G25 FF 61076 162200  780 237 2266    -4454087     +5         403    -20   47  67  202  -49   64   -4   64   -4  36  0  0 L3P 0B
G06 FF 61076 163800  780 386 1376    +6084511    +63         405    +38   46  52  130  +20   56  -27   56  -27  32  0  0 L3P 3F
G11 FF 61076 163800  780 825  887    +4492600   -130         385     +2   30  83   82   +0   58   -9   58   -9  22  0  0 L3P EE
G12 FF 61076 163800  780 700 2035    +6072730     +0         401     -3   19   1   87   -4   46   -4   46   -4  14  0  0 L3P A5
G24 FF 61076 163800  780 341 3185    +1339944   -306         390   -149   69  66  144  +22  144 +112  144  112  51  0  0 L3P 9D
G25 FF 61076 163800  780 297 2251    -4454066    +47         400    +22   45  67  164  -32   53  -30   53  -30  32  0  0 L3P 35
G29 FF 61076 163800  780 162 2675    +3807408   -124         428    -58   70  56  288  -77  151   +8  151    8  49  0  0 L3P 69
G06 FF 61076 165400  780 318 1385    +6084532     +7         402    -18   48  52  154  +30   74  +14   74   14  36  0  0 L3P 1C
G11 FF 61076 165400  780 774 1269    +4492476   -140         388     -8   21  83   83   +2   52   +7   52    7  14  0  0 L3P F6
G12 FF 61076 165400  780 773 1967    +6072735     -2         403     -5   23   1   83   -3   45   +7   45    7  16  0  0 L3P B4
G25 FF 61076 165400  780 360 2244    -4454037    +28         405     +3   33  67  138  -22   41   +0   41    0  25  0  0 L3P E1
G29 FF 61076 165400  780 206 2616    +3807344    -54         426    +12   89  56  230  -48  111  -48  111  -48  63  0  0 L3P 6A
G05 FF 61076 171000  780 282  228    +2284981   -134         396   -140   69  36  172  -39  146  +59  146   59  59  0  0 L3P 87
G06 FF 61076 171000  780 252 1382    +6084573    +11         419    -14   45  52  190  +47   67  +23   67   23  33  0  0 L3P 29
G11 FF 61076 171000  780 701 1381    +4492338   -157         376    -25   35  83   86   +4   61  +22   61   22  24  0  0 L3P 16
G12 FF 61076 171000  780 847 1794    +6072739    +15         403    +12   17   1   82   -1   47   -6   47   -6  14  0  0 L3P DE
G21 FF 61076 171000  780 366  564    -3934746    -41         389    +21   58  12  136  -17  102  -26  102  -26  40  0  0 L3P 47
G25 FF 61076 171000  780 425 2248    -4454018    +53         399    +28   21  67  120  -16   44  -21   44  -21  16  0  0 L3P 32
G29 FF 61076 171000  780 250 2554    +3807268    -94         414    -28   68  56  192  -33   83  -12   83  -12  48  0  0 L3P 51
G05 FF 61076 172600  780 351  268    +2284974    -49         384    -55   50  36  141  -25  125  -24  125  -24  36  0  0 L3P 59
G11 FF 61076 172600  780 626 1414    +4492219   -159         384    -27   30  83   91   +6   54  +19   54   19  21  0  0 L3P 27
G12 FF 61076 172600  780 862  570    +6072739     +2         400     -2   25   1   81   +1   49   +5   49    5  17  0  0 L3P 95
G21 FF 61076 172600  780 413  645    -3934808    -32         387    +29   48  12  123  -11   92  -30   92  -30  37  0  0 L3P 2D
G25 FF 61076 172600  780 491 2268    -4453995    +39         399    +14   28  67  108  -11   40  -17   40  -17  22  0  0 L3P 51
G29 FF 61076 172600  780 294 2491    +3807199    -90         408    -24   49  56  165  -24   67  -13   67  -13  35  0  0 L3P 5F
G05 FF 61076 174200  780 421  316    +2284997    -27         401    -32   33  36  121  -17   91  +16   91   16  22  0  0 L3P 13
G11 FF 61076 174200  780 552 1417    +4492091   -143         383    -11   30  83   99   +9   57   +7   57    7  23  0  0 L3P 02
G12 FF 61076 174200  780 787  301    +6072739     -5         397     -9   22   1   83   +2   55   +7   55    7  16  0  0 L3P A9
G21 FF 61076 174200  780 450  741    -3934854    -40         399    +21   45  12  115   -6   75  -22   75  -22  33  0  0 L3P 16
G25 FF 61076 174200  780 556 2310    -4453966    +22         404     -3   36  67   99   -8   34   +2   34    2  27  0  0 L3P DC
G29 FF 61076 174200  780 339 2426    +3807145    -60         417     +6   52  56  146  -18   51  -12   51  -12  39  0  0 L3P 2D
G05 FF 61076 175800  780 489  378    +2285006     -7         405    -12   28  36  108  -11   74   +1   74    1  22  0  0 L3P E7
G11 FF 61076 175800  780 480 1405    +4491974   -132         392     -1   41  83  109  +12   53   +9   53    9  29  0  0 L3P 12
G12 FF 61076 175800  780 706  234    +6072737    -16         391    -20   28   1   86   +4   63  +21   63   21  21  0  0 L3P DC
G21 FF 61076 175800  780 473  850    -3934919    -55         392     +6   47  12  111   -3   72  -11   72  -11  34  0  0 L3P 09
G25 FF 61076 175800  780 616 2388    -4453943     +5         402    -20   25  67   92   -5   36  +14   36   14  17  0  0 L3P 05
G29 FF 61076 175800  780 385 2359    +3807084    -27         420    +39   38  56  131  -14   49  -28   49  -28  28  0  0 L3P 63
G05 FF 61076 181400  780 552  464    +2284998    +14         386     +8   35  37   99   -7   72   -4   72   -4  24  0  0 L3P ED
G11 FF 61076 181400  780 412 1384    +4491846    -86         391    +46   42  84  123  +17   63   -2   63   -2  29  0  0 L3P 1E
G12 FF 61076 181400  780 624  197    +6072740    +25         397    +22   25   2   92   +7   68   +1   68    1  17  0  0 L3P C3
G21 FF 61076 181400  780 478  966    -3934972    -36         395    +25   37  13  110   +1   65   -7   65   -7  29  0  0 L3P 0E
G25 FF 61076 181400  780 665 2521    -4453918    +31         407     +6   22  68   89   -3   39  +10   39   10  15  0  0 L3P FD
G29 FF 61076 181400  780 432 2290    +3807015    +69         414   +135   28  57  119  -11   55  -89   55  -89  21  0  0 L3P 61
G05 FF 61076 183000  780 604  585    +2285015    +23         397    +17   25  37   93   -4   60  -19   60  -19  18  0  0 L3P 0B
G11 FF 61076 183000  780 348 1357    +4491728   -178         399    -46   29  84  142  +23   71  +47   71   47  21  0  0 L3P 5B
G12 FF 61076 183000  780 543  172    +6072739    -29         393    -32   23   2  100  +10   81  +29   81   29  15  0  0 L3P FD
G21 FF 61076 183000  780 465 1077    -3935022    -65         403     -3   37  13  112   +4   65   +9   65    9  27  0  0 L3P E3
G25 FF 61076 183000  780 692 2718    -4453890     +6         410    -19   32  68   87   -1   42  +15   42   15  23  0  0 L3P FE
G29 FF 61076 183000  780 481 2217    +3806949    -48         412    +18   22  57  109   -9   54  -13   54  -13  17  0  0 L3P 37
G05 FF 61076 184600  780 637  747    +2285024    +38         401    +32   28  37   91   -2   62  -14   62  -14  20  0  0 L3P FF
G11 FF 61076 184600  780 287 1324    +4491597   -118         395    +14   42  84  168  +33  103  +33  103   33  32  0  0 L3P 65
G12 FF 61076 184600  780 463  154    +6072753     +5         404     +1   24   2  112  +15   87  +15   87   15  20  0  0 L3P D3
G21 FF 61076 184600  780 435 1173    -3935069    -26         415    +35   41  13  118   +8   68   +1   68    1  30  0  0 L3P F7
G25 FF 61076 184600  780 684 2940    -4453867    +42         409    +17   21  68   87   +2   47   +2   47    2  14  0  0 L3P FA
G29 FF 61076 184600  780 531 2138    +3806888    -52         414    +14   28  57  102   -7   54   +7   54    7  19  0  0 L3P 0D
G05 FF 61076 190200  780 642  932    +2285036    +22         407    +16   28  37   90   +1   72   +2   72    2  20  0  0 L3P BD
G11 FF 61076 190200  780 230 1288    +4491470   -144         395    -12   49  84  207  +48  149  +48  149   48  39  0  0 L3P 7E
G12 FF 61076 190200  780 384  141    +6072795    +46         442    +42   30   2  130  +23   89   -5   89   -5  22  0  0 L3P EB
G18 FF 61076 190200  780 287 2831    +4326419   -104         427     -8   43  50  169  -28   87   -5   87   -5  32  0  0 L3P 2F
G21 FF 61076 190200  780 393 1250    -3935121    -68         422     -6   36  13  128  +14   92  +29   92   29  27  0  0 L3P 1E
G25 FF 61076 190200  780 645 3121    -4453841    +12         412    -13   19  68   90   +4   59  +23   59   23  14  0  0 L3P 04
G29 FF 61076 190200  780 582 2049    +3806819    -68         408     -2   20  57   96   -6   68   +8   68    8  14  0  0 L3P FA
G05 FF 61076 191800  780 617 1098    +2285042    +21         408    +15   31  37   92   +3   87  +10   87   10  24  0  0 L3P 02
G12 FF 61076 191800  780 308  133    +6072755   -128         400   -131   64   2  158  +36  157 +132  157  132  41  0  0 L3P 6A
G18 FF 61076 191800  780 335 2761    +4326318   -140         418    -43   51  50  147  -19   79  +33   79   33  39  0  0 L3P 56
G21 FF 61076 191800  780 341 1308    -3935185    -52         418    +10   40  13  145  +21  120  +23  120   23  30  0  0 L3P 29
G25 FF 61076 191800  780 586 3244    -4453820    +31         409     +6   35  68   95   +7   77  +13   77   13  25  0  0 L3P 0F
G29 FF 61076 191800  780 634 1942    +3806750    -82         403    -16   29  57   91   -4   82  +23   82   23  21  0  0 L3P 18
G05 FF 61076 193400  780 572 1220    +2285043    -44         403    -50   32  37   97   +6  104  +56  104   56  22  0  0 L3P 1E
G18 FF 61076 193400  780 381 2684    +4326218    -18         411    +78   42  50  132  -14   97  -49   97  -49  34  0  0 L3P 58
G21 FF 61076 193400  780 284 1348    -3935254   -104         407    -42   42  13  170  +33  160  +70  160   70  27  0  0 L3P 56
G25 FF 61076 193400  780 518 3324    -4453804     -1         401    -26   43  68  103  +10  102  +45  102   45  33  0  0 L3P 26
G29 FF 61076 193400  780 682 1805    +3806676    -99         392    -34   15  57   88   -3  100  +36  100   36  11  0  0 L3P 42
G05 FF 61076 195000  780 513 1298    +2285056    -14         411    -20   28  37  104   +9  124  +35  124   35  18  0  0 L3P 33
G18 FF 61076 195000  780 424 2599    +4326130    -78         416    +19   36  50  120  -10  112   +1  112    1  27  0  0 L3P 17
G21 FF 61076 195000  780 223 1373    -3935295   -132         426    -71   32  13  212  +56  194 +111  194  111  24  0  0 L3P 78
G26 FF 61076 195000  780 183 2279    +3226396    +31         446    -27   52  28  257  -57  117  +53  117   53  38  0  0 L3P 69
G29 FF 61076 195000  780 724 1615    +3806619    -72         398     -6   25  57   85   -2  112  +19  112   19  18  0  0 L3P 31
G05 FF 61076 200600  780 449 1345    +2285063    +30         412    +25   28  38  115  +14  151  +26  151   26  20  0  0 L3P 33
G18 FF 61076 200600  780 464 2508    +4326035    -61         412    +35   34  51  112   -8  126  -12  126  -12  25  0  0 L3P 32
G23 FF 61076 200600  780 313 3298    -6087893   -212         417   -163   85  33  157  -34  196 +125  196  125  64  0  0 L3P B3
G26 FF 61076 200600  780 221 2332    +3226442    +56         430     -2   46  34  216  -32  143  +26  143   26  36  0  0 L3P 22
G29 FF 61076 200600  780 747 1352    +3806555    -30         397    +36   17  58   84   +0  122   -5  122   -5  11  0  0 L3P 13
G05 FF 61076 202200  780 383 1370    +2285080     +2         423     -4   31  38  131  +20  180  +52  180   52  24  0  0 L3P 06
G15 FF 61076 202200  780 360  598    -3832379    -45         405    -11   61   3  138  -16  222   +9  222    9  44  0  0 L3P 09
G18 FF 61076 202200  780 502 2407    +4325953    -83         423    +14   24  51  106   -6  131   +6  131    6  17  0  0 L3P 02
G23 FF 61076 202200  780 386 3261    -6087957    -74         399    -25   58  33  130  -22  197   +7  197    7  41  0  0 L3P 4D
G26 FF 61076 202200  780 250 2396    +3226493    +14         425    -44   39  34  192  -18  173  +67  173   67  31  0  0 L3P 5A
G29 FF 61076 202200  780 741 1056    +3806500    -44         405    +22   22  58   84   +1  134   +7  134    7  17  0  0 L3P F6
G05 FF 61076 203800  780 317 1379    +2285072    -16         409    -21   45  38  154  +29  233  +59  233   59  35  0  0 L3P 5F
G15 FF 61076 203800  780 402  679    -3832395    -73         422    -39   33   3  126  -10  213  +36  213   36  27  0  0 L3P 2C
G18 FF 61076 203800  780 535 2297    +4325857   -122         419    -26   25  51  101   -4  144  +35  144   35  18  0  0 L3P 54
G23 FF 61076 203800  780 460 3212    -6087998    -34         405    +15   47  33  113  -15  184  -18  184  -18  35  0  0 L3P 6A
G26 FF 61076 203800  780 269 2468    +3226551    +70         427    +12   72  34  179   -9  195  +17  195   17  57  0  0 L3P 5B
G29 FF 61076 203800  780 706  814    +3806431    -49         400    +17   23  58   86   +2  155   -2  155   -2  17  0  0 L3P 05
G05 FF 61076 205400  780 253 1376    +2285070    +67         402    +61   42  38  189  +45  281  +14  281   14  31  0  0 L3P 49
G15 FF 61076 205400  780 434  773    -3832430    -41         419     -7   51   3  118   -6  214   +2  214    2  35  0  0 L3P D5
G18 FF 61076 205400  780 565 2177    +4325768    -91         423     +6   21  51   97   -3  151  +12  151   12  17  0  0 L3P 19
G23 FF 61076 205400  780 532 3148    -6088044    -71         407    -22   29  33  102  -10  176   +8  176    8  22  0  0 L3P 28
G26 FF 61076 205400  780 277 2547    +3226603   +110         423    +52   77  34  174   -1  210  -17  210  -17  60  0  0 L3P 48
G29 FF 61076 205400  780 653  649    +3806365    -55         397    +11   24  58   89   +4  170  +13  170   13  18  0  0 L3P 2C
G05 FF 61076 211000  780 191 1365    +2285083    +67         410    +61   64  38  246  +77  317  +14  317   14  46  0  0 L3P 4D
G15 FF 61076 211000  780 453  875    -3832455    -41         427     -7   48   3  114   -2  214   +7  214    7  33  0  0 L3P DE
G16 FF 61076 211000  780 173 2283    -2022326   -103         448    -28   30  74  271  -50  222  +47  222   47  26  0  0 L3P 4F
G18 FF 61076 211000  780 590 2046    +4325686    -71         434    +25   20  51   95   -2  150   -6  150   -6  13  0  0 L3P 06
G23 FF 61076 211000  780 602 3061    -6088086    -37         411    +12   32  33   94   -7  169   -7  169   -7  22  0  0 L3P 14
G26 FF 61076 211000  780 274 2627    +3226665    +38         430    -20   61  34  176   +6  227  +46  227   46  42  0  0 L3P 3C
G29 FF 61076 211000  780 591  536    +3806301    -55         396    +11   31  58   95   +7  195  +22  195   22  22  0  0 L3P 1D
G15 FF 61076 212600  780 456  982    -3832497    -29         418     +5   32   3  114   +1  219   -6  219   -6  22  0  0 L3P FA
G16 FF 61076 212600  780 201 2344    -2022375    -92         470    -17   35  74  235  -27  223  +31  223   31  28  0  0 L3P 3F
G18 FF 61076 212600  780 608 1903    +4325591    -98         432     -1   16  51   93   -1  160   +3  160    3  11  0  0 L3P E9
G23 FF 61076 212600  780 665 2935    -6088136    -63         408    -14   19  33   89   -4  168   +2  168    2  14  0  0 L3P 1E
G26 FF 61076 212600  780 259 2707    +3226710    +82         419    +24   56  34  185  +13  260   +1  260    1  44  0  0 L3P 20
G29 FF 61076 212600  780 523  456    +3806231    -83         390    -17   34  58  103  +10  223  +37  223   37  24  0  0 L3P 36
G10 FF 61076 214200  780 313 3043    +5869182    -40         419    -58   46  26  156  -28  271  +10  271   10  32  0  0 L3P 46
G13 FF 61076 214200  780 210 1268    -6875499    +32         407    +20   36  14  225  +26  310   +2  310    2  26  0  0 L3P 14
G15 FF 61076 214200  780 443 1082    -3832534    -62         413    -28   27   3  116   +4  225  +20  225   20  20  0  0 L3P 0D
G16 FF 61076 214200  780 219 2412    -2022474    -57         443    +18   32  74  217  -13  250   -1  250   -1  23  0  0 L3P 1E
G18 FF 61076 214200  780 620 1750    +4325484   -109         417    -13   25  51   92   -1  168  +11  168   11  19  0  0 L3P 36
G23 FF 61076 214200  780 716 2745    -6088190    -38         401    +11   24  33   86   -2  166   -8  166   -8  16  0  0 L3P 1E
G26 FF 61076 214200  780 235 2784    +3226771    +51         425     -7   84  34  202  +23  286  +59  286   59  62  0  0 L3P 52
G29 FF 61076 214200  780 453  397    +3806186   -104         409    -39   34  58  114  +14  239  +58  239   58  25  0  0 L3P 6D
G10 FF 61076 215800  780 373 2977    +5869202    -14         421    -33   57  26  134  -19  242   +3  242    3  40  0  0 L3P 2B
G15 FF 61076 215800  780 415 1170    -3832565    -38         415     -4   33   3  122   +8  225   +3  225    3  24  0  0 L3P E8
G16 FF 61076 215800  780 227 2486    -2022545    -68         444     +7   27  74  209   -2  261   +1  261    1  21  0  0 L3P 05
G18 FF 61076 215800  780 622 1591    +4325391    -88         418     +9   31  51   92   +0  171   -4  171   -4  20  0  0 L3P 02
G23 FF 61076 215800  780 744 2472    -6088235    -52         403     -3   31  33   84   -1  164   +0  164    0  23  0  0 L3P EA
G29 FF 61076 215800  780 382  351    +3806088    +27         374    +93   51  58  131  +21  305  -13  305  -13  35  0  0 L3P 4B
G10 FF 61076 221400  780 429 2901    +5869224    +55         421    +37   45  27  119  -13  228  -29  228  -29  34  0  0 L3P 67
G15 FF 61076 221400  780 375 1242    -3832596    -54         422    -19   41  39  133  +14  237  +40  237   40  31  0  0 L3P 49
G16 FF 61076 221400  780 224 2562    -2022630   -133         431    -58   38  79  212   +8  297  +73  297   73  30  0  0 L3P 57
G18 FF 61076 221400  780 616 1432    +4325301   -103         418     -7   22  52   92   +1  185  +15  185   15  17  0  0 L3P 1A
G23 FF 61076 221400  780 739 2171    -6088275    -45         407     +3   18  34   85   +1  169  +10  169   10  12  0  0 L3P 1A
G27 FF 61076 221400  780 197 2226     +346375   +126         449    +35   47  14  240  -71  257  -18  257  -18  37  0  0 L3P 70
G29 FF 61076 221400  780 312  315    +3806063    -39         412    +27   63  64  156  +33  332  +58  332   58  49  0  0 L3P 43
G10 FF 61076 223000  780 482 2810    +5869246    +18         426     +0   42  27  109   -9  218   -7  218   -7  31  0  0 L3P 15
G15 FF 61076 223000  780 328 1296    -3832614    -85         437    -51   39  39  149  +21  255  +59  255   59  29  0  0 L3P 72
G16 FF 61076 223000  780 210 2638    -2022677    -77         456     -2   36  79  225  +19  310  +21  310   21  28  0  0 L3P 33
G18 FF 61076 223000  780 600 1281    +4325217    -85         427    +12   27  52   94   +2  194   +0  194    0  19  0  0 L3P FA
G23 FF 61076 223000  780 705 1930    -6088317    -59         412    -10   22  34   86   +2  176   +9  176    9  15  0  0 L3P 0D
G27 FF 61076 223000  780 256 2245     +346449    +96         435     +5   47  14  188  -41  260  -14  260  -14  33  0  0 L3P 3B
G10 FF 61076 224600  780 529 2703    +5869270     +2         433    -16   31  27  102   -6  207   +0  207    0  23  0  0 L3P F0
G15 FF 61076 224600  780 275 1335    -3832643    -64         441    -29   39  39  175  +33  282  +60  282   60  28  0  0 L3P 64
G16 FF 61076 224600  780 188 2712    -2022763    -38         442    +37   46  79  250  +34  361  +10  361   10  33  0  0 L3P 4B
G18 FF 61076 224600  780 575 1141    +4325123   -113         426    -17   33  52   96   +3  206  +22  206   22  26  0  0 L3P 2B
G23 FF 61076 224600  780 658 1762    -6088363    -56         413     -7   20  34   89   +4  183   +7  183    7  14  0  0 L3P 0D
G27 FF 61076 224600  780 312 2277     +346550    +87         449     -4   47  14  157  -26  245  -16  245  -16  33  0  0 L3P 48
G10 FF 61076 230200  780 568 2577    +5869278    +11         423     -8   25  27   97   -4  201   -4  201   -4  17  0  0 L3P 09
G15 FF 61076 230200  780 220 1360    -3832709   -101         407    -67   71  39  216  +54  336  +73  336   73  54  0  0 L3P 62
G18 FF 61076 230200  780 542 1016    +4325021    -63         416    +34   32  52  100   +5  216   -8  216   -8  24  0  0 L3P 06
G23 FF 61076 230200  780 606 1640    -6088422    -82         401    -33   26  34   93   +5  192  +35  192   35  21  0  0 L3P 23
G27 FF 61076 230200  780 365 2324     +346623    +74         435    -16   37  14  137  -17  239   -5  239   -5  30  0  0 L3P 29
G08 FF 61076 231800  780 146 2219    -4954311    -26         433    -75   62  67  320 -113  326  +58  326   58  44  0  0 L3P 73
G10 FF 61076 231800  780 599 2432    +5869290    +26         418     +7   23  27   94   -2  204  -14  204  -14  17  0  0 L3P 2C
G18 FF 61076 231800  780 502  906    +4324929   -112         418    -15   34  52  106   +7  232  +32  232   32  24  0  0 L3P 2F
G23 FF 61076 231800  780 553 1542    -6088458    -89         412    -40   30  34   99   +7  197  +44  197   44  23  0  0 L3P 4B
G27 FF 61076 231800  780 412 2390     +346708    +73         432    -18   40  14  123  -11  235   +0  235    0  30  0  0 L3P FC
G32 FF 61076 231800  780 357 3461    +1065290   -110         444    +66   61  15  139  -27  311  -92  311  -92  46  0  0 L3P 6D
G08 FF 61076 233400  780 196 2256    -4954279    +81         418    +32   55  67  242  -58  330  -36  330  -36  42  0  0 L3P 75
G10 FF 61076 233400  780 617 2271    +5869302    +17         412     -1   24  27   92   -1  201   +1  201    1  16  0  0 L3P D2
G18 FF 61076 233400  780 457  811    +4324835    -61         416    +35   41  52  113   +9  252   +8  252    8  29  0  0 L3P 0B
G23 FF 61076 233400  780 501 1458    -6088515    -40         401     +9   41  34  106   +8  213  +10  213   10  30  0  0 L3P 08
G27 FF 61076 233400  780 447 2475     +346792   +120         429    +29   58  14  115   -6  230  -18  230  -18  41  0  0 L3P 4F
G32 FF 61076 233400  780 436 3448    +1065086   -115         409    +62   69  15  118  -18  291  -80  291  -80  45  0  0 L3P 7F
