CGGTTS     GENERIC DATA FORMAT VERSION = 2E
REV DATE = 2024-12-02                    
RCVR = Septentrio PolaRx2 S/N 3252   R2CGGTTS v8.8    
CH = 20 
IMS = Septentrio PolaRx2 S/N 3252   
LAB = NMI Australia                 
X = -4648241.00 m 
Y = +2560636.48 m 
Z = -3526317.74 m 
FRAME = ITRF
COMMENTS =           IGS antenna SYDN              
INT DLY =  211.7 ns (GPS P1),  213.3 ns (GPS P2)     CAL_ID = 1015-2021           
CAB DLY = 2484.6 ns 
REF DLY =  338.6 ns
REF = UTC(AUS)                      
CKSUM = 82

SAT CL  MJD  STTIME TRKL ELV AZTH   REFSV      SRSV     REFSYS    SRSYS  DSG IOE MDTR SMDT MDIO SMDI MSIO SMSI ISG FR HC FRC CK
             hhmmss  s  .1dg .1dg    .1ns     .1ps/s     .1ns    .1ps/s .1ns     .1ns.1ps/s.1ns.1ps/s.1ns.1ps/s.1ns
G08 FF 61067 001400  780 193 2253    -4995527    +88         146    +41   43  29  245  -60  293  -56  293  -56  34  0  0 L3P 7A
G10 FF 61067 001400  780 616 2282    +5851496     -3         141    -25   26  22   92   -1  176  +22  176   22  19  0  0 L3P 0F
G18 FF 61067 001400  780 461  816    +4407738    -83         135    +14   32 163  113   +9  233  +13  233   13  27  0  0 L3P 2E
G23 FF 61067 001400  780 502 1461    -6046588    -21         138    +28   30 149  106   +8  200   -4  200   -4  23  0  0 L3P 1B
G27 FF 61067 001400  780 446 2469     +271056    +47         151    -38   38   3  116   -7  191  +17  191   17  28  0  0 L3P 20
G08 FF 61067 003000  780 238 2301    -4995484    +55         144     +8   47  29  201  -35  277  -29  277  -29  35  0  0 L3P 62
G10 FF 61067 003000  780 624 2114    +5851523    +15         146     -8   21  22   92   +0  177   +9  177    9  13  0  0 L3P E2
G18 FF 61067 003000  780 412  732    +4407640   -132         130    -36   35 163  123  +13  263  +56  263   56  25  0  0 L3P 4A
G23 FF 61067 003000  780 452 1385    -6046640    -47         133     +2   40 149  114  +10  218   +5  218    5  29  0  0 L3P 16
G27 FF 61067 003000  780 468 2571     +271138   +100         152    +16   33   3  111   -3  192   -9  192   -9  25  0  0 L3P 00
G32 FF 61067 003000  780 514 3434    +1450120   -232         142    -59   47  96  104  -12  214   +4  214    4  39  0  0 L3P 1F
G08 FF 61067 004600  780 277 2360    -4995428    +39         155     -8   49  29  175  -20  255   -8  255   -8  35  0  0 L3P 4D
G10 FF 61067 004600  780 619 1946    +5851543    +17         145     -6   16  22   92   +1  177   +1  177    1  13  0  0 L3P EF
G18 FF 61067 004600  780 360  659    +4407563    -72         145    +24   34 163  138  +18  287  +13  287   13  25  0  0 L3P 5B
G23 FF 61067 004600  780 403 1314    -6046692    -20         128    +29   31 149  125  +13  241   +1  241    1  24  0  0 L3P 1C
G27 FF 61067 004600  780 474 2683     +271221    +97         155    +13   32   3  110   +1  197   +5  197    5  23  0  0 L3P EB
G32 FF 61067 004600  780 597 3410    +1449957   -151         146    +23   19  96   94   -8  195  -32  195  -32  14  0  0 L3P 64
G08 FF 61067 010200  780 305 2432    -4995389    +22         150    -25   47  29  160  -11  248  +21  248   21  38  0  0 L3P 4C
G10 FF 61067 010200  780 605 1789    +5851553    +18         132     -5   19  22   93   +2  181   +3  181    3  13  0  0 L3P E4
G18 FF 61067 010200  780 305  595    +4407451   -152         126    -56   49 163  159  +27  337  +87  337   87  40  0  0 L3P 77
G23 FF 61067 010200  780 356 1246    -6046749    -32         117    +16   34 149  139  +16  264  +16  264   16  23  0  0 L3P 60
G27 FF 61067 010200  780 461 2797     +271301    +74         153    -11   50   3  113   +4  212  +28  212   28  35  0  0 L3P F9
G32 FF 61067 010200  780 680 3377    +1449782   -163         137    +11   16  96   88   -5  187  -14  187  -14  13  0  0 L3P 5C
G02 FF 61067 011800  780 159 2243     -253008   -171         163    -89   40   6  295 -115  333  +41  333   41  34  0  0 L3P 44
G08 FF 61067 011800  780 323 2512    -4995332    +53         162     +6   46  29  152   -5  241   -4  241   -4  34  0  0 L3P 0C
G10 FF 61067 011800  780 583 1645    +5851573    +32         131     +9   18  22   95   +3  189   -7  189   -7  14  0  0 L3P 10
G23 FF 61067 011800  780 312 1180    -6046775    -63         139    -15   37 149  156  +20  279  +37  279   37  27  0  0 L3P 77
G27 FF 61067 011800  780 432 2901     +271382    +93         154     +9   25   3  118   +8  229   +1  229    1  20  0  0 L3P D4
G32 FF 61067 011800  780 764 3320    +1449618   -170         140     +4   17  96   84   -3  177  -17  177  -17  13  0  0 L3P 41
G02 FF 61067 013400  780 223 2233     -253107    -41         143    +41   36   6  214  -61  310  -77  310  -77  24  0  0 L3P 17
G08 FF 61067 013400  780 327 2599    -4995290    +47         159     +1   51  29  150   +1  246   -4  246   -4  37  0  0 L3P 25
G10 FF 61067 013400  780 556 1516    +5851600     -8         136    -30   27  22   98   +4  191  +26  191   26  21  0  0 L3P 0F
G23 FF 61067 013400  780 268 1116    -6046820    -99         141    -50   61 149  179  +27  313  +82  313   82  46  0  0 L3P 6A
G27 FF 61067 013400  780 391 2992     +271459    +72         150    -12   43   3  128  +13  257  +29  257   29  32  0  0 L3P 30
G32 FF 61067 013400  780 845 3150    +1449457   -179         146     -5   19  96   82   -1  167   -8  167   -8  15  0  0 L3P 31
G02 FF 61067 015000  780 289 2233     -253197   -123         131    -41   22   6  168  -37  281   +1  281    1  17  0  0 L3P 07
G08 FF 61067 015000  780 318 2687    -4995254    +71         150    +25   45  29  154   +7  261   -7  261   -7  29  0  0 L3P 39
G10 FF 61067 015000  780 525 1399    +5851628    +12         142    -11   35  22  102   +5  197  +20  197   20  25  0  0 L3P 27
G27 FF 61067 015000  780 342 3069     +271536    +90         146     +6   43   3  144  +20  294  +41  294   41  33  0  0 L3P 0B
G32 FF 61067 015000  780 860 1911    +1449289   -176         146     -2   17  96   82   +1  161   +0  161    0  11  0  0 L3P F9
G02 FF 61067 020600  780 357 2244     -253271   -118         133    -37   31  11  139  -24  245  +10  245   10  24  0  0 L3P 2F
G08 FF 61067 020600  780 297 2772    -4995202    +24         163    -23   60  33  163  +13  277  +54  277   54  47  0  0 L3P 5F
G10 FF 61067 020600  780 492 1292    +5851645     +2         143    -21   27  23  107   +6  208  +24  208   24  19  0  0 L3P 19
G28 FF 61067 020600  780 323  232    +6054360     -9         101    +49   34 222  152  -30  348 -101  348 -101  26  0  0 L3P 52
G32 FF 61067 020600  780 784 1651    +1449116   -155         135    +19   19  97   83   +2  168   -7  168   -7  14  0  0 L3P 3A
G02 FF 61067 022200  780 425 2271     -253346    -88         135     -6   20  11  120  -16  227  -14  227  -14  15  0  0 L3P 1C
G08 FF 61067 022200  780 267 2851    -4995169     +5         151    -42   50  33  180  +22  326  +68  326   68  39  0  0 L3P 50
G10 FF 61067 022200  780 456 1194    +5851660    +28         136     +5   34  23  114   +7  221  +10  221   10  25  0  0 L3P 05
G28 FF 61067 022200  780 392  275    +6054306    -68         103    -10   41 222  129  -20  299  -59  299  -59  29  0  0 L3P 70
G32 FF 61067 022200  780 706 1575    +1448949   -179         135     -5   16  97   86   +4  174   +7  174    7  11  0  0 L3P 21
G01 FF 61067 023800  780 198 2228    -3396822    +87         149    +43   41 104  240  -75  325  -68  325  -68  29  0  0 L3P 89
G02 FF 61067 023800  780 491 2321     -253429    -84         131     -2   15  11  108  -11  213  -17  213  -17  11  0  0 L3P 15
G10 FF 61067 023800  780 418 1102    +5851674    +37         127    +14   29  23  122   +9  240   -2  240   -2  21  0  0 L3P 08
G28 FF 61067 023800  780 460  329    +6054251    -71         103    -13   43 222  113  -13  259  -17  259  -17  30  0  0 L3P 50
G32 FF 61067 023800  780 631 1523    +1448781   -186         134    -12   21  97   91   +6  180  +12  180   12  15  0  0 L3P 33
G01 FF 61067 025400  780 261 2235    -3396770     -2         159    -45   32 104  185  -43  284   -7  284   -7  22  0  0 L3P 3E
G02 FF 61067 025400  780 550 2403     -253512   -114         127    -32   23  11   99   -7  201  +11  201   11  17  0  0 L3P FD
G10 FF 61067 025400  780 379 1018    +5851697    +12         129    -11   37  23  132  +12  260  +29  260   29  27  0  0 L3P 48
G28 FF 61067 025400  780 526  402    +6054186    -37          95    +21   19 222  102   -9  242  -42  242  -42  16  0  0 L3P 2F
G31 FF 61067 025400  780 319   71    +1704193    -88         108    -67   39 108  154  -33  363   -9  363   -9  29  0  0 L3P 3E
G32 FF 61067 025400  780 559 1477    +1448604   -169         124     +5   21  97   98   +8  194   +9  194    9  14  0  0 L3P 2A
G01 FF 61067 031000  780 324 2254    -3396730    +67         158    +23   22 104  152  -27  260  -34  260  -34  16  0  0 L3P 58
G02 FF 61067 031000  780 596 2525     -253589    -88         128     -6   17  11   94   -4  197   +8  197    8  13  0  0 L3P FE
G10 FF 61067 031000  780 338  939    +5851726    +73         137    +50   38  23  145  +16  293  +21  293   21  29  0  0 L3P 3E
G28 FF 61067 031000  780 584  505    +6054139    -68         103    -10   20 222   95   -6  223   -9  223   -9  13  0  0 L3P 09
G31 FF 61067 031000  780 393   93    +1704175    -70         109    -50   34 108  129  -21  312  -12  312  -12  25  0  0 L3P 2B
G32 FF 61067 031000  780 491 1432    +1448441   -179         128     -5   25  97  107  +11  211  +31  211   31  19  0  0 L3P 37
G01 FF 61067 032600  780 385 2288    -3396688    +55         158    +11   25 104  131  -18  240  -18  240  -18  19  0  0 L3P 76
G02 FF 61067 032600  780 620 2689     -253670    -65         126    +17   15  11   92   -1  200   +0  200    0  13  0  0 L3P CF
G10 FF 61067 032600  780 296  865    +5851747    +47         135    +24   72  23  164  +22  338  +34  338   34  49  0  0 L3P 4F
G28 FF 61067 032600  780 627  648    +6054086    -77         106    -19   29 222   91   -3  209  +22  209   22  21  0  0 L3P 33
G31 FF 61067 032600  780 468  119    +1704164    -13         117     +7   25 108  112  -15  267  -40  267  -40  16  0  0 L3P 3D
G32 FF 61067 032600  780 427 1387    +1448274   -188         128    -14   27  97  120  +15  236  +47  236   47  21  0  0 L3P 70
G01 FF 61067 034200  780 443 2342    -3396651    +33         154    -10   24 104  117  -12  230  -13  230  -13  17  0  0 L3P 44
G02 FF 61067 034200  780 614 2867     -253751    -86         123     -4   27  11   93   +2  212  +17  212   17  19  0  0 L3P FB
G03 FF 61067 034200  780 190 2335    -5873559    +37         149    -69   44  60  249  -66  344  +18  344   18  37  0  0 L3P 71
G28 FF 61067 034200  780 646  828    +6054038    -30         114    +28   21 222   90   +0  204  -27  204  -27  15  0  0 L3P 25
G31 FF 61067 034200  780 545  155    +1704145    -47         118    -27   29 108  100  -10  243  -16  243  -16  21  0  0 L3P 44
G32 FF 61067 034200  780 366 1341    +1448109   -210         130    -36   42  97  136  +19  264  +57  264   57  32  0  0 L3P 60
G01 FF 61067 035800  780 492 2420    -3396615    +59         148    +16   21 104  107   -7  223  -18  223  -18  16  0  0 L3P 58
G02 FF 61067 035800  780 580 3023     -253825    -91         128     -9   24  11   96   +5  225  +36  225   36  17  0  0 L3P 08
G03 FF 61067 035800  780 242 2293    -5873454   +111         152     +5   35  60  198  -43  305  -37  305  -37  26  0  0 L3P 61
G28 FF 61067 035800  780 635 1010    +6053976    -42         108    +16   27 222   91   +2  205   -7  205   -7  20  0  0 L3P 1A
G31 FF 61067 035800  780 620  212    +1704115    -20         108     +0   21 108   92   -7  226  -15  226  -15  15  0  0 L3P 02
G32 FF 61067 035800  780 309 1294    +1447946   -162         134    +12   31  97  157  +26  295  +39  295   39  24  0  0 L3P 7D
G01 FF 61067 042600  780 544 2620    -3396537    +43         157     +0   17 105  100   -2  219   +2  219    2  13  0  0 L3P FD
G02 FF 61067 042600  780 480 3207     -253965    -81         128     +1   29  17  109  +11  271  +27  271   27  22  0  0 L3P 22
G03 FF 61067 042600  780 342 2226    -5873273    +95         150    -11   31  61  145  -23  266  -14  266  -14  24  0  0 L3P 54
G04 FF 61067 042600  780 229 2748     -406223     +4         139    +27   33 153  209  -40  368  -46  368  -46  25  0  0 L3P 57
G28 FF 61067 042600  780 558 1233    +6053885    -42         110    +16   32 223   98   +7  218   +4  218    4  25  0  0 L3P 1A
G31 FF 61067 042600  780 734  445    +1704087    -34         121    -13   19 109   85   -2  203   -4  203   -4  13  0  0 L3P FF
G01 FF 61067 044200  780 546 2757    -3396500    +50         153     +7   30 105  100   +1  224   +5  224    5  22  0  0 L3P F5
G03 FF 61067 044200  780 404 2193    -5873170    +96         151     -9   30  61  125  -17  239  -10  239  -10  23  0  0 L3P 40
G04 FF 61067 044200  780 273 2683     -406242    +20         141    +43   35 153  177  -27  330  -60  330  -60  27  0  0 L3P 47
G28 FF 61067 044200  780 498 1301    +6053835    -41         116    +17   36 223  106  +10  228  +10  228   10  27  0  0 L3P 4A
G31 FF 61067 044200  780 765  734    +1704062    -15         115     +5   19 109   84   +0  199   -3  199   -3  13  0  0 L3P 01
G01 FF 61067 045800  780 526 2888    -3396466    +36         146     -7   23 105  102   +4  235   +9  235    9  18  0  0 L3P 2A
G02 FF 61067 045800  780 345 3327     -254117    -26         134    +56   39  17  143  +26  353  +16  353   16  30  0  0 L3P 38
G03 FF 61067 045800  780 470 2165    -5873083   +128         136    +22   20  61  111  -13  227  -41  227  -41  14  0  0 L3P 5C
G04 FF 61067 045800  780 317 2613     -406273     +7         132    +29   23 153  154  -20  302  -60  302  -60  17  0  0 L3P 31
G26 FF 61067 045800  780 310  571    +3177070    +59         129     +0   57  40  158  -22  362  -58  362  -58  46  0  0 L3P 46
G28 FF 61067 045800  780 432 1341    +6053783    -71         120    -13   33 223  118  +15  242  +31  242   31  24  0  0 L3P 47
G31 FF 61067 045800  780 748 1047    +1704043    -33         116    -12   18 109   84   +2  195   +2  195    2  13  0  0 L3P 0F
G01 FF 61067 051400  780 488 3001    -3396435    +62         135    +19   25 105  108   +8  258  +17  258   17  19  0  0 L3P 53
G03 FF 61067 051400  780 540 2143    -5872983    +77         134    -29   15  61  101   -9  209   +7  209    7  12  0  0 L3P 1C
G04 FF 61067 051400  780 360 2539     -406282    -13         145     +9   27 153  138  -15  270  -29  270  -29  21  0  0 L3P 47
G26 FF 61067 051400  780 353  643    +3177126    +62         128     +3   38  40  141  -15  322  -30  322  -30  30  0  0 L3P 1A
G28 FF 61067 051400  780 366 1360    +6053720    -58         113     +0   35 223  136  +22  276  +30  276   30  25  0  0 L3P 3C
G31 FF 61067 051400  780 696 1235    +1704031    -35         124    -15   15 109   87   +4  191  +21  191   21  11  0  0 L3P 24
G01 FF 61067 053000  780 438 3092    -3396386    +34         143     -9   24 105  117  +12  277  +31  277   31  19  0  0 L3P 4E
G03 FF 61067 053000  780 613 2131    -5872875   +114         141     +9   17  61   93   -7  192  -16  192  -16  13  0  0 L3P 36
G04 FF 61067 053000  780 402 2461     -406306    -16         142     +7   23 153  126  -11  253  -30  253  -30  18  0  0 L3P 24
G26 FF 61067 053000  780 389  725    +3177177    +66         122     +7   38  40  129   -9  296  -43  296  -43  29  0  0 L3P 47
G28 FF 61067 053000  780 300 1366    +6053673    -10         121    +48   30 223  162  +33  304   +0  304    0  23  0  0 L3P 0E
G31 FF 61067 053000  780 631 1325    +1704006    -50         119    -29   20 109   91   +6  199  +27  199   27  15  0  0 L3P 38
G01 FF 61067 054600  780 380 3165    -3396334    +39         153     -4   28 105  132  +18  297  +41  297   41  23  0  0 L3P 54
G03 FF 61067 054600  780 688 2138    -5872778    +75         137    -30   12  61   87   -5  188  +19  188   19  10  0  0 L3P 53
G04 FF 61067 054600  780 443 2379     -406328    -11         143    +12   16 153  116   -9  234  -20  234  -20  11  0  0 L3P 31
G26 FF 61067 054600  780 415  816    +3177246    +33         134    -26   26  40  122   -5  265   +6  265    6  22  0  0 L3P 04
G28 FF 61067 054600  780 235 1360    +6053625     -2         129    +56   42 223  202  +52  349  +21  349   21  33  0  0 L3P 43
G31 FF 61067 054600  780 562 1365    +1703991     +9         122    +30   28 109   98   +8  206   -6  206   -6  21  0  0 L3P 15
G01 FF 61067 060200  780 320 3224    -3396301    +27         143    -16   37 106  153  +27  339  +49  339   49  28  0  0 L3P 5F
G03 FF 61067 060200  780 765 2191    -5872683   +101         131     -5   18   1   84   -3  182   -7  182   -7  13  0  0 L3P FF
G04 FF 61067 060200  780 484 2290     -406354    -16         138     +6   23 154  109   -7  224   -4  224   -4  17  0  0 L3P 09
G09 FF 61067 060200  780 208 2498    -7704268     +0         171     -1   64  18  227  -48  324  -13  324  -13  48  0  0 L3P 3F
G26 FF 61067 060200  780 429  914    +3177293    +68         126     +9   29  41  119   -1  259  -16  259  -16  24  0  0 L3P 3A
G28 FF 61067 060200  780 174 1347    +6053580    -68         136    -10   37 224  269  +92  395  +79  395   79  28  0  0 L3P 8B
G31 FF 61067 060200  780 493 1378    +1703961    -10         114    +10   23 110  107  +11  226  +14  226   14  18  0  0 L3P 38
G03 FF 61067 061800  780 835 2446    -5872573   +112         139     +6   12   1   82   -1  174   +3  174    3  10  0  0 L3P EC
G04 FF 61067 061800  780 524 2194     -406356    -16         158     +7   18 154  103   -6  207   +3  207    3  14  0  0 L3P FE
G09 FF 61067 061800  780 254 2441    -7704250     -6         187     -7   48  18  189  -33  292  -11  292  -11  40  0  0 L3P 46
G16 FF 61067 061800  780 399  552    -1960164    -62         135    +13   36   9  127  -14  277  -32  277  -32  27  0  0 L3P 4C
G26 FF 61067 061800  780 427 1014    +3177355    +81         132    +22   38  41  120   +2  251   -9  251   -9  27  0  0 L3P 17
G31 FF 61067 061800  780 425 1375    +1703949    -37         121    -16   29 110  120  +16  246  +49  246   49  22  0  0 L3P 61
G03 FF 61067 063400  780 835 3245    -5872472    +93         139    -13   20   1   82   +1  174   +9  174    9  16  0  0 L3P FD
G04 FF 61067 063400  780 562 2087     -406389    -29         146     -6   22 154   98   -4  206  -15  206  -15  16  0  0 L3P 32
G09 FF 61067 063400  780 301 2384    -7704262    -42         175    -43   43  18  162  -24  276   -1  276   -1  32  0  0 L3P 38
G16 FF 61067 063400  780 446  635    -1960221    -62         150    +13   35   9  116   -9  235  -35  235  -35  25  0  0 L3P 25
G26 FF 61067 063400  780 410 1106    +3177412    +68         132     +9   29  41  124   +6  253   -1  253   -1  22  0  0 L3P FA
G31 FF 61067 063400  780 360 1361    +1703924    -37         117    -17   30 110  138  +22  275  +42  275   42  23  0  0 L3P 4C
G03 FF 61067 065000  780 762 3507    -5872370   +106         140     +1   17   1   84   +3  180   +5  180    5  12  0  0 L3P DE
G04 FF 61067 065000  780 598 1967     -406406     +2         151    +25   19 154   94   -3  190  -30  190  -30  15  0  0 L3P 23
G06 FF 61067 065000  780 141 2359    +6061555    +34         154     +3   32  57  328  -20  366  -11  366  -11  23  0  0 L3P 3E
G09 FF 61067 065000  780 351 2327    -7704272    -15         164    -16   31  18  141  -18  259   -7  259   -7  21  0  0 L3P 40
G16 FF 61067 065000  780 483  734    -1960296    -42         147    +33   28   9  109   -5  225  -35  225  -35  20  0  0 L3P 2F
G26 FF 61067 065000  780 379 1187    +3177481    +36         144    -23   36  41  132  +11  261  +32  261   32  25  0  0 L3P 44
G31 FF 61067 065000  780 298 1341    +1703915    +42         127    +63   34 110  163  +31  303  -13  303  -13  25  0  0 L3P 4B
G03 FF 61067 070600  780 679 3571    -5872268    +90         140    -16   20   1   88   +5  186  +19  186   19  17  0  0 L3P 33
G04 FF 61067 070600  780 630 1828     -406442     -3         137    +19   15 154   91   -2  188  -32  188  -32  11  0  0 L3P 24
G06 FF 61067 070600  780 144 2429    +6061567    +30         137     -1   47  57  321   +4  373   +3  373    3  33  0  0 L3P 00
G09 FF 61067 070600  780 402 2270    -7704271     +2         163     +1   23  18  126  -14  235  -32  235  -32  16  0  0 L3P 20
G16 FF 61067 070600  780 504  847    -1960373   -105         141    -30   25   9  105   -2  219   +6  219    6  19  0  0 L3P 06
G26 FF 61067 070600  780 339 1252    +3177523    +91         129    +32   49  41  145  +18  290   -5  290   -5  38  0  0 L3P 40
G31 FF 61067 070600  780 239 1314    +1703901    +26         133    +47   44 110  199  +46  338  +20  338   20  33  0  0 L3P 50
G03 FF 61067 072200  780 594 3594    -5872161   +105         145     -1   19   1   94   +8  196  +18  196   18  13  0  0 L3P 2A
G04 FF 61067 072200  780 654 1666     -406464    -15         137     +8   16 154   89   -1  185   -8  185   -8  13  0  0 L3P 16
G06 FF 61067 072200  780 138 2501    +6061620    +15         160    -16   44  57  335  +27  363  +30  363   30  33  0  0 L3P 38
G07 FF 61067 072200  780 254 2886    +1408585    +79         111    +27   65  36  189  -37  330  -60  330  -60  44  0  0 L3P 6D
G09 FF 61067 072200  780 457 2211    -7704271     -3         162     -5   20  18  114  -11  213  -22  213  -22  14  0  0 L3P 16
G16 FF 61067 072200  780 508  967    -1960438    -34         149    +41   34   9  105   +1  212  -34  212  -34  26  0  0 L3P 24
G26 FF 61067 072200  780 290 1302    +3177591    +30         141    -30   32  41  167  +28  309  +49  309   49  24  0  0 L3P 49
G31 FF 61067 072200  780 183 1282    +1703862    -32         113    -11   43 110  256  +76  400  +63  400   63  33  0  0 L3P 42
G03 FF 61067 073800  780 510    4    -5872060    +79         144    -26   25   1  104  +13  208  +28  208   28  17  0  0 L3P FD
G04 FF 61067 073800  780 668 1481     -406488    -13         134    +10   21 154   88   +0  181  -18  181  -18  14  0  0 L3P 3A
G07 FF 61067 073800  780 306 2821    +1408659    +15         136    -37   36  36  159  -25  279  -19  279  -19  28  0  0 L3P 83
G09 FF 61067 073800  780 514 2150    -7704281     +5         151     +4   14  18  104   -9  199  -29  199  -29  12  0  0 L3P 34
G16 FF 61067 073800  780 493 1080    -1960515    -71         144     +4   26   9  107   +4  214   -7  214   -7  21  0  0 L3P FD
G26 FF 61067 073800  780 237 1338    +3177639    +74         132    +15   40  41  201  +45  346  +17  346   17  36  0  0 L3P 54
G03 FF 61067 075400  780 428   10    -5871973   +125         130    +20   34   1  119  +19  239   +4  239    4  25  0  0 L3P FE
G04 FF 61067 075400  780 666 1286     -406508    -28         137     -5   20 154   89   +1  177   +5  177    5  15  0  0 L3P 06
G07 FF 61067 075400  780 356 2750    +1408721    +39         149    -12   46  36  139  -17  239   -8  239   -8  35  0  0 L3P 52
G09 FF 61067 075400  780 573 2084    -7704278     +4         153     +3   17  18   97   -7  181  -10  181  -10  13  0  0 L3P 1A
G16 FF 61067 075400  780 462 1176    -1960593    -89         138    -14   26   9  112   +7  220  +17  220   17  20  0  0 L3P 2D
G26 FF 61067 075400  780 181 1362    +3177694    +66         131     +7   41  41  259  +81  389  +31  389   31  30  0  0 L3P 4D
G04 FF 61067 081000  780 649 1100     -406537    -44         128    -22   25 155   90   +2  178  +14  178   14  19  0  0 L3P 25
G07 FF 61067 081000  780 405 2671    +1408761    +44         136     -7   34  50  125  -13  223  -11  223  -11  26  0  0 L3P 2E
G09 FF 61067 081000  780 635 2007    -7704282    -13         151    -14   19  19   91   -5  172   -3  172   -3  15  0  0 L3P 0D
G16 FF 61067 081000  780 419 1251    -1960662    -50         145    +25   26  34  121  +12  228   +2  228    2  19  0  0 L3P 17
G03 FF 61067 082600  780 271   21    -5871748   +177         156    +70   54   7  178  +47  294  -10  294  -10  43  0  0 L3P 49
G04 FF 61067 082600  780 617  938     -406571    -33         116    -10   27 155   92   +3  182   +2  182    2  20  0  0 L3P EC
G07 FF 61067 082600  780 451 2584    +1408805    +54         131     +2   33  50  115   -9  202  -30  202  -30  26  0  0 L3P 1C
G09 FF 61067 082600  780 699 1907    -7704290     +7         143     +6   17  19   87   -4  162  -19  162  -19  13  0  0 L3P 32
G16 FF 61067 082600  780 367 1306    -1960733    -21         147    +54   26  34  136  +18  233  -30  233  -30  20  0  0 L3P 4F
G30 FF 61067 082600  780 182 2748    -1012443    -68         149    +57   64  70  258  -65  308  -99  308  -99  53  0  0 L3P 88
G04 FF 61067 084200  780 573  805     -406581    -16         129     +6   26 155   96   +5  180   +5  180    5  18  0  0 L3P EB
G07 FF 61067 084200  780 494 2486    +1408860    +41         137    -11   27  50  107   -7  186   +0  186    0  21  0  0 L3P 15
G09 FF 61067 084200  780 760 1748    -7704272     -1         159     -2   19  19   84   -2  147   +0  147    0  15  0  0 L3P EB
G16 FF 61067 084200  780 310 1343    -1960792    -49         159    +26   35  34  157  +27  250  +11  250   11  26  0  0 L3P 49
G30 FF 61067 084200  780 229 2688    -1012567   -127         145     -2   51  70  209  -41  285   -8  285   -8  35  0  0 L3P 48
G04 FF 61067 085800  780 522  697     -406594     -2         137    +21   26 155  103   +8  181   -8  181   -8  20  0  0 L3P 08
G07 FF 61067 085800  780 533 2376    +1408917    +59         144     +8   19  50  101   -5  172  -20  172  -20  15  0  0 L3P 37
G08 FF 61067 085800  780 293  645    -4994093    +78         125    +32   64  44  166  -22  287  -58  287  -58  53  0  0 L3P 82
G09 FF 61067 085800  780 807 1428    -7704278     -6         152     -7   18  19   82   -1  149   -2  149   -2  15  0  0 L3P 0B
G16 FF 61067 085800  780 251 1365    -1960860   -145         164    -70   45  34  190  +44  272  +76  272   76  30  0  0 L3P 74
G21 FF 61067 085800  780 150 2227    -3882653    -62         159     +6   34 131  311  -93  321  -48  321  -48  26  0  0 L3P 65
G27 FF 61067 085800  780 248  994     +273717    +33         168    -52   45  42  193   -9  275  +16  275   16  36  0  0 L3P 41
G30 FF 61067 085800  780 274 2626    -1012694   -119         138     +6   46  70  176  -28  254  -35  254  -35  39  0  0 L3P 75
G04 FF 61067 091400  780 465  610     -406614     -5         139    +18   38 155  112  +11  189   +7  189    7  29  0  0 L3P 11
G07 FF 61067 091400  780 568 2253    +1408962    +54         140     +3   24  50   97   -4  163   -9  163   -9  16  0  0 L3P 0C
G08 FF 61067 091400  780 332  719    -4994022    +23         152    -24   72  44  148  -15  239   +2  239    2  50  0  0 L3P 1B
G09 FF 61067 091400  780 806  919    -7704274     -5         155     -7   18  19   82   +1  142   +1  142    1  12  0  0 L3P D1
G16 FF 61067 091400  780 191 1376    -1960909     +8         186    +83   53  34  246  +76  279  -16  279  -16  45  0  0 L3P 75
G21 FF 61067 091400  780 192 2277    -3882729     +1         148    +69   31 131  246  -48  287  -80  287  -80  21  0  0 L3P 78
G30 FF 61067 091400  780 320 2560    -1012823    -89         129    +36   49  70  153  -20  235  -50  235  -50  37  0  0 L3P 52
G04 FF 61067 093000  780 405  540     -406641    -19         133     +4   44 155  125  +16  216  +25  216   25  33  0  0 L3P 14
G07 FF 61067 093000  780 597 2115    +1409022    +56         151     +5   22  50   94   -3  155   -9  155   -9  16  0  0 L3P FF
G08 FF 61067 093000  780 363  801    -4993959    +28         170    -19   39  44  137   -9  212   -7  212   -7  30  0  0 L3P 29
G09 FF 61067 093000  780 756  597    -7704265    -20         163    -21   24  19   84   +2  142  +24  142   24  19  0  0 L3P 1E
G21 FF 61067 093000  780 226 2337    -3882790    +11         153    +79   22 131  211  -27  266  -75  266  -75  18  0  0 L3P 7A
G30 FF 61067 093000  780 366 2491    -1012899    -98         173    +27   35  70  136  -15  188  -39  188  -39  26  0  0 L3P 83
G07 FF 61067 094600  780 618 1963    +1409074    +18         154    -33   19  50   92   -2  149  +16  149   16  15  0  0 L3P 3A
G08 FF 61067 094600  780 384  890    -4993934    +93         150    +47   37  44  131   -4  212  -52  212  -52  27  0  0 L3P 4C
G09 FF 61067 094600  780 687  445    -7704266    -18         161    -19   30  19   87   +4  147  +11  147   11  22  0  0 L3P 2B
G21 FF 61067 094600  780 250 2407    -3882842   -120         166    -52   29 131  191  -14  240  +22  240   22  22  0  0 L3P 60
G30 FF 61067 094600  780 412 2419    -1013026   -183         166    -58   32  70  123  -12  177  +18  177   18  24  0  0 L3P 5F
G07 FF 61067 100200  780 630 1798    +1409120    +37         152    -14   30  55   91   -1  140   +0  140    0  20  0  0 L3P D8
G08 FF 61067 100200  780 391  984    -4993890    +52         149     +6   40  45  129   +0  198  -14  198  -14  29  0  0 L3P 41
G09 FF 61067 100200  780 612  360    -7704277    +21         148    +20   20  20   93   +7  159   -6  159   -6  14  0  0 L3P F5
G14 FF 61067 100200  780 335 3098    -7312824    -51         133    -28   57 123  147  -26  235  -10  235  -10  41  0  0 L3P 5D
G21 FF 61067 100200  780 263 2483    -3882914    -81         162    -13   45 132  183   -5  231  -13  231  -13  36  0  0 L3P 4B
G27 FF 61067 100200  780 210 1280     +274043    +99         172    +15   37  43  225  +31  246   +2  246    2  29  0  0 L3P 01
G30 FF 61067 100200  780 458 2342    -1013163   -133         145     -8   26  13  113   -9  165   +0  165    0  18  0  0 L3P F9
G07 FF 61067 101800  780 631 1627    +1409167    +48         150     -3   25  55   91   +0  135   -1  135   -1  18  0  0 L3P F1
G08 FF 61067 101800  780 384 1075    -4993852    +68         143    +22   60  45  131   +4  192  -19  192  -19  46  0  0 L3P 5B
G09 FF 61067 101800  780 536  304    -7704277    +34         147    +33   28  20  101  +10  166  -17  166  -17  23  0  0 L3P 3E
G14 FF 61067 101800  780 399 3042    -7312834    -56         144    -33   46 123  127  -17  196   +7  196    7  32  0  0 L3P 4C
G21 FF 61067 101800  780 264 2563    -3882991    -64         150     +4   31 132  182   +3  223   +2  223    2  22  0  0 L3P 03
G27 FF 61067 101800  780 176 1335     +274114   +131         162    +47   45  43  265  +56  267   +2  267    2  27  0  0 L3P 28
G30 FF 61067 101800  780 505 2259    -1013282   -120         146     +5   26  13  105   -7  155   -8  155   -8  18  0  0 L3P 16
G05 FF 61067 103400  780 137 2359    +2279794    -33         149    -39   43  22  337  -20  278  +28  278   28  30  0  0 L3P 68
G07 FF 61067 103400  780 621 1460    +1409218    +64         152    +13   23  55   92   +1  131   -9  131   -9  16  0  0 L3P FB
G08 FF 61067 103400  780 363 1160    -4993787    +47         163     +0   33  45  137   +9  179   +3  179    3  24  0  0 L3P 17
G09 FF 61067 103400  780 459  264    -7704285    +32         138    +31   37  20  113  +15  191   +9  191    9  23  0  0 L3P 17
G14 FF 61067 103400  780 461 2974    -7312863     -9         137    +14   33 123  113  -12  184  -35  184  -35  23  0  0 L3P 59
G21 FF 61067 103400  780 253 2643    -3883055    -19         152    +49   49 132  189  +11  231  -12  231  -12  36  0  0 L3P 64
G30 FF 61067 103400  780 552 2167    -1013407   -128         141     -3   22  13   99   -6  150   -6  150   -6  16  0  0 L3P FD
G05 FF 61067 105000  780 140 2428    +2279790    -19         139    -25   78  22  330   +4  287   +5  287    5  61  0  0 L3P 22
G07 FF 61067 105000  780 601 1305    +1409268     -6         152    -57   30  55   94   +2  128  +33  128   33  23  0  0 L3P 08
G08 FF 61067 105000  780 331 1232    -4993743    +39         162     -8   37  45  148  +16  185  +10  185   10  29  0  0 L3P 41
G09 FF 61067 105000  780 383  235    -7704268    +49         154    +48   55  20  131  +22  197  -14  197  -14  42  0  0 L3P 50
G14 FF 61067 105000  780 520 2890    -7312881    -44         141    -22   44 123  103   -8  164  -12  164  -12  30  0  0 L3P 41
G21 FF 61067 105000  780 232 2721    -3883125   -112         148    -44   51 132  204  +21  252  +42  252   42  39  0  0 L3P 54
G22 FF 61067 105000  780 338 3007     +539622   -108         158    -63   41  42  146  -23  215   +5  215    5  32  0  0 L3P 19
G30 FF 61067 105000  780 597 2061    -1013525   -133         143     -8   19  13   94   -4  137  -14  137  -14  14  0  0 L3P 26
G05 FF 61067 110600  780 133 2498    +2279803    +31         147    +25   73  22  345  +28  272  -25  272  -25  55  0  0 L3P 5E
G07 FF 61067 110600  780 572 1165    +1409301    +51         136     +0   30  55   97   +4  129   -2  129   -2  21  0  0 L3P E7
G08 FF 61067 110600  780 288 1291    -4993720     -1         140    -48   45  45  168  +25  200  +39  200   39  32  0  0 L3P 3E
G09 FF 61067 110600  780 309  213    -7704302    -67         119    -68   89  20  158  +35  254  +94  254   94  66  0  0 L3P 57
G13 FF 61067 110600  780 171 2209    -6884956    +38         148    +26   54  83  275  -97  250  -43  250  -43  40  0  0 L3P 71
G14 FF 61067 110600  780 573 2786    -7312921    -53         123    -30   26 123   97   -6  158   +8  158    8  19  0  0 L3P 2B
G21 FF 61067 110600  780 203 2793    -3883190     -7         148    +62   61 132  232  +36  258  -52  258  -52  45  0  0 L3P 62
G22 FF 61067 110600  780 394 2942     +539562    -58         142    -13   35  42  128  -16  197  -27  197  -27  24  0  0 L3P 5E
G30 FF 61067 110600  780 641 1935    -1013657   -136         131    -11   25  13   90   -3  126   -5  126   -5  17  0  0 L3P 0E
G07 FF 61067 112200  780 536 1043    +1409352    +72         138    +20   30  55  101   +5  134   -7  134   -7  21  0  0 L3P 02
G08 FF 61067 112200  780 239 1336    -4993671    +71         145    +24   54  45  199  +42  208   -2  208   -2  42  0  0 L3P 3E
G13 FF 61067 112200  780 232 2217    -6884953    +90         140    +78   42  83  206  -53  218  -95  218  -95  33  0  0 L3P 6D
G14 FF 61067 112200  780 620 2655    -7312930    -27         136     -4   23 123   92   -4  138  -10  138  -10  16  0  0 L3P 23
G22 FF 61067 112200  780 447 2866     +539514    -70         137    -24   37  42  116  -11  176   +3  176    3  30  0  0 L3P 13
G30 FF 61067 112200  780 678 1778    -1013777   -112         131    +13   20  13   88   -2  116  -11  116  -11  15  0  0 L3P 2F
G07 FF 61067 113800  780 495  936    +1409392    +25         129    -26   32  55  107   +7  147  +32  147   32  23  0  0 L3P 32
G13 FF 61067 113800  780 293 2236    -6884943     +1         140    -11   32  83  166  -32  186  -23  186  -23  23  0  0 L3P 4E
G14 FF 61067 113800  780 655 2494    -7312968     +8         119    +31   18 123   89   -2  137  -33  137  -33  14  0  0 L3P 48
G17 FF 61067 113800  780 330 3552     +450989   +245         131   +132  122  28  149  -31  241 -121  241 -121  88  0  0 L3P 97
G22 FF 61067 113800  780 497 2777     +539475    -22         141    +24   29  42  107   -8  155  -34  155  -34  23  0  0 L3P 46
G30 FF 61067 113800  780 706 1579    -1013904   -144         124    -19   20  13   86   -1  115  +13  115   13  15  0  0 L3P 24
G07 FF 61067 115400  780 449  843    +1409439    +82         127    +31   43  55  115  +10  165   -2  165   -2  28  0  0 L3P 22
G13 FF 61067 115400  780 352 2270    -6884954    +13         118     +1   27  83  141  -21  171  -15  171  -15  21  0  0 L3P 3C
G14 FF 61067 115400  780 676 2303    -7312980     +1         129    +23   24 123   88   -1  120  -17  120  -17  18  0  0 L3P 26
G17 FF 61067 115400  780 405 3554     +451091   +110         125     -2   47  28  125  -20  202  -44  202  -44  39  0  0 L3P 2F
G22 FF 61067 115400  780 543 2672     +539416    -42         126     +4   29  42  100   -6  151  -18  151  -18  22  0  0 L3P 16
G30 FF 61067 115400  780 715 1344    -1014030    -99         119    +26   26  13   86   +0  115  -21  115  -21  17  0  0 L3P 1A
G07 FF 61067 121000  780 400  762    +1409480    +47         119     -4   53  57  126  +14  185  +24  185   24  38  0  0 L3P 25
G13 FF 61067 121000  780 408 2321    -6884939     +2         129    -10   33  84  124  -14  153   -9  153   -9  29  0  0 L3P 28
G14 FF 61067 121000  780 680 2099    -7313010    -27         120     -4   12 124   88   +0  125   +4  125    4  11  0  0 L3P E0
G15 FF 61067 121000  780 143 2232    -3804673    -27         139     +9   56  66  326  -98  236  -53  236  -53  41  0  0 L3P 58
G22 FF 61067 121000  780 581 2549     +539372    -46         124     -1   27  89   96   -4  135   -2  135   -2  20  0  0 L3P EF
G30 FF 61067 121000  780 702 1110    -1014149   -127         117     -1   24  14   86   +1  116   +3  116    3  19  0  0 L3P D7
G07 FF 61067 122600  780 349  691    +1409539    -60         129   -111   49  57  142  +19  204  +79  204   79  36  0  0 L3P 65
G13 FF 61067 122600  780 456 2393    -6884926     -4         131    -16   38  84  114   -9  144   -3  144   -3  29  0  0 L3P 26
G14 FF 61067 122600  780 667 1905    -7313026    -55         126    -33   22 124   88   +1  119   +3  119    3  17  0  0 L3P 13
G15 FF 61067 122600  780 183 2278    -3804722    -52         124    -17   60  66  258  -51  221  -28  221  -28  45  0  0 L3P 61
G17 FF 61067 122600  780 564 3561     +451306    +57         125    -55   28  29   98  -10  153   +7  153    7  22  0  0 L3P 0D
G22 FF 61067 122600  780 612 2407     +539331    -72         127    -26   24  89   93   -2  131   -2  131   -2  18  0  0 L3P F5
G30 FF 61067 122600  780 669  914    -1014266   -138         121    -13   33  14   88   +3  117   -7  117   -7  23  0  0 L3P 0D
G07 FF 61067 124200  780 295  629    +1409627    +40         167    -12   66  57  164  +28  201  +62  201   62  47  0  0 L3P 3F
G13 FF 61067 124200  780 492 2489    -6884916    +21         130     +9   43  84  107   -5  138   -5  138   -5  29  0  0 L3P 29
G14 FF 61067 124200  780 643 1736    -7313051    -21         123     +1   27 124   90   +2  118   +1  118    1  20  0  0 L3P DD
G15 FF 61067 124200  780 216 2334    -3804746    -51         134    -16   55  66  220  -29  196   -2  196   -2  42  0  0 L3P 3B
G17 FF 61067 124200  780 647 3571     +451403   +135         114    +23   21  29   90   -6  146  -21  146  -21  16  0  0 L3P 24
G19 FF 61067 124200  780 426 3429    -6874849     -3         116    +14   40  59  120  -19  187  -30  187  -30  34  0  0 L3P 5C
G22 FF 61067 124200  780 632 2246     +539295    -31         135    +14   26  89   91   -1  120   -9  120   -9  19  0  0 L3P FE
G30 FF 61067 124200  780 621  765    -1014393   -139         114    -14   31  14   92   +5  129  +24  129   24  23  0  0 L3P 18
G13 FF 61067 125800  780 512 2606    -6884899     -1         137    -12   40  84  104   -2  136   +9  136    9  30  0  0 L3P 11
G14 FF 61067 125800  780 610 1593    -7313062    -20         134     +2   27 124   93   +3  115   +7  115    7  19  0  0 L3P F5
G15 FF 61067 125800  780 240 2398    -3804760     -1         154    +35   67  66  199  -16  182  -20  182  -20  50  0  0 L3P 54
G17 FF 61067 125800  780 729    2     +451533   +109         135     -4   28  29   85   -4  130   +0  130    0  22  0  0 L3P AA
G22 FF 61067 125800  780 641 2074     +539266    -24         149    +21   28  89   90   +0  113  -17  113  -17  18  0  0 L3P 26
G30 FF 61067 125800  780 566  654    -1014501    -87         126    +38   31  14   97   +7  134  -13  134  -13  23  0  0 L3P 1E
G13 FF 61067 131400  780 511 2732    -6884881    +11         143     -1   41  84  104   +2  133   +0  133    0  28  0  0 L3P E8
G14 FF 61067 131400  780 574 1471    -7313083    -24         135     -1   28 124   96   +4  117   -2  117   -2  19  0  0 L3P 09
G15 FF 61067 131400  780 254 2469    -3804803    -22         144    +14   75  66  188   -7  193  -15  193  -15  58  0  0 L3P 5F
G17 FF 61067 131400  780 809  117     +451643   +117         137     +4   31  29   82   -2  123  -15  123  -15  22  0  0 L3P FE
G19 FF 61067 131400  780 590 3384    -6874854    -24         143     -7   29  59   95   -9  137   -9  137   -9  23  0  0 L3P 32
G22 FF 61067 131400  780 637 1901     +539230    -40         157     +5   31  89   91   +1  106   -5  106   -5  22  0  0 L3P DD
G30 FF 61067 131400  780 505  568    -1014625   -181         122    -56   34  14  105  +10  153  +58  153   58  24  0  0 L3P 3D
G13 FF 61067 133000  780 491 2853    -6884878     -4         135    -15   31  84  107   +5  145  +23  145   23  23  0  0 L3P 31
G14 FF 61067 133000  780 534 1365    -7313100    -16         139     +7   31 124  101   +5  119   -2  119   -2  23  0  0 L3P 01
G15 FF 61067 133000  780 258 2545    -3804845    -11         136    +24   77  66  186   +1  203   -6  203   -6  59  0  0 L3P 2B
G17 FF 61067 133000  780 858  778     +451751   +126         138    +13   22  29   82   +0  117   -8  117   -8  18  0  0 L3P 09
G19 FF 61067 133000  780 673 3345    -6874860     +6         154    +23   32  59   88   -6  119  -26  119  -26  21  0  0 L3P 3D
G22 FF 61067 133000  780 623 1737     +539173    -46         144     +0   25  89   92   +2  113   -2  113   -2  18  0  0 L3P E0
G30 FF 61067 133000  780 441  501    -1014743   -133         124     -8   39  14  117  +14  174  +32  174   32  29  0  0 L3P 21
G13 FF 61067 134600  780 454 2960    -6884866    +30         136    +19   34  84  114   +9  151   -7  151   -7  25  0  0 L3P 37
G14 FF 61067 134600  780 494 1270    -7313117    +35         144    +58   37 124  107   +7  117  -43  117  -43  29  0  0 L3P 5B
G15 FF 61067 134600  780 251 2622    -3804872    -30         143     +6   83  66  191   +9  201  +14  201   14  57  0  0 L3P 20
G17 FF 61067 134600  780 802 1341     +451851   +127         130    +15   30  29   82   +2  115  -23  115  -23  20  0  0 L3P 14
G19 FF 61067 134600  780 756 3280    -6874876    -24         154     -7   25  59   84   -3  107   -9  107   -9  18  0  0 L3P 2E
G22 FF 61067 134600  780 601 1587     +539131    -63         145    -17   27  89   94   +3  107   +9  107    9  21  0  0 L3P FE
G24 FF 61067 134600  780 160 2243    +1461855   -236         148    -83   69  39  294 -105  200  +47  200   47  53  0  0 L3P 7B
G13 FF 61067 140200  780 405 3048    -6884864    -27         130    -39   44  85  125  +14  168  +37  168   37  30  0  0 L3P 61
G14 FF 61067 140200  780 452 1183    -7313166    +27         112    +49   41 125  114   +9  139  -31  139  -31  27  0  0 L3P 4D
G15 FF 61067 140200  780 233 2698    -3804917    -84         129    -49   96  71  204  +18  222  +51  222   51  65  0  0 L3P 5E
G17 FF 61067 140200  780 725 1431     +451956   +139         126    +26   34  31   85   +4  112  -19  112  -19  23  0  0 L3P 2A
G19 FF 61067 140200  780 835 3097    -6874891    +18         154    +35    9  65   82   -1   97  -22   97  -22   7  0  0 L3P 17
G22 FF 61067 140200  780 572 1453     +539085    -57         147    -11   24  90   97   +4  113   +8  113    8  16  0  0 L3P F2
G24 FF 61067 140200  780 218 2245    +1461737   -226         181    -73   54  40  218  -58  172  +30  172   30  39  0  0 L3P 5D
G06 FF 61067 141800  780 341  257    +6062340     -2         113    -32   48  94  145  -27  201  -18  201  -18  37  0  0 L3P 2A
G13 FF 61067 141800  780 350 3121    -6884854    -64         129    -76   51  85  141  +21  180  +83  180   83  39  0  0 L3P 61
G14 FF 61067 141800  780 410 1103    -7313169    -74         129    -51   50 126  124  +11  136  +40  136   40  37  0  0 L3P 47
G15 FF 61067 141800  780 208 2770    -3804937     +7         143    +42   74  71  227  +31  227  -14  227  -14  55  0  0 L3P 4E
G17 FF 61067 141800  780 647 1445     +452069   +118         131     +5   25  31   90   +6  108   -6  108   -6  17  0  0 L3P FE
G19 FF 61067 141800  780 861 2073    -6874894    -44         166    -27   30  65   82   +0   86  +14   86   14  21  0  0 L3P 22
G22 FF 61067 141800  780 538 1334     +539039     +3         145    +48   26  90  101   +5  109  -40  109  -40  20  0  0 L3P 14
G24 FF 61067 141800  780 277 2257    +1461563   -127         153    +26   46  40  175  -35  163  -50  163  -50  32  0  0 L3P 6E
G06 FF 61067 143400  780 411  302    +6062370    -53         114    -84   43  94  124  -18  173  +52  173   52  27  0  0 L3P 32
G14 FF 61067 143400  780 367 1028    -7313191    -54         128    -32   44 126  135  +14  148  +44  148   44  33  0  0 L3P 5F
G17 FF 61067 143400  780 571 1436     +452183   +113         137     +0   37  31   97   +8  106   +8  106    8  27  0  0 L3P EF
G19 FF 61067 143400  780 792 1693    -6874915    -21         163     -4   20  65   83   +2   83   -1   83   -1  14  0  0 L3P EC
G22 FF 61067 143400  780 500 1226     +538985    -21         133    +25   29  90  106   +6  116  -10  116  -10  20  0  0 L3P 19
G24 FF 61067 143400  780 335 2281    +1461409   -157         147     -3   47  40  147  -23  146   -9  146   -9  32  0  0 L3P 3D
G06 FF 61067 145000  780 480  360    +6062411    +60         125    +30   28  94  109  -12  147  -41  147  -41  22  0  0 L3P 31
G12 FF 61067 145000  780 180 2462    +6069927     -5         143     -8   64   9  262  -66  191   +4  191    4  48  0  0 L3P 05
G14 FF 61067 145000  780 324  957    -7313209    +14         132    +37   57 126  151  +19  158  -13  158  -13  42  0  0 L3P 58
G17 FF 61067 145000  780 498 1415     +452285    +93         131    -19   30  31  106  +12  110  +18  110   18  25  0  0 L3P 23
G19 FF 61067 145000  780 717 1594    -6874940    -18         154     -1   21  65   86   +4   85   +2   85    2  16  0  0 L3P E7
G22 FF 61067 145000  780 460 1129     +538950    -54         142     -9   37  90  113   +8  115  +19  115   19  28  0  0 L3P 18
G24 FF 61067 145000  780 391 2320    +1461263   -124         148    +29   40  40  129  -16  133  -27  133  -27  32  0  0 L3P 59
G06 FF 61067 150600  780 545  440    +6062448    +59         132    +28   31  94  100   -8  126  -40  126  -40  24  0  0 L3P 2B
G12 FF 61067 150600  780 226 2411    +6069934    +69         147    +66   60   9  211  -43  173  -46  173  -46  42  0  0 L3P 54
G17 FF 61067 150600  780 429 1387     +452400    +70         138    -43   43  31  119  +16  110  +37  110   37  30  0  0 L3P 25
G19 FF 61067 150600  780 644 1533    -6874957    -20         153     -3   37  65   90   +5   89   +6   89    6  26  0  0 L3P F7
G22 FF 61067 150600  780 418 1040     +538907    -64         143    -18   34  90  122  +11  124  +34  124   34  25  0  0 L3P 27
G24 FF 61067 150600  780 442 2378    +1461114   -138         147    +15   35  40  117  -10  128  -23  128  -23  24  0  0 L3P 5B
G06 FF 61067 152200  780 601  554    +6062482    +31         137     +0   31  94   94   -5  105  -16  105  -16  22  0  0 L3P FE
G11 FF 61067 152200  780 322 3588    +4595374    -85         149    +47   70 207  153  -33  191  -66  191  -66  59  0  0 L3P 90
G12 FF 61067 152200  780 275 2361    +6069930   +107         139   +103   54   9  176  -30  157 -102  157 -102  40  0  0 L3P 85
G17 FF 61067 152200  780 363 1354     +452501    +86         131    -26   48  31  137  +21  118  +47  118   47  33  0  0 L3P 33
G19 FF 61067 152200  780 575 1483    -6874974    +13         152    +30   30  65   96   +7   84  -20   84  -20  24  0  0 L3P 24
G22 FF 61067 152200  780 373  958     +538868     -4         148    +42   36  90  134  +14  134  -13  134  -13  27  0  0 L3P 2B
G24 FF 61067 152200  780 485 2459    +1460970   -153         150     +0   32  40  109   -6  115   -6  115   -6  24  0  0 L3P 17
G06 FF 61067 153800  780 639  713    +6062525    +31         150     +1   32  94   91   -2   92   -3   92   -3  22  0  0 L3P C4
G12 FF 61067 153800  780 326 2313    +6069939    -16         145    -20   44   9  151  -22  142   +6  142    6  33  0  0 L3P 13
G17 FF 61067 153800  780 301 1317     +452617    +94         139    -18   62  31  161  +30  122  +24  122   24  44  0  0 L3P 28
G19 FF 61067 153800  780 510 1436    -6874982    -13         161     +4   18  65  104  +10   81   +6   81    6  14  0  0 L3P F8
G22 FF 61067 153800  780 327  883     +538815    -65         138    -19   31  90  150  +20  165  +38  165   38  23  0  0 L3P 3B
G24 FF 61067 153800  780 515 2563    +1460833   -122         160    +32   41  40  104   -3  106  -24  106  -24  31  0  0 L3P 3A
G06 FF 61067 155400  780 649  903    +6062557    +41         153    +10   30  94   90   +0   87   -6   87   -6  22  0  0 L3P E4
G11 FF 61067 155400  780 478    7    +4595123   -135         151     -3   33 207  110  -15  133  -17  133  -17  23  0  0 L3P 26
G12 FF 61067 155400  780 380 2265    +6069940    +21         143    +18   29   9  132  -17  128  -30  128  -30  21  0  0 L3P 40
G17 FF 61067 155400  780 242 1277     +452709   +205         123    +92   61  31  197  +45  149  -59  149  -59  45  0  0 L3P 74
G19 FF 61067 155400  780 448 1389    -6874978    -45         181    -28   40  65  115  +13   79  +30   79   30  28  0  0 L3P 58
G24 FF 61067 155400  780 527 2684    +1460689   -147         164     +6   29  40  102   +0  104   -1  104   -1  19  0  0 L3P 1B
G06 FF 61067 161000  780 629 1081    +6062593    +27         162     -4   23 100   91   +3   78   -7   78   -7  18  0  0 L3P F3
G11 FF 61067 161000  780 559   22    +4595008   -136         163     -5   31 208   98  -10  112   -8  112   -8  23  0  0 L3P 07
G12 FF 61067 161000  780 437 2220    +6069954    +46         155    +43   26  10  118  -13  109  -50  109  -50  19  0  0 L3P 4E
G19 FF 61067 161000  780 390 1342    -6875012    -53         167    -36   37  68  129  +16   94  +25   94   25  26  0  0 L3P 41
G24 FF 61067 161000  780 519 2811    +1460548   -158         174     -5   37  55  103   +3   99   +1   99    1  27  0  0 L3P FE
G06 FF 61067 162600  780 584 1213    +6062637    +18         176    -12   20 100   95   +6   68  +17   68   17  17  0  0 L3P 1E
G11 FF 61067 162600  780 642   50    +4594877   -121         159    +11   19 208   90   -7  100  -21  100  -21  13  0  0 L3P 22
G12 FF 61067 162600  780 497 2175    +6069960    +32         157    +29   19  10  107  -10   95  -42   95  -42  15  0  0 L3P 45
G19 FF 61067 162600  780 335 1295    -6875016    -24         178     -7   49  68  147  +21   87  +15   87   15  35  0  0 L3P 41
G24 FF 61067 162600  780 493 2928    +1460394   -164         167    -10   42  55  107   +6  104  +13  104   13  31  0  0 L3P 43
G06 FF 61067 164200  780 525 1298    +6062675    +28         185     -3   26 100  102   +9   73   +8   73    8  19  0  0 L3P FF
G11 FF 61067 164200  780 723  112    +4594765   -120         174    +11   20 208   85   -4   81  -16   81  -16  14  0  0 L3P 19
G12 FF 61067 164200  780 561 2130    +6069972    -13         166    -17   27  10   98   -8   81   +3   81    3  20  0  0 L3P E1
G19 FF 61067 164200  780 283 1246    -6875011    +29         200    +46   61  68  170  +28   84  -17   84  -17  42  0  0 L3P 46
G24 FF 61067 164200  780 452 3029    +1460254   -155         174     -1   40  55  114  +10  108   +9  108    9  28  0  0 L3P 1D
G25 FF 61067 164200  780 179 2288    -4473194    +56         176    +32   55  35  264  -82  140  -28  140  -28  40  0  0 L3P 70
G06 FF 61067 165800  780 459 1348    +6062707     -1         187    -31   28 100  113  +13   70  +18   70   18  20  0  0 L3P 23
G11 FF 61067 165800  780 796  288    +4594637   -120         173    +11   30 208   83   -2   69  -25   69  -25  22  0  0 L3P 3D
G12 FF 61067 165800  780 628 2084    +6069973    -22         164    -26   29  10   91   -6   69   -1   69   -1  21  0  0 L3P 04
G24 FF 61067 165800  780 401 3112    +1460103   -175         171    -21   40  55  126  +15  111   +6  111    6  30  0  0 L3P 10
G25 FF 61067 165800  780 236 2266    -4473167    +25         180     +1   66  35  203  -49  114  -32  114  -32  47  0  0 L3P 4D
G06 FF 61067 171400  780 391 1375    +6062729    +46         180    +15   37 100  128  +19   77  -15   77  -15  28  0  0 L3P 56
G11 FF 61067 171400  780 829  819    +4594509   -139         171     -7   27 208   82   +0   61   -4   61   -4  17  0  0 L3P FF
G12 FF 61067 171400  780 699 2034    +6069982    +17         169    +13   20  10   87   -4   55  -20   55  -20  15  0  0 L3P 16
G24 FF 61067 171400  780 345 3180    +1459961   -287         175   -133   63  55  143  +22  118  +97  118   97  48  0  0 L3P 92
G25 FF 61067 171400  780 296 2251    -4473144    +31         180     +7   37  35  164  -32   91  -25   91  -25  30  0  0 L3P 24
G29 FF 61067 171400  780 164 2676    +3858063    -25         193    +41  100  43  286  -75  172  -62  172  -62  76  0  0 L3P 86
G06 FF 61067 173000  780 323 1385    +6062738    -13         159    -44   41 100  151  +29   88  +39   88   39  29  0  0 L3P 50
G11 FF 61067 173000  780 783 1253    +4594368   -136         156     -4   27 208   83   +2   56  -11   56  -11  19  0  0 L3P 2E
G12 FF 61067 173000  780 772 1965    +6069972    -17         157    -20   25  10   83   -3   52   +3   52    3  16  0  0 L3P E4
G24 FF 61067 173000  780 285 3238    +1459792   -100         154    +53  110  55  169  +33  133  -56  133  -56  91  0  0 L3P 85
G25 FF 61067 173000  780 359 2244    -4473114     +5         187    -19   41  35  139  -22   58  -20   58  -20  29  0  0 L3P 2E
G29 FF 61067 173000  780 207 2616    +3857991    -94         184    -28   63  43  228  -47  131  -26  131  -26  45  0  0 L3P 77
G06 FF 61067 174600  780 257 1383    +6062787   +124         179    +93   47 100  186  +45   76  -63   76  -63  34  0  0 L3P 7F
G11 FF 61067 174600  780 710 1379    +4594238   -131         153     +1   25 208   86   +4   59   +1   59    1  17  0  0 L3P F9
G12 FF 61067 174600  780 845 1791    +6069981     +5         162     +1   26  10   82   -1   46   -4   46   -4  19  0  0 L3P D5
G21 FF 61067 174600  780 364  564    -3884821    -93         157    -25   49 136  137  -17  111   +2  111    2  35  0  0 L3P 33
G25 FF 61067 174600  780 424 2248    -4473107    +38         172    +15   30  35  121  -16   51  -22   51  -22  23  0  0 L3P 26
G29 FF 61067 174600  780 251 2555    +3857936    -34         193    +32   77  43  191  -32  102  -54  102  -54  57  0  0 L3P 70
G05 FF 61067 180200  780 348  266    +2279934    +24         122    +18   49  31  142  -26  119  -36  119  -36  33  0  0 L3P 50
G11 FF 61067 180200  780 635 1415    +4594111   -144         153    -12   25 209   91   +6   56   +6   56    6  18  0  0 L3P 01
G12 FF 61067 180200  780 863  600    +6069987    -14         161    -18   13  11   81   +1   47  +13   47   13  11  0  0 L3P E8
G21 FF 61067 180200  780 411  645    -3884892    -80         154    -12   53 137  124  -11  104  -12  104  -12  40  0  0 L3P 45
G25 FF 61067 180200  780 490 2267    -4473085    +28         170     +4   30  36  108  -11   44   -5   44   -5  24  0  0 L3P FB
G29 FF 61067 180200  780 295 2491    +3857848    -30         164    +36   55  44  165  -23   96  -32   96  -32  42  0  0 L3P 58
G05 FF 61067 181800  780 418  314    +2279954    +62         137    +56   38  31  122  -17   96  -50   96  -50  27  0  0 L3P 3A
G11 FF 61067 181800  780 560 1420    +4593979   -125         148     +7   33 209   98   +9   65   -4   65   -4  25  0  0 L3P 1D
G12 FF 61067 181800  780 788  310    +6069991    +12         162     +8   27  11   83   +2   49   +3   49    3  19  0  0 L3P CA
G21 FF 61067 181800  780 448  741    -3884965    -52         147    +16   43 137  115   -7   95  -23   95  -23  33  0  0 L3P 43
G25 FF 61067 181800  780 555 2308    -4473058    +19         174     -5   17  36   99   -8   41   -2   41   -2  14  0  0 L3P EE
G29 FF 61067 181800  780 340 2426    +3857805    -90         184    -24   43  44  145  -18   73   +5   73    5  30  0  0 L3P 17
G05 FF 61067 183400  780 486  376    +2279971    +17         148    +11   33  31  108  -12   78  -19   78  -19  24  0  0 L3P 3E
G11 FF 61067 183400  780 489 1408    +4593856   -143         152    -11   28 209  108  +12   69  +14   69   14  21  0  0 L3P 5A
G12 FF 61067 183400  780 707  239    +6069983    -11         151    -14   26  11   86   +4   62  +14   62   14  19  0  0 L3P F6
G21 FF 61067 183400  780 471  849    -3885030    -63         147     +5   38 137  111   -3   88  -14   88  -14  28  0  0 L3P 2A
G25 FF 61067 183400  780 616 2385    -4473044    +10         166    -14   25  36   92   -5   42   +3   42    3  18  0  0 L3P E0
G29 FF 61067 183400  780 386 2359    +3857730    -57         172     +9   32  44  130  -14   71  -17   71  -17  22  0  0 L3P 38
G05 FF 61067 185000  780 549  461    +2279964     +4         135     -1   32  31   99   -8   84   +2   84    2  23  0  0 L3P B9
G11 FF 61067 185000  780 420 1387    +4593728   -100         150    +32   42 209  121  +16   83   +0   83    0  30  0  0 L3P 0E
G12 FF 61067 185000  780 626  201    +6069980     -4         145     -7   21  11   91   +7   79  +21   79   21  14  0  0 L3P CE
G21 FF 61067 185000  780 477  964    -3885087    -65         155     +3   41 137  110   +1   84   +4   84    4  33  0  0 L3P EF
G25 FF 61067 185000  780 665 2516    -4473020    +21         166     -3   17  36   89   -3   40  +11   40   11  12  0  0 L3P E1
G29 FF 61067 185000  780 433 2290    +3857660   -125         165    -59   30  44  118  -11   66  +41   66   41  21  0  0 L3P 43
G05 FF 61067 190600  780 602  580    +2279984     +3         150     -2   32  31   94   -4   83  +14   83   14  23  0  0 L3P CD
G11 FF 61067 190600  780 356 1360    +4593634   -174         182    -42   39 209  139  +22   83  +64   83   64  26  0  0 L3P 63
G12 FF 61067 190600  780 545  175    +6070003    +82         165    +79   26  11  100  +10   87  -21   87  -21  19  0  0 L3P 19
G21 FF 61067 190600  780 464 1075    -3885141    -54         167    +14   35 137  112   +4   93  +14   93   14  30  0  0 L3P 28
G25 FF 61067 190600  780 692 2712    -4472993    +33         171     +9   21  36   87   -1   50  +15   50   15  15  0  0 L3P FA
G29 FF 61067 190600  780 482 2216    +3857609    -85         177    -19   22  44  109   -9   64  +31   64   31  16  0  0 L3P 34
G05 FF 61067 192200  780 636  740    +2279993     -7         154    -13   24  31   91   -2   88   +7   88    7  17  0  0 L3P D9
G11 FF 61067 192200  780 295 1328    +4593498   -175         173    -43   29 209  164  +31  116  +59  116   59  23  0  0 L3P 8D
G12 FF 61067 192200  780 464  156    +6070021    +10         179     +6   23  11  112  +15  101  +23  101   23  16  0  0 L3P F5
G21 FF 61067 192200  780 435 1172    -3885193    -60         180     +8   47 137  118   +8   96   -6   96   -6  34  0  0 L3P 1C
G25 FF 61067 192200  780 686 2936    -4472969    +14         171    -10   27  36   87   +1   61  +12   61   12  20  0  0 L3P 0D
G29 FF 61067 192200  780 532 2136    +3857544    -96         175    -30   21  44  101   -7   71  +25   71   25  16  0  0 L3P 1D
G05 FF 61067 193800  780 642  924    +2279996     +1         151     -5   22  31   90   +1   88   +2   88    2  18  0  0 L3P BB
G11 FF 61067 193800  780 237 1292    +4593356   -161         157    -29   31 209  201  +46  151  +42  151   42  24  0  0 L3P 70
G12 FF 61067 193800  780 386  143    +6070000     -4         155     -7   35  11  130  +23  139  +25  139   25  28  0  0 L3P 09
G18 FF 61067 193800  780 283 2835    +4401011     +4         158   +101   70 173  171  -28  121  -82  121  -82  52  0  0 L3P 61
G21 FF 61067 193800  780 392 1249    -3885275   -121         164    -53   39 137  128  +13  110  +34  110   34  31  0  0 L3P 71
G25 FF 61067 193800  780 647 3119    -4472957     -1         161    -25   16  36   90   +4   75  +28   75   28  12  0  0 L3P 0F
G29 FF 61067 193800  780 583 2047    +3857461    -62         156     +4   18  44   96   -5   85   -1   85   -1  13  0  0 L3P FB
G05 FF 61067 195400  780 619 1092    +2279993     -5         143    -11   30  31   92   +3   99  +12   99   12  23  0  0 L3P 00
G12 FF 61067 195400  780 309  134    +6069965    -40         117    -43   77  11  157  +36  188  +43  188   43  57  0  0 L3P 59
G18 FF 61067 195400  780 331 2765    +4400922   -131         162    -34   36 173  149  -19  113  +18  113   18  28  0  0 L3P 75
G21 FF 61067 195400  780 341 1307    -3885347   -109         157    -41   42 137  145  +21  126  +34  126   34  30  0  0 L3P 6E
G25 FF 61067 195400  780 589 3243    -4472929    +22         165     -2   25  36   95   +7   88  +14   88   14  21  0  0 L3P 15
G29 FF 61067 195400  780 634 1939    +3857392    -56         151    +10   20  44   91   -4   97   -3   97   -3  13  0  0 L3P 0A
G05 FF 61067 201000  780 574 1215    +2279986     -1         125     -6   23  89   96   +6  108   +7  108    7  18  0  0 L3P EF
G18 FF 61067 201000  780 377 2688    +4400818   -108         153    -11   35 174  133  -14  115   -3  115   -3  27  0  0 L3P 50
G21 FF 61067 201000  780 284 1347    -3885407   -146         161    -78   51 138  170  +33  138  +68  138   68  35  0  0 L3P 86
G25 FF 61067 201000  780 520 3324    -4472931    +29         140     +6   36  37  103  +10  112   +3  112    3  30  0  0 L3P E8
G29 FF 61067 201000  780 682 1801    +3857314    -81         136    -15   17  46   88   -3  103   +9  103    9  12  0  0 L3P 04
G05 FF 61067 202600  780 516 1296    +2280004    +16         138    +10   25  89  104   +9  119   +7  119    7  18  0  0 L3P 10
G18 FF 61067 202600  780 421 2605    +4400737    -86         165    +11   42 174  121  -10  112   -6  112   -6  31  0  0 L3P 2A
G21 FF 61067 202600  780 224 1373    -3885477    -74         156     -6   47 138  212  +56  173  +43  173   43  37  0  0 L3P 61
G26 FF 61067 202600  780 181 2276    +3180389    +26         171    -33   40  45  260  -59  152  +38  152   38  32  0  0 L3P 52
G29 FF 61067 202600  780 723 1610    +3857256    -41         141    +25   25  46   85   -2  110   -5  110   -5  17  0  0 L3P 04
G05 FF 61067 204200  780 452 1344    +2280008     -2         136     -8   29  89  114  +13  128  +25  128   25  22  0  0 L3P 1A
G18 FF 61067 204200  780 462 2513    +4400639    -90         160     +7   37 174  113   -8  111   -4  111   -4  29  0  0 L3P 14
G21 FF 61067 204200  780 162 1387    -3885544    -58         154    +10   61 138  287 +106  208  +34  208   34  49  0  0 L3P 7E
G23 FF 61067 204200  780 311 3299    -6050197     -2         164    +46   69 160  158  -34  162  -64  162  -64  56  0  0 L3P 69
G26 FF 61067 204200  780 219 2330    +3180441    +68         166     +9   43  45  217  -33  155   -2  155   -2  29  0  0 L3P 1F
G29 FF 61067 204200  780 745 1349    +3857204    -38         152    +28   27  46   84   +0  106   -3  106   -3  19  0  0 L3P 18
G05 FF 61067 205800  780 386 1369    +2280012    -21         135    -27   31  89  130  +19  145  +46  145   46  22  0  0 L3P 4B
G15 FF 61067 205800  780 357  594    -3805783    +12         132    +47   48  13  139  -16  195  -41  195  -41  36  0  0 L3P 60
G18 FF 61067 205800  780 499 2414    +4400549    -93         163     +4   22 174  106   -6  114   +6  114    6  17  0  0 L3P 1A
G23 FF 61067 205800  780 384 3263    -6050239    +18         169    +67   51 160  131  -22  144  -49  144  -49  41  0  0 L3P 76
G26 FF 61067 205800  780 249 2393    +3180501    -48         169   -107   46  45  192  -19  155  +93  155   93  37  0  0 L3P 80
G29 FF 61067 205800  780 739 1056    +3857153    -72         165     -6   24  46   85   +1  108  +11  108   11  16  0  0 L3P 1F
G05 FF 61067 211400  780 320 1379    +2280036    +16         153    +11   38  89  153  +29  159  +26  159   26  30  0  0 L3P 4A
G15 FF 61067 211400  780 400  675    -3805793     +4         156    +39   50  13  126  -10  167  -34  167  -34  36  0  0 L3P 38
G18 FF 61067 211400  780 533 2305    +4400468    -86         175    +10   19 174  101   -4  111   -7  111   -7  14  0  0 L3P 20
G23 FF 61067 211400  780 457 3215    -6050292   -119         163    -70   37 160  114  -15  139  +38  139   38  32  0  0 L3P 72
G26 FF 61067 211400  780 269 2465    +3180543    +55         154     -4   62  45  179   -9  170   +7  170    7  53  0  0 L3P 13
G29 FF 61067 211400  780 704  817    +3857100    -65         175     +1   26  46   86   +3  110   +5  110    5  18  0  0 L3P D7
G05 FF 61067 213000  780 255 1376    +2280045    +46         156    +40   37  89  187  +45  187   +6  187    6  29  0  0 L3P 3E
G15 FF 61067 213000  780 432  768    -3805818    -48         165    -12   33  13  119   -6  157   +2  157    2  25  0  0 L3P 0A
G18 FF 61067 213000  780 563 2185    +4400390    -92         189     +5   16 174   98   -3  106   -2  106   -2  12  0  0 L3P 0E
G23 FF 61067 213000  780 530 3152    -6050335    -48         167     +1   29 160  102  -10  131  -18  131  -18  21  0  0 L3P 35
G26 FF 61067 213000  780 277 2543    +3180621    +18         176    -41   47  45  174   -2  160  +33  160   33  38  0  0 L3P 34
G29 FF 61067 213000  780 651  652    +3857033    -87         171    -21   24  46   90   +4  127  +26  127   26  17  0  0 L3P 1B
G05 FF 61067 214600  780 193 1365    +2280048    +10         155     +5   47  89  244  +76  238  +49  238   49  33  0  0 L3P 50
G15 FF 61067 214600  780 452  871    -3805850    -66         167    -30   29  13  114   -3  152  +16  152   16  22  0  0 L3P 26
G16 FF 61067 214600  780 170 2279    -1964310    -65         194    +10   33  65  276  -53  197   +2  197    2  26  0  0 L3P 3A
G18 FF 61067 214600  780 588 2055    +4400292    -93         185     +4   15 174   95   -2  111   -2  111   -2  12  0  0 L3P 08
G23 FF 61067 214600  780 600 3066    -6050383    -54         166     -5   21 160   94   -7  124   -2  124   -2  15  0  0 L3P 04
G26 FF 61067 214600  780 274 2624    +3180680    +92         178    +32   41  45  176   +5  170   +3  170    3  29  0  0 L3P 18
G29 FF 61067 214600  780 589  540    +3856963    -77         165    -11   31  46   95   +7  138  +14  138   14  25  0  0 L3P 37
G15 FF 61067 220200  780 456  977    -3805880     -1         168    +34   22  14  114   +1  147  -30  147  -30  16  0  0 L3P 1D
G16 FF 61067 220200  780 198 2339    -1964362   -132         214    -57   40  66  238  -29  178  +31  178   31  32  0  0 L3P 71
G18 FF 61067 220200  780 607 1913    +4400199   -113         187    -16   17 175   93   -2  110   +7  110    7  13  0  0 L3P 1C
G23 FF 61067 220200  780 664 2941    -6050422    -55         175     -6   16 161   89   -4  115   -8  115   -8  12  0  0 L3P 13
G26 FF 61067 220200  780 260 2704    +3180727    +56         171     -3   47  46  184  +13  189  +10  189   10  34  0  0 L3P 37
G29 FF 61067 220200  780 522  460    +3856900    -34         161    +32   29  47  103  +10  155   -8  155   -8  20  0  0 L3P 17
G10 FF 61067 221800  780 310 3046    +5853301    -62         183    -84   41  57  158  -29  183  +41  183   41  26  0  0 L3P 4E
G13 FF 61067 221800  780 211 1265    -6884480    -23         187    -34   44  40  224  +25  231  +67  231   67  34  0  0 L3P 4F
G15 FF 61067 221800  780 443 1078    -3805905    -40         177     -5   32  14  116   +4  146  +10  146   10  24  0  0 L3P 1A
G16 FF 61067 221800  780 217 2407    -1964461    -58         187    +17   18  66  218  -14  194  -15  194  -15  12  0  0 L3P 70
G18 FF 61067 221800  780 619 1760    +4400103   -106         183     -9   18 175   92   -1  113  +10  113   10  13  0  0 L3P 20
G23 FF 61067 221800  780 715 2754    -6050480    -47         165     +2   21 161   86   -2  117   -6  117   -6  15  0  0 L3P 11
G26 FF 61067 221800  780 237 2781    +3180771     +6         158    -53   56  46  201  +22  214  +65  214   65  42  0  0 L3P 3E
G29 FF 61067 221800  780 452  399    +3856857    -65         181     +1   32  47  114  +14  171  +44  171   44  25  0  0 L3P 3A
G10 FF 61067 223400  780 369 2981    +5853312     +6         173    -15   34  57  135  -19  173  -10  173  -10  24  0  0 L3P 47
G15 FF 61067 223400  780 416 1166    -3805944    -22         171    +13   30  14  122   +8  166   +4  166    4  22  0  0 L3P 07
G16 FF 61067 223400  780 226 2480    -1964516   -122         204    -47   28  66  210   -3  184  +31  184   31  24  0  0 L3P 48
G18 FF 61067 223400  780 623 1601    +4400013   -101         186     -5   23 175   92   +0  121  +12  121   12  16  0  0 L3P 0B
G23 FF 61067 223400  780 744 2483    -6050514    -40         177     +9   14 161   84   -1  109   -5  109   -5  11  0  0 L3P 0C
G29 FF 61067 223400  780 381  353    +3856804    -56         191    +10   55  47  131  +21  204  +15  204   15  41  0  0 L3P 2E
G10 FF 61067 225000  780 426 2905    +5853344    +40         185    +19   42  57  120  -13  162  -27  162  -27  33  0  0 L3P 52
G15 FF 61067 225000  780 377 1239    -3805981    -64         168    -29   30  14  132  +13  187  +50  187   50  22  0  0 L3P 57
G16 FF 61067 225000  780 223 2556    -1964605   -127         188    -52   54  66  212   +7  206  +58  206   58  43  0  0 L3P 5E
G18 FF 61067 225000  780 617 1442    +4399929    -73         195    +24   19 175   92   +1  126   -1  126   -1  13  0  0 L3P 2F
G23 FF 61067 225000  780 740 2179    -6050551    -42         187     +7   17 161   85   +1  111  +11  111   11  12  0  0 L3P 0A
G27 FF 61067 225000  780 194 2225     +277978   +128         208    +44   46   6  244  -73  196  -54  196  -54  32  0  0 L3P 68
G29 FF 61067 225000  780 311  317    +3856756    -96         207    -30   75  47  157  +33  229  +60  229   60  49  0  0 L3P 54
G10 FF 61067 230600  780 478 2815    +5853384    +13         204     -8   26  57  110   -9  146   +4  146    4  18  0  0 L3P 0B
G15 FF 61067 230600  780 330 1294    -3806000     +1         183    +36   42  14  149  +21  202   -1  202   -1  30  0  0 L3P F4
G16 FF 61067 230600  780 211 2632    -1964676    -16         188    +59   31  66  224  +18  230  -26  230  -26  26  0  0 L3P 62
G18 FF 61067 230600  780 601 1290    +4399842    -91         201     +5   29 175   94   +2  139  +13  139   13  22  0  0 L3P 2B
G23 FF 61067 230600  780 707 1936    -6050584    -26         201    +23   19 161   86   +2  111   -3  111   -3  15  0  0 L3P 10
G27 FF 61067 230600  780 252 2243     +278063    +91         211     +7   41   6  190  -42  178  -31  178  -31  30  0  0 L3P 1A
G10 FF 61067 232200  780 526 2709    +5853401    +27         200     +6   25  57  102   -6  141   -5  141   -5  19  0  0 L3P FD
G15 FF 61067 232200  780 278 1333    -3806031    -48         185    -13   44  14  174  +32  225  +55  225   55  33  0  0 L3P 49
G16 FF 61067 232200  780 189 2706    -1964734    -32         203    +43   41  66  248  +33  245  +17  245   17  34  0  0 L3P 56
G18 FF 61067 232200  780 577 1149    +4399751    -97         202     +0   35 175   96   +3  143  +10  143   10  27  0  0 L3P 2E
G23 FF 61067 232200  780 660 1766    -6050646    -35         186    +14   26 161   89   +4  126   +4  126    4  20  0  0 L3P 16
G27 FF 61067 232200  780 309 2275     +278150   +149         218    +65   39   6  158  -27  159  -52  159  -52  28  0  0 L3P 65
G32 FF 61067 232200  780 208 3474    +1435911   -156         231    +18   72  10  229  -77  286  -65  286  -65  55  0  0 L3P 81
G10 FF 61067 233800  780 566 2585    +5853435    +18         213     -4   27  57   97   -4  130   +2  130    2  20  0  0 L3P F1
G15 FF 61067 233800  780 222 1359    -3806059   -107         191    -72   52  14  213  +53  264  +92  264   92  39  0  0 L3P 6F
G18 FF 61067 233800  780 544 1023    +4399664    -91         208     +5   24 175  100   +5  151  +18  151   18  17  0  0 L3P 3D
G23 FF 61067 233800  780 608 1643    -6050681    -76         198    -27   24 161   93   +5  125  +27  125   27  16  0  0 L3P 4D
G27 FF 61067 233800  780 362 2321     +278224    +75         211     -9   32   6  137  -17  156   -2  156   -2  23  0  0 L3P FC
