CGGTTS     GENERIC DATA FORMAT VERSION = 2E
REV DATE = 2024-12-02                    
RCVR = Septentrio PolaRx2 S/N 3252   R2CGGTTS v8.8    
CH = 20 
IMS = Septentrio PolaRx2 S/N 3252   
LAB = NMI Australia                 
X = -4648241.00 m 
Y = +2560636.48 m 
Z = -3526317.74 m 
FRAME = ITRF
COMMENTS =           IGS antenna SYDN              
INT DLY =  211.7 ns (GPS P1),  213.3 ns (GPS P2)     CAL_ID = 1015-2021           
CAB DLY = 2484.6 ns 
REF DLY =  338.6 ns
REF = UTC(AUS)                      
CKSUM = 82

SAT CL  MJD  STTIME TRKL ELV AZTH   REFSV      SRSV     REFSYS    SRSYS  DSG IOE MDTR SMDT MDIO SMDI MSIO SMSI ISG FR HC FRC CK
             hhmmss  s  .1dg .1dg    .1ns     .1ps/s     .1ns    .1ps/s .1ns     .1ns.1ps/s.1ns.1ps/s.1ns.1ps/s.1ns
G08 FF 61071 001400  780 239 2302    -4979173    +20         348    -27   33  88  200  -34  187   +6  187    6  25  0  0 L3P 33
G10 FF 61071 001400  780 624 2109    +5859136    +26         321     +5   19  39   92   +0  114   +1  114    1  14  0  0 L3P D1
G18 FF 61071 001400  780 411  730    +4374533   -110         337    -14   35 215  123  +13  176  +36  176   36  26  0  0 L3P 4A
G23 FF 61071 001400  780 451 1384    -6063405    -23         318    +26   36 199  114  +10  143   -7  143   -7  27  0  0 L3P 39
G27 FF 61071 001400  780 469 2573     +300760   +114         341    +28   33  45  111   -3  127  -20  127  -20  25  0  0 L3P 26
G32 FF 61071 001400  780 515 3433    +1155540   -200         333    -25   45  38  104  -12  131  -13  131  -13  31  0  0 L3P 37
G08 FF 61071 003000  780 277 2362    -4979133    +48         343     +0   52  88  174  -20  175  -29  175  -29  38  0  0 L3P 5C
G10 FF 61071 003000  780 619 1942    +5859158    +19         323     -2   21  39   92   +1  115   +0  115    0  15  0  0 L3P D9
G18 FF 61071 003000  780 358  657    +4374435    -88         332     +8   36 215  138  +19  198   -2  198   -2  29  0  0 L3P 3E
G23 FF 61071 003000  780 403 1313    -6063458    -25         311    +24   43 199  125  +13  163   -4  163   -4  33  0  0 L3P 2B
G27 FF 61071 003000  780 474 2686     +300832    +77         330    -10   36  45  110   +1  134   +0  134    0  24  0  0 L3P DA
G32 FF 61071 003000  780 597 3409    +1155369   -157         330    +18   24  38   94   -8  120  -30  120  -30  19  0  0 L3P 3D
G08 FF 61071 004600  780 306 2433    -4979101     +1         329    -47   42  88  159  -11  176  +18  176   18  31  0  0 L3P 46
G10 FF 61071 004600  780 605 1785    +5859168    +20         314     -1   18  39   93   +2  127   +6  127    6  12  0  0 L3P EF
G18 FF 61071 004600  780 303  594    +4374348   -191         337    -94   59 215  160  +28  218 +104  218  104  46  0  0 L3P 8D
G23 FF 61071 004600  780 356 1245    -6063517    -80         300    -31   35 199  139  +16  186  +32  186   32  25  0  0 L3P 5F
G27 FF 61071 004600  780 461 2799     +300922    +55         337    -32   39  45  113   +4  134  +28  134   28  31  0  0 L3P 24
G32 FF 61071 004600  780 681 3375    +1155187   -163         316    +12   23  38   88   -5  122  -13  122  -13  17  0  0 L3P 3C
G02 FF 61071 010200  780 162 2242     -280972   -225         330   -143   43  81  291 -111  233  +71  233   71  32  0  0 L3P 4E
G08 FF 61071 010200  780 323 2514    -4979063    +48         321     +0   45  88  152   -5  170   -3  170   -3  31  0  0 L3P 01
G10 FF 61071 010200  780 583 1642    +5859189    +26         315     +5   20  39   95   +3  132   +3  132    3  16  0  0 L3P E3
G23 FF 61071 010200  780 311 1179    -6063546    -42         318     +7   41 199  157  +21  193  +22  193   22  32  0  0 L3P 40
G27 FF 61071 010200  780 432 2903     +300997    +89         329     +3   43  45  119   +8  152  +10  152   10  34  0  0 L3P 04
G32 FF 61071 010200  780 765 3317    +1155017   -193         315    -18   24  38   84   -3  118   +7  118    7  17  0  0 L3P 12
G02 FF 61071 011800  780 226 2233     -281077    -27         305    +55   31  81  212  -60  221  -61  221  -61  21  0  0 L3P 23
G08 FF 61071 011800  780 327 2601    -4979005    +65         333    +18   48  88  150   +1  170   -1  170   -1  38  0  0 L3P 1E
G10 FF 61071 011800  780 555 1512    +5859210    +14         317     -6   26  39   98   +4  141  +10  141   10  19  0  0 L3P 01
G27 FF 61071 011800  780 390 2994     +301088    +87         337     +0   36  45  129  +13  181  +37  181   37  27  0  0 L3P 31
G32 FF 61071 011800  780 846 3142    +1154857   -153         323    +22   27  38   82   -1  116  -13  116  -13  20  0  0 L3P 32
G02 FF 61071 013400  780 292 2233     -281157   -112         303    -30   24  81  167  -36  200   +1  200    1  18  0  0 L3P FA
G08 FF 61071 013400  780 318 2689    -4978970   +108         322    +60   44  88  154   +7  193  -25  193  -25  33  0  0 L3P 76
G10 FF 61071 013400  780 524 1396    +5859232    +38         319    +17   29  39  102   +5  147   +1  147    1  20  0  0 L3P 0B
G27 FF 61071 013400  780 341 3071     +301159    +88         325     +2   42  45  145  +20  226  +48  226   48  28  0  0 L3P 1B
G32 FF 61071 013400  780 859 1909    +1154689   -175         323     +0   17  38   82   +1  117   +4  117    4  13  0  0 L3P 02
G02 FF 61071 015000  780 360 2245     -281231   -115         307    -33   22  81  138  -24  178   +7  178    7  17  0  0 L3P 1A
G08 FF 61071 015000  780 297 2774    -4978930    +26         316    -22   48  88  163  +13  221  +46  221   46  39  0  0 L3P 61
G10 FF 61071 015000  780 491 1289    +5859247    -26         314    -47   34  39  107   +6  159  +45  159   45  24  0  0 L3P 4E
G28 FF 61071 015000  780 323  231    +6034427    -31         279    +29   49  30  152  -30  283  -63  283  -63  35  0  0 L3P 42
G32 FF 61071 015000  780 783 1651    +1154512   -178         314     -2   21  38   83   +2  124   +5  124    5  16  0  0 L3P EC
G02 FF 61071 020600  780 428 2273     -281309   -112         309    -30   29  82  120  -16  166  +15  166   15  20  0  0 L3P 36
G08 FF 61071 020600  780 266 2853    -4978874    +70         330    +22   41  89  180  +22  251  +33  251   33  32  0  0 L3P 4D
G10 FF 61071 020600  780 455 1191    +5859266    +64         312    +44   35  46  114   +7  177   +6  177    6  27  0  0 L3P 1D
G28 FF 61071 020600  780 392  274    +6034384    -48         296    +11   47  31  129  -20  237  -45  237  -45  34  0  0 L3P 50
G32 FF 61071 020600  780 705 1575    +1154354   -163         320    +12   15  39   86   +4  131  +26  131   26  10  0  0 L3P 1C
G01 FF 61071 022200  780 200 2228    -3381449    +98         344    +52   50 155  237  -73  250  -62  250  -62  34  0  0 L3P 5F
G02 FF 61071 022200  780 494 2323     -281378    -87         319     -5   21  82  107  -11  154   -9  154   -9  15  0  0 L3P 12
G10 FF 61071 022200  780 417 1100    +5859302    +28         329     +8   28  46  122   +9  191  +10  191   10  21  0  0 L3P 09
G28 FF 61071 022200  780 461  329    +6034312    -48         280    +11   30  31  113  -13  227  -36  227  -36  21  0  0 L3P 29
G31 FF 61071 022200  780 248   51    +1697036   -142         355   -121   56  57  194  -53  342  +10  342   10  39  0  0 L3P 40
G32 FF 61071 022200  780 630 1523    +1154196   -180         331     -5   21  39   91   +6  141   +9  141    9  14  0  0 L3P EC
G01 FF 61071 023800  780 263 2235    -3381396    +27         352    -19   23 155  183  -42  216  -15  216  -15  15  0  0 L3P 65
G02 FF 61071 023800  780 553 2406     -281464    -81         311     +1   26  82   99   -7  154   +4  154    4  23  0  0 L3P D9
G10 FF 61071 023800  780 378 1016    +5859307     +5         314    -15   40  46  132  +12  218  +35  218   35  27  0  0 L3P 2F
G28 FF 61071 023800  780 527  402    +6034269    -81         294    -22   24  31  102   -9  200   +3  200    3  20  0  0 L3P E4
G31 FF 61071 023800  780 319   70    +1696981    +72         321    +93   68  57  154  -32  311 -100  311 -100  48  0  0 L3P 51
G32 FF 61071 023800  780 559 1477    +1154015   -182         318     -7   21  39   98   +8  154  +20  154   20  15  0  0 L3P 28
G01 FF 61071 025400  780 326 2255    -3381369    +40         336     -5   28 155  151  -27  202  -14  202  -14  22  0  0 L3P 42
G02 FF 61071 025400  780 598 2531     -281531    -61         323    +21   20  82   94   -4  148  -13  148  -13  15  0  0 L3P 15
G10 FF 61071 025400  780 337  937    +5859329    +52         317    +32   29  46  146  +16  236   -4  236   -4  23  0  0 L3P 2C
G28 FF 61071 025400  780 585  504    +6034217    -53         298     +6   26  31   95   -6  178  -20  178  -20  20  0  0 L3P 18
G31 FF 61071 025400  780 393   92    +1696977    -40         338    -18   35  57  128  -21  252  -31  252  -31  27  0  0 L3P 42
G32 FF 61071 025400  780 491 1432    +1153844   -199         314    -24   25  39  107  +11  167  +35  167   35  17  0  0 L3P 5F
G01 FF 61071 031000  780 387 2289    -3381324    +42         338     -4   24 155  130  -18  184   -2  184   -2  17  0  0 L3P 2C
G02 FF 61071 031000  780 621 2696     -281609    -65         323    +17   22  82   92   -1  153   +3  153    3  16  0  0 L3P E1
G10 FF 61071 031000  780 295  863    +5859340    +15         308     -5   70  46  164  +23  272  +44  272   44  50  0  0 L3P 23
G28 FF 61071 031000  780 628  648    +6034160    -18         298    +41   22  31   91   -3  170  -30  170  -30  17  0  0 L3P 12
G31 FF 61071 031000  780 469  118    +1696954    +48         336    +69   27  57  111  -14  217  -83  217  -83  17  0  0 L3P 5B
G32 FF 61071 031000  780 427 1387    +1153669   -207         307    -32   28  39  120  +15  188  +49  188   49  21  0  0 L3P 69
G01 FF 61071 032600  780 444 2344    -3381283    +63         335    +17   25 155  116  -12  175  -14  175  -14  16  0  0 L3P 5F
G02 FF 61071 032600  780 613 2874     -281682    -82         329     +0   19  82   93   +2  158  +14  158   14  14  0  0 L3P 07
G03 FF 61071 032600  780 191 2334    -5835847    +93         357    -17   46   3  247  -65  274  -11  274  -11  31  0  0 L3P 53
G28 FF 61071 032600  780 647  828    +6034101    -26         296    +33   22  31   90   +0  169  -18  169  -18  16  0  0 L3P 28
G31 FF 61071 032600  780 545  154    +1696943    -15         345     +7   26  57  100  -10  190  -12  190  -12  19  0  0 L3P 2A
G32 FF 61071 032600  780 366 1341    +1153513   -133         319    +42   33  39  136  +19  204   +9  204    9  26  0  0 L3P 2A
G01 FF 61071 034200  780 494 2423    -3381250    +37         325     -9   33 155  107   -7  177   +2  177    2  24  0  0 L3P 0E
G02 FF 61071 034200  780 579 3028     -281769    -96         320    -14   25  82   96   +5  173  +23  173   23  16  0  0 L3P 20
G03 FF 61071 034200  780 244 2292    -5835736    +78         362    -32   39   3  197  -42  235   -2  235   -2  30  0  0 L3P 26
G28 FF 61071 034200  780 636 1011    +6034048    -61         300     -2   28  31   91   +2  166   -6  166   -6  20  0  0 L3P E6
G31 FF 61071 034200  780 621  210    +1696918    -22         341     -1   17  57   92   -7  176  -21  176  -21  12  0  0 L3P 05
G32 FF 61071 034200  780 309 1294    +1153338   -145         313    +30   25  39  157  +26  242  +21  242   21  22  0  0 L3P 41
G01 FF 61071 041000  780 545 2624    -3381178    +57         326    +11   20 156  100   -2  167   -2  167   -2  16  0  0 L3P 1C
G02 FF 61071 041000  780 478 3210     -281906    -56         318    +26   33  86  109  +12  215  +31  215   31  28  0  0 L3P 27
G03 FF 61071 041000  780 344 2225    -5835574   +119         343     +8   23   8  144  -23  209  -20  209  -20  17  0  0 L3P 37
G04 FF 61071 041000  780 228 2748     -413723    -26         316     -4   27 204  209  -40  301  -35  301  -35  21  0  0 L3P 2B
G28 FF 61071 041000  780 559 1233    +6033952    -76         301    -17   22  32   98   +7  176  +27  176   27  17  0  0 L3P 32
G31 FF 61071 041000  780 735  444    +1696869    -24         331     -3   16  58   85   -2  169   -2  169   -2  12  0  0 L3P F7
G01 FF 61071 042600  780 546 2761    -3381134    +55         326     +9   20 156  100   +1  176   +2  176    2  15  0  0 L3P 00
G03 FF 61071 042600  780 406 2192    -5835460    +98         351    -12   19   8  125  -17  189   -4  189   -4  14  0  0 L3P 32
G04 FF 61071 042600  780 273 2682     -413735     -3         325    +19   33 204  177  -27  260  -35  260  -35  24  0  0 L3P 42
G28 FF 61071 042600  780 498 1302    +6033900    +15         306    +75   30  32  106  +10  191  -31  191  -31  22  0  0 L3P 39
G31 FF 61071 042600  780 765  735    +1696858     +2         341    +24   19  58   84   +0  161  -10  161  -10  13  0  0 L3P 0B
G01 FF 61071 044200  780 525 2892    -3381088    +41         329     -4   24 156  102   +4  191  +22  191   22  19  0  0 L3P 2E
G02 FF 61071 044200  780 343 3329     -282059    +17         322    +99   36  86  144  +26  296  -31  296  -31  27  0  0 L3P 55
G03 FF 61071 044200  780 472 2164    -5835358   +133         347    +23   29   8  111  -13  187  -21  187  -21  21  0  0 L3P 53
G04 FF 61071 044200  780 317 2612     -413738     -8         343    +14   21 204  155  -20  236  -22  236  -22  15  0  0 L3P 2B
G26 FF 61071 044200  780 311  572    +3197651    +71         343    +12   64  67  157  -22  294  -40  294  -40  50  0  0 L3P 45
G28 FF 61071 044200  780 433 1341    +6033850    -86         313    -27   25  32  118  +15  212  +48  212   48  19  0  0 L3P 41
G31 FF 61071 044200  780 748 1049    +1696839     +1         343    +23   14  58   84   +2  166   -7  166   -7   9  0  0 L3P 00
G01 FF 61071 045800  780 487 3004    -3381046    +56         327    +11   22 156  108   +8  209  +11  209   11  17  0  0 L3P 3A
G02 FF 61071 045800  780 275 3371     -282137    -74         323     +8   53  86  175  +40  347  +64  347   64  33  0  0 L3P 39
G03 FF 61071 045800  780 542 2142    -5835258   +105         341     -5   16   8  100   -9  181   -4  181   -4  12  0  0 L3P 03
G04 FF 61071 045800  780 360 2539     -413760    -23         341     -1   22 204  138  -15  222  -12  222  -12  16  0  0 L3P 27
G26 FF 61071 045800  780 354  644    +3197695    +60         330     +0   33  67  140  -14  281  -16  281  -16  27  0  0 L3P 39
G28 FF 61071 045800  780 366 1361    +6033792    -43         312    +16   34  32  136  +22  237  +23  237   23  24  0  0 L3P 42
G31 FF 61071 045800  780 696 1237    +1696829    -15         353     +7   18  58   87   +4  163   +4  163    4  13  0  0 L3P 0A
G01 FF 61071 051400  780 436 3095    -3380993    +37         337     -9   30 156  118  +12  228  +30  228   30  23  0  0 L3P 46
G03 FF 61071 051400  780 615 2131    -5835140   +107         353     -3   18   8   93   -7  164   -2  164   -2  12  0  0 L3P ED
G04 FF 61071 051400  780 402 2461     -413783    -13         340     +8   19 204  126  -11  211  -23  211  -23  14  0  0 L3P 1C
G26 FF 61071 051400  780 390  726    +3197769    +47         347    -13   36  67  129   -9  252   -7  252   -7  29  0  0 L3P 34
G28 FF 61071 051400  780 300 1366    +6033751    -15         327    +44   20  32  162  +33  261   -7  261   -7  15  0  0 L3P 1E
G31 FF 61071 051400  780 631 1326    +1696815    -20         360     +2   20  58   91   +6  166   +8  166    8  16  0  0 L3P EE
G01 FF 61071 053000  780 379 3167    -3380953    +40         333     -6   31 156  132  +18  260  +43  260   43  23  0  0 L3P 3C
G03 FF 61071 053000  780 691 2138    -5835045   +103         342     -7   15   8   87   -5  161   +3  161    3  11  0  0 L3P E2
G04 FF 61071 053000  780 443 2378     -413806     +7         337    +29   21 204  116   -9  197  -31  197  -31  15  0  0 L3P 34
G26 FF 61071 053000  780 416  818    +3197810    +49         331    -10   34  67  122   -5  242   -7  242   -7  26  0  0 L3P 0C
G28 FF 61071 053000  780 236 1360    +6033667    -41         300    +18   23  32  202  +52  321  +40  321   40  19  0  0 L3P 23
G31 FF 61071 053000  780 562 1365    +1696780    -12         346     +9   25  58   98   +8  183  +15  183   15  20  0  0 L3P 22
G01 FF 61071 054600  780 318 3226    -3380913    +47         329     +1   28 156  154  +27  304  +38  304   38  20  0  0 L3P 46
G03 FF 61071 054600  780 768 2193    -5834935   +114         347     +3   17   8   84   -3  156   -5  156   -5  13  0  0 L3P 11
G04 FF 61071 054600  780 484 2290     -413832     -5         331    +17   21 204  109   -7  196  -21  196  -21  15  0  0 L3P 2B
G09 FF 61071 054600  780 211 2495    -7703539     -7         362    -10   55  84  225  -47  284  -16  284  -16  41  0  0 L3P 5C
G26 FF 61071 054600  780 429  916    +3197874    +94         339    +35   25  67  119   -1  232  -21  232  -21  19  0  0 L3P 47
G28 FF 61071 054600  780 174 1346    +6033654    -64         344     -5   28  32  269  +92  348  +58  348   58  22  0  0 L3P 5A
G31 FF 61071 054600  780 493 1378    +1696763    +10         349    +32   22  58  107  +11  202   +1  202    1  17  0  0 L3P 16
G03 FF 61071 060200  780 837 2461    -5834838   +100         343    -10   15  50   82   -1  155  +10  155   10  11  0  0 L3P 1A
G04 FF 61071 060200  780 523 2194     -413844    -13         343     +8   15 205  103   -6  184   +8  184    8  12  0  0 L3P F5
G09 FF 61071 060200  780 257 2439    -7703559     -2         338     -4   36  89  187  -33  267  -16  267  -16  29  0  0 L3P 5E
G16 FF 61071 060200  780 401  555    -1985925    -99         342    -24   29  86  126  -14  261   -2  261   -2  23  0  0 L3P 2B
G26 FF 61071 060200  780 427 1016    +3197930    +67         335     +8   31  68  120   +2  232   +3  232    3  22  0  0 L3P EB
G31 FF 61071 060200  780 426 1375    +1696738    -32         343    -10   27  59  120  +16  224  +37  224   37  20  0  0 L3P 42
G03 FF 61071 061800  780 833 3261    -5834724   +101         351     -9   21  50   82   +1  155  +13  155   13  14  0  0 L3P 12
G04 FF 61071 061800  780 562 2087     -413853    -11         355    +10   23 205   98   -4  183  -15  183  -15  17  0  0 L3P 32
G09 FF 61071 061800  780 304 2382    -7703532    +30         363    +27   46  89  160  -24  232  -34  232  -34  32  0  0 L3P 54
G16 FF 61071 061800  780 447  639    -1985983    -96         356    -21   31  86  116   -9  230   -6  230   -6  23  0  0 L3P 2E
G26 FF 61071 061800  780 409 1108    +3198002    +67         350     +8   34  68  124   +6  226   -1  226   -1  25  0  0 L3P 07
G31 FF 61071 061800  780 361 1362    +1696715    -69         341    -47   39  59  138  +22  255  +65  255   65  28  0  0 L3P 6B
G03 FF 61071 063400  780 760 3511    -5834616   +111         353     +1   14  50   84   +3  159   +1  159    1  10  0  0 L3P EA
G04 FF 61071 063400  780 598 1967     -413870    -25         359     -4   15 205   94   -3  171  -15  171  -15  11  0  0 L3P 2C
G06 FF 61071 063400  780 142 2361    +6071952    +19         349    -10   40  72  326  -19  311   +0  311    0  28  0  0 L3P 10
G09 FF 61071 063400  780 353 2325    -7703533    -32         359    -34   30  89  140  -18  222  +10  222   10  23  0  0 L3P 3A
G16 FF 61071 063400  780 483  738    -1986052    -53         359    +22   28  86  109   -5  210  -34  210  -34  20  0  0 L3P 3A
G26 FF 61071 063400  780 379 1188    +3198058    +86         349    +27   39  68  132  +11  235  -16  235  -16  28  0  0 L3P 77
G31 FF 61071 063400  780 298 1340    +1696704    -23         351     -2   36  59  163  +31  279  +31  279   31  25  0  0 L3P 40
G03 FF 61071 065000  780 676 3572    -5834519    +92         345    -19   26  50   88   +5  169  +17  169   17  19  0  0 L3P 4D
G04 FF 61071 065000  780 630 1828     -413909    -48         340    -26   18 205   91   -2  170   +0  170    0  13  0  0 L3P EF
G06 FF 61071 065000  780 145 2432    +6072000    +78         369    +49   47  72  320   +4  297  -25  297  -25  34  0  0 L3P 4F
G09 FF 61071 065000  780 405 2267    -7703542     +3         348     +1   31  89  125  -14  211  -17  211  -17  22  0  0 L3P 25
G16 FF 61071 065000  780 504  852    -1986131    -95         352    -20   28  86  105   -2  204   -7  204   -7  22  0  0 L3P 0D
G26 FF 61071 065000  780 338 1253    +3198110    +87         344    +28   48  68  146  +18  251   -4  251   -4  37  0  0 L3P 3D
G31 FF 61071 065000  780 239 1313    +1696710    +43         378    +65   36  59  199  +46  293   -2  293   -2  28  0  0 L3P 4B
G03 FF 61071 070600  780 592 3595    -5834414    +99         344    -12   19  50   95   +9  179  +24  179   24  15  0  0 L3P 48
G04 FF 61071 070600  780 654 1666     -413939    -10         331    +12   16 205   89   -1  165  -19  165  -19  12  0  0 L3P 36
G06 FF 61071 070600  780 138 2504    +6072019    +24         361     -5   38  72  335  +28  316  +21  316   21  28  0  0 L3P 2E
G07 FF 61071 070600  780 257 2884    +1426351    +43         335     -7   37  71  187  -37  286  -26  286  -26  31  0  0 L3P 61
G09 FF 61071 070600  780 460 2208    -7703537     -9         351    -12   20  89  113  -11  188  -11  188  -11  15  0  0 L3P 45
G16 FF 61071 070600  780 507  971    -1986203    -70         352     +5   35  86  105   +1  194  -11  194  -11  28  0  0 L3P 25
G26 FF 61071 070600  780 289 1303    +3198159    +27         337    -33   36  68  167  +28  278  +42  278   42  28  0  0 L3P 6F
G31 FF 61071 070600  780 183 1282    +1696664    +10         353    +32   44  59  256  +75  352   +9  352    9  34  0  0 L3P 34
G03 FF 61071 072200  780 508    5    -5834319    +90         333    -20   28  50  105  +13  199  +34  199   34  21  0  0 L3P 10
G04 FF 61071 072200  780 668 1481     -413981    -11         310    +11   18 205   88   +0  168  -22  168  -22  13  0  0 L3P 27
G07 FF 61071 072200  780 308 2819    +1426410    +15         346    -35   40  71  158  -25  238  -12  238  -12  26  0  0 L3P 51
G09 FF 61071 072200  780 517 2147    -7703551     +7         335     +5   13  89  104   -9  178  -26  178  -26  11  0  0 L3P 31
G16 FF 61071 072200  780 492 1083    -1986285   -102         342    -27   31  86  107   +4  193  +10  193   10  23  0  0 L3P 45
G26 FF 61071 072200  780 236 1338    +3198206    +62         327     +3   37  68  202  +46  308  +33  308   33  28  0  0 L3P 3A
G03 FF 61071 073800  780 426   10    -5834222   +104         324     -6   40  50  120  +19  229  +29  229   29  31  0  0 L3P 15
G04 FF 61071 073800  780 667 1285     -414001     -1         310    +21   17 205   88   +1  166   -9  166   -9  13  0  0 L3P F5
G07 FF 61071 073800  780 358 2748    +1426446    +31         334    -19   43  71  139  -17  218   -4  218   -4  34  0  0 L3P 44
G09 FF 61071 073800  780 576 2080    -7703548     -5         336     -7   21  89   96   -7  163   +0  163    0  16  0  0 L3P F5
G16 FF 61071 073800  780 461 1179    -1986371    -83         328     -8   39  86  113   +7  206  +15  206   15  30  0  0 L3P 3B
G26 FF 61071 073800  780 179 1362    +3198276    +53         340     -6   49  68  261  +82  337  +41  337   41  37  0  0 L3P 55
G04 FF 61071 075400  780 649 1099     -414018    -28         314     -6   18 205   90   +2  170  +11  170   11  14  0  0 L3P 05
G07 FF 61071 075400  780 407 2669    +1426493    +18         333    -33   37  71  125  -12  199   +2  199    2  26  0  0 L3P 38
G09 FF 61071 075400  780 638 2002    -7703551     +5         331     +2   14  89   91   -5  160  -10  160  -10  11  0  0 L3P F9
G16 FF 61071 075400  780 417 1253    -1986433    -83         337     -8   27  86  122  +12  208  +15  208   15  19  0  0 L3P 46
G04 FF 61071 081000  780 617  937     -414060     -8         296    +14   20 206   92   +3  180   -4  180   -4  14  0  0 L3P DC
G07 FF 61071 081000  780 453 2581    +1426541    +83         330    +33   31  77  114   -9  186  -23  186  -23  26  0  0 L3P 43
G09 FF 61071 081000  780 701 1900    -7703554     +5         328     +2   17  98   86   -4  156   -5  156   -5  12  0  0 L3P F1
G16 FF 61071 081000  780 365 1307    -1986506     -5         337    +70   26  88  136  +18  217  -33  217  -33  20  0  0 L3P 4C
G03 FF 61071 082600  780 196   30    -5833866    +20         365    -90   64  51  241  +86  352 +126  352  126  52  0  0 L3P 53
G04 FF 61071 082600  780 574  803     -414066    -34         311    -12   25 206   96   +5  181  +22  181   22  18  0  0 L3P 08
G07 FF 61071 082600  780 496 2482    +1426598    +53         339     +3   16  77  107   -7  176  -17  176  -17  13  0  0 L3P 53
G09 FF 61071 082600  780 762 1735    -7703543     +1         337     -2   16  98   84   -2  145   -7  145   -7  12  0  0 L3P FC
G16 FF 61071 082600  780 308 1344    -1986572    -69         343     +6   26  88  158  +28  238  +23  238   23  20  0  0 L3P 54
G30 FF 61071 082600  780 228 2687    -1055432   -164         336    -38   56  80  209  -41  259   -1  259   -1  40  0  0 L3P 53
G04 FF 61071 084200  780 522  696     -414076     +1         322    +23   25 206  103   +8  195   +9  195    9  18  0  0 L3P F0
G07 FF 61071 084200  780 535 2372    +1426646    +29         339    -21   21  77  101   -5  172   +5  172    5  16  0  0 L3P 12
G08 FF 61071 084200  780 294  647    -4977750    +24         326    -24   53  94  165  -22  291  -13  291  -13  44  0  0 L3P 5D
G09 FF 61071 084200  780 807 1405    -7703539     -3         338     -5   14  98   82   -1  144   +2  144    2  11  0  0 L3P E0
G16 FF 61071 084200  780 249 1366    -1986634    -83         353     -8   43  88  192  +44  265  +45  265   45  33  0  0 L3P 61
G21 FF 61071 084200  780 150 2227    -3905550    -57         368     +9   33 183  311  -93  292  -15  292  -15  25  0  0 L3P 61
G27 FF 61071 084200  780 248  996     +303420    +70         355    -16   39  59  193   -9  275   +0  275    0  32  0  0 L3P 00
G30 FF 61071 084200  780 274 2625    -1055557    -54         331    +71   37  80  176  -28  242  -70  242  -70  27  0  0 L3P 5E
G04 FF 61071 085800  780 465  609     -414095     -3         324    +19   42 206  112  +11  214  +10  214   10  31  0  0 L3P 07
G07 FF 61071 085800  780 569 2249    +1426689    +27         334    -23   18  77   97   -4  164   +6  164    6  13  0  0 L3P 29
G08 FF 61071 085800  780 333  720    -4977698    +87         333    +39   68  94  148  -14  253  -52  253  -52  51  0  0 L3P 74
G09 FF 61071 085800  780 804  900    -7703528     -6         347     -8   22  98   82   +1  139   +7  139    7  15  0  0 L3P EA
G16 FF 61071 085800  780 189 1376    -1986683    -25         376    +50   60  88  249  +78  278   +5  278    5  53  0  0 L3P 67
G21 FF 61071 085800  780 192 2277    -3905616    +19         365    +85   41 183  246  -48  271  -87  271  -87  32  0  0 L3P 93
G30 FF 61071 085800  780 320 2560    -1055685   -206         323    -81   48  80  153  -20  225  +35  225   35  36  0  0 L3P 5A
G04 FF 61071 091400  780 405  539     -414116     -3         323    +19   40 206  125  +16  231   -5  231   -5  30  0  0 L3P F0
G07 FF 61071 091400  780 598 2110    +1426735    +36         332    -14   20  77   94   -2  153  -10  153  -10  15  0  0 L3P 24
G08 FF 61071 091400  780 364  803    -4977651    +18         333    -30   46  94  137   -9  227   -2  227   -2  33  0  0 L3P 21
G09 FF 61071 091400  780 752  590    -7703535    +10         338     +8   20  98   84   +3  144   -8  144   -8  14  0  0 L3P F9
G21 FF 61071 091400  780 226 2337    -3905680     -4         365    +61   30 183  211  -27  245  -72  245  -72  24  0  0 L3P 58
G30 FF 61071 091400  780 366 2491    -1055791   -148         338    -23   32  80  136  -15  190  -21  190  -21  23  0  0 L3P 66
G07 FF 61071 093000  780 618 1957    +1426780    +57         329     +7   19  77   92   -1  148   -4  148   -4  14  0  0 L3P 18
G08 FF 61071 093000  780 384  892    -4977610    +97         330    +49   53  94  131   -4  212  -47  212  -47  39  0  0 L3P 4F
G09 FF 61071 093000  780 683  443    -7703533    +12         337     +9   35  98   87   +5  147   +2  147    2  24  0  0 L3P EE
G21 FF 61071 093000  780 250 2407    -3905746    -48         361    +18   28 183  192  -14  226  -22  226  -22  21  0  0 L3P 66
G30 FF 61071 093000  780 412 2419    -1055919   -176         329    -51   40  80  123  -12  175  +26  175   26  28  0  0 L3P 5E
G07 FF 61071 094600  780 630 1791    +1426829    +25         330    -25   26  77   91   -1  140  +10  140   10  17  0  0 L3P 19
G08 FF 61071 094600  780 391  986    -4977563    +45         330     -2   35  94  129   +0  196  -12  196  -12  25  0  0 L3P 41
G09 FF 61071 094600  780 608  359    -7703544    -16         324    -18   25  98   93   +7  163  +22  163   22  18  0  0 L3P 2F
G14 FF 61071 094600  780 338 3097    -7320244    -38         328    -16   67 174  146  -25  233  -10  233  -10  50  0  0 L3P 6E
G21 FF 61071 094600  780 262 2483    -3905813    -90         358    -24   35 183  183   -5  214   +4  214    4  27  0  0 L3P 30
G27 FF 61071 094600  780 209 1281     +303761   +116         364    +29   46  59  225  +31  254  -12  254  -12  34  0  0 L3P 55
G30 FF 61071 094600  780 458 2342    -1056045   -144         324    -19   23  80  113   -9  161   -1  161   -1  18  0  0 L3P 27
G05 FF 61071 100200  780 124 2295    +2282113    +16         359    +10   45  80  370  -52  254  -20  254  -20  32  0  0 L3P 36
G07 FF 61071 100200  780 630 1621    +1426891     +8         340    -42   24  78   91   +0  129  +24  129   24  17  0  0 L3P 05
G08 FF 61071 100200  780 384 1077    -4977521    +44         331     -4   51  95  131   +4  185   -8  185   -8  40  0  0 L3P 16
G09 FF 61071 100200  780 532  304    -7703540    +39         325    +37   26 162  101  +10  176   -7  176   -7  19  0  0 L3P 27
G14 FF 61071 100200  780 401 3040    -7320258    -35         338    -13   38 175  126  -17  195  -16  195  -16  27  0  0 L3P 65
G21 FF 61071 100200  780 263 2563    -3905872     +3         358    +69   36 184  182   +3  209  -47  209  -47  27  0  0 L3P 56
G27 FF 61071 100200  780 175 1336     +303855   +111         373    +25   38  60  267  +57  257  +10  257   10  28  0  0 L3P 40
G30 FF 61071 100200  780 505 2259    -1056158   -119         354     +6   21   0  105   -7  144  -18  144  -18  15  0  0 L3P 1F
G05 FF 61071 101800  780 137 2360    +2282137    +35         378    +29   51  80  337  -19  237  -28  237  -28  38  0  0 L3P 67
G07 FF 61071 101800  780 620 1454    +1426926    +47         328     -3   33  78   92   +1  131  -15  131  -15  23  0  0 L3P 14
G08 FF 61071 101800  780 363 1161    -4977469    -12         337    -60   40  95  137   +9  182  +44  182   44  27  0  0 L3P 4D
G09 FF 61071 101800  780 455  264    -7703546     +7         316     +4   36 162  114  +15  202  +13  202   13  25  0  0 L3P 10
G14 FF 61071 101800  780 463 2972    -7320266     -8         351    +14   26 175  112  -12  164  -44  164  -44  21  0  0 L3P 51
G21 FF 61071 101800  780 253 2643    -3905936     +0         357    +66   40 184  189  +11  209  -48  209  -48  33  0  0 L3P 65
G30 FF 61071 101800  780 551 2167    -1056282   -159         351    -34   20   0   99   -6  135   +5  135    5  15  0  0 L3P FA
G05 FF 61071 103400  780 140 2429    +2282135    +28         370    +22   54  80  330   +5  238  -24  238  -24  39  0  0 L3P 36
G07 FF 61071 103400  780 600 1300    +1426975    +33         329    -17   31  78   94   +2  128  +23  128   23  25  0  0 L3P 19
G08 FF 61071 103400  780 330 1234    -4977413   +101         346    +53   30  95  149  +16  183  -25  183  -25  25  0  0 L3P 65
G09 FF 61071 103400  780 380  235    -7703536    -12         323    -14   42 162  132  +23  208  +23  208   23  33  0  0 L3P 30
G14 FF 61071 103400  780 522 2887    -7320299    -26         338     -5   35 175  103   -8  150  -13  150  -13  26  0  0 L3P 45
G21 FF 61071 103400  780 232 2721    -3905991    -77         366    -11   50 184  205  +22  214  +31  214   31  38  0  0 L3P 4C
G22 FF 61071 103400  780 340 3006     +524004    -58         356    -11   39  30  145  -22  198  -40  198  -40  27  0  0 L3P 36
G30 FF 61071 103400  780 597 2062    -1056408   -119         344     +6   19   0   94   -4  124  -15  124  -15  13  0  0 L3P 13
G05 FF 61071 105000  780 133 2499    +2282130     -4         360    -10   66  80  346  +29  250   +4  250    4  45  0  0 L3P 00
G07 FF 61071 105000  780 571 1161    +1427022    +33         328    -17   34  78   97   +4  133  +18  133   18  25  0  0 L3P 1A
G08 FF 61071 105000  780 287 1292    -4977364     -4         350    -51   40  95  168  +25  193  +46  193   46  30  0  0 L3P 4D
G09 FF 61071 105000  780 305  214    -7703540     -1         317     -4   76 162  159  +36  238  +41  238   41  53  0  0 L3P 1F
G13 FF 61071 105000  780 172 2209    -6880927    -83         361    -94   38  57  273  -96  218  +33  218   33  29  0  0 L3P 69
G14 FF 61071 105000  780 575 2782    -7320329    -40         330    -18   23 175   96   -6  143   +3  143    3  17  0  0 L3P 10
G21 FF 61071 105000  780 203 2793    -3906066    -49         354    +17   42 184  232  +36  243   -6  243   -6  32  0  0 L3P 42
G22 FF 61071 105000  780 396 2940     +523942    -12         338    +35   37  30  128  -15  175  -56  175  -56  28  0  0 L3P 4F
G30 FF 61071 105000  780 640 1936    -1056537   -123         336     +2   19   0   90   -3  123  -10  123  -10  13  0  0 L3P F9
G07 FF 61071 110600  780 535 1039    +1427073    +66         331    +16   30  78  101   +5  143   -8  143   -8  21  0  0 L3P 0D
G08 FF 61071 110600  780 238 1337    -4977318    +53         350     +5   47  95  200  +42  206  +12  206   12  38  0  0 L3P 32
G13 FF 61071 110600  780 233 2217    -6880916     +9         361     -2   36  57  205  -52  186  -28  186  -28  28  0  0 L3P 46
G14 FF 61071 110600  780 621 2651    -7320346    -21         333     +1   16 175   92   -4  131  -10  131  -10  12  0  0 L3P 08
G22 FF 61071 110600  780 449 2864     +523899    -57         340    -11   28  30  115  -11  150   -9  150   -9  21  0  0 L3P 1D
G30 FF 61071 110600  780 678 1779    -1056658   -149         334    -24   25   0   88   -2  118   +8  118    8  16  0  0 L3P 18
G07 FF 61071 112200  780 493  933    +1427119    +19         328    -31   30  78  107   +7  150  +30  150   30  21  0  0 L3P 0F
G08 FF 61071 112200  780 184 1369    -4977290    -10         332    -58   70  95  255  +75  246  +56  246   56  52  0  0 L3P 69
G13 FF 61071 112200  780 294 2237    -6880919     +7         347     -5   27  57  165  -32  167  -30  167  -30  19  0  0 L3P 48
G14 FF 61071 112200  780 656 2488    -7320373    -21         326     +1   19 175   89   -2  122   -7  122   -7  15  0  0 L3P 0E
G17 FF 61071 112200  780 333 3553     +489761   +256         327   +144   79  84  148  -30  219 -138  219 -138  56  0  0 L3P AB
G22 FF 61071 112200  780 499 2774     +523852    -51         338     -4   24  30  106   -8  141   +0  141    0  20  0  0 L3P D8
G30 FF 61071 112200  780 706 1580    -1056781   -162         331    -37   22   0   86   -1  112  +15  112   15  16  0  0 L3P 07
G07 FF 61071 113800  780 447  841    +1427172    +59         334     +9   32  78  115  +10  165  +12  165   12  22  0  0 L3P 1E
G13 FF 61071 113800  780 354 2270    -6880919     +3         336     -8   29  57  140  -21  151   -8  151   -8  21  0  0 L3P 14
G14 FF 61071 113800  780 677 2297    -7320385    -17         336     +5   18 175   88   -1  117   -2  117   -2  12  0  0 L3P 1B
G22 FF 61071 113800  780 545 2669     +523804    -41         335     +6   21  30  100   -5  140  -24  140  -24  15  0  0 L3P 04
G30 FF 61071 113800  780 715 1345    -1056903   -102         330    +23   21   0   86   +0  114   -6  114   -6  15  0  0 L3P E9
G07 FF 61071 115400  780 398  760    +1427205    -24         318    -74   35  78  127  +14  193  +73  193   73  26  0  0 L3P 4C
G13 FF 61071 115400  780 409 2322    -6880898     -6         346    -17   31  57  124  -14  134   +2  134    2  23  0  0 L3P 13
G14 FF 61071 115400  780 680 2093    -7320411     -8         331    +14   19 175   88   +0  120  -12  120  -12  15  0  0 L3P 15
G22 FF 61071 115400  780 583 2545     +523767    -55         343     -8   21  30   96   -4  127  -12  127  -12  16  0  0 L3P 0F
G30 FF 61071 115400  780 702 1109    -1057027   -124         325     +1   15   0   86   +1  124   +5  124    5  11  0  0 L3P C4
G07 FF 61071 121000  780 346  689    +1427269   +113         332    +63   44  86  142  +19  198  -24  198  -24  33  0  0 L3P 67
G13 FF 61071 121000  780 457 2395    -6880903    -22         333    -33   25  70  114   -9  139  +15  139   15  16  0  0 L3P 39
G14 FF 61071 121000  780 667 1899    -7320430    -25         330     -3   18 176   88   +1  124   -4  124   -4  12  0  0 L3P 07
G15 FF 61071 121000  780 183 2279    -3816461     -4         356    +31   35 119  257  -51  189  -59  189  -59  29  0  0 L3P 7B
G17 FF 61071 121000  780 568 3563     +490067   +101         313    -10   27  86   97   -9  175   +1  175    1  19  0  0 L3P 05
G22 FF 61071 121000  780 613 2401     +523725    -42         340     +5   20  67   93   -2  118   -5  118   -5  14  0  0 L3P CD
G30 FF 61071 121000  780 669  913    -1057155   -114         316    +11   23   5   88   +3  131  -15  131  -15  16  0  0 L3P 07
G07 FF 61071 122600  780 293  627    +1427311   +117         326    +67   52  86  165  +28  224  -14  224  -14  40  0  0 L3P 52
G13 FF 61071 122600  780 493 2492    -6880904    -13         321    -24   14  70  107   -5  140  +21  140   21  12  0  0 L3P 1E
G14 FF 61071 122600  780 642 1731    -7320452    -24         329     -3   18 176   90   +2  122  +12  122   12  14  0  0 L3P 0A
G15 FF 61071 122600  780 216 2335    -3816513    -45         337     -9   35 119  219  -29  191   +6  191    6  28  0  0 L3P 36
G17 FF 61071 122600  780 650 3574     +490174   +117         314     +5   16  86   90   -6  161  -16  161  -16  12  0  0 L3P 1D
G22 FF 61071 122600  780 633 2240     +523678    -52         338     -5   18  67   91   -1  124   +1  124    1  12  0  0 L3P CD
G30 FF 61071 122600  780 622  764    -1057277   -115         314    +10   23   5   92   +5  132   -2  132   -2  17  0  0 L3P E2
G13 FF 61071 124200  780 512 2608    -6880884    +23         330    +12   14  70  104   -1  140   -1  140   -1  12  0  0 L3P F8
G14 FF 61071 124200  780 609 1588    -7320472    -33         330    -11   22 176   93   +3  125   +2  125    2  15  0  0 L3P 02
G15 FF 61071 124200  780 240 2399    -3816536    -67         349    -31   33 119  199  -16  191  +38  191   38  25  0  0 L3P 7A
G17 FF 61071 124200  780 733    8     +490291   +109         323     -2   12  86   85   -4  151   -6  151   -6   8  0  0 L3P B1
G22 FF 61071 124200  780 641 2067     +523645    -18         350    +29   17  67   90   +0  113  -26  113  -26  13  0  0 L3P 10
G30 FF 61071 124200  780 566  652    -1057385   -103         326    +22   25   5   97   +7  141   -1  141   -1  18  0  0 L3P EE
G13 FF 61071 125800  780 511 2734    -6880870    +24         333    +12   26  70  104   +2  141   +3  141    3  19  0  0 L3P FD
G14 FF 61071 125800  780 572 1467    -7320485     +7         337    +29   22 176   97   +4  113  -23  113  -23  16  0  0 L3P 3A
G15 FF 61071 125800  780 255 2471    -3816575    -12         343    +23   38 119  188   -6  200  -20  200  -20  32  0  0 L3P 4B
G17 FF 61071 125800  780 812  134     +490409   +155         334    +44   16  86   82   -2  127  -39  127  -39  14  0  0 L3P 2C
G19 FF 61071 125800  780 591 3382    -6880530    -35         332    -18   22  94   95   -9  151   +9  151    9  16  0  0 L3P 1E
G22 FF 61071 125800  780 637 1894     +523597    -67         347    -20   16  67   91   +1  110  +12  110   12  12  0  0 L3P 0D
G30 FF 61071 125800  780 505  567    -1057502   -126         329     -1   26   5  105  +10  151  +14  151   14  20  0  0 L3P 06
G13 FF 61071 131400  780 490 2856    -6880858    -15         334    -26   41  70  108   +5  146  +23  146   23  31  0  0 L3P 3D
G14 FF 61071 131400  780 533 1361    -7320508     -2         335    +20   35 176  101   +5  112  -21  112  -21  26  0  0 L3P 19
G15 FF 61071 131400  780 258 2547    -3816613    -34         339     +1   55 119  186   +1  209  +16  209   16  45  0  0 L3P 40
G17 FF 61071 131400  780 856  827     +490524   +109         342     -3   22  86   82   +0  110  -21  110  -21  16  0  0 L3P F8
G19 FF 61071 131400  780 674 3344    -6880535     -4         343    +13   29  94   88   -6  129  -31  129  -31  19  0  0 L3P 3B
G22 FF 61071 131400  780 623 1730     +523554    -53         348     -6   18  67   92   +2  104   -7  104   -7  13  0  0 L3P E1
G30 FF 61071 131400  780 441  500    -1057621    -87         330    +38   49   5  116  +14  166   -8  166   -8  36  0  0 L3P 0C
G13 FF 61071 133000  780 453 2962    -6880851    +36         330    +25   51  70  114   +9  159   +4  159    4  34  0  0 L3P 16
G14 FF 61071 133000  780 492 1267    -7320523    +10         341    +32   34 176  107   +7  113  -19  113  -19  27  0  0 L3P 42
G15 FF 61071 133000  780 250 2624    -3816638    -57         347    -22   76 119  191   +9  202  +30  202   30  55  0  0 L3P 44
G17 FF 61071 133000  780 799 1345     +490627   +106         338     -6   26  86   83   +2  102   -3  102   -3  20  0  0 L3P F5
G19 FF 61071 133000  780 757 3277    -6880545    -11         350     +6   23  94   84   -3  102  -19  102  -19  16  0  0 L3P 29
G22 FF 61071 133000  780 600 1582     +523508    -32         348    +14   20  67   94   +3   98  -12   98  -12  15  0  0 L3P F6
G24 FF 61071 133000  780 162 2243    +1408891   -202         358    -48   65  72  290 -103  193  +16  193   16  50  0  0 L3P 6D
G13 FF 61071 134600  780 404 3050    -6880840    -16         330    -27   39  70  125  +14  176  +33  176   33  28  0  0 L3P 49
G14 FF 61071 134600  780 450 1181    -7320562     +8         323    +30   42 176  115   +9  127  -14  127  -14  29  0  0 L3P 38
G15 FF 61071 134600  780 233 2699    -3816677    -90         342    -54   85 119  204  +19  211  +50  211   50  60  0  0 L3P 64
G17 FF 61071 134600  780 721 1430     +490732    +99         337    -13   29  86   85   +4   95   -4   95   -4  19  0  0 L3P F4
G19 FF 61071 134600  780 836 3090    -6880557     -8         354     +9   21  94   82   -1   86  -19   86  -19  15  0  0 L3P 16
G22 FF 61071 134600  780 570 1449     +523465    -57         348    -11   30  67   97   +4   94   -2   94   -2  21  0  0 L3P E5
G24 FF 61071 134600  780 220 2245    +1408763   -253         378    -98   48  72  216  -57  157  +33  157   33  33  0  0 L3P 72
G06 FF 61071 140200  780 343  259    +6072676     +6         317    -22   48  87  144  -27  183  -32  183  -32  38  0  0 L3P 42
G13 FF 61071 140200  780 348 3123    -6880828     -9         330    -20   49  72  142  +21  196  +70  196   70  38  0  0 L3P 42
G14 FF 61071 140200  780 408 1101    -7320577    -53         331    -32   42 177  124  +11  130  +23  130   23  32  0  0 L3P 30
G15 FF 61071 140200  780 207 2772    -3816702     +3         349    +38   80 120  228  +31  224   -5  224   -5  60  0  0 L3P 24
G17 FF 61071 140200  780 643 1444     +490829   +143         328    +31   25  87   90   +6   99  -15   99  -15  17  0  0 L3P 25
G19 FF 61071 140200  780 860 2064    -6880568    -16         357     +1   29  95   82   +0   74   +1   74    1  20  0  0 L3P D3
G22 FF 61071 140200  780 536 1330     +523414    -24         343    +23   28  96  101   +5  102   -9  102   -9  21  0  0 L3P EB
G24 FF 61071 140200  780 279 2257    +1408603   -202         371    -48   55  73  174  -35  140   -3  140   -3  37  0  0 L3P 3E
G06 FF 61071 141800  780 413  305    +6072698    -38         311    -66   36  87  123  -18  151  +41  151   41  26  0  0 L3P 3A
G12 FF 61071 141800  780 136 2512    +6071317    -27         352    -30   67   7  341 -109  195   -7  195   -7  48  0  0 L3P 3E
G14 FF 61071 141800  780 366 1026    -7320594    -70         335    -48   48 177  136  +14  132  +53  132   53  34  0  0 L3P 61
G17 FF 61071 141800  780 567 1434     +490942   +115         334     +4   24  87   97   +9   97   +3   97    3  17  0  0 L3P E8
G19 FF 61071 141800  780 791 1693    -6880588    -21         354     -4   18  95   83   +2   72   -1   72   -1  12  0  0 L3P F1
G22 FF 61071 141800  780 499 1223     +523364    -38         337     +8   38  96  106   +6  108   -3  108   -3  26  0  0 L3P 06
G24 FF 61071 141800  780 337 2281    +1408430   -166         346    -11   37  73  146  -23  125   -3  125   -3  28  0  0 L3P 3E
G06 FF 61071 143400  780 482  363    +6072729    +11         315    -17   29  87  109  -12  138   +0  138    0  24  0  0 L3P 10
G12 FF 61071 143400  780 181 2461    +6071314    +27         346    +24   83   7  260  -65  181  -84  181  -84  59  0  0 L3P 4F
G14 FF 61071 143400  780 322  955    -7320609     -8         341    +14   52 177  152  +19  136   -8  136   -8  40  0  0 L3P 25
G17 FF 61071 143400  780 495 1413     +491047   +104         332     -7   31  87  107  +12  100  +10  100   10  23  0  0 L3P 0C
G19 FF 61071 143400  780 716 1594    -6880606    -23         352     -6   25  95   86   +4   72   -3   72   -3  18  0  0 L3P F2
G22 FF 61071 143400  780 458 1126     +523313    -54         330     -7   42  96  113   +8  118   +5  118    5  32  0  0 L3P E2
G24 FF 61071 143400  780 393 2321    +1408274   -133         338    +22   40  73  128  -15  115  -39  115  -39  31  0  0 L3P 5F
G06 FF 61071 145000  780 547  444    +6072760    +66         319    +38   24  87  100   -8  119  -54  119  -54  19  0  0 L3P 44
G12 FF 61071 145000  780 227 2410    +6071320    +57         348    +54   71   7  210  -43  135  -62  135  -62  51  0  0 L3P 2F
G17 FF 61071 145000  780 425 1385     +491154    +36         332    -76   38  87  120  +16  100  +59  100   59  28  0  0 L3P 39
G19 FF 61071 145000  780 644 1533    -6880638    -52         337    -35   25  95   90   +6   77  +11   77   11  17  0  0 L3P 1A
G22 FF 61071 145000  780 416 1037     +523269    -51         331     -4   33  96  122  +11  112   +7  112    7  22  0  0 L3P E1
G24 FF 61071 145000  780 444 2380    +1408113   -169         327    -14   26  73  116  -10  107  -11  107  -11  21  0  0 L3P 4A
G06 FF 61071 150600  780 603  560    +6072793    +30         324     +1   24  87   94   -5  101   -6  101   -6  18  0  0 L3P DD
G11 FF 61071 150600  780 325 3590    +4550104   -239         331   -107   78  18  151  -32  157  +72  157   72  66  0  0 L3P 72
G12 FF 61071 150600  780 276 2360    +6071297     -7         322    -11   40   7  175  -30  131  -11  131  -11  32  0  0 L3P 13
G17 FF 61071 150600  780 360 1353     +491233    +63         304    -48   48  87  138  +22  120  +55  120   55  34  0  0 L3P 30
G19 FF 61071 150600  780 575 1482    -6880661    +14         330    +31   27  95   96   +7   75  -16   75  -16  21  0  0 L3P 26
G22 FF 61071 150600  780 371  955     +523218    -48         326     -2   38  96  134  +14  121   +9  121    9  28  0  0 L3P F2
G24 FF 61071 150600  780 486 2462    +1407958   -140         320    +14   31  73  108   -6   98  -20   98  -20  23  0  0 L3P 35
G06 FF 61071 152200  780 640  719    +6072825    +47         329    +18   26  87   90   -2   90  -14   90  -14  18  0  0 L3P 0A
G12 FF 61071 152200  780 327 2312    +6071286    +64         308    +61   39   7  150  -22  129  -62  129  -62  28  0  0 L3P 42
G17 FF 61071 152200  780 298 1316     +491354   +105         318     -7   50  87  163  +31  121  +35  121   35  35  0  0 L3P 2E
G19 FF 61071 152200  780 509 1435    -6880671    -23         337     -6   26  95  105  +10   74  +16   74   16  20  0  0 L3P 1B
G22 FF 61071 152200  780 325  880     +523173    -31         325    +15   54  96  151  +20  137   +2  137    2  39  0  0 L3P F1
G24 FF 61071 152200  780 516 2566    +1407817   -147         327     +8   45  73  104   -3   86   -2   86   -2  32  0  0 L3P 05
G06 FF 61071 153800  780 649  909    +6072853    +26         329     -3   30  87   90   +0   89   -2   89   -2  21  0  0 L3P E0
G11 FF 61071 153800  780 482   10    +4549832   -126         313     +6   40  18  109  -14  135  -27  135  -27  29  0  0 L3P 30
G12 FF 61071 153800  780 381 2264    +6071308    +26         326    +23   28   7  132  -17  104  -30  104  -30  20  0  0 L3P 28
G17 FF 61071 153800  780 239 1276     +491442   +185         299    +73   44  87  199  +46  165  -30  165  -30  33  0  0 L3P 79
G19 FF 61071 153800  780 447 1389    -6880675     -6         349    +11   38  95  115  +13   80   +2   80    2  27  0  0 L3P 0B
G24 FF 61071 153800  780 527 2688    +1407677   -149         336     +6   29  73  102   +0   83   -3   83   -3  20  0  0 L3P 0B
G06 FF 61071 155400  780 627 1086    +6072880    +44         330    +15   26  87   91   +3   82  -19   82  -19  20  0  0 L3P 1A
G11 FF 61071 155400  780 563   25    +4549716   -171         323    -39   23  18   98  -10  110   +6  110    6  16  0  0 L3P FB
G12 FF 61071 155400  780 439 2218    +6071305     +1         321     -2   27   7  117  -13   95   -9   95   -9  20  0  0 L3P D5
G19 FF 61071 155400  780 389 1342    -6880692     -7         348    +10   36  95  129  +16   87   -1   87   -1  22  0  0 L3P 1D
G24 FF 61071 155400  780 519 2815    +1407523   -183         330    -28   35  73  103   +3   87  +20   87   20  26  0  0 L3P 24
G06 FF 61071 161000  780 582 1216    +6072919    +32         341     +4   22  90   96   +6   74   -1   74   -1  18  0  0 L3P D3
G11 FF 61071 161000  780 645   55    +4549571   -111         300    +21   27  19   90   -6  102  -34  102  -34  18  0  0 L3P 08
G12 FF 61071 161000  780 499 2174    +6071304    +17         317    +14   20  21  106  -10   83  -27   83  -27  16  0  0 L3P 20
G19 FF 61071 161000  780 334 1294    -6880703    -52         353    -35   49  96  147  +21   82  +41   82   41  35  0  0 L3P 34
G24 FF 61071 161000  780 492 2932    +1407361   -180         321    -25   40  78  107   +6   96  +16   96   16  30  0  0 L3P 24
G06 FF 61071 162600  780 522 1300    +6072948    +13         343    -16   24  90  103   +9   78  +15   78   15  18  0  0 L3P 13
G11 FF 61071 162600  780 726  120    +4549450   -119         307    +13   25  19   85   -4   89  -14   89  -14  16  0  0 L3P 1A
G12 FF 61071 162600  780 563 2129    +6071313     -1         323     -5   20  21   98   -8   74   -1   74   -1  16  0  0 L3P BA
G19 FF 61071 162600  780 283 1245    -6880724    +67         348    +84   47  96  171  +28  100  -37  100  -37  34  0  0 L3P 6F
G24 FF 61071 162600  780 451 3032    +1407213   -167         322    -13   34  78  115  +10   99  +17   99   17  23  0  0 L3P 34
G25 FF 61071 162600  780 179 2287    -4464710    +45         329    +22   48 106  263  -82  117  -33  117  -33  34  0  0 L3P 76
G06 FF 61071 164200  780 457 1350    +6072971    +15         338    -13   32  90  113  +13   81  +13   81   13  23  0  0 L3P 13
G11 FF 61071 164200  780 799  308    +4549328   -113         311    +19   31  19   83   -2   79  -16   79  -16  22  0  0 L3P 21
G12 FF 61071 164200  780 630 2083    +6071314    +23         321    +19   23  21   91   -6   71  -22   71  -22  17  0  0 L3P F1
G24 FF 61071 164200  780 400 3115    +1407067   -148         324     +6   41  78  126  +15  102   +0  102    0  30  0  0 L3P FB
G25 FF 61071 164200  780 237 2266    -4464692   +123         324    +99   48 106  202  -49  108  -85  108  -85  34  0  0 L3P 95
G06 FF 61071 165800  780 389 1375    +6073002    +33         342     +5   33  90  129  +20   81   -2   81   -2  25  0  0 L3P F4
G11 FF 61071 165800  780 828  851    +4549209   -130         319     +2   19  19   82   +0   70   -5   70   -5  15  0  0 L3P DE
G12 FF 61071 165800  780 700 2032    +6071332    +17         335    +13   27  21   87   -4   59  -15   59  -15  20  0  0 L3P 03
G24 FF 61071 165800  780 343 3183    +1406916   -223         321    -69   62  78  144  +22  124  +69  124   69  46  0  0 L3P 6F
G06 FF 61071 171400  780 321 1385    +6073015    +48         328    +19   48  90  152  +29  100   -2  100   -2  33  0  0 L3P 1D
G11 FF 61071 171400  780 779 1260    +4549079   -144         315    -12   27  19   83   +2   66   +7   66    7  18  0  0 L3P 04
G12 FF 61071 171400  780 773 1963    +6071330     +1         331     -2   26  21   83   -3   61   +7   61    7  17  0  0 L3P AA
G24 FF 61071 171400  780 284 3240    +1406759   -101         313    +53   82  78  170  +34  146  -21  146  -21  64  0  0 L3P 61
G25 FF 61071 171400  780 360 2244    -4464628    +12         342    -12   32 106  138  -22   65   -2   65   -2  24  0  0 L3P 12
G29 FF 61071 171400  780 207 2616    +3835559    -33         306    +33   60  60  229  -47  124  -52  124  -52  41  0  0 L3P 5A
G06 FF 61071 173000  780 255 1382    +6073071    +23         357     -6   41  90  188  +46   87   +3   87    3  29  0  0 L3P FE
G11 FF 61071 173000  780 706 1380    +4548934   -134         297     -2   26  19   86   +4   71  -14   71  -14  17  0  0 L3P 17
G12 FF 61071 173000  780 847 1782    +6071334    -20         331    -24   20  21   82   -1   58   +5   58    5  15  0  0 L3P D1
G21 FF 61071 173000  780 365  564    -3907676    -62         310     +3   50 188  137  -17  124  -36  124  -36  39  0  0 L3P 51
G25 FF 61071 173000  780 424 2248    -4464607    +20         340     -4   27 106  121  -16   54  -16   54  -16  21  0  0 L3P 22
G29 FF 61071 173000  780 250 2554    +3835486   -127         296    -61   84  60  192  -32  101  +21  101   21  62  0  0 L3P 56
G05 FF 61071 174600  780 350  267    +2282227     -8         302    -14   59  88  142  -26  140  -26  140  -26  41  0  0 L3P 31
G11 FF 61071 174600  780 631 1415    +4548811   -117         301    +15   26  19   91   +6   60  -15   60  -15  18  0  0 L3P 16
G12 FF 61071 174600  780 861  581    +6071332     +3         325     -1   21  21   81   +1   59   +2   59    2  14  0  0 L3P 94
G21 FF 61071 174600  780 412  645    -3907738    -82         310    -17   45 188  123  -11  104   +0  104    0  32  0  0 L3P 16
G25 FF 61071 174600  780 490 2267    -4464599    +25         325     +1   36 106  108  -11   52  -11   52  -11  27  0  0 L3P 32
G29 FF 61071 174600  780 294 2491    +3835417     -7         291    +59   57  60  165  -23   86  -46   86  -46  43  0  0 L3P 50
G05 FF 61071 180200  780 419  315    +2282253    +42         323    +36   36  90  122  -17  109  -23  109  -23  27  0  0 L3P 34
G11 FF 61071 180200  780 556 1419    +4548681   -120         297    +12   27  20   98   +9   68   -1   68   -1  19  0  0 L3P 0D
G12 FF 61071 180200  780 786  307    +6071339    -16         330    -20   20  22   83   +2   60  +20   60   20  14  0  0 L3P CC
G21 FF 61071 180200  780 449  741    -3907794    -66         316     -2   48 189  115   -7   91   -8   91   -8  37  0  0 L3P 12
G25 FF 61071 180200  780 555 2309    -4464574    -16         327    -40   24 108   99   -8   48  +23   48   23  17  0  0 L3P 2A
G29 FF 61071 180200  780 339 2426    +3835359    -28         296    +38   33  61  145  -18   72  -30   72  -30  26  0  0 L3P 47
G05 FF 61071 181800  780 487  377    +2282262    +10         326     +5   35  90  108  -11   95  -11   95  -11  25  0  0 L3P 0F
G11 FF 61071 181800  780 485 1407    +4548551    -98         294    +33   32  20  108  +12   74  -20   74  -20  24  0  0 L3P 32
G12 FF 61071 181800  780 706  238    +6071330    +19         319    +15   25  22   86   +4   74   -4   74   -4  19  0  0 L3P DB
G21 FF 61071 181800  780 472  850    -3907869    -65         303     +0   30 189  111   -3   96   -5   96   -5  22  0  0 L3P FD
G25 FF 61071 181800  780 616 2387    -4464554    +12         324    -12   21 108   92   -5   47  +10   47   10  16  0  0 L3P 11
G29 FF 61071 181800  780 385 2359    +3835296   -102         296    -36   36  61  130  -14   67  +25   67   25  28  0  0 L3P 59
G05 FF 61071 183400  780 551  462    +2282259     +9         317     +4   33  90   99   -7   93   -7   93   -7  23  0  0 L3P CD
G11 FF 61071 183400  780 417 1386    +4548427   -126         297     +5   35  20  122  +16   85  +19   85   19  26  0  0 L3P 37
G12 FF 61071 183400  780 624  200    +6071328     +5         313     +2   23  22   92   +7   90  +15   90   15  15  0  0 L3P B0
G21 FF 61071 183400  780 477  965    -3907919    -24         315    +41   44 189  110   +1   89  -24   89  -24  31  0  0 L3P 3C
G25 FF 61071 183400  780 665 2518    -4464533    +41         322    +17   25 108   89   -3   51   -4   51   -4  19  0  0 L3P 05
G29 FF 61071 183400  780 433 2290    +3835226   -103         290    -37   31  61  119  -11   70  +27   70   27  22  0  0 L3P 31
G05 FF 61071 185000  780 603  582    +2282259    -25         312    -30   22  90   94   -4   87  +11   87   11  15  0  0 L3P EC
G11 FF 61071 185000  780 352 1359    +4548299   -190         295    -58   34  20  140  +22   99  +63   99   63  23  0  0 L3P 54
G12 FF 61071 185000  780 543  175    +6071335     +8         317     +4   35  22  100  +10   96  +12   96   12  25  0  0 L3P DA
G21 FF 61071 185000  780 465 1076    -3907986    -60         310     +5   46 189  112   +4   89   -9   89   -9  35  0  0 L3P 21
G25 FF 61071 185000  780 692 2715    -4464511    +25         321     +1   22 108   87   -1   52   +1   52    1  17  0  0 L3P CC
G29 FF 61071 185000  780 481 2217    +3835157   -103         284    -37   22  61  109   -9   71  +27   71   27  16  0  0 L3P 32
G05 FF 61071 190600  780 636  743    +2282261    +19         309    +13   24  90   91   -2   86   -8   86   -8  17  0  0 L3P EA
G11 FF 61071 190600  780 291 1326    +4548169   -135         292     -3   39  20  166  +32  132  +46  132   46  28  0  0 L3P 4D
G12 FF 61071 190600  780 463  156    +6071351     +2         330     -1   28  22  112  +15  103  +25  103   25  21  0  0 L3P E6
G21 FF 61071 190600  780 435 1172    -3908052    -61         306     +4   52 189  118   +8  101   +6  101    6  36  0  0 L3P 08
G25 FF 61071 190600  780 685 2938    -4464486    +40         323    +16   28 108   87   +2   60   +5   60    5  21  0  0 L3P FD
G29 FF 61071 190600  780 532 2137    +3835085    -85         276    -19   26  61  102   -7   77  +19   77   19  20  0  0 L3P 30
G05 FF 61071 192200  780 642  927    +2282269    +10         311     +5   24  90   90   +1   88  +10   88   10  18  0  0 L3P D6
G11 FF 61071 192200  780 234 1290    +4548045   -132         295     +0   34  20  203  +47  169  +45  169   45  27  0  0 L3P 46
G12 FF 61071 192200  780 384  143    +6071331    +22         306    +19   30  22  130  +23  150  +18  150   18  22  0  0 L3P 0D
G18 FF 61071 192200  780 285 2833    +4367851    -44         312    +53   50 225  170  -28  116  -33  116  -33  36  0  0 L3P 6D
G21 FF 61071 192200  780 392 1250    -3908112    -67         309     -2   40 189  128  +13  113  +21  113   21  30  0  0 L3P 2F
G25 FF 61071 192200  780 646 3120    -4464473    +17         314     -7   20 108   90   +4   77  +23   77   23  14  0  0 L3P 00
G29 FF 61071 192200  780 583 2048    +3835010    -25         263    +41   19  61   96   -6   86  -25   86  -25  15  0  0 L3P 22
G05 FF 61071 193800  780 618 1094    +2282271    -12         308    -18   33  90   92   +3  102  +23  102   23  22  0  0 L3P 12
G12 FF 61071 193800  780 308  134    +6071304    +12         276     +9   71  22  158  +36  204  +33  204   33  48  0  0 L3P 19
G18 FF 61071 193800  780 333 2763    +4367775    -93         329     +3   50 225  148  -19  102   -8  102   -8  38  0  0 L3P 4D
G21 FF 61071 193800  780 341 1307    -3908172    -84         311    -20   45 189  145  +21  135  +39  135   39  35  0  0 L3P 63
G25 FF 61071 193800  780 587 3243    -4464445    +22         318     -1   24 108   95   +7   92  +23   92   23  19  0  0 L3P 15
G29 FF 61071 193800  780 634 1941    +3834948    -82         264    -16   22  61   91   -4   90  +18   90   18  17  0  0 L3P 22
G05 FF 61071 195400  780 573 1217    +2282292     +5         324     -1   32  90   97   +6  104  +12  104   12  23  0  0 L3P EE
G18 FF 61071 195400  780 379 2686    +4367668   -114         314    -17   55 225  132  -14  110   +5  110    5  42  0  0 L3P 52
G21 FF 61071 195400  780 284 1347    -3908229   -143         316    -78   57 189  170  +33  155  +79  155   79  38  0  0 L3P 9F
G25 FF 61071 195400  780 519 3324    -4464426     -6         315    -29   42 108  103  +10  116  +48  116   48  28  0  0 L3P 50
G29 FF 61071 195400  780 682 1804    +3834882    -65         263     +1   23  61   88   -3   99  +11   99   11  16  0  0 L3P 0F
G05 FF 61071 201000  780 515 1297    +2282291    +34         311    +28   36  95  104   +9  127   -1  127   -1  26  0  0 L3P 0F
G18 FF 61071 201000  780 422 2602    +4367579    -94         321     +2   38 226  121  -10  117   +8  117    8  29  0  0 L3P 1E
G21 FF 61071 201000  780 224 1373    -3908298   -126         313    -61   49 190  212  +56  193  +99  193   99  40  0  0 L3P 80
G26 FF 61071 201000  780 182 2277    +3200925    +48         317    -11   49   9  259  -58  134  +15  134   15  37  0  0 L3P 3A
G29 FF 61071 201000  780 723 1613    +3834825    -74         269     -8   24  62   85   -2  106  +18  106   18  17  0  0 L3P 1C
G05 FF 61071 202600  780 451 1344    +2282301    -23         316    -28   31  95  115  +13  143  +44  143   44  25  0  0 L3P 2F
G18 FF 61071 202600  780 463 2511    +4367486    -85         321    +12   25 226  112   -8  120  -12  120  -12  20  0  0 L3P 3A
G21 FF 61071 202600  780 162 1387    -3908362    -34         311    +31   70 190  287 +106  247  +32  247   32  53  0  0 L3P 68
G23 FF 61071 202600  780 312 3299    -6066966   -164         326   -115   80 209  157  -34  197  +60  197   60  61  0  0 L3P 9B
G26 FF 61071 202600  780 220 2331    +3200979    +25         314    -34   32   9  216  -33  141  +24  141   24  24  0  0 L3P 19
G29 FF 61071 202600  780 746 1351    +3834761    -73         268     -7   24  62   84   +0  117  +12  117   12  18  0  0 L3P 17
G05 FF 61071 204200  780 385 1369    +2282305     -2         314     -7   36  95  130  +20  172  +35  172   35  25  0  0 L3P 1A
G15 FF 61071 204200  780 358  596    -3817599    +39         287    +74   61   7  139  -16  227  -62  227  -62  45  0  0 L3P 5F
G18 FF 61071 204200  780 500 2411    +4367403    -80         330    +17   27 226  106   -6  115   -4  115   -4  22  0  0 L3P 13
G23 FF 61071 204200  780 385 3262    -6067014    -43         325     +6   51 209  131  -22  177   -9  177   -9  38  0  0 L3P 3A
G26 FF 61071 204200  780 249 2395    +3201045    +11         323    -49   65   9  192  -19  144  +65  144   65  45  0  0 L3P 3E
G29 FF 61071 204200  780 740 1057    +3834703    -42         273    +24   26  62   85   +1  127   +6  127    6  19  0  0 L3P 00
G05 FF 61071 205800  780 319 1379    +2282329    +19         333    +13   35  95  153  +29  195  +25  195   25  28  0  0 L3P 5F
G15 FF 61071 205800  780 401  677    -3817610    -32         310     +3   47   7  126  -10  207  -17  207  -17  34  0  0 L3P 15
G18 FF 61071 205800  780 534 2301    +4367313   -107         334    -10   18 226  101   -4  119   +2  119    2  13  0  0 L3P 1C
G23 FF 61071 205800  780 458 3214    -6067076    -85         311    -36   53 209  113  -15  177  +13  177   13  43  0  0 L3P 64
G26 FF 61071 205800  780 269 2467    +3201087    +43         308    -16   55   9  179   -9  172  +27  172   27  43  0  0 L3P 3E
G29 FF 61071 205800  780 705  816    +3834642    -79         276    -13   32  62   86   +2  144  +18  144   18  23  0  0 L3P 27
G05 FF 61071 211400  780 254 1376    +2282327    +43         325    +37   54  95  188  +45  231  +24  231   24  41  0  0 L3P 43
G15 FF 61071 211400  780 433  770    -3817646    -38         308     -3   37   7  118   -6  202   +1  202    1  29  0  0 L3P D7
G18 FF 61071 211400  780 564 2182    +4367208    -84         321    +13   22 226   98   -3  131   +2  131    2  16  0  0 L3P 03
G23 FF 61071 211400  780 531 3150    -6067126    -35         307    +14   28 209  102  -10  164  -22  164  -22  20  0  0 L3P 47
G26 FF 61071 211400  780 277 2545    +3201160    +60         324     +1   55   9  174   -2  173  +18  173   18  42  0  0 L3P 05
G29 FF 61071 211400  780 652  651    +3834571    -83         268    -17   22  62   89   +4  164  +39  164   39  16  0  0 L3P 2F
G05 FF 61071 213000  780 192 1365    +2282327    +72         320    +67   48  95  245  +76  291  +18  291   18  31  0  0 L3P 52
G15 FF 61071 213000  780 452  873    -3817664    -48         324    -12   36   7  114   -2  193   +6  193    6  28  0  0 L3P FB
G16 FF 61071 213000  780 171 2281    -1990114    -80         344     -4   34 107  274  -52  196  +12  196   12  26  0  0 L3P 43
G18 FF 61071 213000  780 589 2051    +4367123    -94         329     +2   25 226   95   -2  134   +8  134    8  17  0  0 L3P 08
G23 FF 61071 213000  780 600 3064    -6067169    -69         311    -21   29 209   94   -7  153   +4  153    4  21  0  0 L3P 0E
G26 FF 61071 213000  780 274 2626    +3201212    +51         320     -8   43   9  176   +5  198  +27  198   27  32  0  0 L3P 10
G29 FF 61071 213000  780 590  539    +3834512    -77         272    -11   24  62   95   +7  181  +34  181   34  17  0  0 L3P 1D
G15 FF 61071 214600  780 456  979    -3817711    -50         310    -15   44   7  114   +1  201  +15  201   15  31  0  0 L3P FF
G16 FF 61071 214600  780 199 2341    -1990183    -77         347     -2   32 107  237  -28  199   +7  199    7  28  0  0 L3P 4E
G18 FF 61071 214600  780 608 1908    +4367028   -123         327    -26   16 226   93   -1  141  +18  141   18  12  0  0 L3P 4A
G23 FF 61071 214600  780 664 2939    -6067219    -51         308     -2   28 209   89   -4  148   -4  148   -4  21  0  0 L3P 28
G26 FF 61071 214600  780 260 2706    +3201260    +38         311    -21   64   9  185  +13  225  +35  225   35  40  0  0 L3P 21
G29 FF 61071 214600  780 522  458    +3834445    -43         268    +23   35  62  103  +10  206   -6  206   -6  26  0  0 L3P 1E
G10 FF 61071 220200  780 311 3044    +5860753    -83         337   -104   46   4  157  -28  244  +54  244   54  32  0  0 L3P 43
G13 FF 61071 220200  780 211 1267    -6880527    +22         314    +10   25  42  224  +25  310  +40  310   40  22  0  0 L3P 18
G15 FF 61071 220200  780 443 1080    -3817748    -71         304    -35   38   8  116   +4  214  +34  214   34  26  0  0 L3P 1D
G16 FF 61071 220200  780 218 2409    -1990278    -65         324    +10   28 110  217  -13  225   +3  225    3  22  0  0 L3P 23
G18 FF 61071 220200  780 619 1756    +4366925    -90         315     +7   29 227   92   -1  155   +5  155    5  19  0  0 L3P 15
G23 FF 61071 220200  780 716 2750    -6067267    -54         309     -6   25 210   86   -2  147   +5  147    5  20  0  0 L3P 01
G26 FF 61071 220200  780 236 2782    +3201337   +101         329    +42   86  10  201  +23  239  +19  239   19  54  0  0 L3P 4C
G29 FF 61071 220200  780 453  398    +3834373   -107         284    -41   39  26  114  +14  236  +66  236   66  28  0  0 L3P 5D
G10 FF 61071 221800  780 371 2980    +5860760    +54         324    +34   42   4  135  -19  228  -36  228  -36  29  0  0 L3P 4F
G15 FF 61071 221800  780 416 1168    -3817787    -48         299    -13   40   8  122   +8  226  +22  226   22  30  0  0 L3P 30
G16 FF 61071 221800  780 226 2483    -1990355    -53         319    +22   23 110  210   -3  240   -4  240   -4  19  0  0 L3P 1F
G18 FF 61071 221800  780 622 1597    +4366816   -118         298    -21   21 227   92   +0  172  +28  172   28  15  0  0 L3P 5A
G23 FF 61071 221800  780 744 2479    -6067319    -53         304     -4   22 210   84   -1  150   +4  150    4  16  0  0 L3P F8
G29 FF 61071 221800  780 382  352    +3834326    -81         301    -15   72  26  131  +21  261  +46  261   46  49  0  0 L3P 36
G10 FF 61071 223400  780 427 2903    +5860780     +1         325    -20   42   4  120  -13  217   +7  217    7  32  0  0 L3P E9
G15 FF 61071 223400  780 377 1240    -3817816    -51         304    -16   50   8  133  +13  251  +46  251   46  36  0  0 L3P 31
G16 FF 61071 223400  780 223 2559    -1990414    -42         332    +33   40 110  212   +7  254   +2  254    2  33  0  0 L3P 0B
G18 FF 61071 223400  780 616 1438    +4366728    -81         303    +16   23 227   92   +1  182   +3  182    3  16  0  0 L3P 13
G23 FF 61071 223400  780 739 2176    -6067363    -39         307    +10   26 210   85   +1  157   +4  157    4  18  0  0 L3P 18
G27 FF 61071 223400  780 195 2225     +307785   +129         356    +41   46   8  242  -72  234  -20  234  -20  41  0  0 L3P 41
G29 FF 61071 223400  780 311  316    +3834270   -136         308    -70   58  26  157  +33  300 +122  300  122  45  0  0 L3P 58
G10 FF 61071 225000  780 480 2813    +5860797    +33         322    +12   26   4  109   -9  206  -20  206  -20  21  0  0 L3P 1C
G15 FF 61071 225000  780 329 1295    -3817829    -34         325     +1   52   8  149  +21  263  +23  263   23  38  0  0 L3P 2C
G16 FF 61071 225000  780 210 2635    -1990492     -3         325    +72   47 110  224  +18  284  -17  284  -17  38  0  0 L3P 5A
G18 FF 61071 225000  780 601 1286    +4366644    -97         312     -1   26 227   94   +2  188  +20  188   20  21  0  0 L3P 28
G23 FF 61071 225000  780 706 1934    -6067405    -42         311     +6   20 210   86   +2  163  +12  163   12  13  0  0 L3P 07
G27 FF 61071 225000  780 254 2244     +307839   +102         325    +14   49   8  189  -42  250  -22  250  -22  34  0  0 L3P 3B
G10 FF 61071 230600  780 527 2707    +5860812    +31         318    +11   32   4  102   -6  195  -28  195  -28  24  0  0 L3P 2C
G15 FF 61071 230600  780 277 1334    -3817867    -41         321     -6   49   8  174  +32  289  +39  289   39  36  0  0 L3P 4F
G18 FF 61071 230600  780 576 1146    +4366557   -111         317    -14   34 227   96   +3  197  +14  197   14  26  0  0 L3P 5C
G23 FF 61071 230600  780 659 1765    -6067455    -72         308    -23   24 210   89   +4  173  +20  173   20  15  0  0 L3P 3C
G27 FF 61071 230600  780 311 2275     +307945    +93         348     +5   62   8  158  -26  223  -26  223  -26  43  0  0 L3P 28
G10 FF 61071 232200  780 567 2581    +5860830     +3         316    -17   21   4   97   -4  185   +4  185    4  17  0  0 L3P E1
G15 FF 61071 232200  780 221 1360    -3817914   -131         307    -96   54   8  214  +53  326  +78  326   78  44  0  0 L3P 56
G18 FF 61071 232200  780 543 1020    +4366466   -108         320    -12   33 227  100   +5  197  +13  197   13  24  0  0 L3P 47
G23 FF 61071 232200  780 607 1642    -6067500    -86         311    -37   24 210   93   +5  174  +30  174   30  17  0  0 L3P 2A
G27 FF 61071 232200  780 364 2322     +308017   +111         335    +23   35   8  137  -17  215  -28  215  -28  24  0  0 L3P 33
G08 FF 61071 233800  780 144 2218    -4975178    +18         349    -30   44  10  324 -116  315   +1  315    1  29  0  0 L3P 39
G10 FF 61071 233800  780 598 2437    +5860846    +38         313    +17   17   4   94   -3  184  -11  184  -11  13  0  0 L3P 2C
G18 FF 61071 233800  780 504  910    +4366373    -95         319     +2   26 227  105   +7  208  +16  208   16  21  0  0 L3P 27
G23 FF 61071 233800  780 554 1544    -6067542    -65         315    -16   26 210   99   +7  179  +35  179   35  18  0  0 L3P 56
G27 FF 61071 233800  780 410 2387     +308096   +102         331    +14   34   8  124  -11  210  -12  210  -12  25  0  0 L3P 1E
G32 FF 61071 233800  780 356 3462    +1140795   -269         315    -94   67   6  140  -27  303  +18  303   18  50  0  0 L3P 55
