CGGTTS     GENERIC DATA FORMAT VERSION = 2E
REV DATE = 2024-12-02                    
RCVR = Septentrio PolaRx2 S/N 3252   R2CGGTTS v8.8    
CH = 20 
IMS = Septentrio PolaRx2 S/N 3252   
LAB = NMI Australia                 
X = -4648241.00 m 
Y = +2560636.48 m 
Z = -3526317.74 m 
FRAME = ITRF
COMMENTS =           IGS antenna SYDN              
INT DLY =  211.7 ns (GPS P1),  213.3 ns (GPS P2)     CAL_ID = 1015-2021           
CAB DLY = 2484.6 ns 
REF DLY =  338.6 ns
REF = UTC(AUS)                      
CKSUM = 82

SAT CL  MJD  STTIME TRKL ELV AZTH   REFSV      SRSV     REFSYS    SRSYS  DSG IOE MDTR SMDT MDIO SMDI MSIO SMSI ISG FR HC FRC CK
             hhmmss  s  .1dg .1dg    .1ns     .1ps/s     .1ns    .1ps/s .1ns     .1ns.1ps/s.1ns.1ps/s.1ns.1ps/s.1ns
G10 FF 61062 000200  780 564 2590    +5841378     +5         175    -18   21  86   98   -4   80   +8   80    8  16  0  0 L3P D9
G15 FF 61062 000200  780 224 1359    -3788112   -102         157    -67   56  22  212  +52  147  +66  147   66  41  0  0 L3P 5A
G18 FF 61062 000200  780 546 1028    +4449675    -85         167    +12   21  98  100   +5   84   +1   84    1  17  0  0 L3P EF
G23 FF 61062 000200  780 609 1645    -6025177    -52         169     -2   20  87   93   +5   76   +7   76    7  14  0  0 L3P D7
G27 FF 61062 000200  780 360 2319     +235456    +69         182    -12   31  14  138  -17  101   +8  101    8  22  0  0 L3P F9
G10 FF 61062 001800  780 596 2447    +5841392    +19         166     -5   17  86   94   -3   89   +8   89    8  12  0  0 L3P F1
G18 FF 61062 001800  780 507  917    +4449588    -88         173     +9   21  98  105   +6   90  +17   90   17  15  0  0 L3P 0E
G23 FF 61062 001800  780 556 1546    -6025226    -61         169    -11   18  87   98   +6   83  +24   83   24  13  0  0 L3P 10
G27 FF 61062 001800  780 407 2383     +235526   +111         174    +30   25  14  124  -11  100  -21  100  -21  19  0  0 L3P 25
G32 FF 61062 001800  780 354 3464    +1524942   -183         200    -10   48  21  141  -28  122   -7  122   -7  46  0  0 L3P 32
G08 FF 61062 003400  780 192 2252    -5015127    +61         172    +16   32  51  247  -61  161  -28  161  -28  25  0  0 L3P 47
G10 FF 61062 003400  780 616 2288    +5841418    +15         169     -9   21  86   92   -1   89  +10   89   10  16  0  0 L3P FA
G18 FF 61062 003400  780 463  819    +4449489   -103         167     -6   29  98  112   +9  106  +24  106   24  21  0  0 L3P 32
G23 FF 61062 003400  780 503 1462    -6025274    -58         168     -8   25  87  105   +8   94  +19   94   19  17  0  0 L3P 16
G27 FF 61062 003400  780 445 2466     +235608    +94         179    +14   29  14  116   -7   96   -9   96   -9  21  0  0 L3P 04
G08 FF 61062 005000  780 237 2299    -5015079    +46         177     +1   39  51  202  -35  146  -27  146  -27  30  0  0 L3P 47
G10 FF 61062 005000  780 624 2119    +5841438     +6         166    -18   14  86   92   +0   91   +7   91    7  10  0  0 L3P C6
G18 FF 61062 005000  780 414  735    +4449393   -123         164    -26   21  98  123  +13  126  +34  126   34  16  0  0 L3P 43
G23 FF 61062 005000  780 453 1386    -6025325    -45         166     +5   20  87  114  +10  106   +5  106    5  14  0  0 L3P FA
G27 FF 61062 005000  780 468 2567     +235684    +56         178    -24   21  14  111   -3   97   +9   97    9  15  0  0 L3P F2
G32 FF 61062 005000  780 513 3435    +1524596   -248         185    -75   52  21  104  -12  104  +45  104   45  42  0  0 L3P 4B
G08 FF 61062 010600  780 276 2358    -5015039    +65         175    +20   41  51  175  -21  136  -18  136  -18  32  0  0 L3P 51
G10 FF 61062 010600  780 620 1952    +5841459    +28         164     +4   24  86   92   +1   92   -2   92   -2  17  0  0 L3P D6
G18 FF 61062 010600  780 362  661    +4449305    -93         169     +4   22  98  137  +18  143  +24  143   24  20  0  0 L3P 25
G23 FF 61062 010600  780 404 1316    -6025375    -11         164    +39   25  87  125  +13  115  -25  115  -25  17  0  0 L3P 44
G27 FF 61062 010600  780 474 2680     +235744    +66         160    -14   26  14  110   +1  109  +11  109   11  20  0  0 L3P 03
G32 FF 61062 010600  780 595 3412    +1524403   -176         158     -4   20  21   94   -8  112   -8  112   -8  15  0  0 L3P 00
G08 FF 61062 012200  780 305 2429    -5014979    +74         192    +30   42  51  160  -12  125  -13  125  -13  30  0  0 L3P 3E
G10 FF 61062 012200  780 606 1794    +5841490    +54         172    +30   19  86   93   +2   97  -12   97  -12  13  0  0 L3P 12
G18 FF 61062 012200  780 307  597    +4449203   -110         159    -14   34  98  158  +27  186  +49  186   49  26  0  0 L3P 67
G23 FF 61062 012200  780 357 1248    -6025421     -7         166    +43   30  87  139  +16  131  -10  131  -10  20  0  0 L3P 25
G27 FF 61062 012200  780 462 2793     +235831   +123         170    +42   24  14  113   +4  116  -13  116  -13  18  0  0 L3P 24
G32 FF 61062 012200  780 679 3379    +1524249   -166         170     +7   21  21   88   -5  101   -8  101   -8  17  0  0 L3P 0E
G02 FF 61062 013800  780 156 2243     -217727   -110         208    -28   38  63  301 -119  186   -2  186   -2  29  0  0 L3P 43
G08 FF 61062 013800  780 322 2510    -5014946    +81         183    +37   31  51  152   -5  133  -24  133  -24  23  0  0 L3P 2F
G10 FF 61062 013800  780 584 1650    +5841512    +33         171     +9   13  86   95   +3  102   -2  102   -2  10  0  0 L3P E0
G23 FF 61062 013800  780 312 1182    -6025468    -22         166    +28   25  87  156  +20  148   -3  148   -3  17  0  0 L3P 33
G27 FF 61062 013800  780 433 2898     +235919   +131         180    +50   30  14  118   +8  120  -18  120  -18  22  0  0 L3P 36
G32 FF 61062 013800  780 763 3323    +1524081   -171         168     +1   14  21   84   -3   97   -8   97   -8  10  0  0 L3P EC
G02 FF 61062 015400  780 220 2233     -217828    -74         185     +8   26  63  217  -63  176  -32  176  -32  16  0  0 L3P 34
G08 FF 61062 015400  780 327 2596    -5014916    +70         170    +26   45  51  150   +1  147  -11  147  -11  35  0  0 L3P 37
G10 FF 61062 015400  780 557 1520    +5841541    +17         177     -6   18  86   98   +4  105  +14  105   14  14  0  0 L3P 0D
G27 FF 61062 015400  780 393 2989     +235984   +106         168    +25   29  14  128  +13  147   -1  147   -1  22  0  0 L3P 3D
G32 FF 61062 015400  780 844 3160    +1523917   -173         170     +0   15  21   82   -1   95   -6   95   -6  12  0  0 L3P E1
G02 FF 61062 021000  780 286 2232     -217908    -64         187    +18   18  65  170  -38  161  -17  161  -17  14  0  0 L3P 44
G08 FF 61062 021000  780 319 2684    -5014865    +39         172     -5   38  52  153   +6  154  +24  154   24  30  0  0 L3P 23
G10 FF 61062 021000  780 527 1402    +5841559    +36         168    +13   21  88  102   +5  119   +8  119    8  15  0  0 L3P 08
G27 FF 61062 021000  780 343 3067     +236069    +79         175     -1   39  17  144  +20  174  +39  174   39  32  0  0 L3P 2B
G32 FF 61062 021000  780 861 1917    +1523762   -172         180     +1   14  22   81   +1   92  +13   92   13  10  0  0 L3P E2
G02 FF 61062 022600  780 354 2243     -217982   -114         192    -32   22  65  141  -25  143  +11  143   11  18  0  0 L3P 2F
G08 FF 61062 022600  780 298 2769    -5014825    +48         169     +4   44  52  163  +13  173  +14  173   14  34  0  0 L3P 43
G10 FF 61062 022600  780 493 1295    +5841593    +12         179    -12   18  88  107   +6  119  +15  119   15  13  0  0 L3P 3C
G28 FF 61062 022600  780 322  233    +6078673    -42         156    +14   32 158  152  -30  224  -69  224  -69  25  0  0 L3P 5C
G32 FF 61062 022600  780 785 1650    +1523591   -186         175    -14   13  22   83   +2   99   +8   99    8   9  0  0 L3P F7
G02 FF 61062 024200  780 422 2270     -218076    -83         175     -1   26  65  121  -16  137   -9  137   -9  19  0  0 L3P 0C
G08 FF 61062 024200  780 268 2849    -5014794    +86         158    +41   38  52  179  +22  205   +5  205    5  31  0  0 L3P 32
G10 FF 61062 024200  780 457 1197    +5841607     -1         170    -25   27  88  113   +7  126  +31  126   31  19  0  0 L3P 1E
G28 FF 61062 024200  780 391  277    +6078617    -73         154    -17   34 158  129  -20  189  -25  189  -25  25  0  0 L3P 76
G32 FF 61062 024200  780 707 1575    +1523412   -186         162    -14   19  22   86   +4  106   +9  106    9  12  0  0 L3P 0A
G01 FF 61062 025800  780 195 2228    -3414806    -13         149    -54   36  39  243  -77  203   +2  203    2  24  0  0 L3P 21
G02 FF 61062 025800  780 488 2318     -218159    -67         171    +14   14  65  108  -11  129  -18  129  -18  11  0  0 L3P 4B
G10 FF 61062 025800  780 420 1105    +5841624    +18         164     -6   24  88  121   +9  139  +20  139   20  17  0  0 L3P 17
G28 FF 61062 025800  780 460  331    +6078556    -89         145    -34   24 158  113  -13  167   -5  167   -5  20  0  0 L3P 42
G31 FF 61062 025800  780 247   52    +1713262    -24         176     -3   45  52  194  -53  301  -75  301  -75  29  0  0 L3P 21
G32 FF 61062 025800  780 632 1523    +1523242   -183         158    -10   14  22   91   +6  109   +9  109    9  11  0  0 L3P 04
G01 FF 61062 031400  780 258 2234    -3414758    +29         158    -12   27  39  187  -44  175  -26  175  -26  19  0  0 L3P 6C
G02 FF 61062 031400  780 548 2398     -218240    -79         168     +3   19  65  100   -7  125  -11  125  -11  14  0  0 L3P 16
G10 FF 61062 031400  780 381 1020    +5841645    +26         162     +2   29  88  131  +12  152  +12  152   12  22  0  0 L3P 10
G28 FF 61062 031400  780 525  404    +6078488    -77         132    -21   26 158  102   -9  151   -7  151   -7  18  0  0 L3P 29
G31 FF 61062 031400  780 318   72    +1713217    -45         150    -25   30  52  154  -33  262  -32  262  -32  23  0  0 L3P 16
G32 FF 61062 031400  780 560 1477    +1523075   -203         157    -30   17  22   98   +8  114  +26  114   26  13  0  0 L3P 27
G01 FF 61062 033000  780 321 2253    -3414720     +1         157    -40   22  39  153  -28  157  +13  157   13  18  0  0 L3P 1B
G02 FF 61062 033000  780 594 2519     -218324    -86         163     -5   12  65   94   -4  125   -1  125   -1   9  0  0 L3P D4
G10 FF 61062 033000  780 340  941    +5841670    +48         164    +24   24  88  145  +16  167   +6  167    6  19  0  0 L3P 18
G28 FF 61062 033000  780 583  506    +6078435    -65         132     -9   17 158   96   -6  140   -1  140   -1  12  0  0 L3P FC
G31 FF 61062 033000  780 392   94    +1713198    -16         150     +5   25  52  129  -21  214  -45  214  -45  19  0  0 L3P 16
G32 FF 61062 033000  780 492 1433    +1522915   -185         162    -12   21  22  107  +11  121  +18  121   18  14  0  0 L3P 33
G01 FF 61062 034600  780 383 2286    -3414686    +20         152    -21   29  39  131  -18  149   +7  149    7  21  0  0 L3P 2A
G02 FF 61062 034600  780 619 2681     -218405    -80         161     +2   12  65   92   -1  128   -3  128   -3   9  0  0 L3P D1
G10 FF 61062 034600  780 297  867    +5841681    +99         152    +75   44  88  163  +22  198  -32  198  -32  32  0  0 L3P 6B
G28 FF 61062 034600  780 626  649    +6078383    -50         133     +5   24 158   92   -3  131  -14  131  -14  18  0  0 L3P 25
G31 FF 61062 034600  780 468  120    +1713179     -4         151    +17   29  52  112  -15  179  -46  179  -46  21  0  0 L3P 35
G32 FF 61062 034600  780 428 1388    +1522755   -168         168     +5   30  22  119  +15  128  +11  128   11  22  0  0 L3P 41
G01 FF 61062 040200  780 440 2339    -3414649    +55         151    +15   26  40  117  -12  141  -28  141  -28  19  0  0 L3P 42
G02 FF 61062 040200  780 614 2859     -218487    -82         158     +0   13  66   93   +2  131   +5  131    5  11  0  0 L3P D0
G03 FF 61062 040200  780 188 2337    -5918837   +133         202    +29   46  40  251  -67  207  -60  207  -60  37  0  0 L3P 6D
G28 FF 61062 040200  780 645  828    +6078324    -65         127    -10   14 159   90   +0  131   -1  131   -1  11  0  0 L3P FA
G31 FF 61062 040200  780 544  156    +1713161    -13         159     +7   22  57  100  -10  156  -22  156  -22  16  0  0 L3P 14
G32 FF 61062 040200  780 367 1342    +1522587   -156         160    +17   29  28  135  +19  142   +8  142    8  20  0  0 L3P 2F
G01 FF 61062 041800  780 490 2417    -3414621    +30         139    -11   22  40  108   -8  136   -5  136   -5  17  0  0 L3P 0B
G02 FF 61062 041800  780 581 3016     -218572    -98         152    -16   18  66   96   +5  139  +14  139   14  12  0  0 L3P 1D
G03 FF 61062 041800  780 240 2294    -5918760   +100         179     -4   31  40  199  -44  190  -33  190  -33  24  0  0 L3P 56
G28 FF 61062 041800  780 634 1010    +6078261    -65         118     -9   17 159   91   +2  129   +1  129    1  13  0  0 L3P FE
G31 FF 61062 041800  780 619  214    +1713135    -36         153    -16   17  57   92   -7  141  -11  141  -11  12  0  0 L3P 0B
G32 FF 61062 041800  780 310 1295    +1522405   -176         145     -3   34  28  157  +26  162  +12  162   12  27  0  0 L3P 37
G01 FF 61062 044600  780 543 2615    -3414559    +59         133    +18   15  40  100   -2  135   -5  135   -5  13  0  0 L3P 0D
G02 FF 61062 044600  780 483 3203     -218709    -82         152     +0   25  66  109  +11  159  +22  159   22  20  0  0 L3P 16
G03 FF 61062 044600  780 340 2227    -5918589   +126         173    +21   25  40  145  -23  161  -27  161  -27  21  0  0 L3P 62
G04 FF 61062 044600  780 229 2750     -396462    +44         152    +66   33  88  208  -40  253  -92  253  -92  25  0  0 L3P 56
G28 FF 61062 044600  780 558 1232    +6078188    -20         138    +36   22 159   98   +7  121  -10  121  -10  15  0  0 L3P 42
G31 FF 61062 044600  780 733  447    +1713089    -13         141     +8   14  57   85   -2  122  -11  122  -11  10  0  0 L3P F6
G01 FF 61062 050200  780 546 2751    -3414520    +32         133     -9   22  40  100   +1  139   +4  139    4  16  0  0 L3P DC
G02 FF 61062 050200  780 416 3271     -218789    -81         151     +1   43  66  122  +17  182  +18  182   18  29  0  0 L3P 23
G03 FF 61062 050200  780 402 2194    -5918481    +76         181    -29   20  40  126  -17  143   +6  143    6  15  0  0 L3P 1C
G04 FF 61062 050200  780 274 2684     -396477    -99         160    -77   26  88  176  -27  213  +23  213   23  22  0  0 L3P 4F
G28 FF 61062 050200  780 497 1301    +6078141    -69         144    -14   29 159  106  +10  128  +14  128   14  21  0  0 L3P 52
G31 FF 61062 050200  780 764  734    +1713071    -37         143    -17   19  57   84   +0  115   +4  115    4  14  0  0 L3P E0
G01 FF 61062 051800  780 527 2883    -3414479    +69         134    +28   23  40  102   +4  145  -13  145  -13  17  0  0 L3P 3F
G03 FF 61062 051800  780 468 2166    -5918391   +110         171     +5   19  40  112  -13  139  -11  139  -11  13  0  0 L3P 48
G04 FF 61062 051800  780 317 2614     -396498     +3         160    +26   25  88  154  -20  192  -39  192  -39  18  0  0 L3P 49
G26 FF 61062 051800  780 308  570    +3151546    +59         150     +0   61  64  158  -22  199  -38  199  -38  46  0  0 L3P 4B
G28 FF 61062 051800  780 432 1341    +6078092    -96         149    -41   27 159  119  +15  141  +47  141   47  21  0  0 L3P 65
G31 FF 61062 051800  780 747 1046    +1713054    -23         146     -2   14  57   84   +2  114   +9  114    9  10  0  0 L3P DF
G01 FF 61062 053400  780 489 2997    -3414437    +65         137    +24   26  40  108   +8  156   -1  156   -1  19  0  0 L3P 2C
G02 FF 61062 053400  780 280 3367     -218933   -175         164    -93   34  66  172  +39  246 +119  246  119  30  0  0 L3P 80
G03 FF 61062 053400  780 537 2144    -5918289   +106         172     +2   13  40  101  -10  127   -9  127   -9  10  0  0 L3P 22
G04 FF 61062 053400  780 360 2540     -396522    -28         158     -5   26  88  138  -15  175  -10  175  -10  18  0  0 L3P 39
G26 FF 61062 053400  780 352  641    +3151584    +63         131     +4   35  64  141  -15  190  -22  190  -22  26  0  0 L3P 20
G28 FF 61062 053400  780 365 1360    +6078041    -90         151    -34   32 159  136  +22  156  +44  156   44  23  0  0 L3P 59
G31 FF 61062 053400  780 695 1234    +1713042    +25         153    +46   16  57   87   +4  111  -22  111  -22  11  0  0 L3P 16
G01 FF 61062 055000  780 439 3088    -3414395    +59         140    +18   27  40  117  +12  167   +9  167    9  20  0  0 L3P 29
G03 FF 61062 055000  780 610 2132    -5918191    +99         169     -6   14  40   93   -7  119   -3  119   -3  11  0  0 L3P FC
G04 FF 61062 055000  780 402 2462     -396542    -26         160     -4   21  88  126  -11  160   -8  160   -8  16  0  0 L3P 03
G26 FF 61062 055000  780 388  723    +3151658    +55         149     -4   33  64  130   -9  162   -8  162   -8  23  0  0 L3P 08
G28 FF 61062 055000  780 299 1366    +6077981    -93         145    -37   28 159  162  +33  176  +55  176   55  20  0  0 L3P 83
G31 FF 61062 055000  780 630 1324    +1713016    -37         147    -17   20  57   91   +6  121  +18  121   18  14  0  0 L3P 0A
G01 FF 61062 060600  780 382 3162    -3414347    +36         154     -5   37  41  131  +18  185  +22  185   22  26  0  0 L3P 2C
G03 FF 61062 060600  780 686 2138    -5918108    +73         154    -32   12 106   87   -5  116  +13  116   13  10  0  0 L3P 2E
G04 FF 61062 060600  780 444 2380     -396562    -12         161    +11   24  89  116   -9  151  -18  151  -18  18  0  0 L3P 32
G26 FF 61062 060600  780 415  814    +3151705    +44         136    -15   26  74  123   -5  156   -4  156   -4  17  0  0 L3P 09
G28 FF 61062 060600  780 235 1360    +6077947    -52         159     +3   27 160  202  +52  197  +33  197   33  21  0  0 L3P 50
G31 FF 61062 060600  780 562 1364    +1713003    -36         155    -16   26  74   98   +8  119  +11  119   11  18  0  0 L3P 1F
G01 FF 61062 062200  780 322 3221    -3414311    +66         151    +25   41  41  152  +27  218  +22  218   22  34  0  0 L3P 1E
G03 FF 61062 062200  780 763 2189    -5918007    +91         155    -13   12 106   84   -3  113  +10  113   10   7  0  0 L3P 11
G04 FF 61062 062200  780 484 2291     -396589    -25         156     -2   22  89  109   -7  149   -3  149   -3  17  0  0 L3P 17
G09 FF 61062 062200  780 205 2500    -7704167    -20         193    -19   38  26  231  -49  222  -12  222  -12  28  0  0 L3P 4A
G26 FF 61062 062200  780 428  912    +3151772    +86         146    +27   28  74  119   -1  143  -17  143  -17  21  0  0 L3P 34
G28 FF 61062 062200  780 173 1347    +6077896    -49         162     +7   33 160  270  +93  230  +31  230   31  29  0  0 L3P 4E
G31 FF 61062 062200  780 493 1377    +1712973    +11         145    +32   27  74  107  +11  135   -6  135   -6  20  0  0 L3P 23
G03 FF 61062 063800  780 833 2430    -5917912    +84         150    -20   16 106   82   -1  114  +13  114   13  12  0  0 L3P 1E
G04 FF 61062 063800  780 524 2194     -396602    -47         165    -25   17  89  103   -6  132  +13  132   13  13  0  0 L3P 22
G09 FF 61062 063800  780 251 2444    -7704177    -32         184    -31   57  26  191  -34  201   +5  201    5  41  0  0 L3P 21
G16 FF 61062 063800  780 398  548    -1927599    -97         141    -21   36  29  127  -14  169   -7  169   -7  26  0  0 L3P 57
G26 FF 61062 063800  780 427 1011    +3151825    +31         142    -28   29  74  120   +2  143  +19  143   19  22  0  0 L3P 23
G31 FF 61062 063800  780 425 1375    +1712947     -3         138    +18   27  74  120  +16  151   +9  151    9  19  0  0 L3P 18
G03 FF 61062 065400  780 836 3225    -5917808   +122         153    +17   16 106   82   +1  114   +0  114    0  12  0  0 L3P 0C
G04 FF 61062 065400  780 562 2088     -396625    -13         163     +9   20  89   98   -4  128  -11  128  -11  13  0  0 L3P 1A
G06 FF 61062 065400  780 127 2289    +6047535    +40         164     +6   37  15  364  -54  254   -4  254   -4  27  0  0 L3P 2C
G09 FF 61062 065400  780 298 2387    -7704187    -17         175    -16   39  26  163  -25  189   +7  189    7  29  0  0 L3P 5E
G16 FF 61062 065400  780 445  631    -1927669    -53         145    +23   36  29  116   -9  155  -23  155  -23  26  0  0 L3P 45
G26 FF 61062 065400  780 410 1104    +3151887   +116         148    +57   31  74  124   +6  148  -26  148  -26  22  0  0 L3P 54
G31 FF 61062 065400  780 360 1362    +1712931     -4         143    +17   27  74  138  +22  169  +10  169   10  19  0  0 L3P 2D
G03 FF 61062 071000  780 764 3502    -5917706   +115         154    +10   20 106   84   +3  120   +5  120    5  16  0  0 L3P 03
G04 FF 61062 071000  780 598 1967     -396647     +0         163    +22   20  89   94   -3  124  -12  124  -12  14  0  0 L3P 10
G06 FF 61062 071000  780 140 2356    +6047585    +34         181     +0   47  15  330  -21  246  +16  246   16  32  0  0 L3P 25
G09 FF 61062 071000  780 347 2330    -7704204    -37         159    -36   36  26  143  -19  182   +8  182    8  28  0  0 L3P 33
G16 FF 61062 071000  780 482  730    -1927743    -50         144    +27   27  29  109   -5  149  -23  149  -23  18  0  0 L3P 3D
G26 FF 61062 071000  780 380 1185    +3151932    +45         136    -14   33  74  132  +11  168  +25  168   25  24  0  0 L3P 3E
G31 FF 61062 071000  780 298 1341    +1712911    +10         142    +31   35  74  163  +31  189   +2  189    2  26  0  0 L3P 12
G03 FF 61062 072600  780 681 3569    -5917607   +109         153     +4   18 106   88   +5  130   +4  130    4  15  0  0 L3P 16
G04 FF 61062 072600  780 629 1828     -396679    -11         153    +11   10  89   91   -2  128  -17  128  -17   7  0  0 L3P 23
G06 FF 61062 072600  780 144 2426    +6047620    +32         184     -2   40  15  321   +3  249   +5  249    5  29  0  0 L3P F8
G09 FF 61062 072600  780 399 2273    -7704191     +5         173     +7   31  26  127  -15  155  -27  155  -27  21  0  0 L3P 40
G16 FF 61062 072600  780 504  842    -1927812    -92         149    -16   18  29  105   -2  140   +4  140    4  14  0  0 L3P FD
G26 FF 61062 072600  780 340 1251    +3151990    +53         137     -6   30  74  145  +17  180   +9  180    9  24  0  0 L3P 0F
G31 FF 61062 072600  780 239 1314    +1712897    -33         147    -12   46  74  199  +47  211  +22  211   22  31  0  0 L3P 44
G03 FF 61062 074200  780 597 3593    -5917507    +96         153     -9   18 106   94   +8  139  +27  139   27  13  0  0 L3P 4C
G04 FF 61062 074200  780 654 1666     -396695     +5         159    +28   17  89   89   -1  117  -20  117  -20  13  0  0 L3P 26
G06 FF 61062 074200  780 138 2498    +6047636    +44         167    +10   54  15  335  +27  268   +8  268    8  41  0  0 L3P 3C
G07 FF 61062 074200  780 252 2888    +1386448     -4         163    -57   50  19  190  -38  230   +1  230    1  40  0  0 L3P 14
G09 FF 61062 074200  780 453 2215    -7704204     +4         161     +5   26  26  114  -11  149  -15  149  -15  19  0  0 L3P 29
G16 FF 61062 074200  780 509  962    -1927878    -56         156    +20   22  29  105   +1  130  -12  130  -12  18  0  0 L3P 2D
G26 FF 61062 074200  780 291 1301    +3152060    +40         150    -19   40  74  166  +27  182  +35  182   35  29  0  0 L3P 3A
G31 FF 61062 074200  780 182 1282    +1712879    +30         149    +50   41  74  257  +76  234  +10  234   10  30  0  0 L3P 3B
G03 FF 61062 075800  780 513    3    -5917395   +109         165     +4   28 106  104  +13  151  +19  151   19  23  0  0 L3P 1E
G04 FF 61062 075800  780 667 1482     -396714     -3         161    +19   19  89   88   +0  117  -12  117  -12  14  0  0 L3P 1F
G07 FF 61062 075800  780 304 2824    +1386487    +16         152    -37   56  19  161  -25  207   +3  207    3  42  0  0 L3P 2D
G09 FF 61062 075800  780 510 2154    -7704194    -21         172    -19   18  26  105   -9  132   +6  132    6  13  0  0 L3P 11
G16 FF 61062 075800  780 495 1075    -1927943    -60         163    +17   27  29  107   +4  130   -7  130   -7  21  0  0 L3P 28
G26 FF 61062 075800  780 238 1337    +3152109    +84         142    +25   35  74  200  +45  210   +7  210    7  26  0  0 L3P 17
G03 FF 61062 081400  780 430    9    -5917310   +113         147     +8   52 108  119  +19  186  +23  186   23  36  0  0 L3P 22
G04 FF 61062 081400  780 666 1287     -396737    -10         165    +12   17  90   89   +1  117  -10  117  -10  13  0  0 L3P 1D
G07 FF 61062 081400  780 354 2753    +1386549    +31         167    -22   40  20  140  -18  171   -6  171   -6  32  0  0 L3P 2C
G09 FF 61062 081400  780 569 2089    -7704194     -8         170     -7   17  40   97   -7  123   -1  123   -1  12  0  0 L3P F6
G16 FF 61062 081400  780 464 1172    -1928017    -71         164     +5   24  51  112   +7  134   +0  134    0  20  0  0 L3P E5
G26 FF 61062 081400  780 182 1361    +3152182    +76         156    +17   42  81  258  +80  230  +20  230   20  30  0  0 L3P 30
G03 FF 61062 083000  780 350   15    -5917177   +213         180   +108   87 108  141  +28  195  -47  195  -47  66  0  0 L3P 79
G04 FF 61062 083000  780 648 1101     -396764    -24         159     -1   19  90   90   +2  123   -1  123   -1  13  0  0 L3P D9
G07 FF 61062 083000  780 403 2674    +1386597    +57         165     +5   40  20  126  -13  157  -23  157  -23  30  0  0 L3P 42
G09 FF 61062 083000  780 631 2014    -7704189     -2         176     -1   14  40   91   -5  114   -9  114   -9  11  0  0 L3P E0
G16 FF 61062 083000  780 421 1248    -1928089    -77         165     -1   27  51  121  +12  142   +5  142    5  21  0  0 L3P 06
G03 FF 61062 084600  780 274   21    -5917090   +113         167     +9   63 108  176  +46  236  +61  236   61  50  0  0 L3P 3C
G04 FF 61062 084600  780 616  939     -396782    -15         163     +7   27  90   92   +3  121   +1  121    1  20  0  0 L3P C9
G07 FF 61062 084600  780 449 2587    +1386648    +41         166    -11   25  20  115   -9  140   +2  140    2  18  0  0 L3P 13
G09 FF 61062 084600  780 695 1916    -7704192    -10         174     -9   14  40   87   -4  107   +1  107    1  10  0  0 L3P F2
G16 FF 61062 084600  780 370 1304    -1928155   -114         172    -38   23  51  135  +18  142  +42  142   42  18  0  0 L3P 52
G30 FF 61062 084600  780 183 2748     -958806   -126         185     -2   47  79  257  -64  241  -34  241  -34  34  0  0 L3P 67
G04 FF 61062 090200  780 573  806     -396804    -32         163     -9   19  90   96   +5  126   +3  126    3  14  0  0 L3P D3
G07 FF 61062 090200  780 492 2490    +1386705    +58         173     +6   20  20  107   -7  129  -18  129  -18  15  0  0 L3P 37
G09 FF 61062 090200  780 756 1764    -7704188     -5         179     -4   15  40   84   -2  102   -6  102   -6  12  0  0 L3P F0
G16 FF 61062 090200  780 313 1342    -1928216   -105         184    -28   33  51  156  +27  152  +45  152   45  25  0  0 L3P 54
G30 FF 61062 090200  780 230 2689     -958911    -71         198    +53   41  79  208  -41  193  -93  193  -93  35  0  0 L3P 69
G04 FF 61062 091800  780 522  699     -396828    -13         161    +10   24  90  103   +8  129   -7  129   -7  18  0  0 L3P 0C
G07 FF 61062 091800  780 532 2381    +1386742    +33         160    -20   20  20  102   -5  129   -3  129   -3  14  0  0 L3P 08
G08 FF 61062 091800  780 292  643    -5013738    +79         152    +34   46  61  166  -23  191  -57  191  -57  35  0  0 L3P 61
G09 FF 61062 091800  780 805 1458    -7704196     +3         172     +4   18  40   82   -1  101  -12  101  -12  15  0  0 L3P FF
G16 FF 61062 091800  780 254 1365    -1928304    -78         169     -2   41  51  189  +43  178  +13  178   13  33  0  0 L3P 4E
G21 FF 61062 091800  780 150 2227    -3852209    -29         184    +43   29  66  311  -93  207  -72  207  -72  24  0  0 L3P 62
G27 FF 61062 091800  780 247  991     +238142    +63         178    -18   47  29  193   -9  180  -16  180  -16  36  0  0 L3P 40
G30 FF 61062 091800  780 275 2626     -959058    -76         171    +48   64  79  175  -28  175  -64  175  -64  45  0  0 L3P 7D
G04 FF 61062 093400  780 465  612     -396856    +13         155    +36   34  90  112  +11  134   -8  134   -8  26  0  0 L3P 0F
G07 FF 61062 093400  780 567 2258    +1386793    +37         160    -16   14  20   97   -4  111   -1  111   -1  11  0  0 L3P 06
G08 FF 61062 093400  780 331  716    -5013680    +64         166    +19   55  61  149  -15  152  -30  152  -30  45  0  0 L3P 43
G09 FF 61062 093400  780 809  944    -7704208     +1         161     +2   20  40   82   +1  100   -4  100   -4  15  0  0 L3P BB
G16 FF 61062 093400  780 193 1376    -1928371    +19         176    +96   48  51  243  +74  185  -65  185  -65  36  0  0 L3P 84
G21 FF 61062 093400  780 192 2276    -3852294    -38         168    +34   34  66  246  -48  181  -56  181  -56  23  0  0 L3P 78
G30 FF 61062 093400  780 321 2561     -959177   -134         170    -10   37  79  153  -20  149  -14  149  -14  26  0  0 L3P 5F
G04 FF 61062 095000  780 405  541     -396885    +21         147    +44   44  90  125  +16  148  -28  148  -28  33  0  0 L3P 3F
G07 FF 61062 095000  780 596 2121    +1386833    +30         150    -22   14  20   94   -3  107   -1  107   -1  10  0  0 L3P F0
G08 FF 61062 095000  780 362  798    -5013652    +49         151     +4   39  61  137   -9  143  -27  143  -27  31  0  0 L3P 2E
G09 FF 61062 095000  780 760  606    -7704215    -29         155    -28   22  40   84   +2   98  +11   98   11  17  0  0 L3P FB
G21 FF 61062 095000  780 226 2337    -3852375    -63         157     +9   24  66  210  -27  166  -41  166  -41  17  0  0 L3P 50
G30 FF 61062 095000  780 367 2492     -959299   -125         168     -1   41  79  136  -15  131  -18  131  -18  30  0  0 L3P 57
G07 FF 61062 100600  780 617 1969    +1386870    +53         141     +0   14  22   92   -2  111   +3  111    3  11  0  0 L3P D1
G08 FF 61062 100600  780 383  887    -5013623    +61         142    +16   36  62  131   -4  139  -14  139  -14  26  0  0 L3P 2D
G09 FF 61062 100600  780 692  449    -7704229     +5         144     +6   21  41   87   +4  107   +7  107    7  17  0  0 L3P CF
G21 FF 61062 100600  780 251 2406    -3852451    -71         149     +2   23  67  191  -14  158   +2  158    2  17  0  0 L3P 09
G30 FF 61062 100600  780 413 2419     -959440   -104         150    +20   28   4  123  -12  125  -15  125  -15  22  0  0 L3P 21
G07 FF 61062 102200  780 629 1805    +1386923    +27         144    -25   28  22   91   -1  102  +12  102   12  20  0  0 L3P 06
G08 FF 61062 102200  780 391  981    -5013578    +43         143     -3   31  62  129   +0  128   +0  128    0  21  0  0 L3P D7
G09 FF 61062 102200  780 617  361    -7704228     +0         146     +1   21  41   92   +7  112   +9  112    9  16  0  0 L3P B4
G14 FF 61062 102200  780 333 3100    -7303065    -32         163    -10   54  58  148  -26  158  -19  158  -19  37  0  0 L3P 52
G21 FF 61062 102200  780 264 2483    -3852526    -49         143    +24   30  67  182   -5  162  -15  162  -15  24  0  0 L3P 3F
G27 FF 61062 102200  780 211 1278     +238443    +98         168    +17   37  45  224  +30  170   -1  170   -1  24  0  0 L3P 10
G30 FF 61062 102200  780 459 2342     -959560   -116         149     +8   21   4  113   -9  117  -16  117  -16  16  0  0 L3P 1D
G05 FF 61062 103800  780 124 2292    +2277079     +3         161     -4   42  55  372  -53  179   -2  179   -2  30  0  0 L3P 0F
G07 FF 61062 103800  780 631 1634    +1386974    +30         145    -22   20  22   91   +0   91   -2   91   -2  15  0  0 L3P D8
G08 FF 61062 103800  780 385 1073    -5013546    +62         132    +17   62  62  130   +4  131  -19  131  -19  50  0  0 L3P 30
G09 FF 61062 103800  780 541  305    -7704238    -44         137    -43   26  41  100  +10  121  +23  121   23  19  0  0 L3P 18
G14 FF 61062 103800  780 397 3044    -7303098    -40         152    -17   37  58  127  -18  145   -7  145   -7  30  0  0 L3P 3E
G21 FF 61062 103800  780 265 2563    -3852609    -89         131    -16   35  67  181   +3  170   +5  170    5  26  0  0 L3P 1B
G27 FF 61062 103800  780 178 1333     +238504   +106         152    +25   50  45  263  +55  195   -2  195   -2  33  0  0 L3P 2C
G30 FF 61062 103800  780 506 2258     -959682   -144         145    -20   22   4  105   -7  110   -4  110   -4  15  0  0 L3P FC
G05 FF 61062 105400  780 137 2357    +2277088    -38         163    -45   52  55  338  -20  179  +26  179   26  37  0  0 L3P 65
G07 FF 61062 105400  780 622 1467    +1387006    +40         127    -12   23  22   92   +1   93   +1   93    1  18  0  0 L3P C8
G08 FF 61062 105400  780 364 1157    -5013484    +25         150    -21   39  62  137   +9  121  +26  121   26  29  0  0 L3P 2C
G09 FF 61062 105400  780 464  264    -7704263     -5         113     -4   35  41  112  +15  155  +18  155   18  27  0  0 L3P 0D
G14 FF 61062 105400  780 458 2976    -7303124    -36         148    -13   26  58  113  -12  131  -14  131  -14  19  0  0 L3P 4F
G21 FF 61062 105400  780 254 2643    -3852672    -85         137    -12   37  67  188  +11  164  +15  164   15  28  0  0 L3P 56
G30 FF 61062 105400  780 552 2166     -959804   -113         142    +11   18   4   99   -6  101  -19  101  -19  12  0  0 L3P 15
G05 FF 61062 111000  780 140 2426    +2277097    -15         166    -22   51  55  330   +4  175  +16  175   16  35  0  0 L3P 29
G07 FF 61062 111000  780 602 1311    +1387053    +48         123     -4   26  22   94   +2   91   -8   91   -8  20  0  0 L3P C2
G08 FF 61062 111000  780 332 1230    -5013445    +90         146    +45   23  62  148  +15  125  -37  125  -37  18  0  0 L3P 41
G09 FF 61062 111000  780 388  235    -7704245    +24         132    +25   34  41  129  +22  154   +9  154    9  27  0  0 L3P 0D
G14 FF 61062 111000  780 517 2893    -7303155    -34         139    -12   22  58  104   -8  120  -22  120  -22  18  0  0 L3P 2D
G21 FF 61062 111000  780 233 2720    -3852751    -67         128     +6   35  67  204  +21  181   +2  181    2  27  0  0 L3P 00
G22 FF 61062 111000  780 335 3009     +558977    -36         133     +8   23  82  147  -23  176  -42  176  -42  19  0  0 L3P 3B
G30 FF 61062 111000  780 598 2060     -959923   -128         142     -5   18   4   94   -4   90  -10   90  -10  12  0  0 L3P E3
G05 FF 61062 112600  780 134 2496    +2277090     +0         153     -6   48  55  344  +27  195  +10  195   10  37  0  0 L3P 23
G07 FF 61062 112600  780 574 1171    +1387107    +76         127    +24   26  22   96   +4   87  -22   87  -22  19  0  0 L3P 18
G08 FF 61062 112600  780 290 1289    -5013409    +13         138    -32   30  62  167  +25  138  +35  138   35  22  0  0 L3P 43
G09 FF 61062 112600  780 313  213    -7704269   -119         109   -117   77  41  156  +34  198 +115  198  115  51  0  0 L3P 8C
G13 FF 61062 112600  780 169 2209    -6889639    -50         168    -60   52 104  278  -99  154  +46  154   46  38  0  0 L3P 87
G14 FF 61062 112600  780 571 2790    -7303182    -40         133    -17   21  58   97   -6  110   -2  110   -2  15  0  0 L3P FB
G21 FF 61062 112600  780 204 2793    -3852803    -55         146    +18   38  67  231  +36  185   -3  185   -3  29  0  0 L3P 41
G22 FF 61062 112600  780 391 2945     +558943    -41         142     +3   38  82  129  -16  144  -34  144  -34  29  0  0 L3P 3D
G30 FF 61062 112600  780 641 1934     -960048   -107         136    +17   17   4   90   -3   88  -26   88  -26  11  0  0 L3P 04
G07 FF 61062 114200  780 538 1047    +1387152    +57         122     +5   27  22  101   +5   96   +5   96    5  17  0  0 L3P D7
G08 FF 61062 114200  780 241 1335    -5013364    +45         139     -1   51  62  198  +41  147  +19  147   19  38  0  0 L3P 37
G13 FF 61062 114200  780 230 2217    -6889637    +27         159    +17   28 104  208  -54  141  -38  141  -38  23  0  0 L3P 6F
G14 FF 61062 114200  780 618 2661    -7303211    -20         127     +2   21  58   92   -4  104  -11  104  -11  16  0  0 L3P FA
G22 FF 61062 114200  780 445 2869     +558893    -40         135     +4   39  82  116  -11  130  -20  130  -20  29  0  0 L3P 2A
G30 FF 61062 114200  780 678 1776     -960168   -135         136    -11   20   4   88   -2   79   +2   79    2  14  0  0 L3P D8
G07 FF 61062 115800  780 497  940    +1387215    +68         134    +16   21  22  106   +7   93   -1   93   -1  16  0  0 L3P EB
G08 FF 61062 115800  780 187 1368    -5013323    +23         137    -22   35  62  251  +73  169  +39  169   39  24  0  0 L3P 59
G13 FF 61062 115800  780 291 2236    -6889619    -10         167    -20   19 104  167  -33  121   -4  121   -4  15  0  0 L3P 43
G14 FF 61062 115800  780 654 2500    -7303230    -28         129     -6   17  58   89   -2  100   -2  100   -2  13  0  0 L3P E8
G17 FF 61062 115800  780 326 3550     +402222   +188         161    +75   92  13  151  -32  175  -83  175  -83  74  0  0 L3P 5E
G22 FF 61062 115800  780 495 2781     +558846    -16         131    +28   24  82  107   -8  118  -40  118  -40  18  0  0 L3P 40
G30 FF 61062 115800  780 705 1577     -960295   -141         127    -17   15   4   86   -1   81   +4   81    4  12  0  0 L3P CE
G07 FF 61062 121400  780 451  846    +1387253    +56         119     +5   28  23  114  +10  102   +0  102    0  22  0  0 L3P DA
G13 FF 61062 121400  780 351 2268    -6889612    -27         164    -37   23 105  141  -21  112  +19  112   19  18  0  0 L3P 55
G14 FF 61062 121400  780 675 2311    -7303238    -11         142    +12   17  59   88   -1   86  -17   86  -17  13  0  0 L3P 0F
G22 FF 61062 121400  780 540 2677     +558802    -44         131     +0   20  83  100   -6  113  -10  113  -10  13  0  0 L3P F2
G30 FF 61062 121400  780 714 1343     -960411   -142         132    -19   16  31   86   +0   80  +13   80   13  11  0  0 L3P DE
G07 FF 61062 123000  780 402  765    +1387318    +61         135    +10   33  23  125  +13  108  +14  108   14  25  0  0 L3P 16
G13 FF 61062 123000  780 406 2319    -6889606    -29         160    -39   20 105  125  -14  105  +29  105   29  15  0  0 L3P 58
G14 FF 61062 123000  780 680 2107    -7303256    -12         145    +11   20  59   88   +0   84   -2   84   -2  15  0  0 L3P D8
G15 FF 61062 123000  780 141 2231    -3789675    +43         157    +78   47  77  329 -100  147  -83  147  -83  36  0  0 L3P 83
G22 FF 61062 123000  780 580 2555     +558765    -57         137    -13   23  83   96   -4  106   +2  106    2  16  0  0 L3P F0
G30 FF 61062 123000  780 701 1110     -960519   -110         143    +13   20  31   86   +1   76   -6   76   -6  13  0  0 L3P C9
G07 FF 61062 124600  780 351  693    +1387375    +87         143    +36   46  23  141  +19  124   -8  124   -8  36  0  0 L3P 2D
G13 FF 61062 124600  780 455 2391    -6889584    +21         172    +11   22 105  114   -9   91   -8   91   -8  17  0  0 L3P 1C
G14 FF 61062 124600  780 668 1913    -7303273    -18         150     +5   19  59   88   +1   75  -13   75  -13  13  0  0 L3P 08
G15 FF 61062 124600  780 182 2277    -3789710     -5         156    +30   50  77  259  -52  137  -39  137  -39  35  0  0 L3P 63
G17 FF 61062 124600  780 560 3558     +402528    +94         138    -20   28  14   98  -10  109   +3  109    3  21  0  0 L3P FE
G22 FF 61062 124600  780 611 2413     +558736    -56         150    -11   21  83   93   -2   87   +0   87    0  15  0  0 L3P C5
G30 FF 61062 124600  780 668  915     -960640   -143         141    -19   25  31   88   +3   76  +16   76   16  18  0  0 L3P 00
G07 FF 61062 130200  780 298  630    +1387412    +55         131     +4   61  23  163  +28  150  +14  150   14  47  0  0 L3P 0E
G13 FF 61062 130200  780 491 2486    -6889586    +29         160    +19   31 105  107   -5   98  -18   98  -18  23  0  0 L3P 54
G14 FF 61062 130200  780 644 1742    -7303309    -42         137    -19   21  59   90   +2   79   +2   79    2  16  0  0 L3P DF
G15 FF 61062 130200  780 215 2332    -3789743    -90         157    -55   41  77  221  -30  128  +25  128   25  31  0  0 L3P 49
G17 FF 61062 130200  780 642 3567     +402630   +102         131    -12   22  14   90   -7   99   -9   99   -9  17  0  0 L3P EA
G19 FF 61062 130200  780 425 3430    -6867386    -47         143    -30   38  63  121  -19  140  -21  140  -21  27  0  0 L3P 50
G22 FF 61062 130200  780 631 2253     +558690    -69         147    -25   17  83   91   -1   79   +3   79    3  12  0  0 L3P D7
G30 FF 61062 130200  780 620  767     -960775    -88         125    +36   27  31   92   +5   87  -24   87  -24  20  0  0 L3P FB
G07 FF 61062 131800  780 243  576    +1387472    -60         142   -111   87  23  196  +43  163  +95  163   95  70  0  0 L3P 5C
G13 FF 61062 131800  780 511 2602    -6889563    +11         174     +0   28 105  104   -2   87   -9   87   -9  19  0  0 L3P 08
G14 FF 61062 131800  780 612 1598    -7303324    -17         144     +6   29  59   93   +3   75   +1   75    1  20  0  0 L3P CE
G15 FF 61062 131800  780 240 2396    -3789763    +24         170    +60   41  77  199  -16  118  -42  118  -42  31  0  0 L3P 67
G17 FF 61062 131800  780 725 3595     +402745   +115         137     +1   21  14   85   -4   87   -9   87   -9  17  0  0 L3P EB
G19 FF 61062 131800  780 506 3411    -6867399    -25         147     -8   46  63  105  -13  110  -25  110  -25  31  0  0 L3P 47
G22 FF 61062 131800  780 640 2082     +558647    -42         147     +2   18  83   90   +0   75   -4   75   -4  12  0  0 L3P C6
G30 FF 61062 131800  780 565  655     -960883   -147         135    -23   23  31   97   +7   88  +26   88   26  17  0  0 L3P 11
G13 FF 61062 133400  780 512 2728    -6889545    +19         181     +8   36 105  104   +1   82   +2   82    2  26  0  0 L3P F1
G14 FF 61062 133400  780 575 1475    -7303346    -26         143     -4   26  59   96   +4   80  +11   80   11  19  0  0 L3P F4
G15 FF 61062 133400  780 254 2467    -3789799    -24         169    +11   63  77  188   -7  122   -3  122   -3  49  0  0 L3P 43
G17 FF 61062 133400  780 805   97     +402856   +124         139    +10   22  14   82   -2   79   -5   79   -5  15  0  0 L3P CB
G19 FF 61062 133400  780 588 3385    -6867406    -24         157     -7   24  63   95   -9   89   -5   89   -5  19  0  0 L3P 16
G22 FF 61062 133400  780 638 1908     +558614    -52         156     -8   23  83   91   +1   67   +7   67    7  16  0  0 L3P CF
G30 FF 61062 133400  780 504  570     -960998   -100         140    +24   28  31  105  +10   96   -4   96   -4  20  0  0 L3P EF
G13 FF 61062 135000  780 492 2850    -6889542     -5         175    -15   29 105  107   +5   88  +18   88   18  21  0  0 L3P 2D
G14 FF 61062 135000  780 536 1369    -7303358    -37         153    -15   30  59  101   +5   81  +20   81   20  21  0  0 L3P 03
G15 FF 61062 135000  780 258 2543    -3789843     +7         158    +42   72  77  186   +1  130  -29  130  -29  52  0  0 L3P 45
G17 FF 61062 135000  780 859  709     +402973   +119         147     +5   18  14   82   +0   72   +1   72    1  16  0  0 L3P B6
G19 FF 61062 135000  780 672 3347    -6867407    +22         172    +39   24  63   88   -6   70  -34   70  -34  14  0  0 L3P 23
G22 FF 61062 135000  780 624 1744     +558562    -57         147    -13   20  83   92   +2   74  +10   74   10  15  0  0 L3P E7
G30 FF 61062 135000  780 440  503     -961117   -135         140    -11   34  31  117  +14  111  +25  111   25  26  0  0 L3P 07
G13 FF 61062 140600  780 455 2957    -6889522    +20         184     +9   31 106  114   +9   84   -3   84   -3  24  0  0 L3P 0A
G14 FF 61062 140600  780 495 1273    -7303380    -45         156    -23   32  60  107   +7   81  +14   81   14  25  0  0 L3P 0B
G15 FF 61062 140600  780 251 2620    -3789869    -26         164     +9   73  78  191   +9  121   -8  121   -8  54  0  0 L3P 29
G17 FF 61062 140600  780 807 1334     +403080   +123         143     +9   19  47   82   +2   68  -14   68  -14  15  0  0 L3P F6
G19 FF 61062 140600  780 755 3283    -6867417     -7         181    +10   25  77   84   -3   54  -18   54  -18  18  0  0 L3P 1C
G22 FF 61062 140600  780 602 1593     +558538    -37         163     +8   25   0   94   +2   62   -5   62   -5  19  0  0 L3P B9
G24 FF 61062 140600  780 158 2243    +1527757   -169         176    -17   49  46  298 -108  113  -15  113  -15  42  0  0 L3P 8D
G13 FF 61062 142200  780 407 3046    -6889518    +31         178    +21   38 106  124  +14   91  -15   91  -15  28  0  0 L3P 49
G14 FF 61062 142200  780 454 1186    -7303404    -18         149     +5   32  61  114   +8   82  -10   82  -10  22  0  0 L3P FA
G15 FF 61062 142200  780 234 2696    -3789916    -83         150    -48   96  78  203  +18  134  +38  134   38  68  0  0 L3P 74
G17 FF 61062 142200  780 730 1431     +403182   +109         136     -5   23  47   85   +4   72   +0   72    0  16  0  0 L3P B2
G19 FF 61062 142200  780 834 3107    -6867432    -21         182     -4   20  77   82   -1   47   -4   47   -4  14  0  0 L3P DF
G22 FF 61062 142200  780 573 1459     +558477    -39         145     +5   29   0   96   +4   74   -4   74   -4  22  0  0 L3P C6
G24 FF 61062 142200  780 216 2244    +1527616   -236         182    -83   50  46  220  -59   96  +33   96   33  36  0  0 L3P 42
G06 FF 61062 143800  780 338  255    +6048456    +59         145    +25   59  42  146  -28  109  -55  109  -55  42  0  0 L3P 5F
G13 FF 61062 143800  780 351 3119    -6889513     -7         174    -17   37 106  141  +21  102  +29  102   29  28  0  0 L3P 4B
G14 FF 61062 143800  780 412 1106    -7303428     +5         146    +27   42  61  123  +11   88  -12   88  -12  32  0  0 L3P 10
G15 FF 61062 143800  780 209 2768    -3789936    -38         164     -2   60  78  226  +31  135  +20  135   20  46  0  0 L3P 4D
G17 FF 61062 143800  780 652 1447     +403297   +109         143     -5   35  47   89   +6   70   +9   70    9  23  0  0 L3P DD
G19 FF 61062 143800  780 862 2087    -6867447    -19         184     -2   18  77   81   +0   42   -3   42   -3  12  0  0 L3P EF
G22 FF 61062 143800  780 540 1339     +558446    -28         157    +17   29   0  100   +5   66   -7   66   -7  23  0  0 L3P E0
G24 FF 61062 143800  780 275 2256    +1527457    -83         169    +69   56  46  176  -36   87  -53   87  -53  38  0  0 L3P 6B
G06 FF 61062 145400  780 408  299    +6048498    +24         154    -10   35  42  124  -18   91   +8   91    8  23  0  0 L3P FE
G13 FF 61062 145400  780 292 3180    -6889529   +138         148   +127   65 106  166  +32  130  -72  130  -72  41  0  0 L3P 98
G14 FF 61062 145400  780 369 1030    -7303446    -37         150    -14   46  61  135  +14   93  +30   93   30  33  0  0 L3P 19
G17 FF 61062 145400  780 576 1437     +403417    +80         154    -34   30  47   96   +8   67  +31   67   31  22  0  0 L3P F7
G19 FF 61062 145400  780 793 1695    -6867461    -14         186     +3   18  77   83   +2   39   -3   39   -3  14  0  0 L3P FE
G22 FF 61062 145400  780 502 1230     +558408    -28         160    +17   35   0  106   +6   66  -12   66  -12  27  0  0 L3P EA
G24 FF 61062 145400  780 333 2279    +1527309   -158         167     -6   34  46  148  -23   82   -7   82   -7  25  0  0 L3P 26
G06 FF 61062 151000  780 478  356    +6048531    +35         155     +1   30  42  110  -12   81  -11   81  -11  23  0  0 L3P EE
G12 FF 61062 151000  780 176 2464    +6068277    -92         161    -96   67   6  267  -68  114  +57  114   57  51  0  0 L3P 55
G14 FF 61062 151000  780 326  960    -7303460     -3         158    +20   40  61  150  +18   99   +2   99    2  31  0  0 L3P D1
G17 FF 61062 151000  780 503 1417     +403534   +106         160     -7   35  47  105  +11   64   +2   64    2  25  0  0 L3P CF
G19 FF 61062 151000  780 718 1595    -6867485    -19         179     -2   20  77   86   +4   42   -4   42   -4  13  0  0 L3P F4
G22 FF 61062 151000  780 462 1132     +558358    -15         153    +29   42   0  112   +8   75  -27   75  -27  30  0  0 L3P F1
G24 FF 61062 151000  780 389 2318    +1527169   -139         174    +13   33  46  129  -16   67  -23   67  -23  26  0  0 L3P 54
G06 FF 61062 152600  780 543  435    +6048578    +40         168     +6   34  42  100   -8   63   -8   63   -8  25  0  0 L3P E2
G12 FF 61062 152600  780 222 2414    +6068294   -103         175   -107   66   6  214  -45   83  +36   83   36  49  0  0 L3P 42
G17 FF 61062 152600  780 433 1389     +403642   +130         160    +16   28  47  118  +15   72   -9   72   -9  20  0  0 L3P 0B
G19 FF 61062 152600  780 646 1534    -6867504    -43         175    -26   29  77   90   +5   45  +19   45   19  19  0  0 L3P 29
G22 FF 61062 152600  780 420 1043     +558303    -30         141    +14   37   0  121  +11   82   +1   82    1  27  0  0 L3P AE
G24 FF 61062 152600  780 441 2376    +1527010   -149         160     +3   41  46  117  -11   67  -14   67  -14  32  0  0 L3P 24
G06 FF 61062 154200  780 600  548    +6048603    +53         160    +19   27  42   94   -5   58  -25   58  -25  19  0  0 L3P 08
G11 FF 61062 154200  780 318 3586    +4652318    -67         137    +66   62 140  155  -34  121  -65  121  -65  51  0  0 L3P 6E
G12 FF 61062 154200  780 271 2364    +6068266    -22         143    -25   53   6  178  -31   84   +3   84    3  39  0  0 L3P F6
G17 FF 61062 154200  780 367 1356     +403734    +23         143    -91   39  47  135  +21   85  +53   85   53  26  0  0 L3P 1D
G19 FF 61062 154200  780 576 1483    -6867520    -20         176     -3   39  77   96   +7   37   +1   37    1  29  0  0 L3P EB
G22 FF 61062 154200  780 376  961     +558266    -12         147    +32   46   0  133  +14   86  -18   86  -18  36  0  0 L3P 09
G24 FF 61062 154200  780 484 2456    +1526860   -136         157    +16   37  46  109   -7   56  -30   56  -30  26  0  0 L3P 40
G06 FF 61062 155800  780 639  704    +6048635    +37         160     +3   37  42   91   -2   52  -14   52  -14  24  0  0 L3P EC
G12 FF 61062 155800  780 322 2315    +6068295    +17         169    +14   47   6  152  -23   51  -19   51  -19  34  0  0 L3P 26
G17 FF 61062 155800  780 305 1320     +403875   +206         174    +92   66  47  159  +29   64  -64   64  -64  46  0  0 L3P 4C
G19 FF 61062 155800  780 511 1436    -6867543    -45         170    -28   31  77  104  +10   41  +19   41   19  22  0  0 L3P 2B
G22 FF 61062 155800  780 329  885     +558215    -96         138    -51   34   0  149  +19  101  +42  101   42  23  0  0 L3P 14
G24 FF 61062 155800  780 514 2559    +1526715   -173         158    -21   32  46  104   -3   45   +7   45    7  22  0  0 L3P 07
G06 FF 61062 161400  780 650  894    +6048663    +29         159     -5   27  45   90   +0   49   +0   49    0  21  0  0 L3P C3
G11 FF 61062 161400  780 474    5    +4652058   -181         129    -48   36 141  111  -15   79  +15   79   15  28  0  0 L3P 1D
G12 FF 61062 161400  780 376 2268    +6068274    +69         136    +66   28  29  133  -17   58  -59   58  -59  25  0  0 L3P 60
G17 FF 61062 161400  780 246 1280     +403941   +185         130    +71   77  52  194  +43  102  -44  102  -44  55  0  0 L3P 4A
G19 FF 61062 161400  780 449 1390    -6867577    -65         155    -48   25  78  115  +13   46  +32   46   32  18  0  0 L3P 49
G24 FF 61062 161400  780 527 2680    +1526562   -165         153    -13   35  47  102   +0   47   +3   47    3  26  0  0 L3P F9
G06 FF 61062 163000  780 631 1074    +6048693    +37         156     +3   31  45   91   +3   45   +0   45    0  21  0  0 L3P B9
G11 FF 61062 163000  780 555   19    +4651921   -149         120    -16   33 141   99  -10   69   -1   69   -1  25  0  0 L3P FB
G12 FF 61062 163000  780 433 2223    +6068278     -8         137    -11   23  29  119  -13   43  -10   43  -10  15  0  0 L3P 0B
G17 FF 61062 163000  780 191 1237     +404060   +124         140    +11   73  52  246  +68  100   -2  100   -2  55  0  0 L3P 07
G19 FF 61062 163000  780 391 1343    -6867604    -46         144    -29   40  78  129  +16   52   +4   52    4  32  0  0 L3P 0D
G24 FF 61062 163000  780 520 2806    +1526406   -155         143     -2   36  47  103   +2   46   -7   46   -7  28  0  0 L3P F4
G06 FF 61062 164600  780 587 1209    +6048726     +1         157    -33   32  45   95   +6   42  +19   42   19  24  0  0 L3P FD
G11 FF 61062 164600  780 638   46    +4651801   -148         128    -15   20 141   91   -7   55   +8   55    8  14  0  0 L3P E4
G12 FF 61062 164600  780 493 2178    +6068270    +13         126     +9   16  29  107  -10   43  -18   43  -18  12  0  0 L3P 1F
G19 FF 61062 164600  780 336 1296    -6867613     +5         151    +22   39  78  146  +21   52   -6   52   -6  29  0  0 L3P 14
G24 FF 61062 164600  780 494 2924    +1526250   -172         135    -19   29  47  107   +6   49   +9   49    9  23  0  0 L3P 1B
G06 FF 61062 170200  780 528 1296    +6048761    +49         159    +15   33  45  102   +9   39  -12   39  -12  24  0  0 L3P 28
G11 FF 61062 170200  780 719  104    +4651675   -119         130    +14   24 141   86   -4   50  -14   50  -14  17  0  0 L3P 0C
G12 FF 61062 170200  780 557 2134    +6068273    -49         126    -52   24  29   98   -8   37  +38   37   38  18  0  0 L3P 1F
G19 FF 61062 170200  780 284 1247    -6867634    -22         147     -5   39  78  170  +28   60  +31   60   31  30  0  0 L3P 1E
G24 FF 61062 170200  780 454 3025    +1526093   -176         123    -24   33  47  114   +9   59  +26   59   26  23  0  0 L3P 27
G25 FF 61062 170200  780 178 2288    -4483561    +89         151    +65   53  38  264  -82   35  -48   35  -48  39  0  0 L3P 5E
G06 FF 61062 171800  780 463 1347    +6048794    +22         159    -12   28  45  112  +13   42  +17   42   17  20  0  0 L3P 21
G11 FF 61062 171800  780 793  268    +4651553   -129         135     +4   22 141   83   -2   37   -7   37   -7  16  0  0 L3P F6
G12 FF 61062 171800  780 624 2089    +6068277    -10         126    -14   17  29   92   -6   36  +11   36   11  13  0  0 L3P 01
G24 FF 61062 171800  780 403 3109    +1525945   -185         121    -33   53  47  125  +14   63  +20   63   20  39  0  0 L3P 2F
G25 FF 61062 171800  780 236 2267    -4483551    +55         138    +31   48  38  203  -49   36  -40   36  -40  36  0  0 L3P 42
G06 FF 61062 173400  780 395 1374    +6048826    +35         158     +1   37  45  128  +19   54  +12   54   12  27  0  0 L3P 1E
G11 FF 61062 173400  780 831  783    +4651434   -132         144     +1   24 141   82   +0   31  +10   31   10  18  0  0 L3P DC
G12 FF 61062 173400  780 694 2040    +6068287    +21         133    +18   26  29   87   -4   31   -6   31   -6  19  0  0 L3P EF
G24 FF 61062 173400  780 347 3178    +1525818   -151         140     +2   61  47  142  +22   63  +10   63   10  49  0  0 L3P 19
G25 FF 61062 173400  780 296 2251    -4483527    +42         139    +18   41  38  164  -32   34   -7   34   -7  28  0  0 L3P 1E
G06 FF 61062 175000  780 327 1385    +6048864    +13         163    -21   44  45  150  +28   66  +38   66   38  33  0  0 L3P 33
G11 FF 61062 175000  780 787 1243    +4651299   -123         137    +10   26 141   83   +2   38   -3   38   -3  19  0  0 L3P 0E
G12 FF 61062 175000  780 767 1975    +6068301     +3         144     +0   34  29   84   -3   29   +8   29    8  24  0  0 L3P C4
G25 FF 61062 175000  780 359 2244    -4483479    -19         164    -43   37  38  139  -22   17  +31   17   31  25  0  0 L3P 38
G29 FF 61062 175000  780 208 2617    +3886005    -25         138    +40   72 189  227  -47   55  -25   55  -25  58  0  0 L3P 61
G06 FF 61062 180600  780 260 1383    +6048902    +60         171    +26   43  64  184  +44   73   -5   73   -5  33  0  0 L3P 10
G11 FF 61062 180600  780 715 1377    +4651181   -123         143    +10   21 142   86   +4   42   -1   42   -1  16  0  0 L3P F2
G12 FF 61062 180600  780 841 1823    +6068313    +14         149    +10   20  30   82   -1   28  -12   28  -12  15  0  0 L3P F4
G21 FF 61062 180600  780 363  565    -3854543    -43         143    +30   52  72  137  -17   78  -35   78  -35  38  0  0 L3P 38
G25 FF 61062 180600  780 424 2248    -4483460    +28         160     +4   30  48  121  -16   26   -7   26   -7  22  0  0 L3P F8
G29 FF 61062 180600  780 252 2555    +3885969   -231         168   -166   53 190  190  -32   34  +96   34   96  38  0  0 L3P 8B
G05 FF 61062 182200  780 346  266    +2277245    +49         152    +42   40  59  143  -26   82  -40   82  -40  28  0  0 L3P 25
G11 FF 61062 182200  780 639 1416    +4651049   -177         139    -44   26 142   90   +6   47  +33   47   33  17  0  0 L3P 31
G12 FF 61062 182200  780 868  640    +6068307     +9         140     +5   23  30   81   +0   32   -1   32   -1  16  0  0 L3P 9B
G21 FF 61062 182200  780 410  645    -3854619    -73         136     -1   42  72  124  -11   76   -3   76   -3  35  0  0 L3P EB
G25 FF 61062 182200  780 490 2266    -4483448    +31         148     +7   42  48  108  -11   25  -10   25  -10  31  0  0 L3P 17
G29 FF 61062 182200  780 296 2492    +3885896    -88         156    -23   57 190  164  -23   31  +20   31   20  43  0  0 L3P 50
G05 FF 61062 183800  780 416  313    +2277251    +31         151    +24   39  59  123  -17   74  -21   74  -21  29  0  0 L3P 1D
G11 FF 61062 183800  780 565 1421    +4650915   -135         132     -2   29 142   97   +9   58  +17   58   17  21  0  0 L3P 20
G12 FF 61062 183800  780 793  310    +6068315     +9         144     +5   24  30   83   +2   38  +11   38   11  17  0  0 L3P C1
G21 FF 61062 183800  780 447  741    -3854693    -45         132    +28   32  72  116   -7   78   -9   78   -9  24  0  0 L3P 10
G25 FF 61062 183800  780 555 2307    -4483429    +15         145     -9   28  48   99   -8   27  +15   27   15  20  0  0 L3P 0E
G29 FF 61062 183800  780 341 2427    +3885821    -20         144    +45   53 190  145  -18   40  -25   40  -25  36  0  0 L3P 4B
G05 FF 61062 185400  780 484  375    +2277266    +36         160    +29   32  59  109  -12   73  -21   73  -21  25  0  0 L3P 2A
G11 FF 61062 185400  780 493 1409    +4650800    -94         146    +39   35 142  107  +12   61  -10   61  -10  27  0  0 L3P 38
G12 FF 61062 185400  780 713  238    +6068326    +27         152    +23   22  30   86   +4   47   -2   47   -2  17  0  0 L3P D3
G21 FF 61062 185400  780 470  849    -3854748    -73         148     +0   38  72  111   -3   74   +6   74    6  28  0  0 L3P E6
G25 FF 61062 185400  780 616 2384    -4483396    +37         155    +13   22  48   92   -5   31   +8   31    8  16  0  0 L3P EF
G29 FF 61062 185400  780 387 2359    +3885763   -108         148    -43   34 190  130  -14   49  +46   49   46  27  0  0 L3P 75
G05 FF 61062 191000  780 548  459    +2277267     +2         155     -5   37  59  100   -8   74   +0   74    0  28  0  0 L3P C2
G11 FF 61062 191000  780 425 1389    +4650666    -88         139    +45   44 142  120  +16   76  -26   76  -26  29  0  0 L3P 5A
G12 FF 61062 191000  780 631  200    +6068325    -22         148    -26   28  30   91   +7   64  +29   64   29  19  0  0 L3P EE
G21 FF 61062 191000  780 476  964    -3854825    -61         140    +12   34  72  110   +1   81  -13   81  -13  27  0  0 L3P 04
G25 FF 61062 191000  780 666 2514    -4483372    +20         156     -4   27  48   89   -3   35   +5   35    5  20  0  0 L3P D3
G29 FF 61062 191000  780 434 2289    +3885717   -125         165    -60   27 190  118  -11   45  +65   45   65  20  0  0 L3P 5D
G05 FF 61062 192600  780 601  577    +2277265     -6         146    -13   33  59   94   -4   76   +9   76    9  23  0  0 L3P D8
G11 FF 61062 192600  780 360 1362    +4650551   -183         152    -50   34 142  138  +22   81  +64   81   64  25  0  0 L3P 42
G12 FF 61062 192600  780 550  174    +6068318     -7         138    -11   22  30   99  +10   81  +22   81   22  14  0  0 L3P E4
G21 FF 61062 192600  780 463 1074    -3854896    -70         139     +3   37  72  112   +4   83   +6   83    6  31  0  0 L3P EC
G25 FF 61062 192600  780 693 2710    -4483352    +27         153     +4   22  48   87   -1   41   +4   41    4  16  0  0 L3P CC
G29 FF 61062 192600  780 483 2216    +3885641    -82         151    -17   27 190  109   -9   60  +18   60   18  19  0  0 L3P 3E
G05 FF 61062 194200  780 635  736    +2277280    -14         154    -21   24  59   91   -2   74  +14   74   14  19  0  0 L3P F8
G11 FF 61062 194200  780 298 1330    +4650430   -134         159     -1   40 142  163  +30   98  +34   98   34  28  0  0 L3P 37
G12 FF 61062 194200  780 469  155    +6068338    +33         154    +30   22  30  111  +15   86   -9   86   -9  19  0  0 L3P 04
G21 FF 61062 194200  780 434 1171    -3854954    -62         151    +11   30  72  118   +8   81   -2   81   -2  22  0  0 L3P F1
G25 FF 61062 194200  780 687 2935    -4483325    +34         157    +10   21  48   87   +1   46   +2   46    2  16  0  0 L3P E8
G29 FF 61062 194200  780 533 2136    +3885572    -36         144    +29   23 190  101   -7   67  -10   67  -10  17  0  0 L3P 3B
G05 FF 61062 195800  780 642  920    +2277292    +14         160     +7   28  59   90   +1   66   +5   66    5  20  0  0 L3P C2
G11 FF 61062 195800  780 241 1293    +4650297   -158         153    -25   54 142  198  +44  128  +52  128   52  42  0  0 L3P 7D
G12 FF 61062 195800  780 391  142    +6068341    +44         155    +41   33  30  129  +22  101  -20  101  -20  24  0  0 L3P 1F
G18 FF 61062 195800  780 281 2837    +4442702    -78         153    +19   52 108  172  -29   97   -7   97   -7  38  0  0 L3P 50
G21 FF 61062 195800  780 392 1249    -3855027   -105         148    -32   50  72  128  +13   89  +28   89   28  41  0  0 L3P 53
G25 FF 61062 195800  780 648 3119    -4483305    +11         154    -13   26  48   90   +4   55  +21   55   21  19  0  0 L3P 09
G29 FF 61062 195800  780 583 2045    +3885506    -77         140    -12   19 190   95   -5   69  +10   69   10  14  0  0 L3P 2F
G05 FF 61062 201400  780 619 1088    +2277301    +15         165     +8   32  60   92   +3   76  +10   76   10  22  0  0 L3P DD
G18 FF 61062 201400  780 330 2767    +4442612    -18         159    +79   54 109  149  -20   95  -62   95  -62  42  0  0 L3P 5A
G21 FF 61062 201400  780 340 1307    -3855091    -41         152    +32   41  73  145  +21   97   -1   97   -1  32  0  0 L3P FA
G25 FF 61062 201400  780 590 3243    -4483277    +56         159    +32   28  52   95   +7   62   -1   62   -1  19  0  0 L3P F4
G29 FF 61062 201400  780 634 1938    +3885443    -18         138    +47   26   0   91   -4   76  -25   76  -25  19  0  0 L3P 19
G05 FF 61062 203000  780 575 1213    +2277321    -13         178    -20   29  60   96   +6   75  +18   75   18  21  0  0 L3P FE
G18 FF 61062 203000  780 376 2691    +4442541   -106         181     -9   37 109  133  -14   79   +9   79    9  29  0  0 L3P 2C
G21 FF 61062 203000  780 283 1347    -3855153   -134         159    -61   51  73  170  +33  110  +67  110   67  36  0  0 L3P 52
G25 FF 61062 203000  780 521 3324    -4483256    +14         157    -10   42  52  103  +10   79  +21   79   21  29  0  0 L3P 11
G29 FF 61062 203000  780 682 1799    +3885379    -42         136    +23   22   0   88   -3   81  -18   81  -18  16  0  0 L3P 16
G05 FF 61062 204600  780 517 1294    +2277317     +5         168     -2   34  60  103   +9   89   -4   89   -4  24  0  0 L3P E3
G18 FF 61062 204600  780 419 2608    +4442438   -102         171     -6   35 109  122  -10   82   -4   82   -4  26  0  0 L3P 1A
G21 FF 61062 204600  780 224 1373    -3855236   -112         146    -39   37  73  212  +56  144  +57  144   57  30  0  0 L3P 5E
G23 FF 61062 204600  780 238 3328    -6028886    +38         155    +88   49  97  202  -59  147  -85  147  -85  35  0  0 L3P 8D
G26 FF 61062 204600  780 181 2275    +3154880    +18         170    -41   58  61  261  -59  121  +15  121   15  38  0  0 L3P 46
G29 FF 61062 204600  780 722 1608    +3885329    -63         148     +1   26   0   85   -2   73   -4   73   -4  19  0  0 L3P D5
G05 FF 61062 210200  780 453 1343    +2277330     -1         174     -8   41  60  114  +13   91  +20   91   20  29  0  0 L3P E1
G18 FF 61062 210200  780 460 2517    +4442344    -85         170    +11   31 109  113   -8   80   -6   80   -6  24  0  0 L3P FE
G21 FF 61062 210200  780 163 1387    -3855282    -68         170     +5   55  73  287 +106  163  +21  163   21  42  0  0 L3P 48
G23 FF 61062 210200  780 310 3300    -6028922   -150         167   -100   93  97  158  -35  123  +37  123   37  62  0  0 L3P 5F
G26 FF 61062 210200  780 219 2328    +3154934     +4         167    -55   57  61  217  -34  117  +36  117   36  40  0  0 L3P 38
G29 FF 61062 210200  780 744 1347    +3885265    -54         147    +10   21   0   84   +0   77   -2   77   -2  15  0  0 L3P D6
G05 FF 61062 211800  780 387 1368    +2277328    +41         165    +34   29  60  130  +19  106   +1  106    1  21  0  0 L3P 15
G15 FF 61062 211800  780 356  592    -3790798   -128         147    -93   61 102  140  -16  139  +61  139   61  48  0  0 L3P 77
G18 FF 61062 211800  780 498 2417    +4442256    -91         175     +5   29 109  106   -6   72   +1   72    1  22  0  0 L3P F4
G23 FF 61062 211800  780 383 3264    -6028979    +69         158   +119   53  97  131  -22  112  -87  112  -87  38  0  0 L3P 8B
G26 FF 61062 211800  780 249 2392    +3154984    +15         160    -44   61  61  193  -19  115  +40  115   40  48  0  0 L3P 4C
G29 FF 61062 211800  780 738 1056    +3885195    -57         139     +8   21   0   85   +1   82   +2   82    2  16  0  0 L3P C6
G05 FF 61062 213400  780 321 1378    +2277328    -42         159    -49   36  60  152  +28  131  +56  131   56  25  0  0 L3P 4C
G15 FF 61062 213400  780 399  673    -3790808     +7         170    +43   48 102  127  -11  113  -36  113  -36  34  0  0 L3P 46
G18 FF 61062 213400  780 532 2309    +4442147   -118         158    -21   20 109  101   -4   86  +15   86   15  14  0  0 L3P 2C
G23 FF 61062 213400  780 456 3217    -6029019    -70         166    -20   52  97  114  -15   96   -2   96   -2  41  0  0 L3P 14
G26 FF 61062 213400  780 269 2463    +3155030    +20         149    -39   89  61  179   -9  127  +16  127   16  63  0  0 L3P 47
G29 FF 61062 213400  780 703  819    +3885134    -55         140    +10   26   0   86   +3   87   -8   87   -8  18  0  0 L3P D9
G05 FF 61062 215000  780 257 1377    +2277331    +37         155    +30   41  60  186  +44  159  +15  159   15  32  0  0 L3P 46
G15 FF 61062 215000  780 432  765    -3790848    -40         165     -5   42 102  119   -6  112   -5  112   -5  33  0  0 L3P 05
G18 FF 61062 215000  780 562 2190    +4442067    -89         171     +7   25 109   98   -3   80   -2   80   -2  18  0  0 L3P F2
G23 FF 61062 215000  780 529 3154    -6029071    -29         162    +21   25  97  102  -10   88  -14   88  -14  18  0  0 L3P 34
G26 FF 61062 215000  780 277 2541    +3155094    +87         157    +28   62  61  174   -2  127   -9  127   -9  54  0  0 L3P 31
G29 FF 61062 215000  780 650  654    +3885068    -81         137    -16   32   0   90   +4   94  +23   94   23  21  0  0 L3P E2
G05 FF 61062 220600  780 194 1366    +2277344   +100         164    +93   55  79  242  +75  190  -13  190  -13  40  0  0 L3P 66
G15 FF 61062 220600  780 451  867    -3790870    -47         173    -12   44 103  115   -3  106  +27  106   27  32  0  0 L3P 34
G16 FF 61062 220600  780 168 2276    -1931772    -72         195     +4   34  96  279  -54  144   +4  144    4  25  0  0 L3P 2A
G18 FF 61062 220600  780 587 2060    +4441983    -75         178    +22   23 110   95   -2   82   +5   82    5  19  0  0 L3P FA
G23 FF 61062 220600  780 599 3068    -6029111     -5         169    +45   34  98   94   -7   83  -16   83  -16  27  0  0 L3P 1E
G26 FF 61062 220600  780 275 2622    +3155168    +65         172     +6   59  62  175   +5  122  +12  122   12  48  0  0 L3P 1F
G29 FF 61062 220600  780 588  542    +3885012    -25         142    +40   30   3   95   +7  105   -6  105   -6  21  0  0 L3P E0
G15 FF 61062 222200  780 456  973    -3790895    -48         182    -13   40 103  114   +1  106  +10  106   10  28  0  0 L3P 2A
G16 FF 61062 222200  780 197 2336    -1931834    -70         206     +6   31  96  240  -29  127   -6  127   -6  25  0  0 L3P 27
G18 FF 61062 222200  780 606 1918    +4441891   -108         178    -11   19 110   93   -2   86  +16   86   16  14  0  0 L3P 30
G23 FF 61062 222200  780 663 2945    -6029149    -47         178     +3   22  98   89   -4   77   -7   77   -7  16  0  0 L3P 04
G26 FF 61062 222200  780 261 2702    +3155215    +38         162    -21   52  62  184  +13  137   +9  137    9  36  0  0 L3P 1B
G29 FF 61062 222200  780 521  461    +3884953    -82         145    -17   24   3  103  +10  118  +27  118   27  17  0  0 L3P 21
G10 FF 61062 223800  780 307 3047    +5843340     +2         166    -22   38  35  159  -29  148  +24  148   24  28  0  0 L3P 3E
G13 FF 61062 223800  780 212 1263    -6889176    -11         180    -21   29  12  223  +24  179  +47  179   47  21  0  0 L3P 52
G15 FF 61062 223800  780 444 1075    -3790936    -26         175    +10   47 103  116   +4  117   +0  117    0  35  0  0 L3P 19
G16 FF 61062 223800  780 216 2404    -1931929    -69         185     +7   33  96  219  -14  142   +1  142    1  27  0  0 L3P 1B
G18 FF 61062 223800  780 619 1766    +4441792   -100         172     -3   22 110   92   -1   93   +6   93    6  17  0  0 L3P F4
G23 FF 61062 223800  780 715 2759    -6029204    -36         172    +14   22  98   86   -2   84  -10   84  -10  16  0  0 L3P 19
G26 FF 61062 223800  780 238 2779    +3155288    +59         178     +0   77  62  200  +22  145  +32  145   32  55  0  0 L3P 46
G29 FF 61062 223800  780 451  401    +3884909    -33         163    +32   32   3  114  +14  125   +4  125    4  24  0  0 L3P F1
G10 FF 61062 225400  780 367 2983    +5843377    -68         181    -92   57  35  136  -19  124  +55  124   55  41  0  0 L3P 68
G15 FF 61062 225400  780 417 1164    -3790976    -29         169     +6   39 103  122   +8  127   +6  127    6  30  0  0 L3P 20
G16 FF 61062 225400  780 225 2477    -1931988   -100         199    -24   31  96  211   -3  133  +16  133   16  26  0  0 L3P 4F
G18 FF 61062 225400  780 623 1607    +4441693   -116         166    -19   33 110   92   +0   97  +10   97   10  20  0  0 L3P 1F
G23 FF 61062 225400  780 744 2489    -6029259    -64         164    -14   20  98   84   -1   85   +3   85    3  15  0  0 L3P F8
G29 FF 61062 225400  780 381  355    +3884869    +16         186    +81   45   3  131  +21  133  -46  133  -46  32  0  0 L3P 3F
G10 FF 61062 231000  780 424 2908    +5843393    +35         174    +11   49  35  121  -13  123   -9  123   -9  37  0  0 L3P 2A
G15 FF 61062 231000  780 379 1237    -3791014    -58         165    -23   37 103  132  +13  149  +42  149   42  28  0  0 L3P 5A
G16 FF 61062 231000  780 223 2553    -1932071    -81         189     -4   24  96  212   +7  155  +10  155   10  19  0  0 L3P 19
G18 FF 61062 231000  780 617 1448    +4441596   -114         161    -18   24 110   92   +1  108  +23  108   23  18  0  0 L3P 3A
G23 FF 61062 231000  780 741 2184    -6029310    -62         161    -12   20  98   85   +1   93  +12   93   12  14  0  0 L3P EF
G27 FF 61062 231000  780 192 2224     +242219    +51         199    -30   43  50  246  -75  166   +9  166    9  34  0  0 L3P 17
G29 FF 61062 231000  780 310  319    +3884808    -57         187     +8   71   3  157  +33  162  +42  162   42  52  0  0 L3P 19
G10 FF 61062 232600  780 477 2818    +5843408    +37         166    +13   38  35  110   -9  121  -17  121  -17  28  0  0 L3P 46
G15 FF 61062 232600  780 332 1292    -3791054    -14         158    +21   44 103  148  +20  170   +9  170    9  30  0  0 L3P 27
G16 FF 61062 232600  780 211 2629    -1932157    -49         176    +27   37  96  224  +18  177   -5  177   -5  30  0  0 L3P 4A
G18 FF 61062 232600  780 602 1295    +4441501   -120         159    -24   27 110   94   +2  113  +23  113   23  21  0  0 L3P 26
G23 FF 61062 232600  780 708 1939    -6029362    -37         158    +13   26  98   86   +2   97   -3   97   -3  18  0  0 L3P 11
G27 FF 61062 232600  780 251 2243     +242282    +71         184    -10   38  50  192  -43  162   -7  162   -7  30  0  0 L3P 13
G10 FF 61062 234200  780 524 2713    +5843425    +35         160    +11   22  35  103   -6  121  -11  121  -11  17  0  0 L3P 16
G15 FF 61062 234200  780 279 1332    -3791088    -84         158    -48   43 103  173  +32  192  +65  192   65  31  0  0 L3P 70
G16 FF 61062 234200  780 190 2703    -1932236   -145         170    -69   44  96  248  +32  203  +81  203   81  32  0  0 L3P 5B
G18 FF 61062 234200  780 578 1154    +4441415    -96         166     +0   30 110   96   +3  116   +7  116    7  21  0  0 L3P F7
G23 FF 61062 234200  780 661 1769    -6029408    -24         160    +26   19  98   89   +4  104  -12  104  -12  13  0  0 L3P 34
G27 FF 61062 234200  780 307 2273     +242373   +115         198    +34   53  50  159  -27  141  -31  141  -31  39  0  0 L3P 4E
