CGGTTS     GENERIC DATA FORMAT VERSION = 2E
REV DATE = 2024-12-02                    
RCVR = Septentrio PolaRx2 S/N 3252   R2CGGTTS v8.8    
CH = 20 
IMS = Septentrio PolaRx2 S/N 3252   
LAB = NMI Australia                 
X = -4648241.00 m 
Y = +2560636.48 m 
Z = -3526317.74 m 
FRAME = ITRF
COMMENTS =           IGS antenna SYDN              
INT DLY =  211.7 ns (GPS P1),  213.3 ns (GPS P2)     CAL_ID = 1015-2021           
CAB DLY = 2484.6 ns 
REF DLY =  338.6 ns
REF = UTC(AUS)                      
CKSUM = 82

SAT CL  MJD  STTIME TRKL ELV AZTH   REFSV      SRSV     REFSYS    SRSYS  DSG IOE MDTR SMDT MDIO SMDI MSIO SMSI ISG FR HC FRC CK
             hhmmss  s  .1dg .1dg    .1ns     .1ps/s     .1ns    .1ps/s .1ns     .1ns.1ps/s.1ns.1ps/s.1ns.1ps/s.1ns
G10 FF 61045 000600  780 359 2991    +5800121    +45        -110    +13   43  29  139  -20  307  -31  307  -31  31  0  0 L3P 44
G13 FF 61045 000600  780 186 1319    -6905133    -39         -97    -50   31  47  252  +43  337  +58  337   58  22  0  0 L3P 55
G15 FF 61045 000600  780 420 1156    -3736833    -55        -113    -20   31  43  121   +8  246  +24  246   24  22  0  0 L3P 2B
G16 FF 61045 000600  780 223 2464    -1813952    -63        -120    +14   33   0  213   -5  312   -1  312   -1  24  0  0 L3P F1
G18 FF 61045 000600  780 623 1628    +4592315    -92        -112     +6   23 117   92   +0  184   -7  184   -7  15  0  0 L3P 1A
G23 FF 61045 000600  780 744 2511    -5951782    -35        -113    +16   19 110   84   -1  178  -17  178  -17  13  0  0 L3P 53
G29 FF 61045 000600  780 378  360    +3983882   -108        -121    -45   48  17  132  +22  318  +98  318   98  39  0  0 L3P 78
G10 FF 61045 002200  780 416 2917    +5800168    +38         -93     +6   38  29  122  -14  279  -24  279  -24  29  0  0 L3P 4D
G15 FF 61045 002200  780 383 1230    -3736864    -49        -111    -14   31  43  131  +13  259  +45  259   45  21  0  0 L3P 4C
G16 FF 61045 002200  780 222 2540    -1814000    -58         -93    +19   28   0  213   +5  317  +30  317   30  23  0  0 L3P FC
G18 FF 61045 002200  780 619 1468    +4592227    -81        -105    +17   24 117   92   +1  190   +5  190    5  16  0  0 L3P 1D
G23 FF 61045 002200  780 743 2203    -5951825    -44        -107     +7   16 110   84   +1  180   +7  180    7  13  0  0 L3P FB
G27 FF 61045 002200  780 185 2223     +124711   +125         -69    +54   48  48  255  -80  299  -56  299  -56  35  0  0 L3P 6C
G10 FF 61045 003800  780 470 2829    +5800205    +31         -86     -1   37  29  111  -10  246  -30  246  -30  29  0  0 L3P 2D
G15 FF 61045 003800  780 337 1287    -3736892    -75        -106    -40   41  43  146  +19  275  +47  275   47  31  0  0 L3P 6F
G16 FF 61045 003800  780 212 2616    -1814089   -110        -109    -33   35   0  223  +16  361  +47  361   47  30  0  0 L3P 45
G18 FF 61045 003800  780 605 1314    +4592143    -80         -95    +18   24 117   93   +2  191   -8  191   -8  19  0  0 L3P 26
G23 FF 61045 003800  780 712 1952    -5951864    -46         -96     +5   24 110   86   +2  177   -1  177   -1  16  0  0 L3P 16
G27 FF 61045 003800  780 244 2240     +124754    +53         -93    -17   45  48  197  -46  295  -13  295  -13  33  0  0 L3P 4F
G10 FF 61045 005400  780 518 2726    +5800214    +37        -108     +5   23  29  103   -7  234  -26  234  -26  16  0  0 L3P 2F
G15 FF 61045 005400  780 285 1329    -3736927    -86        -107    -50   52  43  170  +30  299  +78  299   78  39  0  0 L3P 83
G16 FF 61045 005400  780 192 2691    -1814150    -48         -95    +29   40   0  245  +30  389  +23  389   23  28  0  0 L3P 3E
G18 FF 61045 005400  780 582 1171    +4592044    -78        -100    +20   37 117   96   +3  202   -4  202   -4  27  0  0 L3P 1D
G23 FF 61045 005400  780 665 1777    -5951924    -37        -107    +14   21 110   89   +4  184   -4  184   -4  15  0  0 L3P 39
G27 FF 61045 005400  780 301 2269     +124813    +46        -102    -24   39  48  162  -28  282   +1  282    1  30  0  0 L3P 10
G10 FF 61045 011000  780 560 2605    +5800233    +22        -119    -10   24  29   98   -4  225   -3  225   -3  18  0  0 L3P FF
G15 FF 61045 011000  780 230 1357    -3736956   -140        -101   -105   45  43  207  +49  339 +119  339  119  33  0  0 L3P 9C
G18 FF 61045 011000  780 551 1042    +4591948    -97        -103     +1   24 117   99   +4  216  +13  216   13  17  0  0 L3P 28
G23 FF 61045 011000  780 613 1651    -5951964    -43         -98     +8   17 110   93   +5  184   +4  184    4  11  0  0 L3P FD
G27 FF 61045 011000  780 355 2313     +124882    +63        -101     -8   28  48  140  -18  260   -9  260   -9  23  0  0 L3P 10
G10 FF 61045 012600  780 592 2464    +5800268    +23        -115     -9   21  29   95   -3  216   -3  216   -3  15  0  0 L3P 01
G18 FF 61045 012600  780 513  928    +4591856   -131        -101    -33   31 117  104   +6  231  +45  231   45  22  0  0 L3P 44
G23 FF 61045 012600  780 559 1552    -5952018    -63        -103    -11   22 110   98   +6  204  +26  204   26  15  0  0 L3P 35
G27 FF 61045 012600  780 403 2375     +124946    +75        -104     +5   38  48  126  -12  254   -9  254   -9  28  0  0 L3P 25
G32 FF 61045 012600  780 350 3466    +1773400    -70         -59    +97   69  17  142  -28  337 -144  337 -144  61  0  0 L3P 87
G08 FF 61045 014200  780 187 2247    -5077605    +54         -65    +14   40  46  253  -66  357  -57  357  -57  30  0  0 L3P 6A
G10 FF 61045 014200  780 613 2307    +5800312    +41        -102     +9   18  29   93   -1  206  -13  206  -13  13  0  0 L3P 05
G18 FF 61045 014200  780 469  829    +4591772   -107         -92    -10   37 117  111   +9  255  +36  255   36  26  0  0 L3P 57
G23 FF 61045 014200  780 506 1467    -5952054    -35         -89    +16   30 110  105   +8  216   -1  216   -1  22  0  0 L3P 1A
G27 FF 61045 014200  780 441 2456     +125022    +69         -96     -1   32  48  117   -7  245   -9  245   -9  25  0  0 L3P FD
G32 FF 61045 014200  780 428 3455    +1773270   -122         -29    +45  102  17  120  -19  271  -89  271  -89  84  0  0 L3P 81
G08 FF 61045 015800  780 233 2293    -5077580    +53         -77    +14   48  46  205  -37  338  -43  338  -43  33  0  0 L3P 68
G10 FF 61045 015800  780 623 2139    +5800341    +62        -104    +30   15  29   92   +0  204  -20  204  -20   9  0  0 L3P 07
G18 FF 61045 015800  780 421  743    +4591666    -78        -103    +20   42 117  121  +12  294  +30  294   30  32  0  0 L3P 4C
G23 FF 61045 015800  780 456 1391    -5952107    -51         -94     +0   31 110  114  +10  233   +8  233    8  23  0  0 L3P 0B
G27 FF 61045 015800  780 466 2556     +125083    +44        -102    -27   44  48  112   -3  246  +26  246   26  35  0  0 L3P 34
G32 FF 61045 015800  780 509 3439    +1773049   -133         -90    +34   45  17  105  -13  272  -57  272  -57  31  0  0 L3P 6F
G08 FF 61045 021400  780 272 2351    -5077529    +93         -67    +53   52  70  177  -22  315  -54  315  -54  37  0  0 L3P 60
G10 FF 61045 021400  780 621 1971    +5800377    +52         -97    +20   23  36   92   +1  200  -19  200  -19  17  0  0 L3P 18
G18 FF 61045 021400  780 369  668    +4591585   -105         -91     -7   38 118  135  +17  333  +65  333   65  31  0  0 L3P 5D
G23 FF 61045 021400  780 407 1320    -5952155    -67         -98    -16   41 111  124  +13  249  +26  249   26  28  0  0 L3P 58
G27 FF 61045 021400  780 474 2667     +125158    +82         -95    +12   40  49  110   +0  253   +4  253    4  29  0  0 L3P F4
G32 FF 61045 021400  780 591 3417    +1772879   -154         -96    +13   23  18   95   -9  252  -38  252  -38  15  0  0 L3P 5B
G08 FF 61045 023000  780 302 2421    -5077501    +31         -77     -9   38  70  161  -13  310   -3  310   -3  31  0  0 L3P F9
G10 FF 61045 023000  780 608 1812    +5800399    +16        -106    -16   16  36   93   +2  210   +8  210    8  13  0  0 L3P F6
G18 FF 61045 023000  780 314  603    +4591496    -66         -87    +32   37 118  155  +25  383  +28  383   28  27  0  0 L3P 5B
G23 FF 61045 023000  780 360 1252    -5952201    -37         -95    +14   41 111  138  +16  272   +5  272    5  27  0  0 L3P 1F
G27 FF 61045 023000  780 464 2781     +125225    +57         -96    -14   40  49  112   +4  268  +28  268   28  27  0  0 L3P 2C
G32 FF 61045 023000  780 675 3385    +1772732   -158         -83     +9   21  18   88   -6  222  -26  222  -26  16  0  0 L3P 3B
G02 FF 61045 024600  780 146 2245      -97195    -40         -53    +43   37  23  321 -135  371  -79  371  -79  29  0  0 L3P 51
G08 FF 61045 024600  780 321 2501    -5077448    +23         -62    -17   43  70  153   -6  292   +8  292    8  32  0  0 L3P 11
G10 FF 61045 024600  780 587 1666    +5800441    +18         -94    -14   15  36   95   +2  199  +10  199   10  10  0  0 L3P 24
G23 FF 61045 024600  780 315 1186    -5952253    -94         -97    -43   32 111  155  +20  297  +52  297   52  26  0  0 L3P 67
G27 FF 61045 024600  780 437 2887     +125302    +56         -87    -14   34  49  117   +7  282  +31  282   31  25  0  0 L3P 2A
G32 FF 61045 024600  780 759 3334    +1772575   -160         -79     +7   18  18   84   -3  201  -23  201  -23  14  0  0 L3P 31
G02 FF 61045 030200  780 209 2234      -97298   -139         -76    -56   35  23  227  -69  335   +5  335    5  24  0  0 L3P 1F
G08 FF 61045 030200  780 327 2587    -5077424    +55         -75    +15   44  70  150   +0  300   -4  300   -4  34  0  0 L3P 08
G10 FF 61045 030200  780 561 1534    +5800481    +34         -85     +3   21  36   98   +3  192   +2  192    2  16  0  0 L3P D8
G23 FF 61045 030200  780 271 1122    -5952281    +30         -76    +81   48 111  177  +27  309  -27  309  -27  37  0  0 L3P 64
G27 FF 61045 030200  780 397 2980     +125363    +68         -94     -2   29  49  127  +12  316  +41  316   41  23  0  0 L3P 24
G32 FF 61045 030200  780 841 3192    +1772414   -161         -80     +6   20  18   82   -1  185  -19  185  -19  14  0  0 L3P 29
G02 FF 61045 031800  780 275 2232      -97405   -148        -104    -65   19  23  176  -41  308  -15  308  -15  15  0  0 L3P 51
G08 FF 61045 031800  780 320 2675    -5077396     +1         -86    -38   48  70  153   +6  315  +27  315   27  42  0  0 L3P 31
G10 FF 61045 031800  780 531 1415    +5800509    +20         -87    -12   26  36  102   +4  196   +3  196    3  19  0  0 L3P FF
G27 FF 61045 031800  780 349 3059     +125437    +62         -87     -9   35  49  142  +19  348  +43  348   43  30  0  0 L3P 38
G32 FF 61045 031800  780 866 1937    +1772250   -178         -84    -11   19  18   81   +1  175  -15  175  -15  15  0  0 L3P 50
G02 FF 61045 033400  780 343 2241      -97483    -62        -102    +21   34  23  144  -26  261  -51  261  -51  23  0  0 L3P 26
G08 FF 61045 033400  780 301 2761    -5077343    +42         -72     +2   62  70  161  +12  331  +23  331   23  48  0  0 L3P 19
G10 FF 61045 033400  780 498 1307    +5800531    +30         -96     -2   28  36  106   +6  201   +7  201    7  20  0  0 L3P E2
G28 FF 61045 033400  780 320  237    +6153955    -39        -126     +9   48 182  153  -30  396  -96  396  -96  36  0  0 L3P 7B
G32 FF 61045 033400  780 789 1649    +1772083   -173         -90     -6   18  18   83   +2  168   -3  168   -3  14  0  0 L3P 21
G02 FF 61045 035000  780 411 2265      -97562   -117        -101    -34   26  23  124  -17  235   -2  235   -2  20  0  0 L3P 10
G08 FF 61045 035000  780 272 2841    -5077312     -6         -78    -46   48  70  177  +21  379  +83  379   83  37  0  0 L3P 58
G10 FF 61045 035000  780 462 1207    +5800560    +70         -97    +38   27  36  112   +7  213   -7  213   -7  20  0  0 L3P 06
G28 FF 61045 035000  780 389  280    +6153911    -48        -124     +0   33 182  130  -20  317  -80  317  -80  24  0  0 L3P 48
G32 FF 61045 035000  780 711 1574    +1771920   -174         -93     -7   15  18   86   +4  172   +7  172    7  10  0  0 L3P FE
G01 FF 61045 040600  780 187 2227    -3467570    -99         -70   -131   52  63  254  -84  359  +44  359   44  37  0  0 L3P 76
G02 FF 61045 040600  780 477 2310      -97639    -80         -99     +3   22  35  110  -12  217  -21  217  -21  18  0  0 L3P 11
G10 FF 61045 040600  780 425 1115    +5800596    +24         -86     -8   30  62  120   +9  232  +34  232   34  21  0  0 L3P 08
G28 FF 61045 040600  780 457  335    +6153859    -22        -129    +26   35 183  114  -14  269  -53  269  -53  24  0  0 L3P 7B
G32 FF 61045 040600  780 636 1523    +1771771   -160         -79     +7   20  34   91   +6  175  +17  175   17  15  0  0 L3P 26
G01 FF 61045 042200  780 249 2233    -3467534     +9         -65    -23   35  63  193  -47  315  -34  315  -34  27  0  0 L3P 47
G02 FF 61045 042200  780 538 2385      -97720   -100        -101    -17   22  35  101   -8  205   +1  205    1  19  0  0 L3P ED
G10 FF 61045 042200  780 386 1029    +5800617    +37         -96     +5   42  62  130  +12  261  +33  261   33  29  0  0 L3P 22
G28 FF 61045 042200  780 522  408    +6153816    -52        -127     -5   22 183  103   -9  241  -18  241  -18  17  0  0 L3P 3A
G31 FF 61045 042200  780 317   76    +1743122    -11        -114     +9   47 188  155  -33  388 -105  388 -105  32  0  0 L3P 65
G32 FF 61045 042200  780 564 1478    +1771614   -157         -76    +11   18  34   97   +8  187   +4  187    4  14  0  0 L3P 23
G01 FF 61045 043800  780 312 2250    -3467520    +13         -81    -19   25  63  157  -29  284  -26  284  -26  20  0  0 L3P 51
G02 FF 61045 043800  780 587 2499      -97806    -81        -107     +2   20  35   95   -4  203   +1  203    1  15  0  0 L3P D7
G10 FF 61045 043800  780 345  949    +5800647    +31         -96     -1   56  62  143  +15  289  +33  289   33  38  0  0 L3P 39
G28 FF 61045 043800  780 580  510    +6153777    -34        -120    +14   25 183   96   -6  214  -23  214  -23  18  0  0 L3P 40
G31 FF 61045 043800  780 390   98    +1743091    +14        -125    +35   22 188  129  -22  327  -84  327  -84  16  0  0 L3P 60
G32 FF 61045 043800  780 495 1434    +1771448   -152         -81    +16   31  34  107  +11  204   +7  204    7  20  0  0 L3P 22
G01 FF 61045 045400  780 374 2281    -3467489    +50         -80    +18   31  63  134  -19  251  -43  251  -43  24  0  0 L3P 53
G02 FF 61045 045400  780 615 2655      -97876    -69         -98    +14   22  35   93   -1  201   +0  201    0  16  0  0 L3P D8
G10 FF 61045 045400  780 303  875    +5800687    +36         -87     +4   68  62  160  +21  318  +32  318   32  47  0  0 L3P 28
G28 FF 61045 045400  780 623  651    +6153728    -57        -123    -10   20 183   92   -3  210   +0  210    0  14  0  0 L3P F3
G31 FF 61045 045400  780 466  125    +1743067    -61        -130    -40   25 188  112  -15  286   -9  286   -9  17  0  0 L3P 4A
G32 FF 61045 045400  780 431 1390    +1771283   -115         -86    +52   23  34  119  +14  226   -9  226   -9  17  0  0 L3P 40
G01 FF 61045 051000  780 432 2332    -3467468    +27         -90     -5   38  63  119  -13  237  -22  237  -22  25  0  0 L3P 3B
G02 FF 61045 051000  780 615 2832      -97947    -98         -89    -15   27  35   93   +1  204  +21  204   21  19  0  0 L3P 04
G03 FF 61045 051000  780 182 2341    -6067088    +93        -103     -6   68  88  259  -71  392  -63  392  -63  49  0  0 L3P 72
G28 FF 61045 051000  780 642  828    +6153680    -34        -125    +14   28 183   90   +0  208   -9  208   -9  20  0  0 L3P 1C
G31 FF 61045 051000  780 542  162    +1743070    -21        -107     -1   26 188  100  -10  238  -25  238  -25  19  0  0 L3P 37
G32 FF 61045 051000  780 370 1345    +1771131   -211         -77    -44   39  34  135  +19  249  +78  249   78  27  0  0 L3P 65
G01 FF 61045 052600  780 483 2405    -3467448     +7        -100    -25   31  63  109   -8  228   +7  228    7  21  0  0 L3P 0E
G02 FF 61045 052600  780 586 2993      -98032   -101         -95    -18   33  35   95   +4  223  +31  223   31  23  0  0 L3P 0E
G03 FF 61045 052600  780 234 2299    -6066992    +95        -102     -4   43  88  204  -46  341  -27  341  -27  32  0  0 L3P 62
G28 FF 61045 052600  780 631 1007    +6153634    -40        -125     +7   25 183   91   +2  206   -4  206   -4  18  0  0 L3P 0E
G31 FF 61045 052600  780 617  220    +1743036    -28        -122     -7   33 188   92   -7  225  -14  225  -14  23  0  0 L3P 25
G32 FF 61045 052600  780 312 1298    +1770965   -162         -83     +5   39  34  156  +26  287  +49  287   49  28  0  0 L3P 6C
G01 FF 61045 055400  780 540 2598    -3467396    +56        -102    +25   23  63  100   -2  227  -10  227  -10  16  0  0 L3P 43
G02 FF 61045 055400  780 491 3188      -98185   -101        -108    -18   44  35  107  +11  270  +44  270   44  32  0  0 L3P 41
G03 FF 61045 055400  780 333 2231    -6066843   +113        -119    +14   39  88  148  -24  287  -36  287  -36  31  0  0 L3P 87
G04 FF 61045 055400  780 230 2753     -361873    +63         -91    +88   56 106  207  -40  404 -127  404 -127  38  0  0 L3P 7D
G28 FF 61045 055400  780 556 1229    +6153550    -25        -129    +23   27 183   98   +7  229   +5  229    5  19  0  0 L3P 39
G31 FF 61045 055400  780 729  452    +1742996    -34        -127    -13   19 188   85   -2  205  +11  205   11  13  0  0 L3P 35
G01 FF 61045 061000  780 545 2733    -3467373    +20        -109    -12   26  64  100   +1  234  +17  234   17  20  0  0 L3P 26
G02 FF 61045 061000  780 425 3260      -98246    -45         -91    +38   38  36  120  +16  296  +17  296   17  29  0  0 L3P 2E
G03 FF 61045 061000  780 395 2198    -6066766    +99         -95     +1   38  24  128  -18  260  -29  260  -29  30  0  0 L3P 5B
G04 FF 61045 061000  780 275 2687     -361908    -82        -105    -57   34 107  175  -27  357   -3  357   -3  25  0  0 L3P 53
G28 FF 61045 061000  780 496 1299    +6153514    -47        -118     +1   31 184  107  +10  243  +32  243   32  21  0  0 L3P 48
G31 FF 61045 061000  780 760  732    +1742982     -5        -125    +16   29 189   84   +0  200   -5  200   -5  21  0  0 L3P F9
G01 FF 61045 062600  780 529 2866    -3467350    +37        -117     +5   23  64  102   +4  251  +11  251   11  18  0  0 L3P 23
G02 FF 61045 062600  780 357 3314      -98320    -35         -86    +48   59  36  139  +24  347  +39  347   39  41  0  0 L3P 3E
G03 FF 61045 062600  780 460 2169    -6066676   +106         -99     +8   32  24  113  -13  243  -25  243  -25  23  0  0 L3P 54
G04 FF 61045 062600  780 319 2617     -361930    -67        -103    -42   35 107  154  -19  323   -8  323   -8  26  0  0 L3P 44
G26 FF 61045 062600  780 304  564    +3062511    +51         -92    -10   64  62  161  -23  390  -39  390  -39  47  0  0 L3P 42
G28 FF 61045 062600  780 431 1339    +6153474    -56        -113     -9   30 184  119  +15  269  +41  269   41  23  0  0 L3P 62
G31 FF 61045 062600  780 744 1039    +1742957    -25        -129     -5   28 189   84   +2  208   +8  208    8  20  0  0 L3P 22
G01 FF 61045 064200  780 494 2982    -3467310    +32        -107     +0   27  64  107   +7  266  +34  266   34  20  0  0 L3P 2D
G02 FF 61045 064200  780 289 3359      -98421    -87        -106     -4   66  36  167  +36  435  +90  435   90  50  0  0 L3P 3D
G03 FF 61045 064200  780 529 2146    -6066580   +100         -97     +3   20  24  102  -10  228   -3  228   -3  15  0  0 L3P 17
G04 FF 61045 064200  780 362 2543     -361944    -14         -92    +11   47 107  137  -14  288  -33  288  -33  35  0  0 L3P 5B
G26 FF 61045 064200  780 348  634    +3062572    +14         -90    -47   36  62  142  -15  354  +16  354   16  29  0  0 L3P 3A
G28 FF 61045 064200  780 364 1360    +6153423    -64        -118    -17   31 184  136  +22  306  +63  306   63  23  0  0 L3P 62
G31 FF 61045 064200  780 694 1227    +1742941     -3        -126    +17   29 189   87   +4  212   -2  212   -2  20  0  0 L3P 15
G01 FF 61045 065800  780 445 3076    -3467273    +29        -101     -3   28  64  116  +11  293  +43  293   43  23  0  0 L3P 47
G03 FF 61045 065800  780 602 2133    -6066477    +96         -88     -1   16  24   94   -7  219   +0  219    0  12  0  0 L3P F2
G04 FF 61045 065800  780 404 2465     -361960    -23         -84     +2   28 107  125  -11  270   -6  270   -6  22  0  0 L3P 14
G26 FF 61045 065800  780 385  715    +3062649    +61         -72     +0   31  62  130  -10  321  -14  321  -14  24  0  0 L3P 19
G28 FF 61045 065800  780 298 1365    +6153392    -15        -103    +33   40 184  163  +33  349  +37  349   37  28  0  0 L3P 82
G31 FF 61045 065800  780 630 1319    +1742922    -19        -125     +2   24 189   91   +6  228  +17  228   17  16  0  0 L3P 3B
G01 FF 61045 071400  780 389 3151    -3467232    +87         -90    +55   48  64  129  +17  323   +0  323    0  39  0  0 L3P 25
G03 FF 61045 071400  780 677 2137    -6066378    +78         -83    -20   19  24   88   -5  213  +11  213   11  13  0  0 L3P 24
G04 FF 61045 071400  780 445 2381     -361979    -11         -80    +14   39 107  116   -9  263  -27  263  -27  29  0  0 L3P 4F
G26 FF 61045 071400  780 412  805    +3062695    +77         -85    +15   49  62  123   -6  320  -24  320  -24  33  0  0 L3P 2B
G28 FF 61045 071400  780 234 1361    +6153382   -116         -67    -69   34 184  203  +53  389 +142  389  142  23  0  0 L3P 9F
G31 FF 61045 071400  780 561 1361    +1742904    +10        -124    +31   31 189   98   +8  245   -1  245   -1  23  0  0 L3P 1E
G01 FF 61045 073000  780 329 3213    -3467205    +77         -94    +45   58  64  149  +25  368  +11  368   11  43  0  0 L3P 51
G03 FF 61045 073000  780 754 2181    -6066292    +84         -91    -13   18  24   84   -3  213   +8  213    8  15  0  0 L3P FD
G04 FF 61045 073000  780 485 2292     -362017     -1         -93    +24   26 107  108   -7  256  -29  256  -29  20  0  0 L3P 30
G09 FF 61045 073000  780 194 2509    -7697748   +110         -47   +118   71   4  243  -55  406 -139  406 -139  53  0  0 L3P A5
G26 FF 61045 073000  780 427  903    +3062758    +67         -81     +6   31  62  120   -2  308   -7  308   -7  22  0  0 L3P F5
G28 FF 61045 073000  780 172 1348    +6153274   -122        -129    -75   35 184  271  +94  508 +136  508  136  27  0  0 L3P B3
G31 FF 61045 073000  780 492 1375    +1742880    -26        -128     -6   24 189  107  +11  274  +36  274   36  17  0  0 L3P 63
G01 FF 61045 074600  780 268 3264    -3467191    +79        -110    +47   57  64  179  +39  439  +42  439   42  37  0  0 L3P 7D
G03 FF 61045 074600  780 826 2383    -6066196    +82         -88    -16   27  24   82   -1  213   +9  213    9  19  0  0 L3P 14
G04 FF 61045 074600  780 525 2195     -362037    -13         -90    +12   21 107  102   -6  251  -20  251  -20  17  0  0 L3P 21
G09 FF 61045 074600  780 240 2453    -7697785    -45         -77    -37   69   4  199  -37  396  -29  396  -29  47  0  0 L3P 91
G16 FF 61045 074600  780 392  535    -1816053    -76         -96     +1   42  12  129  -15  348  -37  348  -37  34  0  0 L3P 46
G26 FF 61045 074600  780 427 1002    +3062823    +78         -75    +16   35  62  120   +2  304  -21  304  -21  27  0  0 L3P 29
G31 FF 61045 074600  780 425 1374    +1742848    -62        -140    -41   29 189  120  +16  319  +64  319   64  23  0  0 L3P 76
G03 FF 61045 080200  780 841 3150    -6066104    +85         -94    -13   19  25   82   +1  217   +7  217    7  13  0  0 L3P F3
G04 FF 61045 080200  780 563 2088     -362068    -17        -104     +8   20 108   98   -4  254   -7  254   -7  15  0  0 L3P 10
G09 FF 61045 080200  780 287 2396    -7697783     +4         -69    +12   55   5  169  -27  346  -56  346  -56  39  0  0 L3P 69
G16 FF 61045 080200  780 440  615    -1816120   -103         -91    -25   54  13  117  -10  313  -12  313  -12  39  0  0 L3P 30
G26 FF 61045 080200  780 412 1096    +3062877    +61         -85     +0   45  70  123   +6  311   +1  311    1  33  0  0 L3P E1
G31 FF 61045 080200  780 360 1361    +1742845    +24        -122    +44   36 190  138  +22  343   -8  343   -8  26  0  0 L3P 47
G03 FF 61045 081800  780 773 3485    -6066005   +127         -89    +29   16  25   83   +3  219  -14  219  -14  13  0  0 L3P 4E
G04 FF 61045 081800  780 598 1967     -362081    -27         -93     -2   26 108   94   -3  248   -8  248   -8  19  0  0 L3P 20
G06 FF 61045 081800  780 137 2345    +5989663    +15         -71    -29   55  77  336  -25  487   +2  487    2  39  0  0 L3P 51
G09 FF 61045 081800  780 336 2340    -7697799    -22         -77    -14   46   5  147  -20  333   +1  333    1  36  0  0 L3P 23
G16 FF 61045 081800  780 479  712    -1816190    -89         -87    -12   34  13  110   -6  287   -7  287   -7  24  0  0 L3P 28
G26 FF 61045 081800  780 383 1178    +3062936    +33         -84    -28   39  70  131  +10  323  +37  323   37  27  0  0 L3P 4E
G31 FF 61045 081800  780 297 1341    +1742819    +77        -129    +98   42 190  163  +31  384  -26  384  -26  28  0  0 L3P 95
G03 FF 61045 083400  780 690 3562    -6065914   +118         -92    +20   20  25   87   +5  229   -1  229   -1  15  0  0 L3P 1C
G04 FF 61045 083400  780 629 1827     -362114    -26        -103     -1   23 108   91   -2  245   -5  245   -5  17  0  0 L3P 02
G06 FF 61045 083400  780 142 2415    +5989700    +57         -77    +13   52  77  325   +0  480  -21  480  -21  35  0  0 L3P 45
G09 FF 61045 083400  780 387 2283    -7697809     +0         -79     +8   33   5  130  -15  318  -29  318  -29  25  0  0 L3P 41
G16 FF 61045 083400  780 504  823    -1816268    -72         -91     +5   33  13  105   -3  269  -17  269  -17  25  0  0 L3P 2A
G26 FF 61045 083400  780 343 1245    +3062993    +67         -86     +6   60  70  144  +17  342  +20  342   20  44  0  0 L3P 2F
G31 FF 61045 083400  780 238 1315    +1742787    -65        -140    -45   57 190  200  +47  448  +77  448   77  40  0  0 L3P 83
G03 FF 61045 085000  780 606 3589    -6065825    +78         -97    -20   18  25   93   +8  243  +25  243   25  12  0  0 L3P 36
G04 FF 61045 085000  780 653 1665     -362145    -39        -109    -14   20 108   89   -1  235   -6  235   -6  15  0  0 L3P 20
G06 FF 61045 085000  780 137 2487    +5989754    +38         -66     -6   51  77  336  +24  470   +3  470    3  38  0  0 L3P 33
G07 FF 61045 085000  780 244 2894    +1309717    +98        -102    +45   69  47  196  -41  402 -103  402 -103  52  0  0 L3P 8E
G09 FF 61045 085000  780 441 2226    -7697824    -19         -87    -11   35   5  117  -12  288  -18  288  -18  24  0  0 L3P 62
G16 FF 61045 085000  780 511  943    -1816348    -59         -96    +19   36  13  104   +0  260  -30  260  -30  25  0  0 L3P 28
G26 FF 61045 085000  780 296 1297    +3063054    +56         -85     -5   46  70  164  +26  365  +27  365   27  33  0  0 L3P 4A
G31 FF 61045 085000  780 181 1284    +1742787    -62        -121    -41   55 190  258  +77  479  +84  479   84  43  0  0 L3P 90
G03 FF 61045 090600  780 522    1    -6065727   +116         -93    +18   33  25  103  +12  253  +11  253   11  24  0  0 L3P 03
G04 FF 61045 090600  780 665 1482     -362168    -21        -108     +4   24 108   89   +0  222  -14  222  -14  17  0  0 L3P 23
G07 FF 61045 090600  780 296 2831    +1309783    +52         -86     +0   62  47  164  -27  333  -41  333  -41  46  0  0 L3P 4C
G09 FF 61045 090600  780 498 2167    -7697830    +17         -85    +25   25   5  106  -10  256  -49  256  -49  18  0  0 L3P 6A
G16 FF 61045 090600  780 500 1059    -1816419    -58         -93    +19   30  13  106   +3  252  -12  252  -12  22  0  0 L3P 30
G26 FF 61045 090600  780 243 1334    +3063123   +157         -74    +95   62  70  196  +43  395  -19  395  -19  47  0  0 L3P 7E
G03 FF 61045 092200  780 439    8    -6065625    +40         -84    -57   39  25  117  +18  264  +38  264   38  27  0  0 L3P 27
G04 FF 61045 092200  780 664 1289     -362185    -30        -101     -5   28 108   89   +1  207   -8  207   -8  20  0  0 L3P 0B
G07 FF 61045 092200  780 347 2761    +1309841    +19         -78    -33   36  47  143  -19  289  -21  289  -21  30  0  0 L3P 68
G09 FF 61045 092200  780 557 2104    -7697835     -1         -83     +7   19   5   98   -7  225  -34  225  -34  14  0  0 L3P 14
G16 FF 61045 092200  780 472 1159    -1816480   -110         -80    -32   31  13  111   +7  240  +25  240   25  23  0  0 L3P 28
G26 FF 61045 092200  780 187 1359    +3063181    +85         -75    +24   44  70  251  +75  450  +32  450   32  33  0  0 L3P 46
G04 FF 61045 093800  780 646 1105     -362199    -33         -91     -8   29 108   90   +2  197   +0  197    0  21  0  0 L3P F4
G07 FF 61045 093800  780 395 2684    +1309886    +60         -83     +7   37  47  128  -13  255  -54  255  -54  25  0  0 L3P 66
G09 FF 61045 093800  780 619 2033    -7697843    -17         -83     -9   19   5   92   -6  200  -22  200  -22  13  0  0 L3P 19
G16 FF 61045 093800  780 430 1239    -1816550    -92         -76    -14   35  13  119  +11  243  +15  243   15  27  0  0 L3P 43
G04 FF 61045 095400  780 614  944     -362233    +10        -101    +35   30 108   92   +3  203  -20  203  -20  21  0  0 L3P 01
G07 FF 61045 095400  780 442 2598    +1309940    +66         -79    +14   34  47  117  -10  221  -31  221  -31  27  0  0 L3P 53
G09 FF 61045 095400  780 683 1943    -7697849    -30         -82    -22   22   5   88   -4  181   +0  181    0  17  0  0 L3P 06
G16 FF 61045 095400  780 379 1297    -1816623    -74         -75     +4   40  13  132  +16  256  +18  256   18  29  0  0 L3P 4A
G03 FF 61045 101000  780 208   28    -6065321   +158         -64    +60   75  37  227  +77  382  +61  382   61  62  0  0 L3P 34
G04 FF 61045 101000  780 571  812     -362249    -18         -96     +7   33 109   97   +5  197   +3  197    3  24  0  0 L3P E3
G07 FF 61045 101000  780 486 2503    +1310003    +73         -67    +20   33  48  108   -7  199  -23  199  -23  24  0  0 L3P 34
G09 FF 61045 101000  780 746 1809    -7697853     -6         -78     +2   15  31   84   -3  166  -18  166  -18  12  0  0 L3P 24
G16 FF 61045 101000  780 323 1337    -1816695   -113         -74    -36   38  14  152  +25  273  +61  273   61  27  0  0 L3P 55
G30 FF 61045 101000  780 233 2691     -778579    -67         -53    +56   72  26  205  -39  288  -88  288  -88  52  0  0 L3P 73
G04 FF 61045 102600  780 521  704     -362269     -5         -92    +20   32 109  103   +8  203   -1  203   -1  24  0  0 L3P D3
G07 FF 61045 102600  780 526 2396    +1310054    +45         -66     -8   26  48  102   -5  188   -9  188   -9  20  0  0 L3P 16
G08 FF 61045 102600  780 288  635    -5076350     -2         -75    -42   67  74  169  -24  311   +0  311    0  51  0  0 L3P FA
G09 FF 61045 102600  780 800 1547    -7697864    -22         -82    -14   24  31   83   -1  157   +3  157    3  15  0  0 L3P 06
G16 FF 61045 102600  780 264 1362    -1816750    -73         -56     +4   51  14  182  +39  289  +41  289   41  35  0  0 L3P 40
G20 FF 61045 102600  780 148 2266    -3618127    -40         -49    -42   30   6  315  -70  339  -25  339  -25  25  0  0 L3P 43
G21 FF 61045 102600  780 150 2225    -3735640    -47         -41    +40   42  83  311  -94  354 -103  354 -103  32  0  0 L3P 5F
G30 FF 61045 102600  780 279 2628     -778683   -167         -40    -44   64  26  173  -27  247   +3  247    3  51  0  0 L3P 3A
G04 FF 61045 104200  780 464  617     -362288    +13         -87    +38   31 109  112  +11  220   +3  220    3  25  0  0 L3P F2
G07 FF 61045 104200  780 562 2276    +1310107    +52         -64     +0   29  48   98   -4  175   -7  175   -7  19  0  0 L3P FE
G08 FF 61045 104200  780 327  708    -5076301    +12         -64    -28   48  74  150  -16  279   +3  279    3  36  0  0 L3P 19
G09 FF 61045 104200  780 817 1037    -7697867    +12         -78    +20   23  31   82   +0  153   -5  153   -5  18  0  0 L3P 0F
G16 FF 61045 104200  780 204 1375    -1816825    +70         -56   +148   69  14  232  +67  328  -67  328  -67  58  0  0 L3P 81
G20 FF 61045 104200  780 177 2327    -3618142    -38         -65    -39   26   6  266  -36  319   -5  319   -5  19  0  0 L3P 30
G21 FF 61045 104200  780 192 2275    -3735727    -29         -44    +57   35  83  245  -49  306  -78  306  -78  28  0  0 L3P 76
G30 FF 61045 104200  780 325 2562     -778811    -82         -50    +41   64  26  151  -20  223  -56  223  -56  46  0  0 L3P 3A
G04 FF 61045 105800  780 404  546     -362294    -41         -69    -16   39 109  125  +16  237  +37  237   37  30  0  0 L3P 3D
G07 FF 61045 105800  780 592 2141    +1310154    +34         -67    -19   23  48   95   -3  168  -14  168  -14  16  0  0 L3P 33
G08 FF 61045 105800  780 360  789    -5076260    +31         -61     -9   42  74  138  -10  260  -22  260  -22  28  0  0 L3P 2F
G09 FF 61045 105800  780 774  639    -7697863    -23         -66    -15   24  31   83   +2  151  +11  151   11  18  0  0 L3P 1D
G20 FF 61045 105800  780 195 2394    -3618106    -17         -30    -18   34   6  241  -17  272  -18  272  -18  26  0  0 L3P 46
G21 FF 61045 105800  780 227 2335    -3735799    -22         -34    +65   30  83  210  -27  271  -91  271  -91  23  0  0 L3P 5B
G30 FF 61045 105800  780 370 2493     -778933   -169         -53    -47   35  26  135  -15  210   +0  210    0  22  0  0 L3P 1B
G07 FF 61045 111400  780 615 1991    +1310193    +24         -79    -28   22  48   92   -2  160  +11  160   11  15  0  0 L3P 0E
G08 FF 61045 111400  780 382  877    -5076230    +34         -70     -6   34  74  131   -5  245  -10  245  -10  26  0  0 L3P 13
G09 FF 61045 111400  780 707  461    -7697879     -9         -74     -1   31  31   86   +4  158  +11  158   11  22  0  0 L3P FC
G20 FF 61045 111400  780 204 2467    -3618115    +52         -40    +51   28   6  232   -3  261  -41  261  -41  22  0  0 L3P 0E
G21 FF 61045 111400  780 252 2404    -3735879   -111         -30    -25   34  83  190  -14  241   +1  241    1  25  0  0 L3P 19
G30 FF 61045 111400  780 416 2420     -779051   -114         -54     +9   39  26  122  -11  185  -35  185  -35  29  0  0 L3P 3E
G07 FF 61045 113000  780 629 1829    +1310245    +83         -76    +31   25  48   91   -1  157  -23  157  -23  18  0  0 L3P 2E
G08 FF 61045 113000  780 391  971    -5076178    +42         -56     +2   45  74  129   -1  226  -14  226  -14  33  0  0 L3P 1D
G09 FF 61045 113000  780 633  366    -7697888     +6         -76    +14   34  31   91   +6  169   -1  169   -1  24  0  0 L3P FF
G14 FF 61045 113000  780 324 3105    -7268155   -190         -70   -165   53  77  152  -28  245  +82  245   82  39  0  0 L3P 76
G20 FF 61045 113000  780 201 2542    -3618103     +1         -29     -1   31   6  234   +9  244   -4  244   -4  25  0  0 L3P C1
G21 FF 61045 113000  780 265 2480    -3735975   -106         -43    -19   34  83  181   -5  239  +11  239   11  28  0  0 L3P 4A
G27 FF 61045 113000  780 215 1271     +127549   +105         -43    +34   49  90  220  +29  298  -12  298  -12  37  0  0 L3P 50
G30 FF 61045 113000  780 462 2342     -779141   -110         -26    +12   29  26  113   -9  147  -34  147  -34  22  0  0 L3P 2E
G05 FF 61045 114600  780 122 2287    +2267444     -1         -49     -8   42  41  376  -57  290  -23  290  -23  33  0  0 L3P 33
G07 FF 61045 114600  780 632 1658    +1310303    +91         -68    +39   20  48   91   +0  151  -22  151  -22  15  0  0 L3P 19
G08 FF 61045 114600  780 386 1063    -5076142    +30         -58    -10   42  74  130   +4  222   +5  222    5  32  0  0 L3P F6
G09 FF 61045 114600  780 556  307    -7697903    -28         -83    -20   27  31   98   +9  184  +21  184   21  18  0  0 L3P 2A
G14 FF 61045 114600  780 387 3051    -7268194    -60         -84    -35   50  77  130  -19  229   +6  229    6  38  0  0 L3P 3A
G20 FF 61045 114600  780 188 2616    -3618131     -8         -59     -9   38   6  249  +22  263  +14  263   14  29  0  0 L3P 1E
G21 FF 61045 114600  780 267 2561    -3736056   -122         -41    -36   34  83  180   +3  232  +16  232   16  27  0  0 L3P 3B
G27 FF 61045 114600  780 182 1328     +127615    +27         -45    -43   60  90  257  +51  308  +47  308   47  45  0  0 L3P 3C
G30 FF 61045 114600  780 509 2257     -779281    -89         -48    +34   23  26  105   -7  151  -37  151  -37  18  0  0 L3P 42
G05 FF 61045 120200  780 136 2352    +2267459    -40         -37    -47   64  42  339  -23  261   +5  261    5  47  0  0 L3P 22
G07 FF 61045 120200  780 625 1490    +1310356    +54         -71     +2   18  53   92   +1  155   -9  155   -9  12  0  0 L3P E9
G08 FF 61045 120200  780 367 1149    -5076096    +29         -57    -11   39  75  136   +8  213   -1  213   -1  30  0  0 L3P 19
G09 FF 61045 120200  780 479  265    -7697909    +53         -83    +61   39  33  109  +14  197   -9  197   -9  28  0  0 L3P 4D
G14 FF 61045 120200  780 449 2984    -7268205     +7         -70    +32   40  78  115  -13  194  -47  194  -47  29  0  0 L3P 56
G20 FF 61045 120200  780 167 2688    -3618095    +40         -20    +39   43   7  279  +41  254   -8  254   -8  32  0  0 L3P 25
G21 FF 61045 120200  780 257 2641    -3736135    -53         -36    +34   61  84  186  +11  231  -11  231  -11  47  0  0 L3P 3E
G30 FF 61045 120200  780 554 2164     -779400   -144         -50    -21   23  27   99   -6  143  +12  143   12  17  0  0 L3P 10
G05 FF 61045 121800  780 140 2420    +2267453     -3         -50    -10   72  42  329   +1  246  -14  246  -14  54  0  0 L3P 15
G07 FF 61045 121800  780 607 1331    +1310408    +76         -69    +24   20  53   93   +2  147  -24  147  -24  14  0  0 L3P 20
G08 FF 61045 121800  780 336 1223    -5076054     +0         -54    -40   50  75  146  +15  206  +28  206   28  37  0  0 L3P 29
G09 FF 61045 121800  780 402  235    -7697932     -8         -98     +0   27  33  125  +20  231  +13  231   13  20  0  0 L3P 01
G14 FF 61045 121800  780 509 2903    -7268229    -29         -70     -4   38  78  105   -9  171  -16  171  -16  29  0  0 L3P 47
G21 FF 61045 121800  780 237 2719    -3736217    -99         -35    -12   43  84  201  +20  236  +15  236   15  35  0  0 L3P 45
G22 FF 61045 121800  780 325 3016     +621652    -65         -76    -24   41  64  151  -25  246  -13  246  -13  27  0  0 L3P 38
G30 FF 61045 121800  780 599 2057     -779521   -164         -54    -42   15  27   94   -4  135  +19  135   19  11  0  0 L3P 32
G05 FF 61045 123400  780 135 2490    +2267470    +22         -40    +15   60  42  342  +25  233   +2  233    2  42  0  0 L3P FC
G07 FF 61045 123400  780 579 1188    +1310478    +53         -50     +1   33  53   96   +3  139  +15  139   15  22  0  0 L3P 0D
G08 FF 61045 123400  780 295 1284    -5076006    +75         -44    +35   43  75  164  +24  205   -3  205   -3  30  0  0 L3P 26
G09 FF 61045 123400  780 327  212    -7697927    -30         -86    -22   44  33  150  +31  255  +81  255   81  33  0  0 L3P 3B
G13 FF 61045 123400  780 164 2209    -6904632    +44         -42    +34   62  70  287 -106  201   -6  201   -6  42  0  0 L3P 30
G14 FF 61045 123400  780 563 2803    -7268251    -20         -68     +5   23  78   98   -6  154  -16  154  -16  16  0  0 L3P 2C
G21 FF 61045 123400  780 208 2792    -3736301    -16         -36    +70   56  84  227  +34  246  -29  246  -29  40  0  0 L3P 5C
G22 FF 61045 123400  780 381 2953     +621636    -46         -53     -5   45  64  132  -17  197   -5  197   -5  32  0  0 L3P 18
G30 FF 61045 123400  780 642 1928     -779632   -121         -47     +2   17  27   90   -3  122   +0  122    0  13  0  0 L3P D6
G07 FF 61045 125000  780 545 1062    +1310527     +9         -51    -43   26  53  100   +5  149  +34  149   34  20  0  0 L3P 08
G08 FF 61045 125000  780 246 1331    -5075962     +7         -38    -32   54  75  194  +39  203  +15  203   15  43  0  0 L3P 32
G13 FF 61045 125000  780 225 2216    -6904613     -1         -33    -11   48  70  212  -57  179  -39  179  -39  30  0  0 L3P 43
G14 FF 61045 125000  780 611 2679    -7268281    -56         -74    -31   28  78   93   -4  140   +2  140    2  20  0  0 L3P FF
G22 FF 61045 125000  780 435 2879     +621588    -54         -62    -13   45  64  118  -12  181  -29  181  -29  34  0  0 L3P 50
G30 FF 61045 125000  780 678 1769     -779764   -151         -61    -28   22  27   88   -2  125  +10  125   10  15  0  0 L3P 2B
G07 FF 61045 130600  780 504  952    +1310582    +76         -46    +23   38  53  105   +7  162  +16  162   16  28  0  0 L3P 19
G08 FF 61045 130600  780 193 1365    -5075928    +88         -42    +49   49  75  243  +68  215  -15  215  -15  32  0  0 L3P 6C
G13 FF 61045 130600  780 286 2233    -6904615    +22         -44    +12   28  70  170  -34  167  -26  167  -26  20  0  0 L3P 4C
G14 FF 61045 130600  780 649 2523    -7268303    -21         -72     +4   26  78   90   -2  137   +6  137    6  21  0  0 L3P ED
G17 FF 61045 130600  780 311 3544     +231674   +336         -49   +218   59  42  158  -35  243 -187  243 -187  50  0  0 L3P 99
G22 FF 61045 130600  780 486 2793     +621552    -22         -58    +19   29  64  108   -8  160  -20  160  -20  21  0  0 L3P 28
G30 FF 61045 130600  780 704 1570     -779881   -105         -60    +18   22  27   86   -1  124   -2  124   -2  15  0  0 L3P 00
G07 FF 61045 132200  780 459  857    +1310630     +7         -48    -46   38  53  113   +9  189  +53  189   53  27  0  0 L3P 25
G13 FF 61045 132200  780 345 2265    -6904619     -3         -58    -13   36  70  143  -22  166   +1  166    1  28  0  0 L3P 0D
G14 FF 61045 132200  780 672 2338    -7268318    -41         -62    -16   20  78   88   -1  130   +2  130    2  15  0  0 L3P F4
G22 FF 61045 132200  780 532 2692     +621516    -56         -55    -15   22  64  101   -6  146   -8  146   -8  18  0  0 L3P 08
G30 FF 61045 132200  780 711 1338     -779996   -141         -57    -18   26  27   86   +0  131  +22  131   22  18  0  0 L3P 22
G07 FF 61045 133800  780 410  773    +1310692    +51         -37     -1   36  53  123  +13  201   +9  201    9  27  0  0 L3P E6
G13 FF 61045 133800  780 401 2314    -6904612    -26         -61    -36   41  70  126  -14  154  +13  154   13  32  0  0 L3P 2E
G14 FF 61045 133800  780 679 2136    -7268343    -33         -63     -8   16  78   88   +0  134   +6  134    6  12  0  0 L3P FE
G15 FF 61045 133800  780 137 2227    -3738462    -33         -25     +3   61  63  339 -107  199  -37  199  -37  45  0  0 L3P 72
G22 FF 61045 133800  780 572 2573     +621477    -67         -55    -26   30  64   97   -4  135   -6  135   -6  22  0  0 L3P 09
G30 FF 61045 133800  780 697 1109     -780118   -139         -61    -17   25  27   87   +1  141  +10  141   10  18  0  0 L3P 1A
G07 FF 61045 135400  780 359  701    +1310727    -15         -51    -67   43  53  138  +18  234  +73  234   73  34  0  0 L3P 35
G13 FF 61045 135400  780 451 2383    -6904594    +27         -53    +17   56  70  115   -9  134  -28  134  -28  43  0  0 L3P 4E
G14 FF 61045 135400  780 670 1939    -7268363     -4         -59    +21   19  78   88   +1  128  -26  128  -26  14  0  0 L3P 3A
G15 FF 61045 135400  780 178 2272    -3738494    -67         -24    -32   71  63  264  -56  179   +0  179    0  49  0  0 L3P 42
G17 FF 61045 135400  780 544 3548     +231998   +125         -65     +7   36  42  100  -11  178  -20  178  -20  27  0  0 L3P 45
G22 FF 61045 135400  780 605 2435     +621436    -66         -57    -25   24  64   93   -3  128  +12  128   12  20  0  0 L3P 07
G30 FF 61045 135400  780 664  917     -780236   -123         -62     +0   22  27   89   +3  139   -4  139   -4  14  0  0 L3P E9
G07 FF 61045 141000  780 306  637    +1310788    +98         -41    +46   80  56  159  +26  237  -11  237  -11  54  0  0 L3P 45
G13 FF 61045 141000  780 489 2477    -6904594    +21         -64    +11   38  72  108   -5  132  -18  132  -18  28  0  0 L3P 49
G14 FF 61045 141000  780 648 1765    -7268388    -30         -64     -5   23  79   90   +2  122   +7  122    7  16  0  0 L3P F6
G15 FF 61045 141000  780 212 2326    -3738524    -38         -22     -2   63  76  224  -31  158  -18  158  -18  46  0  0 L3P 45
G17 FF 61045 141000  780 626 3554     +232111   +111         -72     -7   25  43   92   -7  157  -13  157  -13  19  0  0 L3P 0E
G19 FF 61045 141000  780 420 3433    -6841102    +47         -68    +65   32  76  122  -20  193  -80  193  -80  25  0  0 L3P 4F
G22 FF 61045 141000  780 628 2279     +621399     -7         -51    +34   20  65   91   -1  119  -19  119  -19  15  0  0 L3P 10
G30 FF 61045 141000  780 617  771     -780361   -135         -72    -12   29  28   92   +5  142  +16  142   16  22  0  0 L3P 04
G13 FF 61045 142600  780 510 2591    -6904580     -5         -59    -16   33  72  104   -2  125   +6  125    6  25  0  0 L3P F8
G14 FF 61045 142600  780 617 1617    -7268402     -2         -54    +23   28  79   92   +3  115  -28  115  -28  20  0  0 L3P 20
G15 FF 61045 142600  780 238 2389    -3738561    -68         -25    -33   49  76  201  -17  154  +15  154   15  39  0  0 L3P 60
G17 FF 61045 142600  780 709 3572     +232229   +103         -67    -15   21  43   86   -5  140  -12  140  -12  15  0  0 L3P 1C
G19 FF 61045 142600  780 501 3415    -6841115    -24         -64     -6   37  76  106  -13  168  -22  168  -22  28  0  0 L3P 48
G22 FF 61045 142600  780 639 2109     +621366    -42         -45     -1   24  65   90   +0  113  -16  113  -16  16  0  0 L3P F8
G30 FF 61045 142600  780 562  660     -780467   -155         -60    -32   28  28   98   +7  146  +41  146   41  21  0  0 L3P 19
G13 FF 61045 144200  780 512 2717    -6904569    -15         -58    -25   29  72  104   +1  118  +10  118   10  20  0  0 L3P 26
G14 FF 61045 144200  780 581 1492    -7268422    -34         -50     -9   25  79   96   +4  109   +7  109    7  19  0  0 L3P 03
G15 FF 61045 144200  780 253 2460    -3738607    -28         -37     +7   64  76  189   -8  160   -2  160   -2  51  0  0 L3P 17
G17 FF 61045 144200  780 791   39     +232344   +140         -66    +22   21  43   83   -2  128  -23  128  -23  16  0  0 L3P FB
G19 FF 61045 144200  780 584 3390    -6841121    -44         -52    -26   24  76   96   -9  139   -3  139   -3  16  0  0 L3P 21
G22 FF 61045 144200  780 638 1936     +621330    -34         -42     +7   30  65   91   +0  107  -12  107  -12  20  0  0 L3P EC
G30 FF 61045 144200  780 501  575     -780586    -94         -62    +29   37  28  106  +10  159  -23  159  -23  25  0  0 L3P 3A
G13 FF 61045 145800  780 494 2839    -6904566     -5         -65    -16   32  72  107   +4  125   +5  125    5  22  0  0 L3P 0B
G14 FF 61045 145800  780 542 1383    -7268451    -47         -52    -22   29  80  100   +5  104   +1  104    1  22  0  0 L3P FC
G15 FF 61045 145800  780 258 2535    -3738645    -25         -41    +10   63  76  186   +0  164  -12  164  -12  50  0  0 L3P 45
G17 FF 61045 145800  780 859  457     +232463    +92         -60    -26   25  43   82   +0  115   +1  115    1  17  0  0 L3P D4
G19 FF 61045 145800  780 667 3354    -6841147    -43         -61    -25   24  76   89   -6  122   -9  122   -9  17  0  0 L3P 2C
G22 FF 61045 145800  780 627 1769     +621288    -70         -45    -29   26  65   91   +1  102   -1  102   -1  19  0  0 L3P FA
G30 FF 61045 145800  780 438  508     -780706   -112         -64    +11   35  28  117  +14  166   -8  166   -8  26  0  0 L3P 27
G13 FF 61045 151400  780 459 2948    -6904563     +8         -72     -2   27  72  113   +8  132   +9  132    9  20  0  0 L3P F4
G14 FF 61045 151400  780 502 1286    -7268482    -32         -59     -7   35  80  106   +7   99   +5   99    5  24  0  0 L3P F4
G15 FF 61045 151400  780 252 2612    -3738674    -25         -37    +10  104  76  190   +8  155   -6  155   -6  74  0  0 L3P 36
G17 FF 61045 151400  780 825 1308     +232568   +130         -69    +12   22  43   82   +1  104  -20  104  -20  15  0  0 L3P 0C
G19 FF 61045 151400  780 750 3293    -6841169    -13         -66     +6   28  76   84   -3  100  -32  100  -32  19  0  0 L3P 21
G22 FF 61045 151400  780 606 1616     +621234    -48         -59     -7   24  65   93   +2   97   -3   97   -3  19  0  0 L3P D3
G24 FF 61045 151400  780 150 2243    +1746794   -173         -60    -26   59  42  312 -119  129  -20  129  -20  47  0  0 L3P 77
G13 FF 61045 153000  780 412 3039    -6904567    +33         -86    +23   41  72  123  +13  143  -32  143  -32  28  0  0 L3P 43
G14 FF 61045 153000  780 460 1197    -7268519    -82         -71    -57   35  80  113   +8  110  +38  110   38  23  0  0 L3P 35
G15 FF 61045 153000  780 236 2689    -3738719    -50         -48    -14   82  76  202  +17  171   +9  171    9  62  0  0 L3P 39
G17 FF 61045 153000  780 748 1434     +232671    +98         -79    -20   24  43   84   +3   97  -10   97  -10  17  0  0 L3P 04
G19 FF 61045 153000  780 830 3135    -6841186    -22         -64     -4   20  76   82   -1   79  -22   79  -22  15  0  0 L3P 02
G22 FF 61045 153000  780 578 1479     +621191    -70         -63    -30   31  65   96   +3   95   +3   95    3  21  0  0 L3P CC
G24 FF 61045 153000  780 208 2244    +1746672   -269         -42   -122   54  42  228  -63   88  +48   88   48  41  0  0 L3P 5E
G06 FF 61045 154600  780 329  246    +5990850    +92         -82    +48   60  80  150  -29  212  -99  212  -99  45  0  0 L3P 61
G13 FF 61045 154600  780 357 3113    -6904564    -29         -93    -39   38  72  139  +20  148  +30  148   30  30  0  0 L3P 51
G14 FF 61045 154600  780 418 1116    -7268536    -51         -65    -26   49  80  122  +10  108  +20  108   20  35  0  0 L3P 3D
G15 FF 61045 154600  780 211 2762    -3738758    +27         -54    +62   59  76  223  +29  170  -64  170  -64  44  0  0 L3P 6D
G17 FF 61045 154600  780 669 1453     +232776    +96         -87    -22   24  43   88   +5   88   +1   88    1  19  0  0 L3P EC
G19 FF 61045 154600  780 865 2141    -6841204     -9         -66     +9   31  76   81   +0   66  -14   66  -14  21  0  0 L3P F3
G22 FF 61045 154600  780 546 1356     +621141    -35         -74     +6   26  65  100   +4   93  -10   93  -10  21  0  0 L3P E5
G24 FF 61045 154600  780 267 2254    +1746489    -83         -84    +64   41  42  181  -38   93  -46   93  -46  30  0  0 L3P 51
G06 FF 61045 160200  780 399  289    +5990907    +54         -65    +10   33  82  127  -19  150  -49  150  -49  24  0  0 L3P 59
G13 FF 61045 160200  780 298 3175    -6904556   +127         -91   +117   49  73  163  +31  173  -41  173  -41  35  0  0 L3P 83
G14 FF 61045 160200  780 376 1040    -7268569    -13         -75    +12   49  81  133  +13  124   +0  124    0  35  0  0 L3P 11
G17 FF 61045 160200  780 592 1445     +232898   +130         -85    +12   25  44   94   +8   79   -4   79   -4  17  0  0 L3P FB
G19 FF 61045 160200  780 797 1699    -6841219     -7         -59    +11   22  90   83   +2   61   -5   61   -5  16  0  0 L3P EA
G22 FF 61045 160200  780 509 1246     +621102    -87         -69    -46   41  68  105   +6   88  +50   88   50  30  0  0 L3P 01
G24 FF 61045 160200  780 326 2276    +1746355   -187         -71    -41   49  43  151  -25   91   +8   91    8  31  0  0 L3P 1C
G06 FF 61045 161800  780 469  343    +5990927     -2         -87    -46   37  82  111  -13  130   -3  130   -3  28  0  0 L3P 14
G12 FF 61045 161800  780 163 2473    +6061699    -12         -68    -16   64   2  286  -78  113   -8  113   -8  45  0  0 L3P 32
G14 FF 61045 161800  780 333  968    -7268593     -4         -75    +21   36  81  148  +18  125   -5  125   -5  27  0  0 L3P 23
G17 FF 61045 161800  780 519 1424     +233007   +126         -89     +7   34  44  103  +10   84   +1   84    1  25  0  0 L3P DC
G19 FF 61045 161800  780 722 1597    -6841242     +3         -65    +21   25  90   85   +4   64  -17   64  -17  18  0  0 L3P 0B
G22 FF 61045 161800  780 470 1146     +621038    +20         -94    +61   38  68  111   +8  104  -46  104  -46  27  0  0 L3P 24
G24 FF 61045 161800  780 382 2313    +1746207   -143         -78     +4   32  43  131  -17   81  -22   81  -22  25  0  0 L3P 24
G06 FF 61045 163400  780 535  418    +5990978    +62         -79    +18   27  82  101   -9  102  -20  102  -20  18  0  0 L3P 35
G12 FF 61045 163400  780 210 2422    +6061653    -15        -118    -20   60   2  226  -50  119  +23  119   23  46  0  0 L3P 27
G17 FF 61045 163400  780 449 1396     +233125   +150         -84    +31   29  44  115  +14   84   -7   84   -7  19  0  0 L3P 13
G19 FF 61045 163400  780 650 1536    -6841267    -25         -72     -7   25  90   90   +5   64  +11   64   11  16  0  0 L3P F3
G22 FF 61045 163400  780 428 1055     +621008    -44         -85     -3   31  68  119  +10  103  +16  103   16  24  0  0 L3P 07
G24 FF 61045 163400  780 434 2368    +1746062   -121         -83    +25   32  43  118  -11   72  -19   72  -19  23  0  0 L3P 3D
G06 FF 61045 165000  780 594  525    +5991044    +75         -56    +31   34  82   94   -5   86  -20   86  -20  24  0  0 L3P 0A
G12 FF 61045 165000  780 258 2373    +6061704    -24         -71    -29   54   2  186  -34   84  +33   84   33  38  0  0 L3P 19
G17 FF 61045 165000  780 382 1364     +233242   +103         -81    -15   33  44  131  +19   92  +19   92   19  25  0  0 L3P 17
G19 FF 61045 165000  780 580 1486    -6841269     -4         -57    +14   29  90   96   +7   61   +1   61    1  23  0  0 L3P D7
G22 FF 61045 165000  780 384  971     +620957    +11         -96    +52   41  68  131  +13  131  -27  131  -27  28  0  0 L3P 2B
G24 FF 61045 165000  780 478 2445    +1745928   -154         -76     -8   45  43  110   -7   71  +11   71   11  33  0  0 L3P 15
G06 FF 61045 170600  780 637  675    +5991086    +80         -56    +35   31  82   91   -3   86  -26   86  -26  23  0  0 L3P 19
G12 FF 61045 170600  780 308 2325    +6061706    -57         -73    -62   45   2  158  -25   79  +39   79   39  35  0  0 L3P 2B
G17 FF 61045 170600  780 319 1327     +233370   +112         -66     -6   54  44  153  +27   78  -15   78  -15  40  0  0 L3P 1F
G19 FF 61045 170600  780 514 1439    -6841290    -30         -60    -12   23  90  104  +10   66   +9   66    9  17  0  0 L3P FE
G22 FF 61045 170600  780 338  894     +620960    -46         -54     -5   48  68  146  +18  100   -9  100   -9  34  0  0 L3P 05
G24 FF 61045 170600  780 510 2545    +1745798   -142         -64     +5   32  43  105   -4   65   -4   65   -4  21  0  0 L3P F8
G06 FF 61045 172200  780 653  864    +5991140    +67         -45    +22   27  82   89   +0   76  -21   76  -21  19  0  0 L3P 0B
G11 FF 61045 172200  780 474   12    +4846688   -141         -75     -8   37 161  111  -15  114  -11  114  -11  25  0  0 L3P 32
G12 FF 61045 172200  780 362 2278    +6061706     -2         -78     -6   32   2  138  -19   76  +10   76   10  25  0  0 L3P E9
G17 FF 61045 172200  780 260 1287     +233474   +233         -76   +115   44  44  184  +39   88  -70   88  -70  31  0  0 L3P 50
G19 FF 61045 172200  780 452 1393    -6841298     +5         -51    +23   29  90  114  +12   57  -17   57  -17  21  0  0 L3P 25
G24 FF 61045 172200  780 525 2664    +1745648   -151         -74     -4   23  43  102   -1   70   +3   70    3  17  0  0 L3P E0
G06 FF 61045 173800  780 638 1050    +5991183    +64         -44    +20   30  82   91   +2   69  -21   69  -21  21  0  0 L3P 0C
G11 FF 61045 173800  780 555   28    +4846549   -121         -86    +12   35 161   99  -10  104  -21  104  -21  25  0  0 L3P 3D
G12 FF 61045 173800  780 418 2232    +6061710     -7         -78    -12   19   2  122  -14   76   -5   76   -5  15  0  0 L3P E4
G17 FF 61045 173800  780 204 1245     +233615   +199         -48    +81   70  44  231  +60   87  -44   87  -44  52  0  0 L3P 3D
G19 FF 61045 173800  780 393 1347    -6841334    -20         -69     -2   34  90  128  +16   73   +2   73    2  26  0  0 L3P F8
G24 FF 61045 173800  780 521 2791    +1745502   -150         -79     -3   33  43  103   +2   76  +11   76   11  24  0  0 L3P 05
G06 FF 61045 175400  780 596 1193    +5991223    +45         -47     +0   34  82   94   +5   65   -1   65   -1  24  0  0 L3P E1
G11 FF 61045 175400  780 637   56    +4846436   -145         -72    -12   18 161   91   -7   86   +6   86    6  14  0  0 L3P F1
G12 FF 61045 175400  780 478 2188    +6061717    +32         -76    +27   29   2  110  -11   66  -16   66  -16  22  0  0 L3P 22
G19 FF 61045 175400  780 338 1299    -6841329    -55         -46    -36   36  90  145  +21   67  +33   67   33  26  0  0 L3P 44
G24 FF 61045 175400  780 497 2910    +1745359   -153         -81     -7   25  43  106   +5   83  +12   83   12  17  0  0 L3P 19
G06 FF 61045 181000  780 539 1286    +5991275    +37         -40     -8   29  83  100   +8   64  +11   64   11  21  0  0 L3P FF
G11 FF 61045 181000  780 718  118    +4846305   -155         -74    -22   23 162   86   -4   77   +6   77    6  17  0  0 L3P F9
G12 FF 61045 181000  780 541 2145    +6061727    +24         -74    +19   19   3  100   -9   66   -9   66   -9  13  0  0 L3P E6
G19 FF 61045 181000  780 286 1251    -6841349    -57         -45    -39   35  91  169  +28   78  +35   78   35  28  0  0 L3P 50
G24 FF 61045 181000  780 458 3013    +1745219   -195         -80    -48   37  44  113   +9   92  +40   92   40  27  0  0 L3P 28
G06 FF 61045 182600  780 474 1342    +5991312    -12         -45    -56   39  83  110  +12   71  +47   71   47  28  0  0 L3P 2A
G11 FF 61045 182600  780 791  289    +4846173   -136         -78     -3   20 162   83   -2   73   +0   73    0  14  0  0 L3P E0
G12 FF 61045 182600  780 608 2103    +6061724    +11         -82     +7   20   3   93   -6   70   -7   70   -7  15  0  0 L3P B4
G24 FF 61045 182600  780 409 3099    +1745073   -131         -84    +16   37  44  124  +14  101  -17  101  -17  26  0  0 L3P 5C
G25 FF 61045 182600  780 235 2268    -4518133    +16         -71     -7   53  94  204  -50   64  +15   64   15  38  0  0 L3P 19
G06 FF 61045 184200  780 406 1372    +5991339    +28         -61    -16   46  83  125  +18   80  +11   80   11  32  0  0 L3P 21
G11 FF 61045 184200  780 827  790    +4846041   -136         -82     -2   26 162   82   +0   67   -7   67   -7  17  0  0 L3P F6
G12 FF 61045 184200  780 678 2058    +6061728    -14         -82    -18   24   3   88   -5   62   +3   62    3  18  0  0 L3P D4
G24 FF 61045 184200  780 353 3169    +1744917    -78        -100    +69   56  44  140  +21  115  -38  115  -38  44  0  0 L3P 70
G25 FF 61045 184200  780 295 2252    -4518122    -40         -82    -63   42  94  165  -32   74  +28   74   28  29  0  0 L3P 35
G06 FF 61045 185800  780 338 1384    +5991369    -16         -74    -61   36  83  146  +26   95  +67   95   67  27  0  0 L3P 5C
G11 FF 61045 185800  780 784 1234    +4845913   -123         -83    +10   33 162   83   +2   68   -4   68   -4  24  0  0 L3P 15
G12 FF 61045 185800  780 751 2004    +6061735    +22         -79    +17   19   3   84   -3   62   -9   62   -9  14  0  0 L3P DD
G20 FF 61045 185800  780 420  479    -3618115     -6         -72     -7   46  10  122  -14  117   +3  117    3  34  0  0 L3P E2
G25 FF 61045 185800  780 358 2244    -4518084    +36         -65    +14   47  94  139  -22   65   +0   65    0  35  0  0 L3P 10
G29 FF 61045 185800  780 212 2619    +3979600   -192         -78   -128   88  88  224  -45  102 +101  102  101  64  0  0 L3P A0
G06 FF 61045 191400  780 271 1384    +5991421     -4         -64    -48   45  83  177  +41  104  +74  104   74  30  0  0 L3P 3C
G11 FF 61045 191400  780 712 1370    +4845783   -154         -85    -21   26 162   86   +4   71  +13   71   13  17  0  0 L3P 23
G12 FF 61045 191400  780 826 1905    +6061751     +9         -68     +4   22   3   82   -1   59   -3   59   -3  16  0  0 L3P B7
G20 FF 61045 191400  780 473  563    -3618109    +12         -67    +11   39  10  111   -9  105  -15  105  -15  25  0  0 L3P 1B
G21 FF 61045 191400  780 359  564    -3738415    -48         -84    +38   42  88  139  -17  141  -51  141  -51  30  0  0 L3P 54
G25 FF 61045 191400  780 422 2247    -4518066    +54         -69    +31   28  94  121  -16   69  -33   69  -33  21  0  0 L3P 3E
G29 FF 61045 191400  780 256 2556    +3979527   -124         -90    -61  100  88  188  -31  115  +47  115   47  74  0  0 L3P 8A
G05 FF 61045 193000  780 340  262    +2267588    +81         -90    +74   40  50  145  -27  141  -48  141  -48  30  0  0 L3P 3F
G06 FF 61045 193000  780 207 1374    +5991481    +32         -47    -13   44  83  228  +68  125  +58  125   58  30  0  0 L3P 55
G11 FF 61045 193000  780 637 1411    +4845650   -131         -90     +2   21 162   91   +6   78   +7   78    7  16  0  0 L3P EC
G12 FF 61045 193000  780 881  919    +6061757    +19         -66    +15   25   3   81   +0   62   +4   62    4  19  0  0 L3P BA
G20 FF 61045 193000  780 517  669    -3618096    +34         -55    +33   40  10  104   -5   92  -18   92  -18  28  0  0 L3P 12
G21 FF 61045 193000  780 406  644    -3738499   -115         -86    -29   48  88  125  -11  125  +25  125   25  36  0  0 L3P 5D
G25 FF 61045 193000  780 488 2264    -4518040    +35         -65    +12   40  94  108  -11   66   +3   66    3  30  0  0 L3P F8
G29 FF 61045 193000  780 300 2492    +3979464    +53         -92   +117   45  88  162  -23  107  -71  107  -71  36  0  0 L3P 78
G05 FF 61045 194600  780 410  309    +2267599    +13         -84     +6   41  50  124  -18  127   -9  127   -9  31  0  0 L3P 12
G11 FF 61045 194600  780 562 1418    +4845528   -142         -84     -9   30 162   98   +9   83  +18   83   18  23  0  0 L3P 2D
G12 FF 61045 194600  780 811  309    +6061767    +10         -61     +6   26   3   82   +2   68   +8   68    8  20  0  0 L3P A6
G20 FF 61045 194600  780 544  796    -3618111    +14         -71    +13   39  10  100   -2   99   -8   99   -8  28  0  0 L3P F5
G21 FF 61045 194600  780 443  739    -3738565    -77         -69    +10   33  88  116   -7  110   -5  110   -5  24  0  0 L3P 1B
G25 FF 61045 194600  780 554 2304    -4518015    +42         -62    +19   32  94   99   -8   67  -14   67  -14  22  0  0 L3P 1E
G29 FF 61045 194600  780 344 2427    +3979416    -36         -79    +27   39  88  144  -17  102  -21  102  -21  31  0  0 L3P 67
G05 FF 61045 200200  780 478  369    +2267616    +21         -72    +15   35  62  110  -12  110  -15  110  -15  27  0  0 L3P 22
G11 FF 61045 200200  780 491 1408    +4845409   -140         -74     -7   22 163  107  +12   93  +23   93   23  17  0  0 L3P 26
G12 FF 61045 200200  780 731  233    +6061770     +0         -62     -4   27   4   85   +4   77  +15   77   15  18  0  0 L3P A7
G20 FF 61045 200200  780 549  935    -3618086     +8         -48     +7   23  59   99   +1   88   +2   88    2  16  0  0 L3P BC
G21 FF 61045 200200  780 467  846    -3738657    -58         -80    +29   37  89  112   -3  112  -15  112  -15  27  0  0 L3P 3A
G25 FF 61045 200200  780 615 2378    -4517990    +37         -62    +14   24  95   93   -5   65  -11   65  -11  19  0  0 L3P 16
G29 FF 61045 200200  780 390 2359    +3979361    -78         -69    -15   42  90  129  -13   93   +9   93    9  31  0  0 L3P 20
G05 FF 61045 201800  780 542  450    +2267627     +7         -67     +0   37  62  100   -8   98   -9   98   -9  29  0  0 L3P D8
G11 FF 61045 201800  780 422 1388    +4845285   -158         -71    -25   29 163  121  +16   99  +16   99   16  21  0  0 L3P 58
G12 FF 61045 201800  780 649  195    +6061778     +4         -59     -1   40   4   90   +6   85   -1   85   -1  30  0  0 L3P A2
G20 FF 61045 201800  780 533 1066    -3618081     -8         -45     -9   36  59  101   +4   86   -5   86   -5  28  0  0 L3P E1
G21 FF 61045 201800  780 473  960    -3738724    -98         -65    -11   40  89  110   +0  105  -11  105  -11  30  0  0 L3P 1F
G25 FF 61045 201800  780 666 2507    -4517960    -12         -54    -35   26  95   89   -3   60  +21   60   21  18  0  0 L3P 08
G29 FF 61045 201800  780 437 2288    +3979283    -90         -86    -26   20  90  118  -11  107  +12  107   12  13  0  0 L3P 4C
G05 FF 61045 203400  780 596  565    +2267630     -2         -71     -9   19  62   94   -5   92   -2   92   -2  14  0  0 L3P BC
G11 FF 61045 203400  780 357 1361    +4845166   -157         -62    -24   27 163  139  +22  103  +37  103   37  20  0  0 L3P 5D
G12 FF 61045 203400  780 567  169    +6061782    +12         -59     +8   18   4   97   +9   92  +11   92   11  13  0  0 L3P CE
G20 FF 61045 203400  780 497 1175    -3618095     +7         -59     +6   32  59  106   +7   90   -1   90   -1  24  0  0 L3P D9
G21 FF 61045 203400  780 462 1071    -3738817   -122         -75    -36   41  89  113   +4  103  +24  103   24  30  0  0 L3P 31
G25 FF 61045 203400  780 695 2702    -4517935    +25         -51     +2   27  95   87   -1   62   +9   62    9  21  0  0 L3P D5
G29 FF 61045 203400  780 485 2213    +3979241    +13         -67    +77   26  90  108   -8   93  -55   93  -55  20  0  0 L3P 35
G05 FF 61045 205000  780 633  720    +2267636    -19         -72    -26   22  62   91   -2   91  +16   91   16  17  0  0 L3P E9
G11 FF 61045 205000  780 296 1330    +4845021   -147         -79    -14   34 163  164  +31  134  +22  134   22  22  0  0 L3P 4F
G12 FF 61045 205000  780 486  151    +6061788    -56         -57    -60   33   4  108  +14  103  +66  103   66  23  0  0 L3P 1A
G20 FF 61045 205000  780 447 1255    -3618089    +14         -55    +12   39  59  115  +11   97   -3   97   -3  27  0  0 L3P 12
G21 FF 61045 205000  780 433 1168    -3738891    -82         -65     +4   41  89  118   +8   98   -2   98   -2  32  0  0 L3P FF
G25 FF 61045 205000  780 690 2930    -4517916    +26         -53     +3   20  95   87   +1   71   +0   71    0  15  0  0 L3P BC
G29 FF 61045 205000  780 535 2132    +3979177    -59         -71     +4   25  90  101   -7   94  -10   94  -10  19  0  0 L3P 13
G05 FF 61045 210600  780 642  903    +2267651     +2         -63     -5   24  62   90   +0   84   +6   84    6  18  0  0 L3P 9E
G11 FF 61045 210600  780 238 1294    +4844917   -133         -56     +0   35 163  200  +46  137  +19  137   19  25  0  0 L3P 55
G12 FF 61045 210600  780 407  138    +6061810    +58         -40    +53   26   4  124  +20  112  -17  112  -17  20  0  0 L3P 05
G18 FF 61045 210600  780 275 2844    +4584986   -130         -61    -32   58 127  176  -30  151   -6  151   -6  44  0  0 L3P 62
G20 FF 61045 210600  780 389 1311    -3618079    +14         -46    +13   27  59  129  +17  103   +1  103    1  18  0  0 L3P 0F
G21 FF 61045 210600  780 392 1246    -3738972   -101         -63    -15   33  89  128  +13  109  +25  109   25  26  0  0 L3P 5A
G25 FF 61045 210600  780 652 3117    -4517889    +18         -49     -5   22  95   89   +4   76  +16   76   16  16  0  0 L3P 0D
G29 FF 61045 210600  780 585 2040    +3979119    -22         -67    +42   23  90   95   -5   91  -31   91  -31  15  0  0 L3P 15
G05 FF 61045 212200  780 622 1075    +2267644    -16         -76    -23   22  62   92   +3   95  +23   95   23  16  0  0 L3P FB
G12 FF 61045 212200  780 330  129    +6061809    +42         -45    +37   68   4  149  +31  129  -15  129  -15  50  0  0 L3P 24
G18 FF 61045 212200  780 323 2775    +4584900   -154         -54    -56   53 127  152  -21  127  +23  127   23  44  0  0 L3P 67
G20 FF 61045 212200  780 327 1346    -3618091     +1         -59     +0   45  59  150  +26  127  +27  127   27  32  0  0 L3P 15
G21 FF 61045 212200  780 341 1305    -3739055    -78         -64     +9   31  89  145  +21  123  +13  123   13  29  0  0 L3P 27
G25 FF 61045 212200  780 594 3244    -4517868    +25         -50     +2   32  95   94   +6   83  +13   83   13  23  0  0 L3P F2
G29 FF 61045 212200  780 635 1930    +3979051    -48         -74    +15   21  90   91   -4   91  -15   91  -15  15  0  0 L3P 14
G05 FF 61045 213800  780 579 1203    +2267665    +23         -62    +17   29  62   96   +6   97   +8   97    8  23  0  0 L3P F7
G18 FF 61045 213800  780 370 2700    +4584810   -119         -50    -21   51 127  135  -15  112   +4  112    4  37  0  0 L3P 2F
G20 FF 61045 213800  780 264 1366    -3618087    +41         -56    +40   38  59  182  +42  154   -2  154   -2  31  0  0 L3P 2D
G21 FF 61045 213800  780 284 1346    -3739143    -99         -69    -13   53  89  170  +33  149  +38  149   38  40  0  0 L3P 68
G25 FF 61045 213800  780 525 3326    -4517850    +10         -53    -13   48  95  102  +10  103  +31  103   31  34  0  0 L3P 28
G29 FF 61045 213800  780 682 1789    +3978988    -54         -76    +10   20  90   88   -3   93   +1   93    1  15  0  0 L3P 04
G05 FF 61045 215400  780 522 1288    +2267680    -16         -54    -23   31  62  103   +9  104  +18  104   18  22  0  0 L3P 23
G18 FF 61045 215400  780 414 2617    +4584704    -62         -62    +35   37 127  123  -11  114  -34  114  -34  31  0  0 L3P 58
G20 FF 61045 215400  780 200 1374    -3618047    +40         -18    +39   54  59  236  +73  168  +21  168   21  38  0  0 L3P 47
G21 FF 61045 215400  780 224 1372    -3739227   -178         -70    -92   47  89  211  +55  186 +108  186  108  35  0  0 L3P 94
G23 FF 61045 215400  780 233 3331    -5955683    +41         -40    +91   53 121  205  -61  196 -101  196 -101  43  0  0 L3P 7C
G26 FF 61045 215400  780 177 2271    +3066001    +78         -37    +17   62  48  266  -63  179  -40  179  -40  40  0  0 L3P 5F
G29 FF 61045 215400  780 721 1596    +3978928    -68         -74     -4   25  90   85   -2   96   +3   96    3  17  0  0 L3P F7
G05 FF 61045 221000  780 459 1339    +2267692    -23         -46    -30   37  79  113  +13  110  +28  110   28  27  0  0 L3P 3D
G18 FF 61045 221000  780 455 2527    +4584622   -129         -51    -31   38 128  114   -8  105  +23  105   23  28  0  0 L3P 50
G26 FF 61045 221000  780 216 2323    +3066057    +46         -41    -16   39  49  220  -35  168   -7  168   -7  29  0  0 L3P 35
G29 FF 61045 221000  780 741 1337    +3978879    -57         -65     +6   20  91   85   +0   95   -8   95   -8  14  0  0 L3P FA
G05 FF 61045 222600  780 393 1367    +2267698     -9         -46    -16   31  79  128  +19  127  +28  127   28  24  0  0 L3P 53
G15 FF 61045 222600  780 351  585    -3739618    -10         -67    +25   44  20  141  -17  165  -34  165  -34  31  0  0 L3P 43
G18 FF 61045 222600  780 493 2429    +4584525   -101         -54     -4   24 128  107   -6  107   -2  107   -2  18  0  0 L3P 2C
G26 FF 61045 222600  780 247 2385    +3066119    +11         -37    -50   62  49  194  -20  157  +24  157   24  42  0  0 L3P 48
G29 FF 61045 222600  780 734 1054    +3978820    -75         -63    -11   28  91   85   +1   97   +3   97    3  19  0  0 L3P F6
G05 FF 61045 224200  780 327 1378    +2267690    +40         -61    +33   38  79  150  +27  159  +13  159   13  28  0  0 L3P 4E
G15 FF 61045 224200  780 395  664    -3739651    +17         -66    +52   50  20  128  -11  152  -43  152  -43  35  0  0 L3P 40
G18 FF 61045 224200  780 527 2322    +4584437   -118         -48    -21   23 128  102   -5  103  +25  103   25  16  0  0 L3P 46
G23 FF 61045 224200  780 452 3222    -5955833     -7         -38    +43   48 122  115  -15  131  -37  131  -37  37  0  0 L3P 52
G26 FF 61045 224200  780 268 2457    +3066167    +20         -48    -42   69  49  180  -10  166  +26  166   26  49  0  0 L3P 5B
G29 FF 61045 224200  780 699  822    +3978752    -60         -69     +3   25  91   87   +3  107   +6  107    6  19  0  0 L3P FA
G05 FF 61045 225800  780 262 1377    +2267714    +36         -43    +30   43  79  183  +42  180  +22  180   22  31  0  0 L3P 3E
G15 FF 61045 225800  780 429  756    -3739670    -52         -51    -17   34  20  119   -7  144   +4  144    4  24  0  0 L3P 08
G18 FF 61045 225800  780 558 2205    +4584359   -100         -32     -2   30 128   98   -3   99   -1   99   -1  22  0  0 L3P 09
G23 FF 61045 225800  780 524 3161    -5955881    -44         -38     +6   30 122  103  -10  124   -8  124   -8  23  0  0 L3P 28
G26 FF 61045 225800  780 278 2534    +3066244    +53         -30     -9   65  49  174   -3  160  +19  160   19  49  0  0 L3P 34
G29 FF 61045 225800  780 646  660    +3978691    -87         -70    -23   28  91   90   +4  121  +28  121   28  21  0  0 L3P 27
G05 FF 61045 231400  780 200 1367    +2267732    +18         -32    +12   44  79  236  +71  210  +54  210   54  31  0  0 L3P 2C
G15 FF 61045 231400  780 450  857    -3739704    -61         -52    -25   35  20  115   -3  146  +26  146   26  25  0  0 L3P 21
G18 FF 61045 231400  780 584 2076    +4584274    -74         -20    +24   28 129   95   -2  100   -2  100   -2  19  0  0 L3P 16
G23 FF 61045 231400  780 595 3077    -5955923    -33         -32    +17   27 122   94   -7  114   -7  114   -7  20  0  0 L3P 24
G26 FF 61045 231400  780 276 2615    +3066302   +116         -31    +55   59  49  175   +4  178  -15  178  -15  44  0  0 L3P 5D
G29 FF 61045 231400  780 584  548    +3978641    -13         -58    +51   27  91   95   +7  131  -13  131  -13  20  0  0 L3P 26
G15 FF 61045 233000  780 456  963    -3739735    -47         -48    -11   37  20  114   +0  147   +3  147    3  25  0  0 L3P FF
G16 FF 61045 233000  780 192 2326    -1820321    -53         -15    +24   34  81  246  -32  198  -37  198  -37  26  0  0 L3P 58
G18 FF 61045 233000  780 604 1936    +4584176   -131         -25    -33   22 129   93   -2  109  +21  109   21  17  0  0 L3P 3E
G23 FF 61045 233000  780 660 2957    -5955972    -49         -34     +1   23 122   89   -4  112  -11  112  -11  17  0  0 L3P 2C
G26 FF 61045 233000  780 263 2695    +3066366    +24         -26    -37   62  49  182  +12  193  +35  193   35  44  0  0 L3P 53
G29 FF 61045 233000  780 518  467    +3978590    -20         -48    +43   28  91  103  +10  143   -9  143   -9  20  0  0 L3P 23
G13 FF 61045 234600  780 214 1257    -6904249    -63         -52    -73   41  12  221  +23  219  +56  219   56  30  0  0 L3P 43
G15 FF 61045 234600  780 446 1065    -3739770    -35         -50     +0   36  20  116   +4  151   -8  151   -8  28  0  0 L3P 07
G16 FF 61045 234600  780 213 2393    -1820432   -134         -51    -57   39  81  223  -16  219  +29  219   29  31  0  0 L3P 5D
G18 FF 61045 234600  780 618 1785    +4584067   -150         -40    -52   20 129   92   -1  114  +33  114   33  14  0  0 L3P 41
G23 FF 61045 234600  780 713 2775    -5956028    -55         -41     -5   24 122   86   -2  112   -8  112   -8  18  0  0 L3P 13
G26 FF 61045 234600  780 241 2773    +3066411    +75         -40    +14   77  49  198  +21  222   +5  222    5  55  0  0 L3P 20
G29 FF 61045 234600  780 448  407    +3978514    -61         -63     +2   47  91  115  +15  172  +27  172   27  33  0  0 L3P 31
