CGGTTS     GENERIC DATA FORMAT VERSION = 2E
REV DATE = 2024-12-02                    
RCVR = Septentrio PolaRx2 S/N 3252   R2CGGTTS v8.8    
CH = 20 
IMS = Septentrio PolaRx2 S/N 3252   
LAB = NMI Australia                 
X = -4648241.00 m 
Y = +2560636.48 m 
Z = -3526317.74 m 
FRAME = ITRF
COMMENTS =           IGS antenna SYDN              
INT DLY =  211.7 ns (GPS P1),  213.3 ns (GPS P2)     CAL_ID = 1015-2021           
CAB DLY = 2484.6 ns 
REF DLY =  338.6 ns
REF = UTC(AUS)                      
CKSUM = 82

SAT CL  MJD  STTIME TRKL ELV AZTH   REFSV      SRSV     REFSYS    SRSYS  DSG IOE MDTR SMDT MDIO SMDI MSIO SMSI ISG FR HC FRC CK
             hhmmss  s  .1dg .1dg    .1ns     .1ps/s     .1ns    .1ps/s .1ns     .1ns.1ps/s.1ns.1ps/s.1ns.1ps/s.1ns
G10 FF 61050 000200  780 418 2914    +5813461    +50          82    +20   25  56  122  -14  160  -36  160  -36  21  0  0 L3P 21
G15 FF 61050 000200  780 382 1232    -3751839     +9          75    +44   19  35  131  +13  160  -19  160  -19  16  0  0 L3P 27
G16 FF 61050 000200  780 223 2544    -1846871    -76          71     +0   22  58  213   +6  200  +24  200   24  16  0  0 L3P F3
G18 FF 61050 000200  780 619 1463    +4550421   -109          90    -11   13 181   92   +1  109  +18  109   18  10  0  0 L3P 1C
G23 FF 61050 000200  780 742 2197    -5973382    -44          85     +6   12 174   84   +1  101   +1  101    1   9  0  0 L3P CA
G27 FF 61050 000200  780 187 2223     +155774    +94         103    +22   47  12  252  -79  183  -33  183  -33  31  0  0 L3P 3A
G29 FF 61050 000200  780 308  322    +3956578    -10          77    +54   51   5  158  +33  253  +19  253   19  39  0  0 L3P 1B
G10 FF 61050 001800  780 472 2826    +5813500    +46          93    +17   21  56  111  -10  141  -19  141  -19  16  0  0 L3P 2B
G15 FF 61050 001800  780 335 1289    -3751864    -61          85    -26   28  35  147  +20  174  +42  174   42  20  0  0 L3P 3C
G16 FF 61050 001800  780 211 2620    -1846936    -84          79     -8   32  58  223  +16  214  +37  214   37  25  0  0 L3P 2A
G18 FF 61050 001800  780 604 1309    +4550331    -72          94    +26   18 181   93   +2  116   -4  116   -4  13  0  0 L3P FE
G23 FF 61050 001800  780 711 1948    -5973423    -43          92     +7   11 174   86   +2  102   +4  102    4   8  0  0 L3P D3
G27 FF 61050 001800  780 246 2240     +155829    +26          89    -47   29  12  195  -45  175  +17  175   17  22  0  0 L3P 34
G10 FF 61050 003400  780 520 2722    +5813527    +14          91    -16   17  56  103   -7  138   +4  138    4  12  0  0 L3P EA
G15 FF 61050 003400  780 283 1330    -3751901    -71          82    -36   30  35  170  +31  196  +47  196   47  24  0  0 L3P 33
G16 FF 61050 003400  780 191 2694    -1847021   -124          68    -47   36  58  246  +31  254  +87  254   87  28  0  0 L3P 63
G18 FF 61050 003400  780 581 1166    +4550240    -99          97     -2   13 181   96   +3  129  +12  129   12  12  0  0 L3P 0D
G23 FF 61050 003400  780 664 1775    -5973473    -54          90     -4   14 174   89   +4  113   +5  113    5  11  0  0 L3P F2
G27 FF 61050 003400  780 303 2270     +155903    +65          93     -8   28  12  161  -28  161   -4  161   -4  21  0  0 L3P E8
G10 FF 61050 005000  780 561 2600    +5813548    +52          84    +23   16  56   98   -4  134  -21  134  -21  12  0  0 L3P 09
G15 FF 61050 005000  780 228 1357    -3751933   -134          83    -99   38  35  208  +50  217 +100  217  100  29  0  0 L3P 68
G18 FF 61050 005000  780 550 1038    +4550134   -132          85    -34   26 181   99   +4  138  +26  138   26  19  0  0 L3P 36
G23 FF 61050 005000  780 611 1649    -5973520    -36          92    +14   31 174   93   +5  114   -6  114   -6  22  0  0 L3P 02
G27 FF 61050 005000  780 357 2315     +155972    +60          92    -13   30  12  139  -18  150   +2  150    2  22  0  0 L3P E2
G10 FF 61050 010600  780 593 2459    +5813585    +52          92    +22   13  56   95   -3  127   -3  127   -3  10  0  0 L3P F6
G15 FF 61050 010600  780 171 1373    -3751982   -103          68    -68   39  35  273  +90  262 +118  262  118  22  0  0 L3P 76
G18 FF 61050 010600  780 511  925    +4550035    -64          80    +33   20 181  104   +6  153   +2  153    2  14  0  0 L3P DD
G23 FF 61050 010600  780 558 1550    -5973576    -33          84    +17   18 174   98   +6  127  +12  127   12  14  0  0 L3P 30
G27 FF 61050 010600  780 404 2377     +156033   +142          83    +69   27  12  125  -12  153  -40  153  -40  18  0  0 L3P 2D
G08 FF 61050 012200  780 188 2249    -5059792    +67         111    +25   39  37  251  -64  218  -32  218  -32  29  0  0 L3P 65
G10 FF 61050 012200  780 614 2301    +5813626    +27         105     -3   14  56   93   -1  124  +10  124   10  10  0  0 L3P DE
G18 FF 61050 012200  780 467  826    +4549962    -96         100     +2   37 181  111   +9  156  +23  156   23  25  0  0 L3P 27
G23 FF 61050 012200  780 505 1466    -5973614    -37          94    +13   20 174  105   +8  138  +13  138   13  15  0  0 L3P 2D
G27 FF 61050 012200  780 442 2459     +156116   +102          96    +30   23  12  116   -7  150  -12  150  -12  19  0  0 L3P 0D
G08 FF 61050 013800  780 234 2295    -5059744    +70         118    +28   47  37  204  -36  203  -30  203  -30  36  0  0 L3P 50
G10 FF 61050 013800  780 623 2133    +5813654    +35         105     +6   16  56   92   +0  128   +5  128    5  12  0  0 L3P D9
G18 FF 61050 013800  780 419  740    +4549857    -71          89    +27   31 181  121  +12  189  +18  189   18  24  0  0 L3P 51
G23 FF 61050 013800  780 455 1390    -5973664    -32          91    +18   30 174  114  +10  153   +4  153    4  23  0  0 L3P 19
G27 FF 61050 013800  780 467 2559     +156193    +84         103    +12   19  12  112   -3  152   +2  152    2  15  0  0 L3P EB
G32 FF 61050 013800  780 510 3438    +1700852   -172         112     -4   51  30  105  -13  163   -3  163   -3  34  0  0 L3P 0F
G08 FF 61050 015400  780 273 2353    -5059708    +78         114    +36   43  37  177  -22  198  -37  198  -37  29  0  0 L3P 79
G10 FF 61050 015400  780 620 1965    +5813682    +21         104     -8   17  56   92   +1  133   +6  133    6  13  0  0 L3P DC
G18 FF 61050 015400  780 367  666    +4549773    -64          99    +34   34 181  136  +18  214  +15  214   15  28  0  0 L3P 4D
G23 FF 61050 015400  780 406 1319    -5973717    -45          87     +5   26 174  125  +13  176  +19  176   19  19  0  0 L3P 4D
G27 FF 61050 015400  780 474 2671     +156271    +78         111     +6   20  12  110   +0  158   +9  158    9  15  0  0 L3P DF
G32 FF 61050 015400  780 592 3415    +1700679   -183         101    -14   22  30   95   -9  159   +3  159    3  17  0  0 L3P 11
G08 FF 61050 021000  780 303 2424    -5059660    +52         122    +10   38  43  161  -12  191   -9  191   -9  25  0  0 L3P 1C
G10 FF 61050 021000  780 607 1807    +5813722    +45         114    +15   14  57   93   +2  138  -12  138  -12  11  0  0 L3P 14
G18 FF 61050 021000  780 312  601    +4549681   -140          96    -43   44 182  156  +26  254  +86  254   86  34  0  0 L3P 51
G23 FF 61050 021000  780 359 1251    -5973750    -43         104     +7   24 175  138  +16  189  +11  189   11  18  0  0 L3P 48
G27 FF 61050 021000  780 463 2785     +156336    +23         105    -49   36  20  112   +4  177  +46  177   46  25  0  0 L3P 21
G32 FF 61050 021000  780 676 3384    +1700531   -164         119     +4   19  31   88   -6  148  -16  148  -16  15  0  0 L3P 31
G02 FF 61050 022600  780 149 2244     -132690    -93          92    -10   34  31  315 -130  249  -17  249  -17  27  0  0 L3P 3D
G08 FF 61050 022600  780 321 2504    -5059620    +47         122     +5   44  43  152   -5  188   -7  188   -7  33  0  0 L3P 0C
G10 FF 61050 022600  780 586 1661    +5813750    +29         114     +0   15  57   95   +3  136   -4  136   -4  11  0  0 L3P EE
G23 FF 61050 022600  780 314 1185    -5973804    -52          99     -2   24 175  155  +20  208  +15  208   15  18  0  0 L3P 38
G27 FF 61050 022600  780 436 2891     +156412    +92         112    +19   24  20  118   +8  186   +1  186    1  21  0  0 L3P F1
G32 FF 61050 022600  780 760 3331    +1700356   -197         105    -29   15  31   84   -3  142   -2  142   -2  11  0  0 L3P 04
G02 FF 61050 024200  780 212 2234     -132771   -124          91    -41   38  31  224  -67  224   +6  224    6  29  0  0 L3P FC
G08 FF 61050 024200  780 327 2590    -5059591    +61         110    +19   42  43  150   +0  204   -5  204   -5  36  0  0 L3P 08
G10 FF 61050 024200  780 560 1530    +5813768    +17         104    -13   22  57   98   +3  145  +15  145   15  16  0  0 L3P 15
G27 FF 61050 024200  780 396 2983     +156470    +98         100    +25   35  20  127  +12  214   +9  214    9  25  0  0 L3P 0B
G32 FF 61050 024200  780 842 3183    +1700197   -165         108     +4   19  31   82   -1  128  -11  128  -11  15  0  0 L3P 1C
G02 FF 61050 025800  780 278 2232     -132859    -76          83     +7   29  31  174  -40  213  -19  213  -19  21  0  0 L3P 21
G08 FF 61050 025800  780 320 2678    -5059566    +46          95     +4   59  43  153   +6  226  +17  226   17  47  0  0 L3P 2C
G10 FF 61050 025800  780 529 1411    +5813786    +56          94    +26   16  57  102   +4  157   -7  157   -7  12  0  0 L3P 15
G27 FF 61050 025800  780 347 3062     +156539    +82          99     +9   33  20  142  +19  248  +36  248   36  26  0  0 L3P 26
G32 FF 61050 025800  780 864 1929    +1700028   -170         100     -1   15  31   81   +1  131   -1  131   -1  12  0  0 L3P E1
G02 FF 61050 031400  780 346 2242     -132920    -95         102    -12   24  31  143  -26  188   +4  188    4  18  0  0 L3P FF
G08 FF 61050 031400  780 300 2763    -5059518    +65         103    +23   54  43  162  +12  249  +13  249   13  41  0  0 L3P 37
G10 FF 61050 031400  780 496 1303    +5813819    +33          98     +3   27  57  107   +6  167  +22  167   22  22  0  0 L3P 0F
G28 FF 61050 031400  780 321  236    +6133092    +14          94    +64   37   7  153  -30  288 -104  288 -104  25  0  0 L3P 3E
G32 FF 61050 031400  780 788 1649    +1699869   -151         103    +17   15  31   83   +2  133   -2  133   -2  11  0  0 L3P 1B
G02 FF 61050 033000  780 414 2266     -132996    -91         105     -8   25  31  123  -17  174   -8  174   -8  19  0  0 L3P 0D
G08 FF 61050 033000  780 271 2843    -5059468     +7         112    -36   39  43  178  +21  283  +60  283   60  30  0  0 L3P 39
G10 FF 61050 033000  780 461 1204    +5813861    +75         112    +45   26  57  113   +7  176   -6  176   -6  19  0  0 L3P 17
G28 FF 61050 033000  780 389  279    +6133044    -46          94     +4   25   7  129  -20  247  -47  247  -47  17  0  0 L3P 21
G32 FF 61050 033000  780 710 1574    +1699715   -171         111     -3   12  31   86   +4  135  +10  135   10   9  0  0 L3P F7
G01 FF 61050 034600  780 189 2228    -3453279    +22         131    -12   35 126  250  -82  241  -37  241  -37  23  0  0 L3P 5D
G02 FF 61050 034600  780 480 2313     -133081    -93          99    -10   23  31  109  -12  164   -7  164   -7  18  0  0 L3P 01
G10 FF 61050 034600  780 423 1112    +5813883     +0         105    -29   26  57  120   +9  198  +36  198   36  20  0  0 L3P 1F
G28 FF 61050 034600  780 458  334    +6132996    -68          94    -18   30   7  114  -14  213  -14  213  -14  23  0  0 L3P 23
G32 FF 61050 034600  780 635 1523    +1699553   -163         110     +5   19  31   91   +6  140   +1  140    1  13  0  0 L3P E6
G01 FF 61050 040200  780 252 2233    -3453251    +76         130    +42   29 127  191  -46  222  -50  222  -50  22  0  0 L3P 43
G02 FF 61050 040200  780 541 2389     -133159    -69         100    +14   18  32  100   -7  156   +1  156    1  14  0  0 L3P E2
G10 FF 61050 040200  780 384 1027    +5813922     +6         119    -24   28  71  130  +12  207  +29  207   29  21  0  0 L3P 1F
G28 FF 61050 040200  780 523  407    +6132936    -44          85     +6   20   8  103   -9  200  -13  200  -13  17  0  0 L3P E0
G31 FF 61050 040200  780 317   75    +1734579    -10          91    +10   37  88  155  -33  303  -53  303  -53  29  0  0 L3P 1A
G32 FF 61050 040200  780 563 1478    +1699391   -156         113    +13   15  57   98   +8  150   +6  150    6  11  0  0 L3P 13
G01 FF 61050 041800  780 315 2251    -3453216    +47         132    +13   17 127  156  -29  201  -35  201  -35  13  0  0 L3P 48
G02 FF 61050 041800  780 589 2505     -133233    -79         105     +4   24  32   95   -4  159   -7  159   -7  19  0  0 L3P F6
G10 FF 61050 041800  780 344  947    +5813950    +31         119     +1   30  71  143  +16  229  +20  229   20  25  0  0 L3P 0F
G28 FF 61050 041800  780 581  509    +6132892    -51          89     -1   29   8   96   -6  184  -13  184  -13  21  0  0 L3P 00
G31 FF 61050 041800  780 391   97    +1734561   -119          93    -99   42  88  129  -22  256  +39  256   39  33  0  0 L3P 4A
G32 FF 61050 041800  780 494 1434    +1699231   -165         115     +3   23  57  107  +11  163  +12  163   12  17  0  0 L3P 37
G01 FF 61050 043400  780 376 2283    -3453185    +26         130     -8   22 127  133  -19  184  -11  184  -11  16  0  0 L3P 49
G02 FF 61050 043400  780 616 2663     -133307    -88         111     -5   23  32   92   -1  154   +6  154    6  17  0  0 L3P CE
G10 FF 61050 043400  780 301  872    +5813979    +32         120     +3   49  71  161  +22  256  +19  256   19  35  0  0 L3P 21
G28 FF 61050 043400  780 624  650    +6132847     -9          92    +41   22   8   92   -3  169  -35  169  -35  16  0  0 L3P FC
G31 FF 61050 043400  780 466  123    +1734547    +14          99    +34   31  88  112  -15  219  -56  219  -56  22  0  0 L3P 37
G32 FF 61050 043400  780 430 1389    +1699072   -159         118     +9   25  57  119  +14  171  +12  171   12  17  0  0 L3P 49
G01 FF 61050 045000  780 434 2334    -3453157    +20         126    -14   29 127  118  -13  168   -2  168   -2  23  0  0 L3P 30
G02 FF 61050 045000  780 614 2840     -133388    -67         110    +16   19  32   93   +1  150  -14  150  -14  13  0  0 L3P 01
G03 FF 61050 045000  780 183 2340    -6024697   +133         115    +34   45 109  257  -70  268  -50  268  -50  36  0  0 L3P 7A
G28 FF 61050 045000  780 643  828    +6132800    -67          93    -17   23   8   90   +0  157  +10  157   10  18  0  0 L3P EA
G31 FF 61050 045000  780 542  160    +1734533    -30         104     -9   24  88  100  -10  179  -19  179  -19  17  0  0 L3P 29
G32 FF 61050 045000  780 369 1344    +1698909   -180         116    -12   25  57  135  +19  183  +29  183   29  22  0  0 L3P 6A
G01 FF 61050 050600  780 485 2409    -3453120    +19         130    -15   21 127  109   -8  156   -3  156   -3  14  0  0 L3P 1D
G02 FF 61050 050600  780 585 3000     -133476   -102         101    -19   32  32   95   +4  165  +20  165   20  23  0  0 L3P 00
G03 FF 61050 050600  780 236 2297    -6024583   +158         134    +59   39 109  203  -45  229  -68  229  -68  29  0  0 L3P 99
G28 FF 61050 050600  780 632 1008    +6132759    -69         101    -19   23   8   91   +2  152  +11  152   11  15  0  0 L3P 00
G31 FF 61050 050600  780 617  218    +1734510     +1         101    +21   19  88   92   -7  164  -35  164  -35  15  0  0 L3P 00
G32 FF 61050 050600  780 312 1297    +1698746   -139         114    +29   36  57  156  +26  206   +2  206    2  25  0  0 L3P 3A
G01 FF 61050 053400  780 541 2603    -3453072    +53         121    +19   28 127  100   -2  159   -3  159   -3  21  0  0 L3P 15
G02 FF 61050 053400  780 489 3192     -133610    -22         107    +61   29  32  108  +11  192  -13  192  -13  22  0  0 L3P 29
G03 FF 61050 053400  780 335 2230    -6024421    +67         130    -32   30 109  147  -24  200  +17  200   17  22  0  0 L3P 2B
G04 FF 61050 053400  780 230 2752     -372117    -71         119    -47   32 171  207  -40  282   -2  282   -2  24  0  0 L3P 20
G28 FF 61050 053400  780 557 1230    +6132687    -44         112     +6   14   8   98   +7  156  +18  156   18  11  0  0 L3P 07
G31 FF 61050 053400  780 730  450    +1734471     -6          97    +15   19  88   85   -2  149   -6  149   -6  14  0  0 L3P E7
G01 FF 61050 055000  780 546 2738    -3453029    +27         131     -7   24 127  100   +1  166  +15  166   15  19  0  0 L3P 27
G02 FF 61050 055000  780 422 3263     -133666    -81         131     +2   38  32  121  +16  215  +38  215   38  27  0  0 L3P 0D
G03 FF 61050 055000  780 397 2196    -6024318   +100         138     +1   39 109  127  -18  186  -15  186  -15  29  0  0 L3P 6D
G04 FF 61050 055000  780 275 2686     -372132    +31         127    +55   45 171  176  -27  250  -73  250  -73  33  0  0 L3P 54
G28 FF 61050 055000  780 496 1299    +6132644    -27         117    +23   24   8  107  +10  173   +3  173    3  18  0  0 L3P 0F
G31 FF 61050 055000  780 761  732    +1734464    -37         109    -17   32  88   84   +0  145  +17  145   17  23  0  0 L3P 13
G01 FF 61050 060600  780 528 2871    -3453001    +29         125     -6   28 128  102   +4  178  +15  178   15  20  0  0 L3P 29
G02 FF 61050 060600  780 354 3317     -133741    -35         134    +48   36  33  140  +24  249   -4  249   -4  29  0  0 L3P 19
G03 FF 61050 060600  780 462 2168    -6024214    +99         147     +0   14 110  113  -13  166   -8  166   -8  10  0  0 L3P 1F
G04 FF 61050 060600  780 319 2616     -372149    -58         133    -34   30 172  154  -19  221   -3  221   -3  24  0  0 L3P 23
G26 FF 61050 060600  780 305  566    +3089206    +30         157    -31   44 121  160  -23  267  -15  267  -15  34  0  0 L3P 4D
G28 FF 61050 060600  780 431 1340    +6132599   -101         119    -51   26   9  119  +15  190  +59  190   59  21  0  0 L3P 49
G31 FF 61050 060600  780 745 1040    +1734452    -26         114     -5   19  91   84   +2  143   +0  143    0  14  0  0 L3P D1
G01 FF 61050 062200  780 492 2986    -3452967    +64         126    +30   20 128  107   +7  185   -9  185   -9  14  0  0 L3P 41
G02 FF 61050 062200  780 286 3361     -133827    +27         127   +110   60  33  169  +37  290  -37  290  -37  43  0  0 L3P 52
G03 FF 61050 062200  780 531 2146    -6024119    +80         147    -19   17 110  102  -10  153   -2  153   -2  13  0  0 L3P 19
G04 FF 61050 062200  780 361 2542     -372165    -72         140    -48   30 172  138  -14  195  +23  195   23  22  0  0 L3P 3D
G26 FF 61050 062200  780 349  636    +3089247    +43         139    -19   39 121  142  -15  246  -24  246  -24  30  0  0 L3P 5B
G28 FF 61050 062200  780 364 1360    +6132545    -78         113    -28   25   9  136  +22  214  +45  214   45  16  0  0 L3P 30
G31 FF 61050 062200  780 695 1229    +1734436     -6         117    +14   14  91   87   +4  139   -2  139   -2   9  0  0 L3P EE
G01 FF 61050 063800  780 444 3080    -3452930    +52         131    +18   27 128  116  +11  198  +13  198   13  21  0  0 L3P 4B
G03 FF 61050 063800  780 604 2133    -6024026   +116         144    +17   28 110   94   -7  148  -13  148  -13  20  0  0 L3P 3F
G04 FF 61050 063800  780 403 2464     -372182    -31         146     -7   30 172  125  -11  181   +3  181    3  23  0  0 L3P FB
G26 FF 61050 063800  780 386  717    +3089304    +64         137     +2   34 121  130  -10  226   -9  226   -9  23  0  0 L3P 1B
G28 FF 61050 063800  780 299 1365    +6132510    -96         126    -46   32   9  162  +33  237  +80  237   80  25  0  0 L3P 46
G31 FF 61050 063800  780 630 1321    +1734417    -20         118     +0   16  91   91   +6  149  +15  149   15  11  0  0 L3P FD
G01 FF 61050 065400  780 387 3154    -3452898    +36         129     +1   36 128  130  +17  222  +27  222   27  26  0  0 L3P 48
G03 FF 61050 065400  780 680 2137    -6023936    +68         140    -31   15 110   88   -5  140  +11  140   11  11  0  0 L3P 18
G04 FF 61050 065400  780 445 2381     -372215    -22         136     +2   22 172  116   -9  178  -12  178  -12  17  0  0 L3P 28
G26 FF 61050 065400  780 413  808    +3089368    +44         143    -17   28 121  123   -5  211   -5  211   -5  21  0  0 L3P 11
G28 FF 61050 065400  780 234 1361    +6132461    -73         125    -23   27   9  203  +53  286  +76  286   76  21  0  0 L3P 3F
G31 FF 61050 065400  780 561 1362    +1734392    -73         113    -52   21  91   98   +8  163  +44  163   44  14  0  0 L3P 25
G01 FF 61050 071000  780 327 3215    -3452867     +9         128    -25   30 128  150  +26  258  +60  258   60  21  0  0 L3P 3F
G03 FF 61050 071000  780 757 2183    -6023857   +108         124     +9   14 110   84   -3  146   -5  146   -5  10  0  0 L3P 12
G04 FF 61050 071000  780 485 2292     -372246    -19         128     +4   18 172  108   -7  178   -9  178   -9  14  0  0 L3P 20
G09 FF 61050 071000  780 198 2507    -7700516    +42         134    +48   62  55  239  -53  287  -52  287  -52  47  0  0 L3P 6F
G26 FF 61050 071000  780 427  906    +3089420    +63         135     +1   36 121  120   -2  208   -7  208   -7  26  0  0 L3P FA
G28 FF 61050 071000  780 172 1347    +6132408    -88         120    -38   33   9  271  +93  344  +71  344   71  23  0  0 L3P 39
G31 FF 61050 071000  780 492 1376    +1734360    -37         101    -17   23  91  107  +11  184  +30  184   30  16  0  0 L3P 30
G01 FF 61050 072600  780 266 3266    -3452821    +52         141    +18   63 128  180  +39  298  +34  298   34  49  0  0 L3P 6E
G03 FF 61050 072600  780 828 2395    -6023755   +102         131     +3   19 110   82   -1  144   -6  144   -6  14  0  0 L3P 0F
G04 FF 61050 072600  780 524 2195     -372265    -36         132    -12   24 172  102   -6  172   +2  172    2  16  0  0 L3P FE
G09 FF 61050 072600  780 243 2450    -7700505     +4         149    +10   53  55  197  -36  257  -28  257  -28  37  0  0 L3P 54
G16 FF 61050 072600  780 394  539    -1848835   -126         140    -50   35  54  128  -15  237  +13  237   13  25  0  0 L3P 54
G26 FF 61050 072600  780 427 1005    +3089478    +66         134     +4   31 121  120   +2  210  -10  210  -10  23  0  0 L3P 16
G31 FF 61050 072600  780 425 1374    +1734340    -72         100    -51   31  91  120  +16  208  +56  208   56  22  0  0 L3P 31
G03 FF 61050 074200  780 840 3173    -6023663    +91         128     -8   18 110   82   +1  145  +10  145   10  13  0  0 L3P 09
G04 FF 61050 074200  780 562 2088     -372292    -33         128     -9   17 172   98   -4  169   -4  169   -4  12  0  0 L3P 10
G09 FF 61050 074200  780 290 2394    -7700507    -42         153    -36   59  55  167  -26  232   +7  232    7  43  0  0 L3P 32
G16 FF 61050 074200  780 442  620    -1848899    -96         149    -20   41  54  117  -10  204   -7  204   -7  31  0  0 L3P 25
G26 FF 61050 074200  780 411 1098    +3089539    +45         137    -17   33 121  123   +6  208  +23  208   23  25  0  0 L3P 3F
G31 FF 61050 074200  780 360 1361    +1734313    -32          93    -12   42  91  138  +22  232  +35  232   35  28  0  0 L3P 1F
G03 FF 61050 075800  780 770 3490    -6023564    +88         132    -10   15 110   83   +3  147  +18  147   18  11  0  0 L3P 30
G04 FF 61050 075800  780 598 1967     -372307    +15         136    +39   22 172   94   -3  159  -31  159  -31  15  0  0 L3P 48
G06 FF 61050 075800  780 138 2348    +6008502    +42         156     +0   29  20  334  -24  312   +9  312    9  21  0  0 L3P 02
G09 FF 61050 075800  780 339 2337    -7700534    -24         132    -18   43  55  146  -20  230   -6  230   -6  33  0  0 L3P 2F
G16 FF 61050 075800  780 480  717    -1848978    -50         143    +26   26  54  109   -6  191  -27  191  -27  19  0  0 L3P 54
G26 FF 61050 075800  780 382 1180    +3089609    +63         147     +1   38 121  131  +10  208  +20  208   20  29  0  0 L3P 38
G31 FF 61050 075800  780 298 1341    +1734310    +20         109    +40   39  91  163  +31  243   +8  243    8  29  0  0 L3P 1C
G03 FF 61050 081400  780 688 3564    -6023471    +95         142     -4   23   6   87   +5  154  +13  154   13  16  0  0 L3P 02
G04 FF 61050 081400  780 629 1827     -372339    -11         127    +13   17 173   91   -2  159  -11  159  -11  12  0  0 L3P 2C
G06 FF 61050 081400  780 143 2418    +6008550    +40         163     -2   42  21  324   +1  310   +4  310    4  31  0  0 L3P CF
G09 FF 61050 081400  780 390 2280    -7700522    +20         150    +25   25  56  129  -15  205  -35  205  -35  18  0  0 L3P 46
G16 FF 61050 081400  780 504  829    -1849040    -95         156    -19   24  56  105   -3  174   +5  174    5  18  0  0 L3P 0F
G26 FF 61050 081400  780 342 1247    +3089662    +90         141    +29   33 122  144  +17  224   -6  224   -6  25  0  0 L3P 3A
G31 FF 61050 081400  780 238 1315    +1734299    -17         120     +3   50  92  200  +47  265  +20  265   20  37  0  0 L3P 24
G03 FF 61050 083000  780 603 3590    -6023364   +104         155     +5   20   6   93   +8  160  +17  160   17  15  0  0 L3P FB
G04 FF 61050 083000  780 653 1665     -372340    -10         149    +14   21 173   89   -1  144   -7  144   -7  15  0  0 L3P 05
G06 FF 61050 083000  780 137 2490    +6008623    +26         196    -16   34  21  336  +24  299  +33  299   33  26  0  0 L3P 51
G07 FF 61050 083000  780 247 2892    +1332714    +29         145    -23   57  12  194  -40  262   +9  262    9  44  0  0 L3P 2A
G09 FF 61050 083000  780 444 2223    -7700519    +31         159    +36   25  56  116  -12  184  -23  184  -23  20  0  0 L3P 4C
G16 FF 61050 083000  780 511  949    -1849109    -66         159    +10   33  56  104   +0  168  -12  168  -12  26  0  0 L3P 34
G26 FF 61050 083000  780 295 1298    +3089733    +79         153    +17   45 122  165  +27  235   +6  235    6  33  0  0 L3P 46
G31 FF 61050 083000  780 182 1283    +1734281    -68         122    -47   52  92  258  +76  303  +78  303   78  38  0  0 L3P 5B
G03 FF 61050 084600  780 519    2    -6023267    +99         156     +0   29   6  103  +12  175  +15  175   15  22  0  0 L3P E6
G04 FF 61050 084600  780 666 1482     -372371    -29         141     -5   22 173   89   +0  144   -2  144   -2  15  0  0 L3P F9
G07 FF 61050 084600  780 298 2829    +1332764     +7         146    -45   55  12  163  -26  231  +18  231   18  41  0  0 L3P 40
G09 FF 61050 084600  780 501 2163    -7700514    -42         169    -36   26  56  106   -9  161   -1  161   -1  19  0  0 L3P 1E
G16 FF 61050 084600  780 499 1064    -1849188    -74         154     +3   36  56  106   +3  163  -14  163  -14  25  0  0 L3P 43
G26 FF 61050 084600  780 242 1335    +3089796   +126         157    +65   46 122  197  +43  254  -28  254  -28  35  0  0 L3P 95
G03 FF 61050 090200  780 437    8    -6023158    +97         170     -2   36   6  117  +18  177  +28  177   28  27  0  0 L3P FB
G04 FF 61050 090200  780 664 1288     -372396    -10         138    +14   27 173   89   +1  138  -15  138  -15  21  0  0 L3P 36
G07 FF 61050 090200  780 349 2759    +1332809    +68         140    +16   53  12  142  -18  206  -40  206  -40  41  0  0 L3P 4A
G09 FF 61050 090200  780 561 2100    -7700527    -15         161    -10   18  56   98   -7  145   -7  145   -7  13  0  0 L3P 0B
G16 FF 61050 090200  780 469 1163    -1849264    -71         150     +5   44  56  111   +7  159   -4  159   -4  32  0  0 L3P 14
G26 FF 61050 090200  780 185 1360    +3089854   +102         156    +41   42 122  253  +76  279   -8  279   -8  31  0  0 L3P 61
G04 FF 61050 091800  780 647 1103     -372419    -41         139    -17   15 173   90   +2  132   +9  132    9  11  0  0 L3P F6
G07 FF 61050 091800  780 397 2681    +1332874    +38         154    -15   30  12  127  -13  171  -22  171  -22  23  0  0 L3P 4E
G09 FF 61050 091800  780 623 2027    -7700533    -22         161    -17   14  56   92   -6  130   -4  130   -4  10  0  0 L3P FB
G16 FF 61050 091800  780 427 1242    -1849331    -84         157     -8   19  56  120  +11  156   +7  156    7  14  0  0 L3P 1C
G04 FF 61050 093400  780 615  943     -372444    -23         137     +1   16 173   92   +3  138   +1  138    1  12  0  0 L3P CE
G07 FF 61050 093400  780 444 2595    +1332926    +63         157    +11   21  12  116  -10  155  -26  155  -26  15  0  0 L3P 4A
G09 FF 61050 093400  780 686 1936    -7700532     -3         167     +2   10  56   87   -4  119  -16  119  -16   6  0  0 L3P 0D
G16 FF 61050 093400  780 376 1299    -1849394    -52         167    +24   21  56  133  +17  161   -7  161   -7  16  0  0 L3P 46
G03 FF 61050 095000  780 206   28    -6022869   +148         175    +49   35   6  230  +79  249   +5  249    5  31  0  0 L3P 10
G04 FF 61050 095000  780 572  810     -372469    -20         134     +4   18 173   97   +5  140   +6  140    6  15  0  0 L3P D3
G07 FF 61050 095000  780 487 2499    +1332972    +71         152    +19   21  12  108   -7  141  -24  141  -24  15  0  0 L3P 3E
G09 FF 61050 095000  780 749 1796    -7700536     -7         169     -1   13  56   84   -3  110   -1  110   -1  10  0  0 L3P E6
G16 FF 61050 095000  780 320 1338    -1849463    -86         171    -10   24  56  153  +26  168  +33  168   33  19  0  0 L3P 54
G30 FF 61050 095000  780 232 2691     -831146    -87         166    +36   47 101  206  -40  237  -52  237  -52  34  0  0 L3P 55
G04 FF 61050 100600  780 521  703     -372484    -28         143     -4   24 174  103   +8  137   +5  137    5  19  0  0 L3P E1
G07 FF 61050 100600  780 527 2392    +1333022    +53         151     +0   13  30  102   -5  131   -1  131   -1  10  0  0 L3P CA
G08 FF 61050 100600  780 289  638    -5058417    +15         173    -27   45  58  168  -23  194   -2  194   -2  36  0  0 L3P 37
G09 FF 61050 100600  780 802 1522    -7700542    -15         169     -9   13  57   83   -1  103   -2  103   -2   9  0  0 L3P D8
G16 FF 61050 100600  780 261 1363    -1849531    -83         182     -7   35  64  184  +40  175  +30  175   30  27  0  0 L3P 36
G21 FF 61050 100600  780 150 2226    -3771881    -40         187    +43   38 148  311  -94  252  -84  252  -84  25  0  0 L3P 6E
G27 FF 61050 100600  780 247  986     +158493    +75         173     +1   37  55  194  -10  198  -25  198  -25  27  0  0 L3P 3D
G30 FF 61050 100600  780 278 2628     -831253   -131         180     -8   47   9  174  -27  187  -36  187  -36  36  0  0 L3P 48
G04 FF 61050 102200  780 464  616     -372516    -25         134     -1   31 174  112  +11  148   +9  148    9  22  0  0 L3P EC
G07 FF 61050 102200  780 563 2271    +1333076    +45         156     -8   15  30   98   -4  119   -4  119   -4  10  0  0 L3P EE
G08 FF 61050 102200  780 329  710    -5058395     -9         155    -51   51  58  150  -15  184  +17  184   17  37  0  0 L3P 2F
G09 FF 61050 102200  780 815 1008    -7700553    -15         164     -9   14  57   82   +0  101   +4  101    4  10  0  0 L3P CC
G16 FF 61050 102200  780 201 1375    -1849610     -4         175    +72   30  64  235  +69  206  -28  206  -28  24  0  0 L3P 3D
G21 FF 61050 102200  780 192 2275    -3771970    -31         178    +52   27 148  245  -49  215  -74  215  -74  22  0  0 L3P 72
G30 FF 61050 102200  780 324 2562     -831377   -157         174    -34   29   9  152  -20  164   -7  164   -7  22  0  0 L3P 1E
G04 FF 61050 103800  780 404  544     -372525    +18         148    +42   22 174  125  +16  154   -3  154   -3  16  0  0 L3P 0E
G07 FF 61050 103800  780 593 2136    +1333134    +66         163    +13   14  30   95   -3  109  -16  109  -16  10  0  0 L3P 1D
G08 FF 61050 103800  780 361  791    -5058345    +58         165    +15   30  58  138   -9  166  -26  166  -26  24  0  0 L3P 48
G09 FF 61050 103800  780 770  628    -7700549     -9         174     -4   16  57   83   +2  100  +11  100   11  12  0  0 L3P DF
G21 FF 61050 103800  780 227 2335    -3772052    -34         175    +49   28 148  210  -27  189  -63  189  -63  21  0  0 L3P 77
G30 FF 61050 103800  780 369 2493     -831490   -102         179    +20   27   9  135  -15  140  -30  140  -30  19  0  0 L3P 36
G07 FF 61050 105400  780 615 1985    +1333183    +29         161    -24   16  30   92   -2  100  +10  100   10  11  0  0 L3P F8
G08 FF 61050 105400  780 382  880    -5058309    +31         160    -11   34  58  131   -5  155   -7  155   -7  22  0  0 L3P 09
G09 FF 61050 105400  780 703  457    -7700557    +28         171    +34   23  57   86   +4  105  -21  105  -21  17  0  0 L3P 18
G21 FF 61050 105400  780 252 2405    -3772123   -126         184    -43   23 148  190  -14  160  +24  160   24  18  0  0 L3P 57
G30 FF 61050 105400  780 415 2420     -831601   -109         185    +14   23   9  123  -12  115  -22  115  -22  17  0  0 L3P 1D
G07 FF 61050 111000  780 629 1822    +1333229    +56         158     +3   14  30   91   -1   97   -5   97   -5  10  0  0 L3P CE
G08 FF 61050 111000  780 391  974    -5058257    +64         172    +22   22  58  129   -1  138  -24  138  -24  17  0  0 L3P 35
G09 FF 61050 111000  780 628  365    -7700562    -17         171    -12   15  57   91   +6  110  +14  110   14  12  0  0 L3P F6
G14 FF 61050 111000  780 326 3104    -7278571    -59         165    -35   37 142  151  -27  160   -5  160   -5  27  0  0 L3P 3F
G21 FF 61050 111000  780 265 2481    -3772214    -28         173    +55   30 148  181   -5  160  -45  160  -45  25  0  0 L3P 4A
G27 FF 61050 111000  780 214 1273     +158791    +62         187    -12   32  55  221  +29  194  +15  194   15  23  0  0 L3P 2C
G30 FF 61050 111000  780 461 2342     -831722   -142         182    -20   25   9  113   -9  106   +7  106    7  19  0  0 L3P E7
G05 FF 61050 112600  780 123 2288    +2270560     -8         198    -15   44  77  375  -56  208  -16  208  -16  34  0  0 L3P 51
G07 FF 61050 112600  780 632 1652    +1333282    +57         161     +5   13  30   91   +0   94   -2   94   -2  10  0  0 L3P BC
G08 FF 61050 112600  780 386 1066    -5058215    +60         174    +18   37  58  130   +4  131  -29  131  -29  30  0  0 L3P 3C
G09 FF 61050 112600  780 551  306    -7700571     -6         168     -1   22  57   99  +10  120   +9  120    9  15  0  0 L3P D3
G14 FF 61050 112600  780 390 3049    -7278592    -30         167     -6   24 142  129  -18  139  -25  139  -25  20  0  0 L3P 61
G27 FF 61050 112600  780 181 1330     +158861    +31         187    -43   30  55  259  +52  203  +35  203   35  20  0  0 L3P 22
G30 FF 61050 112600  780 508 2258     -831843   -137         179    -14   10   9  105   -7   99   -1   99   -1   7  0  0 L3P E6
G05 FF 61050 114200  780 136 2353    +2270566    -39         197    -46   34  77  338  -22  189   +7  189    7  27  0  0 L3P 43
G07 FF 61050 114200  780 624 1483    +1333333    +20         161    -32   17  30   92   +1   96  +27   96   27  13  0  0 L3P EE
G08 FF 61050 114200  780 366 1151    -5058186    -23         162    -65   30  58  136   +8  138  +52  138   52  21  0  0 L3P 36
G09 FF 61050 114200  780 474  265    -7700574    -10         170     -4   27  57  110  +14  121   +6  121    6  20  0  0 L3P E4
G14 FF 61050 114200  780 452 2982    -7278625    -65         157    -42   31 142  115  -13  122   +9  122    9  24  0  0 L3P 34
G21 FF 61050 114200  780 256 2642    -3772367    -30         179    +53   37 148  187  +11  156  -41  156  -41  30  0  0 L3P 6A
G30 FF 61050 114200  780 554 2165     -831968   -135         172    -12   18   9   99   -6   95   +1   95    1  12  0  0 L3P D7
G05 FF 61050 115800  780 140 2422    +2270566    -25         190    -32   59  77  329   +2  184  +23  184   23  46  0  0 L3P 37
G07 FF 61050 115800  780 605 1325    +1333387    +74         165    +21   24  30   93   +2   98  -10   98  -10  18  0  0 L3P 09
G08 FF 61050 115800  780 335 1225    -5058144    +42         164     +0   40  58  147  +15  141   +6  141    6  28  0  0 L3P 03
G09 FF 61050 115800  780 398  235    -7700600    -10         149     -5   37  57  127  +21  153  +32  153   32  26  0  0 L3P 1F
G14 FF 61050 115800  780 511 2900    -7278644    -33         161     -9   20 142  104   -9  107   -2  107   -2  17  0  0 L3P 11
G21 FF 61050 115800  780 236 2719    -3772445   -122         181    -39   28 148  202  +21  168  +53  168   53  21  0  0 L3P 74
G22 FF 61050 115800  780 328 3014     +603924    -54         159    -12   35  87  150  -24  163  -14  163  -14  24  0  0 L3P 3B
G30 FF 61050 115800  780 599 2058     -832091   -111         167    +12   18   9   94   -4   91   -9   91   -9  13  0  0 L3P E9
G05 FF 61050 121400  780 135 2492    +2270564     +5         180     -2   49  78  342  +26  191  -13  191  -13  36  0  0 L3P 2A
G07 FF 61050 121400  780 578 1183    +1333438    +39         165    -13   24  37   96   +3   94   +7   94    7  17  0  0 L3P ED
G08 FF 61050 121400  780 293 1286    -5058107    +37         165     -5   38  60  165  +24  149   -4  149   -4  30  0  0 L3P 25
G09 FF 61050 121400  780 323  212    -7700579    +38         177    +43   53  58  151  +32  157   +5  157    5  37  0  0 L3P 17
G13 FF 61050 121400  780 165 2209    -6900135    -52         169    -62   53  90  284 -104  170  +13  170   13  38  0  0 L3P 4F
G14 FF 61050 121400  780 566 2799    -7278661    -41         172    -17   17 143   97   -6  103   +5  103    5  13  0  0 L3P 1D
G21 FF 61050 121400  780 207 2792    -3772520   -102         185    -20   22 149  228  +35  182  +24  182   24  17  0  0 L3P 5F
G22 FF 61050 121400  780 384 2950     +603893    -62         169    -20   22  88  131  -16  131  -11  131  -11  17  0  0 L3P 31
G30 FF 61050 121400  780 641 1931     -832207   -114         168     +8   14  10   90   -3   87  -18   87  -18  10  0  0 L3P F3
G07 FF 61050 123000  780 543 1058    +1333483    +60         160     +8   16  37  100   +5  101   +6  101    6  13  0  0 L3P D4
G08 FF 61050 123000  780 245 1332    -5058065    +24         168    -18   33  60  195  +39  156  +26  156   26  28  0  0 L3P 4E
G13 FF 61050 123000  780 226 2216    -6900114    +74         180    +64   43  90  211  -56  131  -76  131  -76  31  0  0 L3P 40
G14 FF 61050 123000  780 613 2673    -7278688    -34         168    -10   18 143   93   -4   99   -3   99   -3  13  0  0 L3P 16
G22 FF 61050 123000  780 438 2876     +603845    -28         162    +14   26  88  117  -12  122  -30  122  -30  20  0  0 L3P 2F
G30 FF 61050 123000  780 678 1772     -832326   -132         166     -9   17  10   88   -2   84   +8   84    8  11  0  0 L3P D4
G07 FF 61050 124600  780 502  949    +1333540    +65         167    +13   21  37  106   +7  112   +4  112    4  14  0  0 L3P E5
G08 FF 61050 124600  780 191 1366    -5058032    +74         160    +32   36  60  246  +69  177  -10  177  -10  29  0  0 L3P 58
G13 FF 61050 124600  780 287 2234    -6900102     -3         183    -13   27  90  169  -34  114   +3  114    3  21  0  0 L3P FC
G14 FF 61050 124600  780 650 2517    -7278707    -34         171    -10   16 143   90   -2   92   +5   92    5  12  0  0 L3P EC
G17 FF 61050 124600  780 315 3546     +282766   +156         190    +39   52  71  156  -34  150  -44  150  -44  42  0  0 L3P 5A
G22 FF 61050 124600  780 489 2789     +603810    -33         167    +10   25  88  108   -8  106  -14  106  -14  18  0  0 L3P 37
G30 FF 61050 124600  780 704 1573     -832442   -111         169    +12   17  10   86   -1   86   -8   86   -8  12  0  0 L3P E8
G07 FF 61050 130200  780 457  854    +1333598    +77         174    +25   27  37  113   +9  115  -12  115  -12  22  0  0 L3P 2B
G13 FF 61050 130200  780 347 2266    -6900099    +37         176    +26   27  90  143  -22  111  -27  111  -27  20  0  0 L3P 48
G14 FF 61050 130200  780 673 2330    -7278732    -29         169     -5   15 143   88   -1   86   -3   86   -3  12  0  0 L3P F6
G22 FF 61050 130200  780 535 2687     +603767    -11         164    +31   20  88  101   -6   98  -33   98  -33  16  0  0 L3P 12
G30 FF 61050 130200  780 712 1340     -832559   -130         169     -7   13  10   86   +0   83   -1   83   -1   9  0  0 L3P B3
G07 FF 61050 131800  780 408  771    +1333646    +61         172     +9   25  37  124  +13  127   +8  127    8  21  0  0 L3P FA
G13 FF 61050 131800  780 403 2315    -6900093     +7         172     -4   24  90  126  -14  101   -2  101   -2  19  0  0 L3P EB
G14 FF 61050 131800  780 679 2128    -7278755     -2         170    +21   14 143   88   +0   83  -11   83  -11  10  0  0 L3P 0A
G15 FF 61050 131800  780 139 2228    -3753384    +12         205    +47   32  42  336 -105  135  -74  135  -74  20  0  0 L3P 62
G22 FF 61050 131800  780 574 2568     +603732    -49         169     -7   13  88   96   -4   88   +8   88    8  10  0  0 L3P E1
G30 FF 61050 131800  780 698 1109     -832678   -117         168     +6   21  10   87   +1   84   +2   84    2  14  0  0 L3P CF
G07 FF 61050 133400  780 357  698    +1333701    +31         177    -21   41  37  139  +18  140  +20  140   20  30  0  0 L3P 1C
G13 FF 61050 133400  780 452 2386    -6900081     +2         174     -8   18  90  115   -9   93   +4   93    4  16  0  0 L3P CE
G14 FF 61050 133400  780 669 1932    -7278770    -10         178    +14   15 143   88   +1   81   -7   81   -7  12  0  0 L3P 09
G15 FF 61050 133400  780 179 2273    -3753428    -48         195    -13   37  42  262  -55  137   -4  137   -4  30  0  0 L3P 3F
G17 FF 61050 133400  780 549 3551     +283085   +108         172    -10   26  71  100  -10  105  -13  105  -13  20  0  0 L3P 30
G22 FF 61050 133400  780 606 2429     +603686    -34         164     +8   14  88   93   -3   88  -14   88  -14  10  0  0 L3P F9
G30 FF 61050 133400  780 665  917     -832794   -119         170     +4   17  10   89   +3   88   -2   88   -2  13  0  0 L3P D4
G07 FF 61050 135000  780 304  635    +1333748    +84         174    +32   44  37  160  +26  141  -21  141  -21  34  0  0 L3P 2C
G13 FF 61050 135000  780 489 2480    -6900072    +16         173     +6   16  90  108   -5   83  -12   83  -12  11  0  0 L3P 03
G14 FF 61050 135000  780 646 1759    -7278795    -33         176     -9   17 143   90   +2   79   +8   79    8  12  0  0 L3P 06
G15 FF 61050 135000  780 213 2328    -3753462    -35         195     +0   36  42  223  -31  117  -12  117  -12  27  0  0 L3P 2D
G17 FF 61050 135000  780 631 3558     +283176   +122         151     +4   20  71   91   -7  102  -18  102  -18  15  0  0 L3P 09
G22 FF 61050 135000  780 629 2271     +603642    -30         161    +12   14  88   91   -1   80  -12   80  -12  10  0  0 L3P DB
G30 FF 61050 135000  780 618  770     -832920   -145         162    -22   21  10   92   +5   88  +14   88   14  15  0  0 L3P E6
G13 FF 61050 140600  780 511 2594    -6900069    +22         166    +12   15  91  104   -2   85   +0   85    0  12  0  0 L3P D8
G14 FF 61050 140600  780 615 1612    -7278817    -16         182     +8   14 144   92   +3   73  -12   73  -12  10  0  0 L3P 06
G15 FF 61050 140600  780 238 2392    -3753490    -60         198    -25   44  48  200  -17  104  +10  104   10  34  0  0 L3P 39
G17 FF 61050 140600  780 713 3579     +283290   +119         148     +2   11  72   86   -4   90  -13   90  -13   8  0  0 L3P EC
G22 FF 61050 140600  780 639 2101     +603602    -42         161     +0   12  89   90   +0   76   -4   76   -4  10  0  0 L3P A9
G30 FF 61050 140600  780 563  659     -833045   -113         156    +10   24  11   98   +7   96  +11   96   11  17  0  0 L3P EB
G13 FF 61050 142200  780 512 2720    -6900055    +13         170     +3   27  91  104   +1   81   -1   81   -1  19  0  0 L3P C4
G14 FF 61050 142200  780 579 1487    -7278843    -17         179     +7   24 144   96   +4   74   +2   74    2  18  0  0 L3P FB
G15 FF 61050 142200  780 254 2462    -3753553    -25         169    +10   30  48  189   -7  119  -25  119  -25  24  0  0 L3P 4A
G17 FF 61050 142200  780 795   55     +283405   +126         151     +9   15  72   83   -2   81   -8   81   -8  13  0  0 L3P B6
G19 FF 61050 142200  780 585 3388    -6848835     -2         188    +16   26  67   95   -9   79  -17   79  -17  20  0  0 L3P 36
G22 FF 61050 142200  780 638 1928     +603565    -32         164    +10   17  89   91   +1   72   -8   72   -8  13  0  0 L3P DB
G30 FF 61050 142200  780 502  574     -833159   -130         159     -7   22  11  106  +10  100  +10  100   10  15  0  0 L3P EC
G13 FF 61050 143800  780 494 2843    -6900042    -11         173    -21   17  91  107   +5   75  +14   75   14  13  0  0 L3P 0A
G14 FF 61050 143800  780 540 1379    -7278863    -27         181     -3   16 144  100   +5   74   -5   74   -5  11  0  0 L3P 02
G15 FF 61050 143800  780 258 2538    -3753579     -9         177    +27   35  48  186   +1  104  -12  104  -12  28  0  0 L3P 44
G17 FF 61050 143800  780 860  533     +283520   +111         154     -6   13  72   82   +0   72   -8   72   -8   9  0  0 L3P AF
G19 FF 61050 143800  780 669 3352    -6848864    -26         177     -8   17  67   88   -6   74   -9   74   -9  12  0  0 L3P 18
G22 FF 61050 143800  780 626 1762     +603522    -61         161    -19   14  89   91   +1   63   -1   63   -1  11  0  0 L3P CB
G30 FF 61050 143800  780 439  506     -833288   -121         148     +2   27  11  117  +14  107   -2  107   -2  19  0  0 L3P FF
G13 FF 61050 145400  780 458 2951    -6900038    +55         167    +45   29  91  113   +8   80  -21   80  -21  23  0  0 L3P 21
G14 FF 61050 145400  780 500 1282    -7278876     +7         191    +31   26 144  106   +7   65   -6   65   -6  18  0  0 L3P 07
G15 FF 61050 145400  780 252 2615    -3753599    -30         190     +5   41  48  190   +8  104  +18  104   18  33  0  0 L3P 23
G17 FF 61050 145400  780 820 1317     +283628   +122         149     +5   18  72   82   +2   69   -4   69   -4  13  0  0 L3P DC
G19 FF 61050 145400  780 752 3290    -6848877     +1         182    +19   17  67   84   -3   62  -23   62  -23  12  0  0 L3P 12
G22 FF 61050 145400  780 605 1610     +603487    -35         166     +8   17  89   93   +2   54   -3   54   -3  12  0  0 L3P C5
G24 FF 61050 145400  780 152 2243    +1683328   -140         188     +9   40  77  308 -116  100  -25  100  -25  35  0  0 L3P 59
G13 FF 61050 151000  780 410 3041    -6900033    -32         163    -42   22  91  124  +13   89  +25   89   25  18  0  0 L3P 0E
G14 FF 61050 151000  780 458 1194    -7278917    -50         167    -26   26 145  113   +8   75  +16   75   16  18  0  0 L3P 38
G15 FF 61050 151000  780 235 2691    -3753629    -50         194    -14   60  48  202  +17  111  +19  111   19  44  0  0 L3P 3E
G17 FF 61050 151000  780 742 1433     +283743   +121         151     +4   17  72   84   +3   59  -22   59  -22  13  0  0 L3P EC
G19 FF 61050 151000  780 831 3126    -6848886    -17         190     +1   13  67   82   -1   48  -16   48  -16   9  0  0 L3P 00
G22 FF 61050 151000  780 577 1473     +603453    -70         173    -28   24  89   96   +3   48  +18   48   18  17  0  0 L3P 01
G24 FF 61050 151000  780 211 2244    +1683198   -263         201   -114   50  77  226  -62   79  +52   79   52  34  0  0 L3P 49
G06 FF 61050 152600  780 332  249    +6009623    +99         159    +59   52  51  149  -29  130  -62  130  -62  37  0  0 L3P 51
G13 FF 61050 152600  780 355 3115    -6900019    +10         167     +0   25  91  140  +20   92  +17   92   17  20  0  0 L3P F7
G14 FF 61050 152600  780 416 1113    -7278938    -32         169     -9   40 145  122  +10   75  +10   75   10  28  0  0 L3P 20
G15 FF 61050 152600  780 211 2764    -3753664    -20         193    +15   38  48  224  +29  120   -2  120   -2  29  0  0 L3P 28
G17 FF 61050 152600  780 664 1451     +283848   +124         144     +7   21  72   89   +5   56   -4   56   -4  14  0  0 L3P E1
G19 FF 61050 152600  780 864 2122    -6848909     +8         184    +27   16  67   81   +0   41  -24   41  -24  12  0  0 L3P 06
G22 FF 61050 152600  780 544 1351     +603398    -55         159    -13   30  89  100   +5   59  +10   59   10  22  0  0 L3P F7
G24 FF 61050 152600  780 269 2255    +1683023   -105         169    +44   41  77  179  -38   86  -32   86  -32  30  0  0 L3P 57
G06 FF 61050 154200  780 402  292    +6009681    -16         178    -57   29  51  126  -19   91  +21   91   21  21  0  0 L3P 11
G14 FF 61050 154200  780 374 1037    -7278960    -39         169    -15   24 145  133  +13   78  +16   78   16  17  0  0 L3P 4C
G17 FF 61050 154200  780 587 1442     +283974   +126         157     +8   21  72   95   +8   51  -13   51  -13  16  0  0 L3P 02
G19 FF 61050 154200  780 796 1698    -6848925    -21         186     -3   13  67   83   +2   36   -1   36   -1   9  0  0 L3P E7
G22 FF 61050 154200  780 507 1241     +603365    -45         166     -3   18  89  105   +6   53   -5   53   -5  15  0  0 L3P D1
G24 FF 61050 154200  780 328 2277    +1682889   -180         178    -31   26  77  150  -24   76  +12   76   12  19  0  0 L3P 4E
G06 FF 61050 155800  780 471  347    +6009707    +77         164    +36   23  51  111  -13   82  -38   82  -38  19  0  0 L3P 2D
G12 FF 61050 155800  780 167 2471    +6063959    +59         163    +55   51   8  281  -75  110  -48  110  -48  34  0  0 L3P 57
G14 FF 61050 155800  780 331  966    -7278980     -1         172    +23   35 145  148  +18   78   -6   78   -6  26  0  0 L3P 1E
G17 FF 61050 155800  780 514 1422     +284084    +97         155    -20   29  72  104  +11   54  +23   54   23  20  0  0 L3P 04
G19 FF 61050 155800  780 721 1596    -6848943    -55         185    -37   17  67   85   +4   34  +24   34   24  11  0  0 L3P 24
G22 FF 61050 155800  780 468 1142     +603321    -66         162    -24   27  89  111   +8   55  +25   55   25  19  0  0 L3P 04
G24 FF 61050 155800  780 384 2314    +1682751   -133         183    +15   26  77  131  -16   65  -22   65  -22  22  0  0 L3P 44
G06 FF 61050 161400  780 538  423    +6009752    +59         166    +18   26  53  101   -9   69  -22   69  -22  18  0  0 L3P 1B
G12 FF 61050 161400  780 213 2420    +6063975    +20         175    +16   49  12  223  -48   95  -32   95  -32  40  0  0 L3P 29
G14 FF 61050 161400  780 287  899    -7278999     -6         178    +18   50 146  169  +25   90   -6   90   -6  38  0  0 L3P 35
G17 FF 61050 161400  780 444 1394     +284202   +123         162     +6   28  73  116  +15   58   -4   58   -4  20  0  0 L3P F1
G19 FF 61050 161400  780 648 1535    -6848964    -43         181    -24   17  73   90   +5   37   +9   37    9  13  0  0 L3P FE
G22 FF 61050 161400  780 425 1051     +603286    -57         173    -15   32   2  120  +10   59   +6   59    6  26  0  0 L3P CB
G24 FF 61050 161400  780 436 2370    +1682594   -130         167    +19   20  80  118  -11   58  -38   58  -38  14  0  0 L3P 4C
G06 FF 61050 163000  780 596  531    +6009794    +24         169    -17   24  53   94   -5   63   +1   63    1  18  0  0 L3P D3
G12 FF 61050 163000  780 261 2370    +6063979    +44         174    +39   46  12  184  -33   80  -51   80  -51  36  0  0 L3P 34
G17 FF 61050 163000  780 378 1361     +284312    +86         158    -31   25  73  132  +20   62  +26   62   26  19  0  0 L3P 0C
G19 FF 61050 163000  780 579 1485    -6848978    -40         184    -22   24  73   96   +7   34  +12   34   12  17  0  0 L3P 1E
G22 FF 61050 163000  780 381  968     +603235    -47         162     -5   38   2  131  +14   72   +0   72    0  28  0  0 L3P A8
G24 FF 61050 163000  780 480 2448    +1682454   -157         171     -8   25  80  109   -7   49   +2   49    2  18  0  0 L3P FB
G06 FF 61050 164600  780 637  684    +6009824    +52         160    +11   15  53   91   -2   60   +0   60    0  10  0  0 L3P B3
G12 FF 61050 164600  780 312 2322    +6063958    +40         149    +35   31  12  157  -24   78  -21   78  -21  25  0  0 L3P 2C
G17 FF 61050 164600  780 315 1325     +284437   +124         171     +7   40  73  155  +28   56   +5   56    5  31  0  0 L3P EB
G19 FF 61050 164600  780 513 1438    -6849002     -2         178    +16   21  73  104  +10   38   +8   38    8  15  0  0 L3P F1
G22 FF 61050 164600  780 335  892     +603185    -42         152     +0   27   2  147  +19   84  +13   84   13  21  0  0 L3P D2
G24 FF 61050 164600  780 511 2549    +1682315   -134         174    +15   23  80  104   -4   43   -2   43   -2  18  0  0 L3P FE
G06 FF 61050 170200  780 652  873    +6009872    +63         169    +22   19  53   90   +0   51  -15   51  -15  14  0  0 L3P F7
G11 FF 61050 170200  780 474   10    +4789492   -156         163    -23   29 225  111  -15   78   +8   78    8  22  0  0 L3P 0B
G12 FF 61050 170200  780 366 2275    +6063978    +21         164    +16   28  12  136  -18   59  -16   59  -16  19  0  0 L3P 41
G17 FF 61050 170200  780 256 1285     +284545    +62         167    -55   42  73  187  +40   70  +42   70   42  31  0  0 L3P 13
G19 FF 61050 170200  780 451 1392    -6849010    +26         188    +44   27  73  114  +12   33  -26   33  -26  22  0  0 L3P 2B
G24 FF 61050 170200  780 526 2669    +1682169   -140         172     +9   34  80  102   -1   48   -1   48   -1  27  0  0 L3P FA
G06 FF 61050 171800  780 636 1058    +6009911    +20         168    -21   25  53   91   +3   45   +8   45    8  18  0  0 L3P DF
G11 FF 61050 171800  780 555   25    +4789356   -120         153    +13   20 225   99  -10   68  -22   68  -22  15  0  0 L3P 22
G12 FF 61050 171800  780 423 2229    +6063979     -1         161     -5   28  12  121  -14   48  -12   48  -12  22  0  0 L3P 03
G17 FF 61050 171800  780 200 1242     +284662   +152         171    +35   51  73  236  +63   72  -12   72  -12  39  0  0 L3P 24
G19 FF 61050 171800  780 392 1346    -6849040    +18         175    +36   29  73  128  +16   51  -27   51  -27  22  0  0 L3P 43
G24 FF 61050 171800  780 520 2795    +1682018   -157         164     -8   19  80  103   +2   56   +7   56    7  14  0  0 L3P F8
G06 FF 61050 173400  780 593 1198    +6009943    +30         161    -11   22  53   94   +5   45   +0   45    0  16  0  0 L3P D2
G11 FF 61050 173400  780 637   53    +4789215   -138         140     -5   25 225   91   -7   66  -13   66  -13  18  0  0 L3P 06
G12 FF 61050 173400  780 482 2185    +6063973     -6         151    -10   16  12  109  -11   47  -10   47  -10  12  0  0 L3P 0A
G19 FF 61050 173400  780 337 1298    -6849057    -58         175    -40   32  73  146  +21   49  +25   49   25  26  0  0 L3P 46
G24 FF 61050 173400  780 496 2914    +1681870   -148         158     +0   24  80  107   +5   57   -9   57   -9  17  0  0 L3P 14
G06 FF 61050 175000  780 536 1289    +6009980    +38         159     -3   26  53  101   +8   45  +11   45   11  21  0  0 L3P FB
G11 FF 61050 175000  780 718  114    +4789084   -137         137     -4   23 225   86   -4   53  -11   53  -11  16  0  0 L3P 0B
G12 FF 61050 175000  780 546 2142    +6063969     -1         143     -5   17  12  100   -8   42   +2   42    2  14  0  0 L3P B0
G19 FF 61050 175000  780 286 1250    -6849090    -74         160    -55   32  73  169  +28   57  +46   57   46  23  0  0 L3P 43
G24 FF 61050 175000  780 457 3017    +1681710   -177         141    -28   35  80  113   +9   65  +17   65   17  26  0  0 L3P 29
G25 FF 61050 175000  780 178 2289    -4507920    +70         161    +46   69  62  265  -83   57  -36   57  -36  55  0  0 L3P 57
G06 FF 61050 180600  780 471 1344    +6010021     +3         157    -38   25  54  111  +12   50  +26   50   26  17  0  0 L3P F0
G11 FF 61050 180600  780 792  283    +4788955   -133         137     +0   12 226   83   -2   49   -5   49   -5   9  0  0 L3P EE
G12 FF 61050 180600  780 612 2099    +6063972    +21         141    +17   16  13   93   -6   44  -15   44  -15  11  0  0 L3P 01
G24 FF 61050 180600  780 407 3102    +1681579   -142         152     +7   37  82  124  +14   62   -5   62   -5  26  0  0 L3P 08
G25 FF 61050 180600  780 235 2267    -4507899    +15         163     -9   41  63  204  -50   54  -20   54  -20  29  0  0 L3P 27
G06 FF 61050 182200  780 403 1373    +6010062    +84         158    +43   25  54  125  +18   58   -5   58   -5  16  0  0 L3P 07
G11 FF 61050 182200  780 828  788    +4788832   -114         142    +19   18 226   82   +0   44   +0   44    0  13  0  0 L3P EE
G12 FF 61050 182200  780 682 2053    +6063985    +31         150    +27   17  13   88   -5   40   -6   40   -6  11  0  0 L3P DE
G24 FF 61050 182200  780 351 3172    +1681426   -121         142    +28   68  82  141  +21   78   +5   78    5  51  0  0 L3P 0F
G25 FF 61050 182200  780 295 2252    -4507889    +51         150    +27   44  63  165  -32   49  -14   49  -14  31  0  0 L3P 3E
G06 FF 61050 183800  780 335 1384    +6010108    +55         165    +14   49  54  147  +27   66  +17   66   17  36  0  0 L3P 30
G11 FF 61050 183800  780 785 1236    +4788698   -125         136     +8   18 226   83   +2   46   +0   46    0  14  0  0 L3P 01
G12 FF 61050 183800  780 755 1996    +6063988     -9         148    -14   16  13   84   -3   43  +11   43   11  13  0  0 L3P FE
G25 FF 61050 183800  780 358 2244    -4507865    +32         151     +8   31  63  139  -22   45   -2   45   -2  25  0  0 L3P 00
G29 FF 61050 183800  780 211 2618    +3952383   -125         187    -62   61 114  225  -45   54  +51   54   51  44  0  0 L3P 54
G06 FF 61050 185400  780 268 1383    +6010155   +126         173    +86   41  54  179  +42   73  -52   73  -52  29  0  0 L3P 50
G11 FF 61050 185400  780 713 1372    +4788559   -141         125     -8   17 226   86   +4   56   +6   56    6  13  0  0 L3P 02
G12 FF 61050 185400  780 830 1885    +6063999     -5         155     -9   17  13   82   -1   37   +5   37    5  13  0  0 L3P CC
G21 FF 61050 185400  780 360  564    -3774529    -85         147     -4   44 153  138  -17   96  -22   96  -22  34  0  0 L3P 3C
G25 FF 61050 185400  780 423 2247    -4507844    +24         150     +0   22  63  121  -16   49   -5   49   -5  18  0  0 L3P F9
G29 FF 61050 185400  780 255 2556    +3952308    -43         173    +21   49 114  189  -31   66  -11   66  -11  35  0  0 L3P 52
G05 FF 61050 191000  780 342  263    +2270689     +4         143     -3   46  86  145  -27  102   -1  102   -1  32  0  0 L3P E4
G06 FF 61050 191000  780 203 1373    +6010201    +23         180    -18   31  54  232  +70   85  +40   85   40  24  0  0 L3P FE
G11 FF 61050 191000  780 637 1412    +4788434   -125         127     +8   20 226   91   +6   58   -8   58   -8  14  0  0 L3P 05
G12 FF 61050 191000  780 878  806    +6063992    -40         143    -44   14  13   81   +0   47  +24   47   24  12  0  0 L3P E9
G21 FF 61050 191000  780 407  645    -3774617    -78         138     +4   30 153  125  -11   94  -20   94  -20  22  0  0 L3P 1B
G25 FF 61050 191000  780 489 2265    -4507813     +5         158    -19   17  63  108  -11   44   +9   44    9  11  0  0 L3P F9
G29 FF 61050 191000  780 299 2492    +3952247    -85         173    -22   39 114  163  -23   63  +13   63   13  28  0  0 L3P 46
G05 FF 61050 192600  780 412  310    +2270691     -7         138    -14   31  86  124  -18   95   -4   95   -4  24  0  0 L3P EA
G11 FF 61050 192600  780 563 1418    +4788302   -145         123    -12   28 226   98   +9   64  +12   64   12  20  0  0 L3P 25
G12 FF 61050 192600  780 806  309    +6064003     +3         151     -1   24  13   82   +2   46   +7   46    7  17  0  0 L3P 93
G21 FF 61050 192600  780 444  739    -3774696    -67         137    +15   34 153  116   -7   85  -16   85  -16  26  0  0 L3P 44
G25 FF 61050 192600  780 554 2305    -4507791    +26         156     +3   17  63   99   -8   46   -3   46   -3  13  0  0 L3P E9
G29 FF 61050 192600  780 343 2427    +3952175    -84         162    -20   57 114  144  -17   71   +6   71    6  42  0  0 L3P 1C
G05 FF 61050 194200  780 480  371    +2270698     +3         138     -4   29  86  109  -12   84  -12   84  -12  22  0  0 L3P 00
G11 FF 61050 194200  780 491 1408    +4788184   -143         132    -10   20 226  107  +12   64  +11   64   11  15  0  0 L3P 31
G12 FF 61050 194200  780 725  234    +6063999     -6         143    -10   23  13   85   +4   56   +9   56    9  17  0  0 L3P C5
G21 FF 61050 194200  780 468  847    -3774774   -111         138    -30   30 153  111   -3   78  +12   78   12  23  0  0 L3P 28
G25 FF 61050 194200  780 615 2380    -4507773     +8         151    -15   12  63   93   -5   45   +3   45    3  11  0  0 L3P C7
G29 FF 61050 194200  780 389 2359    +3952108    -69         156     -5   38 114  129  -13   68   -6   68   -6  27  0  0 L3P 39
G05 FF 61050 195800  780 544  453    +2270695    +10         129     +3   17  86  100   -8   84  -13   84  -13  13  0  0 L3P FC
G11 FF 61050 195800  780 423 1388    +4788059   -131         135     +2   27 226  120  +16   73  +13   73   13  21  0  0 L3P 31
G12 FF 61050 195800  780 644  196    +6064000     -1         139     -5   17  13   90   +6   69  +22   69   22  12  0  0 L3P C7
G21 FF 61050 195800  780 474  962    -3774854   -121         136    -39   27 153  110   +0   80  +28   80   28  21  0  0 L3P 2F
G25 FF 61050 195800  780 666 2508    -4507752    +20         149     -4   15  63   89   -3   45   +6   45    6  11  0  0 L3P DE
G29 FF 61050 195800  780 436 2288    +3952040    -83         150    -20   22 114  118  -11   67  +14   67   14  17  0  0 L3P 39
G05 FF 61050 201400  780 598  568    +2270700     -4         125    -11   22  87   94   -5   79   -2   79   -2  17  0  0 L3P CF
G11 FF 61050 201400  780 358 1361    +4787932   -121         137    +12   22 227  138  +22   85   +7   85    7  17  0  0 L3P 23
G12 FF 61050 201400  780 562  171    +6063999    +27         133    +23   17  14   98  +10   85   +1   85    1  13  0  0 L3P D2
G21 FF 61050 201400  780 462 1072    -3774934    -27         137    +55   30 154  112   +4   81  -32   81  -32  21  0  0 L3P 1E
G25 FF 61050 201400  780 694 2704    -4507719     +2         164    -22   14  64   87   -1   46  +24   46   24  10  0  0 L3P EA
G29 FF 61050 201400  780 485 2214    +3951971    -61         144     +3   15 115  109   -9   70   +0   70    0  12  0  0 L3P DB
G05 FF 61050 203000  780 633  725    +2270711    +14         130     +7   17  87   91   -2   69   +4   69    4  13  0  0 L3P AB
G11 FF 61050 203000  780 297 1330    +4787805   -131         138     +2   38 227  163  +31   99  +16   99   16  27  0  0 L3P 3F
G12 FF 61050 203000  780 481  152    +6064006    +38         136    +33   25  14  109  +14  101   -3  101   -3  18  0  0 L3P EF
G21 FF 61050 203000  780 434 1169    -3775011    -57         139    +25   25 154  118   +8   83   -9   83   -9  20  0  0 L3P 10
G25 FF 61050 203000  780 689 2931    -4507700    +22         160     -2   20  64   87   +1   53   +8   53    8  14  0  0 L3P BF
G29 FF 61050 203000  780 534 2133    +3951911    -65         145     -2   15 115  101   -7   69   +5   69    5  12  0  0 L3P E4
G05 FF 61050 204600  780 642  908    +2270710    +10         122     +4   21  87   90   +0   73   -5   73   -5  15  0  0 L3P AD
G11 FF 61050 204600  780 239 1294    +4787681    -68         142    +65   37 227  199  +45  110  -29  110  -29  30  0  0 L3P 78
G12 FF 61050 204600  780 402  139    +6064000    -22         126    -26   34  14  126  +21  123  +53  123   53  23  0  0 L3P 08
G18 FF 61050 204600  780 277 2842    +4543225   -117         170    -19   35 192  175  -30  100  -15  100  -15  25  0  0 L3P 6B
G21 FF 61050 204600  780 392 1247    -3775094    -95         134    -13   35 154  128  +13   86  +10   86   10  26  0  0 L3P 39
G25 FF 61050 204600  780 651 3118    -4507682    +19         156     -5   23  64   90   +4   59   +5   59    5  17  0  0 L3P D9
G29 FF 61050 204600  780 585 2042    +3951840    -67         136     -3   15 115   95   -5   71   +2   71    2  11  0  0 L3P D9
G05 FF 61050 210200  780 621 1079    +2270726     +7         131     +0   21  87   92   +3   69   +3   69    3  15  0  0 L3P A8
G12 FF 61050 210200  780 325  130    +6064031     +8         153     +4   51  14  151  +32  133  +43  133   43  41  0  0 L3P DB
G18 FF 61050 210200  780 325 2773    +4543130    -88         169     +9   42 192  151  -20   88  -25   88  -25  32  0  0 L3P 3D
G21 FF 61050 210200  780 341 1305    -3775164    -56         143    +26   37 154  145  +21   91   +4   91    4  27  0  0 L3P 03
G25 FF 61050 210200  780 593 3243    -4507654     +6         160    -18   18  64   94   +7   64  +23   64   23  15  0  0 L3P F1
G29 FF 61050 210200  780 635 1932    +3951777    -55         134     +9   17 115   91   -4   72   -9   72   -9  12  0  0 L3P FA
G05 FF 61050 211800  780 578 1206    +2270732     +1         130     -6   26  87   96   +6   65   +4   65    4  20  0  0 L3P B2
G18 FF 61050 211800  780 371 2697    +4543033    -86         165    +12   32 192  135  -15   71  -21   71  -21  25  0  0 L3P 3F
G21 FF 61050 211800  780 284 1346    -3775230    -63         155    +19   33 154  170  +33   92   -2   92   -2  23  0  0 L3P 18
G25 FF 61050 211800  780 524 3325    -4507637    +15         154     -9   34  64  102  +10   74  +14   74   14  23  0  0 L3P 06
G29 FF 61050 211800  780 682 1792    +3951712    -76         129    -13   19 115   88   -3   70   +6   70    6  14  0  0 L3P 00
G05 FF 61050 213400  780 521 1290    +2270723    +13         116     +6   23  87  103   +9   78   +4   78    4  18  0  0 L3P D0
G18 FF 61050 213400  780 415 2614    +4542937    -76         164    +21   22 192  123  -11   63  -11   63  -11  19  0  0 L3P 36
G21 FF 61050 213400  780 224 1373    -3775326   -121         138    -39   27 154  212  +56  117  +59  117   59  21  0  0 L3P 6E
G26 FF 61050 213400  780 178 2272    +3092614    +97         163    +36   39  33  264  -62  112  -36  112  -36  31  0  0 L3P 54
G29 FF 61050 213400  780 721 1599    +3951652    -57         131     +7   18 115   85   -2   67   -7   67   -7  13  0  0 L3P 00
G05 FF 61050 215000  780 457 1340    +2270732    -26         117    -33   43  87  113  +13   82  +27   82   27  30  0  0 L3P 13
G18 FF 61050 215000  780 456 2524    +4542849   -108         169    -10   36 192  114   -8   63  +20   63   20  24  0  0 L3P 34
G26 FF 61050 215000  780 217 2325    +3092664    +69         154     +8   46  33  219  -35  112  -17  112  -17  34  0  0 L3P 3D
G29 FF 61050 215000  780 742 1340    +3951589    -43         129    +21   18 115   84   +0   72   -3   72   -3  12  0  0 L3P F2
G05 FF 61050 220600  780 391 1367    +2270752    -16         133    -23   27  88  128  +19   85  +41   85   41  20  0  0 L3P 25
G15 FF 61050 220600  780 353  587    -3754551    -51         142    -16   35  57  141  -17  144   +8  144    8  29  0  0 L3P 1C
G18 FF 61050 220600  780 494 2426    +4542760    -76         169    +22   22 193  107   -6   61  -12   61  -12  18  0  0 L3P 32
G26 FF 61050 220600  780 247 2387    +3092727     -1         162    -62   48  35  194  -20  105  +49  105   49  36  0  0 L3P 40
G29 FF 61050 220600  780 735 1054    +3951533    -58         136     +6   24 116   85   +1   77   -2   77   -2  16  0  0 L3P F0
G05 FF 61050 222200  780 325 1378    +2270750    +16         125     +9   30  88  151  +28  105  +12  105   12  22  0  0 L3P 17
G15 FF 61050 222200  780 396  667    -3754589    -40         138     -5   32  57  127  -11  138  -17  138  -17  26  0  0 L3P 49
G18 FF 61050 222200  780 529 2318    +4542660   -113         163    -15   18 193  102   -5   67  +14   67   14  13  0  0 L3P 2F
G23 FF 61050 222200  780 453 3220    -5977334    -58         171     -8   33 185  114  -15  102  -17  102  -17  30  0  0 L3P 48
G26 FF 61050 222200  780 268 2459    +3092779    +51         156    -10   56  35  180  -10  108   +1  108    1  47  0  0 L3P 20
G29 FF 61050 222200  780 700  821    +3951466    -70         131     -7   16 116   86   +3   81  +14   81   14  12  0  0 L3P E1
G05 FF 61050 223800  780 261 1377    +2270748    +18         117    +12   31  88  184  +43  124  +19  124   19  22  0  0 L3P 44
G15 FF 61050 223800  780 430  759    -3754628    -33         134     +2   30  57  119   -7  127  -22  127  -22  20  0  0 L3P 1C
G18 FF 61050 223800  780 559 2200    +4542572    -74         168    +24   18 193   98   -3   63  -15   63  -15  14  0  0 L3P 30
G23 FF 61050 223800  780 526 3159    -5977396    -41         156     +9   20 185  102  -10   93  -22   93  -22  15  0  0 L3P 3E
G26 FF 61050 223800  780 278 2536    +3092843    +71         161    +10   47  35  174   -2  103   +3  103    3  39  0  0 L3P 07
G29 FF 61050 223800  780 647  658    +3951411    -39         137    +25   22 116   90   +4   91   +4   91    4  16  0  0 L3P E6
G05 FF 61050 225400  780 198 1367    +2270777    -18         139    -24   46  88  238  +72  131  +51  131   51  33  0  0 L3P 55
G15 FF 61050 225400  780 450  860    -3754660    -58         135    -22   34  57  115   -3  114   +7  114    7  24  0  0 L3P FC
G16 FF 61050 225400  780 164 2270    -1853030    -42         204    +34   41  87  286  -58  121  -22  121  -22  33  0  0 L3P 41
G18 FF 61050 225400  780 585 2071    +4542494    -53         184    +45   26 193   95   -2   53  -26   53  -26  19  0  0 L3P 36
G23 FF 61050 225400  780 596 3074    -5977436    -30         164    +20   29 185   94   -7   74  -20   74  -20  22  0  0 L3P 31
G26 FF 61050 225400  780 276 2617    +3092904    +50         163    -12   57  35  175   +5  106  +10  106   10  45  0  0 L3P 26
G29 FF 61050 225400  780 585  546    +3951352    -63         139     +1   35 116   95   +7  104  +13  104   13  24  0  0 L3P 0F
G15 FF 61050 231000  780 456  966    -3754700    -20         129    +16   29  57  114   +1  109  -18  109  -18  21  0  0 L3P 2D
G16 FF 61050 231000  780 193 2329    -1853116    -31         191    +45   34  87  244  -31  119  -38  119  -38  27  0  0 L3P 5D
G18 FF 61050 231000  780 605 1931    +4542389    -91         173     +7   16 193   93   -2   62   +3   62    3  12  0  0 L3P DA
G23 FF 61050 231000  780 661 2953    -5977487    -58         161     -8   26 185   89   -4   66   +3   66    3  20  0  0 L3P FE
G26 FF 61050 231000  780 263 2697    +3092959    +52         159     -9   47  35  183  +12  113  +13  113   13  33  0  0 L3P 35
G29 FF 61050 231000  780 519  466    +3951301    -35         149    +29   26 116  103  +10  116   +9  116    9  19  0  0 L3P 1E
G13 FF 61050 232600  780 213 1259    -6899728     -5         159    -15   23  25  222  +23  136  +11  136   11  17  0  0 L3P 34
G15 FF 61050 232600  780 445 1068    -3754722    -43         141     -8   25  57  116   +4   99   +6   99    6  19  0  0 L3P F5
G16 FF 61050 232600  780 214 2396    -1853195   -136         185    -60   34  87  222  -16  123  +43  123   43  26  0  0 L3P 5E
G18 FF 61050 232600  780 618 1780    +4542289   -123         167    -26   19 193   92   -1   70  +25   70   25  14  0  0 L3P 31
G23 FF 61050 232600  780 714 2770    -5977536    -57         160     -7   17 185   86   -2   66   +9   66    9  12  0  0 L3P 01
G26 FF 61050 232600  780 240 2775    +3093021    +12         162    -49   58  35  199  +21  128  +72  128   72  44  0  0 L3P 4C
G29 FF 61050 232600  780 449  405    +3951226    -62         135     +1   27 116  115  +15  152  +31  152   31  19  0  0 L3P 26
G10 FF 61050 234200  780 362 2988    +5816021    +72         146    +42   53  20  138  -20  125  -48  125  -48  40  0  0 L3P 4C
G13 FF 61050 234200  780 185 1321    -6899705    -20         173    -31   37  25  253  +43  131  +21  131   21  28  0  0 L3P 37
G15 FF 61050 234200  780 419 1159    -3754744    -38         152     -3   28  57  121   +8   96   +7   96    7  21  0  0 L3P F2
G16 FF 61050 234200  780 224 2469    -1853274     +1         179    +77   38  87  212   -4  132  -46  132  -46  30  0  0 L3P 3A
G18 FF 61050 234200  780 623 1621    +4542204   -108         176    -11   21 193   92   +0   71  +11   71   11  15  0  0 L3P 04
G23 FF 61050 234200  780 744 2503    -5977575    -49         169     +1   15 185   84   -1   65   -1   65   -1  11  0  0 L3P F8
G29 FF 61050 234200  780 379  358    +3951179    -39         149    +25   51 116  132  +22  184  +32  184   32  37  0  0 L3P 59
