CGGTTS     GENERIC DATA FORMAT VERSION = 2E
REV DATE = 2024-12-02                    
RCVR = Septentrio PolaRx2 S/N 3252   R2CGGTTS v8.8    
CH = 20 
IMS = Septentrio PolaRx2 S/N 3252   
LAB = NMI Australia                 
X = -4648241.00 m 
Y = +2560636.48 m 
Z = -3526317.74 m 
FRAME = ITRF
COMMENTS =           IGS antenna SYDN              
INT DLY =  211.7 ns (GPS P1),  213.3 ns (GPS P2)     CAL_ID = 1015-2021           
CAB DLY = 2484.6 ns 
REF DLY =  338.6 ns
REF = UTC(AUS)                      
CKSUM = 82

SAT CL  MJD  STTIME TRKL ELV AZTH   REFSV      SRSV     REFSYS    SRSYS  DSG IOE MDTR SMDT MDIO SMDI MSIO SMSI ISG FR HC FRC CK
             hhmmss  s  .1dg .1dg    .1ns     .1ps/s     .1ns    .1ps/s .1ns     .1ns.1ps/s.1ns.1ps/s.1ns.1ps/s.1ns
G13 FF 61040 001000  780 215 1255    -6909462    +17        -273     +8   27  52  220  +22  328   +4  328    4  19  0  0 L3P 10
G15 FF 61040 001000  780 446 1062    -3721708    -34        -263     +1   29  30  116   +4  224   +9  224    9  20  0  0 L3P EF
G16 FF 61040 001000  780 211 2389    -1780851   -114        -262    -36   34   1  224  -17  290  +26  290   26  26  0  0 L3P 47
G18 FF 61040 001000  780 618 1792    +4634355   -121        -260    -23   25  53   92   -1  176  +28  176   28  18  0  0 L3P 45
G23 FF 61040 001000  780 712 2781    -5929997    -43        -252     +8   20  46   86   -2  169   -2  169   -2  15  0  0 L3P 17
G26 FF 61040 001000  780 242 2770    +3034211    +30        -242    -33   67 115  197  +21  304  +61  304   61  51  0  0 L3P 3C
G29 FF 61040 001000  780 447  409    +4011088    -34        -258    +28   32  42  115  +15  247  +26  247   26  24  0  0 L3P 38
G10 FF 61040 002600  780 357 2993    +5785993    +88        -262    +55   46   6  139  -21  271  -55  271  -55  37  0  0 L3P 74
G13 FF 61040 002600  780 187 1318    -6909429    +41        -248    +32   39  52  251  +42  330   +0  330    0  29  0  0 L3P 22
G15 FF 61040 002600  780 421 1153    -3721738    -69        -260    -34   35  30  121   +8  235  +42  235   42  25  0  0 L3P 30
G16 FF 61040 002600  780 222 2461    -1780930    -74        -267     +3   35   1  214   -5  302  +12  302   12  27  0  0 L3P FF
G18 FF 61040 002600  780 623 1634    +4634270    -91        -251     +7   21  53   92   +0  182   +1  182    1  14  0  0 L3P E2
G23 FF 61040 002600  780 744 2516    -5930043    -50        -249     +1   18  46   84   -1  175   +3  175    3  13  0  0 L3P F1
G29 FF 61040 002600  780 377  362    +4011029    -25        -256    +38   56  42  133  +22  286  +41  286   41  42  0  0 L3P 3D
G10 FF 61040 004200  780 414 2919    +5786029    +34        -258     +1   29   6  123  -14  245  -11  245  -11  25  0  0 L3P 2F
G15 FF 61040 004200  780 384 1228    -3721764    -40        -252     -4   41  30  130  +12  254  +28  254   28  28  0  0 L3P 30
G16 FF 61040 004200  780 222 2536    -1781001    -84        -264     -7   29   1  213   +5  310  +15  310   15  24  0  0 L3P FB
G18 FF 61040 004200  780 619 1474    +4634180    -96        -248     +1   18  53   92   +1  188   +6  188    6  11  0  0 L3P 06
G23 FF 61040 004200  780 743 2208    -5930088    -42        -245     +9   19  46   84   +1  176   +8  176    8  14  0  0 L3P 06
G27 FF 61040 004200  780 184 2222      +94914   +210        -218   +143   40  55  257  -82  309 -127  309 -127  31  0  0 L3P 7C
G29 FF 61040 004200  780 307  325    +4011006   -161        -220    -98   70  42  159  +34  324 +152  324  152  50  0  0 L3P 5C
G10 FF 61040 005800  780 468 2832    +5786080    +61        -239    +29   33   6  111  -10  219  -26  219  -26  28  0  0 L3P 54
G15 FF 61040 005800  780 338 1286    -3721806    -42        -260     -7   32  30  146  +19  280  +25  280   25  24  0  0 L3P 3D
G16 FF 61040 005800  780 212 2613    -1781068    -93        -256    -16   31   1  223  +16  329  +41  329   41  23  0  0 L3P 38
G18 FF 61040 005800  780 606 1319    +4634092    -95        -242     +3   25  53   93   +2  195  +15  195   15  19  0  0 L3P 28
G23 FF 61040 005800  780 712 1955    -5930122    -39        -230    +12   18  46   86   +2  176   +4  176    4  13  0  0 L3P 09
G27 FF 61040 005800  780 242 2239      +94968     +0        -228    -67   52  55  198  -46  286  +16  286   16  38  0  0 L3P 45
G10 FF 61040 011400  780 517 2729    +5786103    +40        -247     +7   20   6  104   -7  215  -13  215  -13  15  0  0 L3P 11
G15 FF 61040 011400  780 286 1328    -3721836    -32        -256     +3   47  30  169  +30  294  +29  294   29  35  0  0 L3P 4E
G16 FF 61040 011400  780 192 2687    -1781136   -173        -250    -96   54   1  245  +30  357 +123  357  123  39  0  0 L3P 80
G18 FF 61040 011400  780 583 1175    +4634003    -80        -236    +18   33  53   95   +3  202   -2  202   -2  24  0  0 L3P FF
G23 FF 61040 011400  780 666 1779    -5930167    -35        -226    +16   19  46   89   +3  181   +1  181    1  13  0  0 L3P 13
G10 FF 61040 013000  780 558 2609    +5786155    +44        -227    +11   26   6   98   -5  200   -1  200   -1  20  0  0 L3P EF
G15 FF 61040 013000  780 231 1356    -3721858    -81        -244    -46   40  30  206  +48  323  +82  323   82  28  0  0 L3P 4D
G18 FF 61040 013000  780 552 1046    +4633927    -84        -218    +14   26  53   99   +4  207  +12  207   12  18  0  0 L3P 2B
G23 FF 61040 013000  780 614 1653    -5930206    -39        -216    +12   25  46   93   +5  188   +6  188    6  16  0  0 L3P 0F
G27 FF 61040 013000  780 354 2311      +95112    +37        -214    -30   32  55  140  -19  239  +25  239   25  22  0  0 L3P 16
G10 FF 61040 014600  780 591 2469    +5786189     +6        -225    -27   21   6   95   -3  195  +10  195   10  16  0  0 L3P 19
G15 FF 61040 014600  780 174 1373    -3721908    -96        -261    -61   45  30  268  +87  369  +96  369   96  34  0  0 L3P 82
G18 FF 61040 014600  780 514  932    +4633827   -115        -225    -17   30  53  104   +6  231  +35  231   35  22  0  0 L3P 2F
G23 FF 61040 014600  780 560 1553    -5930254    -90        -214    -39   26  46   98   +6  198  +43  198   43  18  0  0 L3P 4B
G27 FF 61040 014600  780 402 2373      +95175    +60        -215     -7   36  55  126  -12  231   +5  231    5  26  0  0 L3P EA
G32 FF 61040 014600  780 349 3467    +1845083   -235        -223    -69   71  46  142  -28  327  -15  327  -15  54  0  0 L3P 86
G08 FF 61040 020200  780 185 2246    -5094762    +56        -212    +18   44  53  255  -67  342  -59  342  -59  34  0  0 L3P 73
G10 FF 61040 020200  780 613 2312    +5786215    +51        -235    +18   17  40   93   -1  196   +1  196    1  12  0  0 L3P F2
G18 FF 61040 020200  780 471  832    +4633745    -91        -214     +7   40  54  111   +9  244  +18  244   18  31  0  0 L3P 13
G23 FF 61040 020200  780 507 1469    -5930295    -53        -207     -2   31  47  105   +8  211  +24  211   24  22  0  0 L3P 18
G27 FF 61040 020200  780 440 2453      +95240    +54        -215    -13   26  56  117   -7  223  -11  223  -11  20  0  0 L3P 06
G08 FF 61040 021800  780 231 2291    -5094735    +46        -222     +8   40  53  206  -38  321  -26  321  -26  29  0  0 L3P 49
G10 FF 61040 021800  780 623 2145    +5786264    +49        -218    +16   12  40   92   +0  196   +3  196    3   9  0  0 L3P F9
G18 FF 61040 021800  780 422  745    +4633641   -127        -224    -29   42  54  121  +12  281  +63  281   63  32  0  0 L3P 4B
G23 FF 61040 021800  780 456 1393    -5930344    -63        -207    -12   27  47  113  +10  230  +33  230   33  21  0  0 L3P 39
G27 FF 61040 021800  780 465 2553      +95298    +67        -222     +0   29  56  112   -3  223  +12  223   12  21  0  0 L3P FC
G32 FF 61040 021800  780 507 3440    +1844757   -199        -228    -33   57  53  105  -13  261   +8  261    8  52  0  0 L3P 4D
G08 FF 61040 023400  780 271 2349    -5094705    +59        -229    +20   47  53  178  -22  304  -31  304  -31  33  0  0 L3P 5E
G10 FF 61040 023400  780 621 1977    +5786298    +45        -216    +12   21  40   92   +1  197  -17  197  -17  15  0  0 L3P 47
G18 FF 61040 023400  780 371  670    +4633555   -101        -216     -4   35  54  134  +17  308  +41  308   41  28  0  0 L3P 37
G23 FF 61040 023400  780 407 1322    -5930389    -59        -202     -8   29  47  124  +12  244  +20  244   20  22  0  0 L3P 32
G27 FF 61040 023400  780 474 2664      +95371    +69        -213     +2   32  56  110   +0  223   +7  223    7  22  0  0 L3P D5
G32 FF 61040 023400  780 590 3418    +1844604   -145        -222    +21   28  53   95   -9  232  -37  232  -37  23  0  0 L3P 4D
G08 FF 61040 025000  780 301 2419    -5094660    +63        -221    +24   39  53  162  -13  290  -24  290  -24  32  0  0 L3P 50
G10 FF 61040 025000  780 608 1817    +5786321    +25        -224     -8   21  40   93   +2  198   -7  198   -7  15  0  0 L3P 0C
G18 FF 61040 025000  780 316  605    +4633474    -33        -203    +65   50  54  154  +25  344   +4  344    4  41  0  0 L3P 0E
G23 FF 61040 025000  780 360 1254    -5930442    -24        -207    +27   27  47  138  +16  265   +2  265    2  19  0  0 L3P 27
G27 FF 61040 025000  780 464 2778      +95442    +70        -207     +3   43  56  112   +4  232  +14  232   14  32  0  0 L3P F8
G32 FF 61040 025000  780 674 3387    +1844453   -147        -214    +19   25  53   88   -6  207  -28  207  -28  20  0  0 L3P 5C
G02 FF 61040 030600  780 143 2245      -61624    -66        -206    +17   48  19  327 -140  385  -61  385  -61  38  0  0 L3P 54
G08 FF 61040 030600  780 321 2498    -5094606    +94        -204    +56   37  53  153   -6  278  -31  278  -31  30  0  0 L3P 5B
G10 FF 61040 030600  780 588 1671    +5786350    +36        -227     +3   23  40   95   +2  201   +0  201    0  18  0  0 L3P DF
G23 FF 61040 030600  780 315 1188    -5930500    -52        -215     +0   46  47  155  +20  295  +22  295   22  37  0  0 L3P 36
G27 FF 61040 030600  780 438 2884      +95502    +80        -211    +13   42  56  117   +7  258  +17  258   17  32  0  0 L3P 20
G32 FF 61040 030600  780 758 3337    +1844302   -155        -205    +11   25  53   84   -3  191  -16  191  -16  18  0  0 L3P 4A
G02 FF 61040 032200  780 206 2234      -61700   -112        -202    -29   32  19  230  -71  340  -17  340  -17  20  0  0 L3P 20
G08 FF 61040 032200  780 327 2584    -5094566    +47        -201     +8   56  53  150   +0  283   +9  283    9  44  0  0 L3P 16
G10 FF 61040 032200  780 562 1539    +5786382    +53        -226    +20   29  40   98   +3  204   -2  204   -2  21  0  0 L3P 07
G23 FF 61040 032200  780 272 1124    -5930543    -86        -209    -34   32  47  177  +27  324  +78  324   78  28  0  0 L3P 64
G27 FF 61040 032200  780 398 2978      +95571    +97        -206    +30   32  56  127  +12  280   +2  280    2  22  0  0 L3P 0D
G32 FF 61040 032200  780 840 3201    +1844136   -151        -212    +15   22  53   82   -1  187  -17  187  -17  17  0  0 L3P 3D
G02 FF 61040 033800  780 272 2232      -61795   -150        -217    -67   34  19  178  -42  307  +12  307   12  25  0  0 L3P 3D
G08 FF 61040 033800  780 320 2673    -5094525    +42        -197     +4   50  53  153   +6  291  +10  291   10  41  0  0 L3P 23
G10 FF 61040 033800  780 532 1419    +5786424    +35        -216     +2   25  40  101   +4  210  +10  210   10  19  0  0 L3P 02
G27 FF 61040 033800  780 350 3057      +95629    +20        -213    -47   49  56  141  +19  317  +74  317   74  38  0  0 L3P 41
G32 FF 61040 033800  780 867 1944    +1843968   -187        -221    -21   22  53   81   +1  187   +7  187    7  17  0  0 L3P 39
G02 FF 61040 035400  780 340 2240      -61874    -90        -216     -7   36  19  146  -27  271  -36  271  -36  27  0  0 L3P 2D
G08 FF 61040 035400  780 302 2758    -5094501    +42        -210     +3   58  53  161  +12  317   +4  317    4  45  0  0 L3P 0C
G10 FF 61040 035400  780 499 1310    +5786452    +49        -220    +16   26  40  106   +6  226   +8  226    8  17  0  0 L3P 1A
G28 FF 61040 035400  780 319  237    +6173961    -77        -240    -32   49 117  154  -30  379  -44  379  -44  38  0  0 L3P 82
G32 FF 61040 035400  780 790 1649    +1843811   -177        -218    -11   14  53   83   +2  182   +2  182    2  10  0  0 L3P 14
G02 FF 61040 041000  780 408 2264      -61965    -45        -230    +38   34  20  125  -18  247  -43  247  -43  27  0  0 L3P 35
G08 FF 61040 041000  780 273 2838    -5094470    +68        -218    +30   50  65  176  +20  351  +17  351   17  37  0  0 L3P 55
G10 FF 61040 041000  780 464 1210    +5786475    +52        -229    +19   31  41  112   +7  239   +1  239    1  24  0  0 L3P 08
G28 FF 61040 041000  780 388  281    +6173923    -56        -235    -10   25 118  130  -20  316  -41  316  -41  22  0  0 L3P 50
G32 FF 61040 041000  780 712 1574    +1843652   -166        -217     +0   24  55   86   +4  184   +5  184    5  18  0  0 L3P 0A
G01 FF 61040 042600  780 184 2227    -3480666    -80        -225   -109   51 239  257  -86  362  +27  362   27  34  0  0 L3P 8A
G02 FF 61040 042600  780 474 2308      -62035    -72        -219    +11   31  20  110  -12  224  -32  224  -32  22  0  0 L3P 0F
G10 FF 61040 042600  780 426 1118    +5786502    +19        -233    -13   35  41  120   +9  255  +26  255   26  23  0  0 L3P 33
G28 FF 61040 042600  780 456  335    +6173870    -35        -244    +11   42 118  114  -14  286  -48  286  -48  31  0  0 L3P 6E
G32 FF 61040 042600  780 637 1523    +1843491   -177        -218    -11   19  55   91   +6  190  +14  190   14  14  0  0 L3P 41
G01 FF 61040 044200  780 247 2232    -3480613    +21        -200     -8   42 239  195  -48  311  -41  311  -41  31  0  0 L3P 43
G02 FF 61040 044200  780 535 2382      -62125    -74        -230     +9   20  20  101   -8  216  -26  216  -26  17  0  0 L3P FE
G10 FF 61040 044200  780 387 1032    +5786527     +8        -240    -25   43  41  129  +12  279  +38  279   38  31  0  0 L3P 4B
G28 FF 61040 044200  780 521  408    +6173818   -104        -254    -59   38 118  103   -9  261  +17  261   17  28  0  0 L3P 5C
G31 FF 61040 044200  780 316   77    +1751675    -21        -244     -1   47  88  155  -33  380  -93  380  -93  37  0  0 L3P 3D
G32 FF 61040 044200  780 565 1479    +1843314   -184        -236    -18   30  55   97   +8  206  +16  206   16  21  0  0 L3P 47
G01 FF 61040 045800  780 310 2249    -3480599    +13        -212    -16   34 239  158  -30  282  -22  282  -22  25  0  0 L3P 6F
G02 FF 61040 045800  780 585 2494      -62215    -72        -240    +11   28  20   95   -4  210  -16  210  -16  21  0  0 L3P 03
G10 FF 61040 045800  780 347  952    +5786576    +56        -223    +23   44  41  142  +15  288   +9  288    9  32  0  0 L3P 38
G28 FF 61040 045800  780 579  510    +6173768     -3        -260    +42   37 118   96   -6  240  -51  240  -51  25  0  0 L3P 38
G31 FF 61040 045800  780 389   99    +1751653     +0        -246    +20   27  88  129  -22  324  -76  324  -76  18  0  0 L3P 44
G32 FF 61040 045800  780 496 1435    +1843147   -166        -243     +0   25  55  106  +11  222  +18  222   18  18  0  0 L3P 4B
G01 FF 61040 051400  780 371 2280    -3480566    +11        -207    -17   36 239  135  -20  248  -14  248  -14  28  0  0 L3P 6C
G02 FF 61040 051400  780 614 2648      -62293   -117        -239    -34   24  20   93   -1  203  +12  203   12  18  0  0 L3P 05
G10 FF 61040 051400  780 305  877    +5786599     -5        -231    -38   80  41  160  +21  324  +57  324   57  52  0  0 L3P 3C
G28 FF 61040 051400  780 622  650    +6173725    -67        -259    -22   23 118   92   -3  224   +3  224    3  17  0  0 L3P 0A
G31 FF 61040 051400  780 465  126    +1751618    -50        -262    -29   28  88  112  -15  290  -24  290  -24  19  0  0 L3P 52
G32 FF 61040 051400  780 431 1391    +1842984   -147        -247    +19   25  55  119  +14  237   -2  237   -2  17  0  0 L3P 52
G01 FF 61040 053000  780 430 2329    -3480555    +21        -224     -7   32 239  119  -13  234  -14  234  -14  21  0  0 L3P 46
G02 FF 61040 053000  780 615 2825      -62379    -68        -245    +15   18  20   92   +1  204   +1  204    1  14  0  0 L3P CF
G03 FF 61040 053000  780 180 2343    -6108600   +102        -245     +8   65  97  262  -73  346  -58  346  -58  48  0  0 L3P 6D
G28 FF 61040 053000  780 641  826    +6173677    -54        -263     -8   34 118   90   +0  210   +3  210    3  24  0  0 L3P EE
G31 FF 61040 053000  780 541  163    +1751609    -12        -251     +8   29  88  100  -10  245  -34  245  -34  20  0  0 L3P 26
G32 FF 61040 053000  780 370 1345    +1842819   -177        -252    -11   32  55  134  +19  254  +51  254   51  22  0  0 L3P 5A
G01 FF 61040 054600  780 481 2402    -3480530    +12        -225    -16   29 239  109   -8  222   -9  222   -9  19  0  0 L3P 37
G02 FF 61040 054600  780 587 2986      -62456    -85        -242     -2   23  20   95   +4  215   +9  215    9  16  0  0 L3P E4
G03 FF 61040 054600  780 232 2300    -6108491    +53        -226    -41   40  97  206  -46  299  -20  299  -20  29  0  0 L3P 64
G28 FF 61040 054600  780 631 1005    +6173636    -35        -261    +10   19 118   91   +2  209  -14  209  -14  13  0  0 L3P 40
G31 FF 61040 054600  780 616  221    +1751587    -32        -253    -11   38  88   93   -7  225  -19  225  -19  26  0  0 L3P 39
G32 FF 61040 054600  780 313 1299    +1842652   -185        -260    -19   41  55  156  +26  290  +44  290   44  32  0  0 L3P 6E
G01 FF 61040 061400  780 539 2593    -3480476    +21        -220     -7   26   0  101   -2  210   +1  210    1  20  0  0 L3P CA
G02 FF 61040 061400  780 493 3184      -62584    -75        -228     +8   20  26  107  +10  241  +16  241   16  16  0  0 L3P 10
G03 FF 61040 061400  780 331 2232    -6108357    +93        -234     -1   40   2  149  -25  265  -18  265  -18  32  0  0 L3P 33
G04 FF 61040 061400  780 231 2753     -351360     +8        -251    +33   44  43  206  -40  351  -66  351  -66  33  0  0 L3P 2C
G28 FF 61040 061400  780 556 1228    +6173563    -44        -254     +1   23 119   98   +7  215   +5  215    5  17  0  0 L3P 11
G31 FF 61040 061400  780 728  452    +1751564    -25        -245     -4   16  98   85   -2  194   -7  194   -7  12  0  0 L3P 07
G01 FF 61040 063000  780 545 2728    -3480453    +38        -225    +10   29   0  100   +1  212   -6  212   -6  21  0  0 L3P F2
G02 FF 61040 063000  780 427 3256      -62656    -25        -220    +58   40  26  119  +16  260   -8  260   -8  30  0  0 L3P 0D
G03 FF 61040 063000  780 393 2198    -6108255    +43        -223    -51   37   2  128  -18  238  +24  238   24  27  0  0 L3P 43
G04 FF 61040 063000  780 276 2688     -351366    +22        -234    +47   44  43  175  -27  306  -66  306  -66  35  0  0 L3P 5E
G28 FF 61040 063000  780 496 1298    +6173525    -61        -249    -16   25 119  107  +10  226  +33  226   33  16  0  0 L3P 6A
G31 FF 61040 063000  780 759  730    +1751546    -24        -243     -4   33  98   84   +0  190   +5  190    5  23  0  0 L3P E6
G01 FF 61040 064600  780 530 2861    -3480437    +59        -236    +30   20   0  102   +4  220  -15  220  -15  14  0  0 L3P 16
G02 FF 61040 064600  780 359 3312      -62736   -113        -220    -30   66  26  138  +23  294  +57  294   57  47  0  0 L3P 4C
G03 FF 61040 064600  780 458 2170    -6108174   +105        -233    +11   28   2  113  -13  222  -26  222  -26  19  0  0 L3P 47
G04 FF 61040 064600  780 320 2618     -351388    -43        -231    -18   43  43  153  -19  280  -13  280  -13  32  0  0 L3P 45
G26 FF 61040 064600  780 302  562    +3035692    +67        -238     +4   79 118  161  -23  342  -45  342  -45  54  0  0 L3P 59
G28 FF 61040 064600  780 431 1339    +6173484    -46        -246     +0   27 119  119  +15  244  +35  244   35  21  0  0 L3P 57
G31 FF 61040 064600  780 744 1035    +1751534    +22        -236    +42   20  98   84   +2  185  -20  185  -20  14  0  0 L3P 30
G01 FF 61040 070200  780 495 2977    -3480410     +0        -235    -29   34   0  107   +7  225  +27  225   27  26  0  0 L3P 14
G03 FF 61040 070200  780 527 2147    -6108091    +60        -241    -35   22   2  102  -10  206   -3  206   -3  15  0  0 L3P 01
G04 FF 61040 070200  780 363 2544     -351408    -27        -228     -2   43  43  137  -14  251  -26  251  -26  29  0  0 L3P 34
G26 FF 61040 070200  780 346  632    +3035745    +51        -244    -11   53 118  143  -16  312  -37  312  -37  41  0  0 L3P 4F
G28 FF 61040 070200  780 364 1359    +6173431    -76        -256    -31   37 119  136  +22  275  +40  275   40  26  0  0 L3P 6C
G31 FF 61040 070200  780 694 1225    +1751516    -18        -234     +2   27  98   87   +3  186   -2  186   -2  19  0  0 L3P 11
G01 FF 61040 071800  780 447 3072    -3480388    +17        -241    -12   32   0  115  +11  242  +20  242   20  24  0  0 L3P 1C
G03 FF 61040 071800  780 599 2133    -6108005    +84        -245    -11   19   2   94   -7  192   +2  192    2  13  0  0 L3P F6
G04 FF 61040 071800  780 405 2465     -351437     +4        -233    +29   33  43  125  -11  237  -41  237  -41  24  0  0 L3P 2E
G26 FF 61040 071800  780 384  712    +3035810    +69        -239     +6   42 118  131  -10  284  -21  284  -21  29  0  0 L3P 4C
G28 FF 61040 071800  780 298 1365    +6173393    -55        -250    -10   52 119  163  +33  305  +51  305   51  35  0  0 L3P 68
G31 FF 61040 071800  780 630 1318    +1751496     -7        -235    +13   24  98   91   +6  196   +3  196    3  16  0  0 L3P 06
G01 FF 61040 073400  780 391 3148    -3480344    +25        -225     -3   40   0  128  +17  254  +33  254   33  34  0  0 L3P 1D
G03 FF 61040 073400  780 675 2136    -6107904   +109        -235    +15   20   2   88   -5  178  -17  178  -17  15  0  0 L3P 46
G04 FF 61040 073400  780 446 2382     -351449    -21        -220     +4   32  43  116   -9  220  -14  220  -14  23  0  0 L3P 0D
G26 FF 61040 073400  780 412  802    +3035868    +90        -242    +27   51 118  123   -6  274  -33  274  -33  34  0  0 L3P 4C
G28 FF 61040 073400  780 234 1361    +6173386   -154        -213   -108   29 119  203  +53  327 +145  327  145  21  0  0 L3P AD
G31 FF 61040 073400  780 561 1360    +1751481    -17        -230     +3   26  98   98   +8  209   +8  209    8  18  0  0 L3P 06
G01 FF 61040 075000  780 331 3210    -3480313    +73        -220    +45   50   0  148  +25  281   -1  281   -1  36  0  0 L3P 02
G03 FF 61040 075000  780 752 2178    -6107814    +98        -236     +4   18   2   84   -3  173  -10  173  -10  14  0  0 L3P 14
G04 FF 61040 075000  780 486 2292     -351479    -55        -226    -30   24  43  108   -7  208   +6  208    6  18  0  0 L3P 13
G09 FF 61040 075000  780 192 2511    -7694101    +19        -196    +29   62  27  246  -56  324  -75  324  -75  44  0  0 L3P 78
G26 FF 61040 075000  780 427  900    +3035940    +34        -229    -28   33 118  120   -2  248   +9  248    9  22  0  0 L3P 1B
G28 FF 61040 075000  780 172 1348    +6173311    -84        -244    -39   34 119  271  +94  396  +77  396   77  29  0  0 L3P 90
G31 FF 61040 075000  780 492 1375    +1751464    -40        -227    -19   24  98  107  +11  221  +33  221   33  15  0  0 L3P 45
G01 FF 61040 080600  780 270 3262    -3480296     +4        -231    -25   56   1  178  +38  324  +81  324   81  37  0  0 L3P 2F
G03 FF 61040 080600  780 824 2370    -6107721    +77        -229    -17   22   3   82   -1  165   +4  165    4  16  0  0 L3P F5
G04 FF 61040 080600  780 525 2195     -351503     +3        -224    +28   21  44  102   -6  198  -27  198  -27  14  0  0 L3P 27
G09 FF 61040 080600  780 237 2455    -7694121    -29        -210    -18   71  38  202  -38  306   -9  306   -9  55  0  0 L3P 4F
G16 FF 61040 080600  780 390  531    -1783026    -96        -236    -19   44  48  129  -15  265  -18  265  -18  33  0  0 L3P 68
G26 FF 61040 080600  780 427  999    +3036002    +52        -224    -10   37 119  120   +2  237   -3  237   -3  26  0  0 L3P 1D
G31 FF 61040 080600  780 425 1373    +1751438    -21        -237     -1   21 105  120  +16  244  +20  244   20  16  0  0 L3P 2E
G03 FF 61040 082200  780 843 3128    -6107629    +90        -228     -4   15   3   82   +1  166   +9  166    9  11  0  0 L3P EA
G04 FF 61040 082200  780 563 2088     -351521    -16        -218     +9   22  44   98   -4  190  -15  190  -15  17  0  0 L3P 1A
G09 FF 61040 082200  780 284 2399    -7694119    +51        -198    +61   53  38  171  -27  277  -63  277  -63  38  0  0 L3P 93
G16 FF 61040 082200  780 439  611    -1783113    -70        -249     +7   42  48  117  -10  247  -28  247  -28  31  0  0 L3P 43
G26 FF 61040 082200  780 413 1093    +3036057    +44        -229    -18   37 119  123   +6  241  +22  241   22  27  0  0 L3P 41
G31 FF 61040 082200  780 360 1361    +1751435    +10        -220    +31   40 105  138  +22  258   +7  258    7  28  0  0 L3P 27
G03 FF 61040 083800  780 775 3480    -6107532   +116        -221    +22   16   3   83   +3  170   -7  170   -7  12  0  0 L3P 0B
G04 FF 61040 083800  780 598 1966     -351544    -36        -217    -11   25  44   94   -3  187   -4  187   -4  18  0  0 L3P 25
G06 FF 61040 083800  780 137 2343    +5969623    +50        -195     +3   50  35  337  -26  373   -7  373   -7  36  0  0 L3P 43
G09 FF 61040 083800  780 332 2343    -7694129    -18        -198     -8   43  38  148  -20  257  -22  257  -22  33  0  0 L3P 6B
G16 FF 61040 083800  780 478  706    -1783167    -87        -229    -10   28  48  110   -6  217  -11  217  -11  22  0  0 L3P 49
G26 FF 61040 083800  780 384 1176    +3036144    +83        -202    +20   34 119  130  +10  235   -3  235   -3  27  0  0 L3P 38
G31 FF 61040 083800  780 297 1341    +1751426   +117        -210   +137   43 105  163  +31  279  -79  279  -79  31  0  0 L3P A5
G03 FF 61040 085400  780 693 3561    -6107437    +98        -216     +3   20   3   87   +5  174   +8  174    8  14  0  0 L3P F6
G04 FF 61040 085400  780 629 1826     -351577     +1        -226    +26   27  44   91   -2  184  -27  184  -27  19  0  0 L3P 2C
G06 FF 61040 085400  780 142 2413    +5969664    +35        -200    -13   57  35  325   -1  363  -12  363  -12  45  0  0 L3P 4C
G09 FF 61040 085400  780 384 2286    -7694149     +1        -209    +11   33  38  131  -16  226  -26  226  -26  23  0  0 L3P 5A
G16 FF 61040 085400  780 504  818    -1783242    -66        -229    +12   27  48  105   -3  198  -23  198  -23  21  0  0 L3P 4D
G26 FF 61040 085400  780 345 1243    +3036200    +77        -206    +15   54 119  143  +16  252  +10  252   10  38  0  0 L3P 4B
G31 FF 61040 085400  780 238 1315    +1751403    +30        -213    +50   53 105  200  +47  309  -13  309  -13  38  0  0 L3P 54
G03 FF 61040 091000  780 608 3589    -6107349   +106        -219    +11   15   3   93   +8  186  +10  186   10  11  0  0 L3P 28
G04 FF 61040 091000  780 652 1664     -351594     +0        -219    +25   18  44   89   -1  170  -28  170  -28  13  0  0 L3P 18
G06 FF 61040 091000  780 137 2484    +5969710    +59        -200    +11   34  35  336  +23  351   -8  351   -8  24  0  0 L3P 3B
G07 FF 61040 091000  780 242 2896    +1286884    -10        -210    -64   58  17  198  -42  289  -18  289  -18  44  0  0 L3P 87
G09 FF 61040 091000  780 438 2229    -7694163    -14        -213     -4   29  38  117  -12  202  -13  202  -13  21  0  0 L3P 40
G16 FF 61040 091000  780 512  937    -1783319    -71        -232     +7   32  48  104   +0  191  -18  191  -18  22  0  0 L3P 27
G26 FF 61040 091000  780 297 1296    +3036273    +61        -194     -2   35 119  163  +26  256  +18  256   18  22  0  0 L3P 5C
G31 FF 61040 091000  780 181 1284    +1751405    -29        -191     -9   49 105  258  +77  321  +44  321   44  39  0  0 L3P 59
G03 FF 61040 092600  780 524    1    -6107261    +65        -221    -30   30   3  102  +12  199  +33  199   33  22  0  0 L3P F0
G04 FF 61040 092600  780 665 1481     -351610    -38        -212    -13   16  44   89   +0  159   -1  159   -1  12  0  0 L3P 00
G07 FF 61040 092600  780 294 2834    +1286934    +68        -211    +14   53  17  165  -27  246  -54  246  -54  40  0  0 L3P 74
G09 FF 61040 092600  780 494 2170    -7694172    -14        -212     -4   21  38  107  -10  182  -17  182  -17  16  0  0 L3P 52
G16 FF 61040 092600  780 502 1054    -1783384    -66        -223    +11   26  48  106   +3  179   -6  179   -6  20  0  0 L3P 31
G26 FF 61040 092600  780 245 1333    +3036330   +133        -197    +70   44 119  195  +42  280  -40  280  -40  34  0  0 L3P 79
G03 FF 61040 094200  780 442    7    -6107174     +2        -225    -92   35   3  116  +18  211  +57  211   57  26  0  0 L3P EB
G04 FF 61040 094200  780 663 1289     -351643    -44        -221    -18   24  44   89   +1  153   -3  153   -3  17  0  0 L3P 07
G07 FF 61040 094200  780 344 2764    +1286961    +59        -235     +6   52  17  144  -19  223  -51  223  -51  39  0  0 L3P 5C
G09 FF 61040 094200  780 554 2108    -7694191     -7        -221     +4   23  38   99   -8  166  -32  166  -32  17  0  0 L3P 31
G16 FF 61040 094200  780 474 1155    -1783471   -131        -236    -53   33  48  110   +6  178  +28  178   28  25  0  0 L3P 63
G26 FF 61040 094200  780 189 1359    +3036388    +49        -198    -13   39 119  249  +74  298  +15  298   15  31  0  0 L3P 96
G03 FF 61040 095800  780 362   13    -6107072   +301        -213   +207   66   3  137  +27  220 -122  220 -122  50  0  0 L3P 4D
G04 FF 61040 095800  780 645 1105     -351673    -12        -227    +13   33  44   90   +2  151   -7  151   -7  24  0  0 L3P F9
G07 FF 61040 095800  780 393 2687    +1287017    +61        -230     +8   57  17  128  -14  191  -30  191  -30  40  0  0 L3P 56
G09 FF 61040 095800  780 616 2038    -7694203     +2        -222    +12   21  38   92   -6  151  -16  151  -16  16  0  0 L3P 28
G16 FF 61040 095800  780 433 1236    -1783554    -86        -244     -8   26  48  118  +11  184  +14  184   14  19  0  0 L3P 58
G04 FF 61040 101400  780 614  945     -351707    -42        -235    -17   23  45   93   +3  157  +17  157   17  18  0  0 L3P 0C
G07 FF 61040 101400  780 440 2602    +1287076    +65        -225    +11   33  18  117  -10  167  -24  167  -24  26  0  0 L3P 4E
G09 FF 61040 101400  780 679 1950    -7694208    -43        -222    -33   24  53   88   -4  136   +9  136    9  17  0  0 L3P 23
G16 FF 61040 101400  780 382 1295    -1783627    -65        -245    +12   30  50  131  +16  199  +11  199   11  21  0  0 L3P 4B
G30 FF 61040 101400  780 188 2752     -726047   -166        -221    -45   75  38  251  -62  283  -16  283  -16  55  0  0 L3P 6F
G03 FF 61040 103000  780 210   27    -6106894   +185        -216    +90   54   9  225  +75  347  +15  347   15  46  0  0 L3P 30
G04 FF 61040 103000  780 571  813     -351724     -7        -228    +18   32  45   97   +5  161   -2  161   -2  23  0  0 L3P D2
G07 FF 61040 103000  780 484 2507    +1287117    +40        -235    -13   34  18  109   -7  158   -9  158   -9  25  0  0 L3P 2F
G09 FF 61040 103000  780 743 1820    -7694226    -14        -230     -4   25  53   84   -3  132   -5  132   -5  18  0  0 L3P FC
G16 FF 61040 103000  780 326 1336    -1783696    -65        -240    +12   33  50  150  +24  214  +16  214   16  23  0  0 L3P 3B
G30 FF 61040 103000  780 234 2692     -726164    -94        -221    +28   73  38  204  -39  248  -50  248  -50  52  0  0 L3P 52
G04 FF 61040 104600  780 520  706     -351757    -45        -237    -20   35  45  103   +8  175  +19  175   19  24  0  0 L3P 1D
G07 FF 61040 104600  780 524 2400    +1287164     +7        -239    -46   26  18  103   -6  150  +21  150   21  20  0  0 L3P 12
G08 FF 61040 104600  780 286  633    -5093562    -15        -231    -54   56  82  169  -24  254   -7  254   -7  45  0  0 L3P 41
G09 FF 61040 104600  780 799 1570    -7694243     -7        -238     +3   23  53   83   -1  134   -7  134   -7  16  0  0 L3P 07
G16 FF 61040 104600  780 267 1361    -1783763   -122        -233    -45   39  50  180  +38  229  +75  229   75  32  0  0 L3P 77
G20 FF 61040 104600  780 147 2264    -3618831    -18        -205    -19   36  34  317  -72  274  -45  274  -45  28  0  0 L3P 70
G21 FF 61040 104600  780 150 2225    -3697469   -111        -229    -20   48  18  312  -94  286  -49  286  -49  37  0  0 L3P 90
G30 FF 61040 104600  780 280 2629     -726281    -57        -221    +64   68  38  173  -27  217  -67  217  -67  50  0  0 L3P 65
G04 FF 61040 110200  780 464  618     -351778     +4        -234    +29   37  45  112  +11  184   -8  184   -8  30  0  0 L3P 03
G07 FF 61040 110200  780 560 2281    +1287204    +59        -250     +6   24  18   98   -4  149   -9  149   -9  17  0  0 L3P 11
G08 FF 61040 110200  780 327  705    -5093525    +51        -232    +13   59  82  150  -16  232  -29  232  -29  47  0  0 L3P 49
G09 FF 61040 110200  780 818 1065    -7694251    -27        -235    -17   26  53   82   +0  128  +13  128   13  19  0  0 L3P 2F
G16 FF 61040 110200  780 207 1374    -1783850    -64        -246    +13   63  50  228  +65  268  +22  268   22  51  0  0 L3P 54
G20 FF 61040 110200  780 176 2324    -3618858    -88        -233    -90   25  34  267  -37  266  +23  266   23  17  0  0 L3P 64
G21 FF 61040 110200  780 192 2274    -3697574    -68        -246    +23   38  18  245  -49  259  -57  259  -57  30  0  0 L3P 86
G30 FF 61040 110200  780 326 2563     -726400   -135        -224    -13   55  38  151  -20  192  -31  192  -31  41  0  0 L3P 44
G04 FF 61040 111800  780 404  547     -351829    -79        -261    -54   41  45  125  +16  219  +61  219   61  29  0  0 L3P 39
G07 FF 61040 111800  780 591 2147    +1287250    +31        -255    -22   25  18   95   -3  145   +4  145    4  18  0  0 L3P 06
G08 FF 61040 111800  780 359  786    -5093482    +11        -226    -27   47  82  138  -10  210  -15  210  -15  35  0  0 L3P 4E
G09 FF 61040 111800  780 778  649    -7694268    -32        -243    -22   24  53   83   +2  131  +10  131   10  17  0  0 L3P 1E
G20 FF 61040 111800  780 195 2392    -3618849     +0        -226     -1   37  34  242  -17  228  -29  228  -29  28  0  0 L3P 4C
G21 FF 61040 111800  780 227 2334    -3697670    -59        -256    +32   33  18  210  -27  229  -57  229  -57  25  0  0 L3P 74
G30 FF 61040 111800  780 371 2494     -726514   -194        -221    -72   42  38  135  -15  161  +27  161   27  28  0  0 L3P 55
G07 FF 61040 113400  780 614 1998    +1287290    +33        -267    -20   20  18   93   -2  143  +13  143   13  15  0  0 L3P 25
G08 FF 61040 113400  780 382  874    -5093459     -1        -239    -40   34  82  131   -5  200   +9  200    9  27  0  0 L3P F9
G09 FF 61040 113400  780 711  464    -7694294    -13        -258     -2   30  53   86   +4  144  +10  144   10  22  0  0 L3P 02
G20 FF 61040 113400  780 203 2465    -3618846    +12        -224    +11   28  34  232   -4  214  -17  214  -17  22  0  0 L3P 33
G21 FF 61040 113400  780 252 2403    -3697761    -82        -259     +9   31  18  190  -14  209  -17  209  -17  23  0  0 L3P 54
G30 FF 61040 113400  780 417 2420     -726639   -100        -229    +22   39  38  122  -11  157  -24  157  -24  31  0  0 L3P 50
G07 FF 61040 115000  780 628 1836    +1287341    +95        -267    +42   19  18   91   -1  145  -24  145  -24  14  0  0 L3P 41
G08 FF 61040 115000  780 391  968    -5093416    +20        -234    -19   57  82  129   -1  187  +10  187   10  41  0  0 L3P 34
G09 FF 61040 115000  780 637  368    -7694304    -15        -259     -4   27  53   91   +6  155  +16  155   16  18  0  0 L3P 20
G14 FF 61040 115000  780 321 3107    -7257451    -50        -256    -24   56  12  153  -28  234   -4  234   -4  36  0  0 L3P 2F
G20 FF 61040 115000  780 201 2539    -3618839    +22        -218    +21   29  34  234   +8  219   +5  219    5  21  0  0 L3P 11
G21 FF 61040 115000  780 266 2480    -3697851   -114        -262    -23   43  18  181   -5  213  +28  213   28  36  0  0 L3P 52
G27 FF 61040 115000  780 216 1270      +97601   +106        -241    +38   49  11  219  +28  276   -7  276   -7  38  0  0 L3P 2E
G30 FF 61040 115000  780 463 2342     -726761   -100        -235    +22   31  38  112   -9  155  -25  155  -25  21  0  0 L3P 36
G05 FF 61040 120600  780 122 2285    +2264394    -23        -231    -30   40 112  377  -58  310  -17  310  -17  34  0  0 L3P 5A
G07 FF 61040 120600  780 632 1666    +1287402    +73        -254    +19   27  21   91   +0  141  -10  141  -10  20  0  0 L3P 1A
G08 FF 61040 120600  780 387 1060    -5093384    +65        -240    +27   41  83  130   +3  198   -3  198   -3  33  0  0 L3P 2C
G09 FF 61040 120600  780 560  307    -7694320    -14        -264     -4   22  54   98   +9  175  +17  175   17  15  0  0 L3P 18
G14 FF 61040 120600  780 385 3052    -7257460    -27        -246     -1   39  13  131  -19  199   -9  199   -9  32  0  0 L3P 40
G20 FF 61040 120600  780 189 2613    -3618850    -31        -230    -32   36  63  248  +22  238  +19  238   19  28  0  0 L3P 58
G21 FF 61040 120600  780 268 2560    -3697927   -102        -249    -11   46  19  180   +3  206   +5  206    5  36  0  0 L3P 31
G27 FF 61040 120600  780 183 1326      +97688    +79        -216    +10   46  15  256  +50  286  +16  286   16  36  0  0 L3P 43
G30 FF 61040 120600  780 509 2257     -726856    -89        -210    +33   23  72  105   -7  143  -34  143  -34  18  0  0 L3P 3D
G05 FF 61040 122200  780 136 2350    +2264414    -47        -218    -54   51 112  339  -23  278  +21  278   21  36  0  0 L3P 5B
G07 FF 61040 122200  780 626 1496    +1287449    +59        -259     +6   24  21   92   +1  144   -2  144   -2  16  0  0 L3P 08
G08 FF 61040 122200  780 368 1147    -5093334    -11        -227    -50   33  83  135   +8  199  +43  199   43  25  0  0 L3P 4D
G09 FF 61040 122200  780 483  265    -7694318    -10        -253     +0   42  54  109  +13  183  +25  183   25  28  0  0 L3P 2E
G14 FF 61040 122200  780 447 2987    -7257496     -8        -257    +18   31  13  116  -13  181  -31  181  -31  22  0  0 L3P 55
G20 FF 61040 122200  780 168 2685    -3618855   -106        -236   -108   44  63  278  +40  244  +77  244   77  33  0  0 L3P 8E
G21 FF 61040 122200  780 258 2640    -3698032   -138        -267    -47   66  19  186  +10  220  +53  220   53  51  0  0 L3P 64
G30 FF 61040 122200  780 555 2163     -726990   -164        -228    -42   17  72   99   -6  140  +30  140   30  12  0  0 L3P 27
G05 FF 61040 123800  780 140 2418    +2264399    -32        -240    -38   64 112  329   +1  266   +1  266    1  49  0  0 L3P 2C
G07 FF 61040 123800  780 608 1337    +1287499    +53        -261     +0   32  21   93   +2  145   +5  145    5  24  0  0 L3P F4
G08 FF 61040 123800  780 337 1221    -5093294    +54        -224    +15   54  83  146  +14  209   +9  209    9  40  0  0 L3P 32
G09 FF 61040 123800  780 406  234    -7694343    -32        -268    -22   35  54  124  +20  213  +26  213   26  24  0  0 L3P 39
G14 FF 61040 123800  780 506 2906    -7257516    -38        -252    -12   33  13  105   -9  164   +3  164    3  25  0  0 L3P 1B
G21 FF 61040 123800  780 238 2718    -3698118    -95        -249     -4   44  20  200  +20  232  +13  232   13  37  0  0 L3P 39
G22 FF 61040 123800  780 322 3018     +639057    +30        -229    +70   41  36  152  -25  215  -70  215  -70  30  0  0 L3P 39
G30 FF 61040 123800  780 600 2056     -727113   -145        -234    -23   15  72   94   -4  138   +8  138    8  10  0  0 L3P 02
G05 FF 61040 125400  780 135 2488    +2264414    +12        -231     +5   62 112  341  +24  247   -8  247   -8  40  0  0 L3P 2C
G07 FF 61040 125400  780 581 1193    +1287551    +29        -259    -24   35  21   96   +3  143  +18  143   18  24  0  0 L3P 34
G08 FF 61040 125400  780 296 1282    -5093262    +30        -229     -8   50  83  164  +23  227  +30  227   30  36  0  0 L3P 3E
G09 FF 61040 125400  780 331  212    -7694358    +34        -273    +44   52  54  148  +30  238  +21  238   21  41  0  0 L3P 3D
G13 FF 61040 125400  780 162 2209    -6909008    -23        -243    -32   52  91  290 -108  269   +0  269    0  40  0  0 L3P 3C
G14 FF 61040 125400  780 561 2807    -7257541     -6        -252    +20   22  13   98   -6  155  -24  155  -24  17  0  0 L3P 2C
G21 FF 61040 125400  780 209 2792    -3698208    -71        -252    +20   52  20  226  +34  249   +1  249    1  36  0  0 L3P 2C
G22 FF 61040 125400  780 379 2955     +639006    -46        -241     -6   39  36  132  -17  191   -7  191   -7  31  0  0 L3P 27
G30 FF 61040 125400  780 642 1927     -727236   -137        -240    -16   13  72   90   -3  129   +5  129    5  11  0  0 L3P 06
G07 FF 61040 131000  780 547 1066    +1287599    +28        -263    -25   46  21  100   +5  156  +24  156   24  32  0  0 L3P 3C
G08 FF 61040 131000  780 248 1330    -5093227    +72        -231    +33   52  83  193  +38  250  -13  250  -13  41  0  0 L3P 49
G13 FF 61040 131000  780 223 2215    -6908975    +62        -219    +53   41  91  214  -57  219  -88  219  -88  30  0  0 L3P 72
G14 FF 61040 131000  780 609 2684    -7257561    -23        -246     +3   32  13   93   -4  147  -10  147  -10  24  0  0 L3P 20
G17 FF 61040 131000  780 235 3539     +179881     -8        -283   -129   74  17  204  -59  321  +66  321   66  54  0  0 L3P 58
G22 FF 61040 131000  780 433 2882     +638974    -12        -234    +29   44  36  119  -12  171  -45  171  -45  36  0  0 L3P 52
G30 FF 61040 131000  780 678 1767     -727354   -139        -241    -17   21  72   88   -2  127   +8  127    8  14  0  0 L3P 19
G07 FF 61040 132600  780 506  956    +1287655    +46        -259     -7   33  21  105   +7  165  +23  165   23  24  0  0 L3P 25
G08 FF 61040 132600  780 195 1364    -5093193    +89        -234    +50   47  83  241  +67  263  -34  263  -34  28  0  0 L3P 77
G13 FF 61040 132600  780 284 2233    -6908987    -22        -240    -31   27  91  171  -35  205  -17  205  -17  20  0  0 L3P 60
G14 FF 61040 132600  780 647 2530    -7257588    -67        -248    -40   22  13   90   -2  142  +18  142   18  17  0  0 L3P 38
G17 FF 61040 132600  780 307 3543     +180041   +152        -239    +31   62  17  159  -36  233  -96  233  -96  51  0  0 L3P 62
G22 FF 61040 132600  780 483 2796     +638940    -86        -229    -45   32  36  109   -9  158  +27  158   27  24  0  0 L3P 54
G30 FF 61040 132600  780 703 1568     -727479   -132        -249    -10   21  72   86   -1  130   +8  130    8  15  0  0 L3P 08
G07 FF 61040 134200  780 461  860    +1287709    +25        -256    -29   37  21  113   +9  173  +28  173   28  26  0  0 L3P 3A
G13 FF 61040 134200  780 344 2264    -6908989    -11        -250    -20   34  91  144  -22  186   -1  186   -1  26  0  0 L3P 40
G14 FF 61040 134200  780 671 2347    -7257615    -21        -250     +5   25  13   88   -1  141   -9  141   -9  18  0  0 L3P 05
G22 FF 61040 134200  780 530 2696     +638890     -9        -239    +31   30  36  102   -6  159  -30  159  -30  20  0  0 L3P 28
G30 FF 61040 134200  780 711 1336     -727593   -121        -247     +0   24  72   86   +0  128   +4  128    4  17  0  0 L3P EC
G07 FF 61040 135800  780 413  776    +1287766    +76        -250    +23   39  21  123  +13  187   +8  187    8  29  0  0 L3P 36
G13 FF 61040 135800  780 400 2312    -6908969    -20        -239    -29   40  91  126  -15  163   +6  163    6  32  0  0 L3P 35
G14 FF 61040 135800  780 679 2145    -7257630    -35        -241     -9   24  13   88   +0  133  +12  133   12  19  0  0 L3P 1C
G22 FF 61040 135800  780 570 2578     +638866    -43        -224     -2   32  36   97   -4  136  -18  136  -18  22  0  0 L3P 2E
G30 FF 61040 135800  780 696 1108     -727710   -120        -247     +1   30  72   87   +1  133   +5  133    5  20  0  0 L3P E6
G07 FF 61040 141400  780 362  703    +1287807    +26        -257    -28   44  25  137  +18  205  +53  205   53  34  0  0 L3P 41
G13 FF 61040 141400  780 449 2381    -6908968    +18        -246     +9   43  92  115   -9  151  -17  151  -17  33  0  0 L3P 52
G14 FF 61040 141400  780 670 1948    -7257653     +3        -240    +29   19  14   88   +1  136  -15  136  -15  14  0  0 L3P 2F
G15 FF 61040 141400  780 177 2271    -3723488    -68        -251    -32   60  67  266  -56  231   -7  231   -7  41  0  0 L3P 4B
G17 FF 61040 141400  780 539 3546     +180370   +109        -251    -12   25  57  101  -11  152  -13  152  -13  18  0  0 L3P 48
G22 FF 61040 141400  780 603 2441     +638811    -61        -241    -20   30  51   94   -3  137  +20  137   20  25  0  0 L3P FD
G30 FF 61040 141400  780 663  918     -727826   -114        -247     +7   22  73   89   +3  135   +8  135    8  15  0  0 L3P F6
G07 FF 61040 143000  780 309  639    +1287864    +89        -251    +35   72  25  158  +26  223   -8  223   -8  51  0  0 L3P 3B
G13 FF 61040 143000  780 488 2474    -6908961    -19        -248    -28   43  92  108   -5  146  +11  146   11  28  0  0 L3P 56
G14 FF 61040 143000  780 649 1773    -7257676    -43        -252    -17   33  15   90   +2  140  +16  140   16  22  0  0 L3P 2B
G15 FF 61040 143000  780 211 2325    -3723523    -67        -253    -31   81  67  224  -32  210   +9  210    9  54  0  0 L3P 1E
G17 FF 61040 143000  780 621 3550     +180475   +160        -261    +40   17  57   92   -7  149  -36  149  -36  14  0  0 L3P 3D
G22 FF 61040 143000  780 626 2286     +638775    -15        -237    +26   34  51   92   -2  138  -10  138  -10  24  0  0 L3P 27
G30 FF 61040 143000  780 616  772     -727948   -138        -252    -16   34  73   92   +5  148  +21  148   21  23  0  0 L3P 25
G13 FF 61040 144600  780 510 2588    -6908941    -18        -237    -27   44  92  105   -2  140  +24  140   24  35  0  0 L3P 44
G14 FF 61040 144600  780 618 1624    -7257691    +23        -242    +49   28  15   92   +3  140  -30  140  -30  19  0  0 L3P 38
G15 FF 61040 144600  780 237 2388    -3723535    -17        -231    +18   61  67  201  -18  193   -8  193   -8  46  0  0 L3P 52
G17 FF 61040 144600  780 704 3566     +180598   +126        -254     +6   22  57   86   -5  144   -4  144   -4  17  0  0 L3P 15
G19 FF 61040 144600  780 500 3416    -6833208     +6        -275    +25   49  57  106  -13  177  -27  177  -27  32  0  0 L3P 61
G22 FF 61040 144600  780 638 2117     +638746    -50        -227     -9   26  51   91   +0  137   +5  137    5  18  0  0 L3P EF
G30 FF 61040 144600  780 561  662     -728061    -87        -248    +35   33  73   98   +7  154  -15  154  -15  25  0  0 L3P 2B
G13 FF 61040 150200  780 513 2713    -6908933    +18        -238     +8   30  92  104   +1  146   -2  146   -2  19  0  0 L3P 0F
G14 FF 61040 150200  780 582 1497    -7257711    -28        -237     -2   26  15   95   +4  144   +5  144    5  18  0  0 L3P 02
G15 FF 61040 150200  780 253 2458    -3723572    -37        -234     -1   66  67  189   -8  193   +1  193    1  52  0  0 L3P 1A
G17 FF 61040 150200  780 786   25     +180718   +131        -250    +10   20  57   83   -2  145   -5  145   -5  15  0  0 L3P E2
G19 FF 61040 150200  780 582 3391    -6833197    -44        -245    -24   30  57   96   -9  145  +15  145   15  20  0  0 L3P 40
G22 FF 61040 150200  780 638 1944     +638710    -57        -224    -16   26  51   91   +0  138  +14  138   14  18  0  0 L3P 1A
G30 FF 61040 150200  780 500  577     -728192   -154        -262    -32   39  73  106  +10  176  +40  176   40  27  0  0 L3P 3A
G13 FF 61040 151800  780 495 2836    -6908932     +0        -245     -9   31  92  107   +4  152  +18  152   18  22  0  0 L3P 26
G14 FF 61040 151800  780 544 1387    -7257743     +3        -244    +29   29  15  100   +5  150  -21  150  -21  21  0  0 L3P 2C
G15 FF 61040 151800  780 258 2533    -3723623    -10        -252    +25   65  67  186   +0  207   +2  207    2  52  0  0 L3P 14
G17 FF 61040 151800  780 858  387     +180839   +116        -245     -4   15  57   82   -1  137   -2  137   -2  12  0  0 L3P FF
G19 FF 61040 151800  780 666 3355    -6833214    -50        -244    -31   31  57   89   -6  135  +18  135   18  22  0  0 L3P 40
G22 FF 61040 151800  780 627 1777     +638667    -50        -228     -9   23  51   91   +1  140   +5  140    5  15  0  0 L3P EA
G30 FF 61040 151800  780 437  509     -728294   -144        -247    -23   36  73  117  +14  178  +31  178   31  26  0  0 L3P 50
G13 FF 61040 153400  780 460 2945    -6908909    +14        -231     +5   32  92  113   +8  154   +5  154    5  20  0  0 L3P 07
G14 FF 61040 153400  780 504 1290    -7257761    -55        -237    -29   29  15  105   +6  146  +26  146   26  19  0  0 L3P 4E
G17 FF 61040 153400  780 830 1297     +180955   +100        -244    -20   18  57   82   +1  133   +5  133    5  14  0  0 L3P FB
G19 FF 61040 153400  780 749 3296    -6833219    -32        -230    -12   26  57   84   -3  127   -7  127   -7  17  0  0 L3P 30
G22 FF 61040 153400  780 607 1623     +638633    -61        -222    -20   22  51   93   +2  137   +3  137    3  15  0  0 L3P E4
G24 FF 61040 153400  780 148 2243    +1809716   -215        -225    -70   51  65  316 -122  241  +21  241   21  42  0  0 L3P 63
G13 FF 61040 155000  780 413 3036    -6908910    +42        -241    +33   35  92  123  +13  171   -5  171   -5  23  0  0 L3P 26
G14 FF 61040 155000  780 462 1201    -7257782     -3        -233    +23   36  15  112   +8  147   +3  147    3  24  0  0 L3P F9
G15 FF 61040 155000  780 237 2686    -3723670    -27        -230     +8   61  67  201  +17  213   +2  213    2  42  0  0 L3P 0E
G17 FF 61040 155000  780 753 1435     +181060   +107        -255    -13   27  57   84   +3  133   +8  133    8  19  0  0 L3P 05
G19 FF 61040 155000  780 829 3142    -6833232     +6        -225    +26   18  57   82   -1  116  -17  116  -17  13  0  0 L3P 2B
G22 FF 61040 155000  780 580 1485     +638601     -5        -215    +36   26  51   96   +3  127  -20  127  -20  20  0  0 L3P 07
G24 FF 61040 155000  780 206 2244    +1809597   -185        -205    -39   60  65  230  -65  211  +16  211   16  44  0  0 L3P 62
G06 FF 61040 160600  780 326  244    +5970843    +88        -252    +41   61  55  151  -30  204  -47  204  -47  45  0  0 L3P 51
G13 FF 61040 160600  780 358 3111    -6908900    +28        -244    +19   47   4  138  +20  178  -18  178  -18  37  0  0 L3P 5F
G14 FF 61040 160600  780 420 1119    -7257814    -34        -246     -8   34  16  121  +10  158   -4  158   -4  25  0  0 L3P 24
G15 FF 61040 160600  780 212 2760    -3723706    -71        -231    -36   63  91  223  +29  227  +29  227   29  50  0  0 L3P 56
G17 FF 61040 160600  780 674 1455     +181182   +102        -247    -19   28  70   88   +5  124  +15  124   15  22  0  0 L3P 2A
G19 FF 61040 160600  780 866 2158    -6833241     +0        -214    +19   19  59   81   +0  102  -23  102  -23  13  0  0 L3P 1D
G22 FF 61040 160600  780 548 1361     +638561    -57        -222    -16   38  88   99   +4  125   +6  125    6  28  0  0 L3P 0E
G24 FF 61040 160600  780 265 2254    +1809417    -75        -246    +70   36  66  182  -39  222  -86  222  -86  28  0  0 L3P 7B
G06 FF 61040 162200  780 397  287    +5970900    +94        -241    +46   46  55  127  -20  169  -71  169  -71  35  0  0 L3P 6A
G14 FF 61040 162200  780 378 1043    -7257833     -3        -239    +23   45  16  132  +13  157  -16  157  -16  33  0  0 L3P 4E
G17 FF 61040 162200  780 597 1447     +181310   +124        -235     +3   38  70   94   +7  113  -20  113  -20  28  0  0 L3P 17
G19 FF 61040 162200  780 799 1701    -6833257    -28        -211     -9   25  59   83   +2   92   -9   92   -9  18  0  0 L3P 08
G22 FF 61040 162200  780 511 1250     +638526    -55        -217    -14   32  88  104   +6  115   +3  115    3  24  0  0 L3P F3
G24 FF 61040 162200  780 323 2275    +1809283   -157        -239    -12   29  66  152  -25  177  -30  177  -30  23  0  0 L3P 7A
G06 FF 61040 163800  780 466  341    +5970949    -21        -238    -69   37  55  112  -13  140  +15  140   15  28  0  0 L3P 4C
G11 FF 61040 163800  780 175 3570    +4904637   -181        -220    -47   47  96  271 -105  277  -50  277  -50  41  0  0 L3P 98
G12 FF 61040 163800  780 160 2476    +6059440   +138        -209   +134   68  50  293  -82  207 -123  207 -123  51  0  0 L3P AA
G14 FF 61040 163800  780 335  971    -7257847    -30        -229     -3   45  16  147  +17  157  +32  157   32  34  0  0 L3P 43
G17 FF 61040 163800  780 524 1426     +181411   +124        -250     +4   30  70  102  +10  111  -15  111  -15  22  0  0 L3P 17
G19 FF 61040 163800  780 724 1598    -6833283    -23        -220     -4   20  59   85   +4   88   -7   88   -7  13  0  0 L3P 06
G22 FF 61040 163800  780 472 1150     +638463     -1        -241    +40   26  88  111   +8  126  -27  126  -27  17  0  0 L3P 24
G24 FF 61040 163800  780 380 2311    +1809152   -163        -231    -17   44  66  132  -17  146  -15  146  -15  35  0  0 L3P 6D
G06 FF 61040 165400  780 533  414    +5970987    +34        -246    -14   25  55  101   -9  121  -16  121  -16  18  0  0 L3P 3D
G12 FF 61040 165400  780 206 2425    +6059440    -53        -213    -57   73  50  230  -52  182   -6  182   -6  55  0  0 L3P 3A
G17 FF 61040 165400  780 453 1399     +181524   +124        -252     +3   29  70  114  +14  107   +7  107    7  21  0  0 L3P 10
G19 FF 61040 165400  780 651 1537    -6833312    -28        -230     -9   21  59   90   +5   82   -8   82   -8  14  0  0 L3P F5
G22 FF 61040 165400  780 430 1058     +638432    -82        -233    -41   42  88  119  +10  125  +22  125   22  31  0  0 L3P 2C
G24 FF 61040 165400  780 432 2366    +1809014   -176        -229    -31   41  66  119  -11  117   -2  117   -2  27  0  0 L3P 48
G06 FF 61040 171000  780 593  520    +5971040    +70        -239    +23   34  55   95   -5  103  -24  103  -24  23  0  0 L3P 19
G12 FF 61040 171000  780 254 2375    +6059449    -46        -208    -51   62  50  189  -35  146  +10  146   10  44  0  0 L3P 54
G17 FF 61040 171000  780 387 1366     +181633   +122        -258     +1   38  70  130  +19  118  +10  118   10  27  0  0 L3P 2D
G19 FF 61040 171000  780 581 1487    -6833321     +5        -221    +25   29  59   96   +7   76   -7   76   -7  22  0  0 L3P FC
G22 FF 61040 171000  780 386  974     +638388    -10        -237    +31   42  88  130  +13  141   -5  141   -5  30  0  0 L3P 0F
G24 FF 61040 171000  780 476 2442    +1808869   -137        -234     +9   26  66  110   -7  108  -17  108  -17  20  0  0 L3P 55
G06 FF 61040 172600  780 636  669    +5971082    +85        -242    +37   23  55   91   -3   98  -34   98  -34  18  0  0 L3P 2F
G11 FF 61040 172600  780 394    3    +4904242   -173        -228    -39   61  96  128  -22  144   -3  144   -3  40  0  0 L3P 17
G12 FF 61040 172600  780 305 2327    +6059434    -33        -228    -37   36  50  160  -26  130   +2  130    2  28  0  0 L3P 1D
G17 FF 61040 172600  780 323 1329     +181770   +125        -238     +4   52  70  151  +26  117  +11  117   11  38  0  0 L3P 2E
G19 FF 61040 172600  780 515 1440    -6833346    -50        -227    -31   28  59  104  +10   84  +25   84   25  19  0  0 L3P 37
G22 FF 61040 172600  780 340  897     +638373    -60        -213    -19   45  88  145  +18  144  +38  144   38  33  0  0 L3P 45
G24 FF 61040 172600  780 509 2541    +1808737   -149        -227     -3   37  66  105   -4   95   -4   95   -4  25  0  0 L3P 1E
G06 FF 61040 174200  780 653  857    +5971148    +67        -223    +19   25  55   89   +0   85  -18   85  -18  18  0  0 L3P 2D
G11 FF 61040 174200  780 473   14    +4904085   -117        -257    +17   41  96  111  -15  137  -31  137  -31  25  0  0 L3P 45
G12 FF 61040 174200  780 358 2280    +6059439    -32        -227    -36   35  50  139  -19  110   +4  110    4  27  0  0 L3P 29
G17 FF 61040 174200  780 264 1289     +181882   +302        -241   +182   52  70  182  +38  141 -104  141 -104  37  0  0 L3P 8C
G19 FF 61040 174200  780 453 1394    -6833355    -27        -217     -8   37  59  114  +12   88  +12   88   12  28  0  0 L3P 38
G24 FF 61040 174200  780 525 2660    +1808598   -156        -226    -10   38  66  102   -1   93   +3   93    3  31  0  0 L3P 0F
G06 FF 61040 175800  780 639 1044    +5971197    +57        -220     +9   30  55   90   +2   86   +3   86    3  20  0  0 L3P E2
G11 FF 61040 175800  780 555   30    +4903969   -139        -244     -5   32  96   99  -10  117  -14  117  -14  25  0  0 L3P 3C
G12 FF 61040 175800  780 414 2235    +6059446    +55        -224    +50   30  50  123  -15   92  -55   92  -55  22  0  0 L3P 39
G17 FF 61040 175800  780 208 1247     +182039   +227        -199   +107   66  70  227  +58  155  -30  155  -30  48  0  0 L3P 84
G19 FF 61040 175800  780 394 1348    -6833365    -30        -208    -11   33  59  128  +16  106  +28  106   28  26  0  0 L3P 66
G24 FF 61040 175800  780 521 2786    +1808456   -102        -228    +43   28  66  103   +2   95  -30   95  -30  23  0  0 L3P 44
G06 FF 61040 181400  780 598 1189    +5971239    +48        -224     +0   32  56   94   +5   92   +4   92    4  23  0  0 L3P EA
G11 FF 61040 181400  780 637   59    +4903853   -115        -233    +19   18  97   91   -7  101  -20  101  -20  14  0  0 L3P 21
G12 FF 61040 181400  780 474 2191    +6059447     +3        -228     -2   22  51  110  -11   93   -8   93   -8  16  0  0 L3P F1
G19 FF 61040 181400  780 339 1300    -6833392    +26        -221    +45   39  81  145  +21  129   -3  129   -3  29  0  0 L3P 3F
G24 FF 61040 181400  780 498 2906    +1808316   -148        -224     -3   24  69  106   +5   97   +7   97    7  19  0  0 L3P 1A
G06 FF 61040 183000  780 541 1284    +5971295    +57        -214     +9   30  56  100   +8   99   +6   99    6  22  0  0 L3P F8
G11 FF 61040 183000  780 718  122    +4903721   -146        -236    -12   21  97   86   -4   98   -2   98   -2  15  0  0 L3P FC
G12 FF 61040 183000  780 537 2149    +6059469     +1        -210     -4   20  51  101   -9   81   +1   81    1  15  0  0 L3P BE
G19 FF 61040 183000  780 287 1252    -6833400    -15        -210     +4   42  81  168  +28  155  +25  155   25  32  0  0 L3P 3B
G24 FF 61040 183000  780 460 3010    +1808173   -164        -227    -18   43  69  113   +9  108  +17  108   17  30  0  0 L3P 48
G25 FF 61040 183000  780 177 2290    -4528184    -49        -199    -72   62  68  266  -83  118  +36  118   36  46  0  0 L3P 7F
G06 FF 61040 184600  780 476 1341    +5971335    +62        -220    +15   35  56  110  +12  117  +21  117   21  24  0  0 L3P 3C
G11 FF 61040 184600  780 791  294    +4903584   -137        -245     -3   18  97   83   -2   98   +7   98    7  12  0  0 L3P FE
G12 FF 61040 184600  780 603 2106    +6059460    +13        -223     +9   22  51   94   -7   87   +1   87    1  19  0  0 L3P D4
G24 FF 61040 184600  780 410 3096    +1808027    -94        -234    +51   35  69  123  +14  123  -21  123  -21  23  0  0 L3P 50
G25 FF 61040 184600  780 234 2268    -4528172    -16        -209    -39   55  68  204  -50  120  +19  120   19  41  0  0 L3P 5A
G06 FF 61040 190200  780 409 1371    +5971383    +87        -218    +39   33  56  124  +18  139   +2  139    2  21  0  0 L3P 37
G11 FF 61040 190200  780 825  791    +4903458   -141        -242     -7   27  97   82   +0   99   +5   99    5  19  0  0 L3P F3
G12 FF 61040 190200  780 673 2062    +6059469    +20        -219    +15   22  51   88   -5   89   -1   89   -1  14  0  0 L3P FD
G24 FF 61040 190200  780 355 3167    +1807891   -116        -230    +30   55  69  140  +20  142  +11  142   11  42  0  0 L3P 4C
G25 FF 61040 190200  780 295 2252    -4528153    +39        -211    +16   52  68  165  -32  122  -13  122  -13  36  0  0 L3P 55
G29 FF 61040 190200  780 170 2679    +4006833   -132        -231    -70   81  79  276  -70  166  +22  166   22  58  0  0 L3P 76
G06 FF 61040 191800  780 340 1384    +5971439    +55        -207     +7   48  56  145  +26  169  +40  169   40  34  0  0 L3P 58
G11 FF 61040 191800  780 783 1230    +4903324   -135        -247     -1   23  97   83   +2  112  +11  112   11  18  0  0 L3P 18
G12 FF 61040 191800  780 746 2011    +6059473    +27        -219    +22   24  51   84   -3   99   -9   99   -9  18  0  0 L3P 11
G20 FF 61040 191800  780 418  476    -3618817    +13        -231    +12   56  82  122  -14  175  -26  175  -26  42  0  0 L3P 54
G25 FF 61040 191800  780 357 2244    -4528105    +17        -186     -5   41  68  139  -22  111   -4  111   -4  30  0  0 L3P 24
G29 FF 61040 191800  780 213 2619    +4006783    -73        -220    -10   73  79  222  -44  156   +3  156    3  54  0  0 L3P 36
G06 FF 61040 193400  780 273 1384    +5971500    +31        -192    -17   40  56  176  +40  194  +78  194   78  30  0  0 L3P 66
G11 FF 61040 193400  780 711 1368    +4903195   -151        -247    -17   28  97   86   +4  127  +36  127   36  19  0  0 L3P 59
G12 FF 61040 193400  780 821 1922    +6059483    +45        -213    +41   19  51   82   -2  107  -11  107  -11  13  0  0 L3P 29
G20 FF 61040 193400  780 472  560    -3618814     +2        -229     +1   35  82  111   -9  166  +15  166   15  25  0  0 L3P 09
G21 FF 61040 193400  780 358  564    -3700376    -45        -239    +46   42  23  139  -18  225  -52  225  -52  33  0  0 L3P 5A
G25 FF 61040 193400  780 422 2246    -4528107    -20        -209    -42   32  68  121  -16  128  +41  128   41  23  0  0 L3P 47
G29 FF 61040 193400  780 257 2557    +4006725    -98        -219    -36   70  79  187  -31  156  +35  156   35  55  0  0 L3P 7E
G05 FF 61040 195000  780 338  261    +2264568    -82        -244    -89   53 115  146  -27  235  +36  235   36  37  0  0 L3P 6A
G06 FF 61040 195000  780 209 1374    +5971538    -28        -200    -76   52  56  226  +67  255  +99  255   99  38  0  0 L3P 82
G11 FF 61040 195000  780 636 1409    +4903063   -155        -251    -20   30  97   91   +6  151  +32  151   32  22  0  0 L3P 2F
G12 FF 61040 195000  780 883 1075    +6059502     +2        -199     -3   21  51   81   +0  112  +13  112   13  14  0  0 L3P EE
G20 FF 61040 195000  780 515  665    -3618809    -22        -225    -23   35  82  104   -6  169  +17  169   17  26  0  0 L3P 3F
G21 FF 61040 195000  780 404  644    -3700456   -113        -232    -22   40  23  125  -11  213  +10  213   10  29  0  0 L3P 25
G25 FF 61040 195000  780 488 2263    -4528069    -21        -193    -44   33  68  108  -11  119  +30  119   30  23  0  0 L3P 59
G29 FF 61040 195000  780 301 2492    +4006657    -78        -226    -15   60  79  162  -22  163   +1  163    1  45  0  0 L3P 32
G05 FF 61040 200600  780 408  308    +2264562     +7        -254     +0   37 116  125  -18  227  -32  227  -32  27  0  0 L3P 2E
G11 FF 61040 200600  780 562 1417    +4902925   -139        -262     -5   27  98   98   +9  173  +20  173   20  20  0  0 L3P 33
G12 FF 61040 200600  780 817  309    +6059492    -40        -218    -45   17  52   82   +2  134  +34  134   34  14  0  0 L3P 14
G20 FF 61040 200600  780 543  792    -3618822    -32        -240    -33   37  83  100   -2  182  +12  182   12  26  0  0 L3P 1B
G21 FF 61040 200600  780 442  738    -3700555    -97        -246     -6   33  24  117   -7  216   -4  216   -4  25  0  0 L3P 06
G25 FF 61040 200600  780 553 2303    -4528063     -4        -209    -27   22  72   99   -8  133  +17  133   17  15  0  0 L3P 1B
G29 FF 61040 200600  780 346 2427    +4006585   -148        -237    -85   46  80  143  -17  173  +59  173   59  37  0  0 L3P 85
G05 FF 61040 202200  780 476  367    +2264568     -4        -255    -11   39 116  110  -12  215   +1  215    1  30  0  0 L3P 03
G11 FF 61040 202200  780 490 1407    +4902788   -162        -270    -27   35  98  107  +12  205  +60  205   60  26  0  0 L3P 5C
G12 FF 61040 202200  780 736  231    +6059476     -3        -238     -8   26  52   85   +4  161  +20  161   20  17  0  0 L3P EC
G20 FF 61040 202200  780 550  931    -3618821     -3        -240     -4   32  83   99   +1  187  +17  187   17  23  0  0 L3P F7
G21 FF 61040 202200  780 466  845    -3700649   -103        -252    -12   31  24  112   -3  218  +18  218   18  24  0  0 L3P 2E
G25 FF 61040 202200  780 615 2376    -4528049     +0        -216    -23   22  72   93   -5  140  +23  140   23  17  0  0 L3P 09
G28 FF 61040 202200  780 124 2339    +6171236     +3        -254    +48   41 127  371  -36  279   -7  279   -7  28  0  0 L3P 4C
G29 FF 61040 202200  780 391 2358    +4006513    -69        -249     -7   38  80  129  -13  188  +10  188   10  28  0  0 L3P 4F
G05 FF 61040 203800  780 540  448    +2264580    -24        -249    -31   29 116  100   -8  213  +27  213   27  19  0  0 L3P 39
G11 FF 61040 203800  780 422 1388    +4902668   -130        -261     +4   38  98  121  +16  243  +50  243   50  27  0  0 L3P 4D
G12 FF 61040 203800  780 654  193    +6059488    +16        -230    +12   24  52   89   +6  183  +28  183   28  18  0  0 L3P 2C
G20 FF 61040 203800  780 534 1062    -3618817    -11        -237    -12   30  83  101   +4  210  +39  210   39  22  0  0 L3P 23
G21 FF 61040 203800  780 473  959    -3700733    -92        -249     -1   36  24  111   +0  236  +32  236   32  27  0  0 L3P 18
G25 FF 61040 203800  780 666 2504    -4528028    +20        -217     -3   18  72   89   -3  151  +13  151   13  14  0  0 L3P 14
G28 FF 61040 203800  780 131 2406    +6171215    -21        -232    +25   35 127  351   -7  291  +14  291   14  29  0  0 L3P 43
G29 FF 61040 203800  780 438 2287    +4006443   -114        -259    -52   33  80  117  -11  204  +43  204   43  24  0  0 L3P 5B
G05 FF 61040 205400  780 595  561    +2264587     +1        -249     -6   26 116   94   -5  219   +4  219    4  20  0  0 L3P EF
G11 FF 61040 205400  780 357 1361    +4902552   -157        -249    -23   41  98  139  +22  283  +76  283   76  30  0  0 L3P 75
G12 FF 61040 205400  780 572  168    +6059492    +16        -231    +11   18  52   97   +9  214  +19  214   19  11  0  0 L3P 1A
G20 FF 61040 205400  780 498 1172    -3618811    -11        -232    -12   31  83  106   +7  234  +32  234   32  23  0  0 L3P 29
G21 FF 61040 205400  780 461 1070    -3700822    -78        -251    +12   42  24  113   +4  259  +16  259   16  34  0  0 L3P 2F
G25 FF 61040 205400  780 695 2700    -4528011    +25        -222     +2   29  72   87   -1  161   +8  161    8  23  0  0 L3P F0
G29 FF 61040 205400  780 486 2212    +4006380    -23        -261    +40   21  80  108   -8  208  -38  208  -38  14  0  0 L3P 44
G05 FF 61040 211000  780 632  716    +2264597    -21        -245    -27   39 116   91   -2  219  +20  219   20  29  0  0 L3P 29
G11 FF 61040 211000  780 295 1330    +4902438    -95        -234    +39   28  98  164  +31  323  +12  323   12  19  0  0 L3P 4A
G12 FF 61040 211000  780 491  150    +6059497     +2        -230     -2   33  52  107  +13  245  +26  245   26  22  0  0 L3P 01
G20 FF 61040 211000  780 449 1253    -3618815     +8        -237     +7   35  83  115  +11  260   +3  260    3  25  0  0 L3P F8
G21 FF 61040 211000  780 433 1167    -3700905    -99        -246     -8   32  24  118   +8  272  +11  272   11  23  0  0 L3P 20
G25 FF 61040 211000  780 691 2928    -4527992     +9        -224    -14   25  72   87   +1  171  +15  171   15  20  0  0 L3P 20
G29 FF 61040 211000  780 536 2130    +4006303    -81        -279    -19   22  80  101   -7  220   +8  220    8  16  0  0 L3P 02
G05 FF 61040 212600  780 642  898    +2264608    +22        -241    +15   24 116   90   +0  219   -7  219   -7  18  0  0 L3P 17
G11 FF 61040 212600  780 237 1294    +4902311   -128        -231     +7   36  98  201  +46  352  +30  352   30  26  0  0 L3P 40
G12 FF 61040 212600  780 412  137    +6059501    -27        -230    -31   34  52  123  +20  282  +60  282   60  25  0  0 L3P 21
G18 FF 61040 212600  780 273 2846    +4626885    -85        -239    +13   38  63  177  -31  287  -15  287  -15  31  0  0 L3P 86
G20 FF 61040 212600  780 391 1310    -3618806    +10        -229     +9   46  83  128  +17  281  +26  281   26  33  0  0 L3P 3C
G21 FF 61040 212600  780 392 1245    -3700982    -96        -236     -5   46  24  128  +13  282  +20  282   20  35  0  0 L3P 3D
G25 FF 61040 212600  780 653 3117    -4527975    +29        -229     +6   27  72   89   +4  185  +12  185   12  19  0  0 L3P 36
G29 FF 61040 212600  780 586 2038    +4006253    -38        -268    +24   24  80   95   -5  208  -12  208  -12  18  0  0 L3P 42
G05 FF 61040 214200  780 623 1070    +2264606    -21        -250    -28   26 116   92   +3  234  +32  234   32  18  0  0 L3P 26
G12 FF 61040 214200  780 334  128    +6059490     -1        -245     -6   69  52  147  +30  336  +77  336   77  53  0  0 L3P 29
G18 FF 61040 214200  780 322 2777    +4626791    -81        -239    +17   46  63  153  -21  274  -28  274  -28  31  0  0 L3P 76
G20 FF 61040 214200  780 329 1346    -3618798    +83        -222    +82   31  83  149  +26  306  -20  306  -20  24  0  0 L3P 5E
G21 FF 61040 214200  780 341 1304    -3701076    -71        -243    +20   33  24  145  +21  312   +8  312    8  25  0  0 L3P 07
G25 FF 61040 214200  780 595 3244    -4527948    +23        -224     +0   26  72   94   +6  202  +27  202   27  17  0  0 L3P 1C
G29 FF 61040 214200  780 635 1927    +4006187    -49        -274    +14   21  80   91   -4  214  -11  214  -11  15  0  0 L3P 32
G05 FF 61040 215800  780 580 1200    +2264626    +13        -237     +6   20 116   96   +5  232  +11  232   11  18  0  0 L3P 10
G18 FF 61040 215800  780 368 2702    +4626700    -60        -236    +38   53  63  136  -15  259  -38  259  -38  37  0  0 L3P 7E
G20 FF 61040 215800  780 266 1366    -3618796    +15        -222    +14   26  83  181  +41  326   -2  326   -2  20  0  0 L3P 38
G21 FF 61040 215800  780 284 1345    -3701166   -157        -245    -66   48  24  170  +33  330  +55  330   55  36  0  0 L3P 69
G25 FF 61040 215800  780 527 3326    -4527919    +17        -217     -5   24  72  102  +10  224  +29  224   29  20  0  0 L3P 3E
G29 FF 61040 215800  780 682 1785    +4006131    -83        -271    -20   21  80   88   -3  216  +27  216   27  14  0  0 L3P 33
G05 FF 61040 221400  780 524 1286    +2264629    +23        -237    +16   33 117  102   +9  254   +8  254    8  23  0  0 L3P 27
G18 FF 61040 221400  780 412 2620    +4626608   -102        -235     -4   37  64  123  -11  255   +4  255    4  28  0  0 L3P 20
G20 FF 61040 221400  780 202 1374    -3618775    -47        -203    -48   32  87  233  +71  340  +54  340   54  22  0  0 L3P 4D
G21 FF 61040 221400  780 225 1372    -3701239    -87        -234     +4   35  25  211  +55  347  +25  347   25  26  0  0 L3P 3A
G26 FF 61040 221400  780 176 2270    +3039172    +61        -218     -2   40  19  268  -64  373  -14  373  -14  28  0  0 L3P 50
G29 FF 61040 221400  780 720 1591    +4006060   -103        -275    -40   19  86   85   -2  221  +22  221   22  15  0  0 L3P 28
G05 FF 61040 223000  780 461 1338    +2264650    +30        -222    +23   22 117  113  +13  266  +12  266   12  15  0  0 L3P 3B
G18 FF 61040 223000  780 453 2530    +4626518    -97        -232     +1   21  65  114   -8  253   -7  253   -7  17  0  0 L3P 17
G21 FF 61040 223000  780 164 1387    -3701316    -51        -224    +40   34  25  285 +104  363   -4  363   -4  26  0  0 L3P 3C
G26 FF 61040 223000  780 215 2321    +3039241    +39        -209    -24   36  19  221  -36  355  +10  355   10  24  0  0 L3P 39
G29 FF 61040 223000  780 740 1333    +4006010    -56        -265     +6   20  86   85   +0  225  +12  225   12  15  0  0 L3P FD
G05 FF 61040 224600  780 395 1366    +2264656    +15        -223     +9   31 117  127  +18  289  +12  289   12  25  0  0 L3P 5C
G15 FF 61040 224600  780 350  583    -3724574    -30        -250     +6   40  12  142  -17  371  -17  371  -17  29  0  0 L3P 38
G18 FF 61040 224600  780 491 2433    +4626426    -91        -230     +7   22  65  107   -6  245  -11  245  -11  17  0  0 L3P 37
G23 FF 61040 224600  780 377 3270    -5934109    -50        -231     +1   56  58  133  -23  334  -46  334  -46  39  0  0 L3P 58
G26 FF 61040 224600  780 246 2383    +3039298    +29        -213    -34   52  19  195  -20  348  +11  348   11  35  0  0 L3P 5C
G29 FF 61040 224600  780 732 1052    +4005959    -61        -256     +1   28  86   85   +1  232   +5  232    5  19  0  0 L3P FC
G05 FF 61040 230200  780 329 1378    +2264656    -40        -229    -47   51 117  149  +27  309  +45  309   45  34  0  0 L3P 73
G15 FF 61040 230200  780 393  662    -3724588     +1        -231    +36   44  12  128  -11  337  -50  337  -50  33  0  0 L3P 34
G18 FF 61040 230200  780 526 2326    +4626336    -95        -226     +2   25  65  102   -5  237   -8  237   -8  19  0  0 L3P 21
G23 FF 61040 230200  780 450 3223    -5934154    -17        -226    +35   39  58  115  -15  292  -66  292  -66  30  0  0 L3P 68
G26 FF 61040 230200  780 267 2454    +3039353    +63        -217     +0   80  19  180  -10  346   -9  346   -9  62  0  0 L3P 2B
G29 FF 61040 230200  780 697  822    +4005901    -55        -254     +7   19  86   87   +3  244  +10  244   10  15  0  0 L3P 0B
G05 FF 61040 231800  780 264 1377    +2264655    -73        -238    -80   36 117  182  +42  320  +56  320   56  27  0  0 L3P 6E
G15 FF 61040 231800  780 428  753    -3724640    -70        -249    -35   38  12  120   -7  323  -16  323  -16  27  0  0 L3P 3F
G18 FF 61040 231800  780 557 2209    +4626238   -108        -230    -10   24  65   98   -3  229   -3  229   -3  17  0  0 L3P 35
G23 FF 61040 231800  780 523 3163    -5934213    -73        -237    -22   35  58  103  -10  265  -18  265  -18  26  0  0 L3P 64
G26 FF 61040 231800  780 277 2532    +3039411     +1        -219    -62   55  19  174   -3  342  +38  342   38  43  0  0 L3P 32
G29 FF 61040 231800  780 645  662    +4005836    -85        -259    -23   23  86   90   +4  258  +19  258   19  17  0  0 L3P 40
G05 FF 61040 233400  780 201 1367    +2264672    -59        -227    -65   60 117  234  +70  322  +72  322   72  43  0  0 L3P 60
G15 FF 61040 233400  780 450  854    -3724673    -13        -247    +22   36  12  115   -3  293  -31  293  -31  27  0  0 L3P 39
G16 FF 61040 233400  780 160 2265    -1787275    -63        -198    +14   52  85  292  -62  377  -16  377  -16  37  0  0 L3P 86
G18 FF 61040 233400  780 583 2081    +4626147    -80        -228    +17   22  65   95   -3  227   +4  227    4  17  0  0 L3P 14
G23 FF 61040 233400  780 594 3080    -5934270    -41        -244    +10   32  58   95   -7  249   -5  249   -5  24  0  0 L3P 26
G26 FF 61040 233400  780 276 2612    +3039472    +67        -218     +4   59  19  175   +4  351  +23  351   23  45  0  0 L3P 34
G29 FF 61040 233400  780 583  550    +4005772    -49        -263    +13   29  86   95   +7  271  +14  271   14  21  0  0 L3P 27
