CGGTTS     GENERIC DATA FORMAT VERSION = 2E
REV DATE = 2024-12-02                    
RCVR = Septentrio PolaRx2 S/N 3252   R2CGGTTS v8.8    
CH = 20 
IMS = Septentrio PolaRx2 S/N 3252   
LAB = NMI Australia                 
X = -4648241.00 m 
Y = +2560636.48 m 
Z = -3526317.74 m 
FRAME = ITRF
COMMENTS =           IGS antenna SYDN              
INT DLY =  211.7 ns (GPS P1),  213.3 ns (GPS P2)     CAL_ID = 1015-2021           
CAB DLY = 2484.6 ns 
REF DLY =  338.6 ns
REF = UTC(AUS)                      
CKSUM = 82

SAT CL  MJD  STTIME TRKL ELV AZTH   REFSV      SRSV     REFSYS    SRSYS  DSG IOE MDTR SMDT MDIO SMDI MSIO SMSI ISG FR HC FRC CK
             hhmmss  s  .1dg .1dg    .1ns     .1ps/s     .1ns    .1ps/s .1ns     .1ns.1ps/s.1ns.1ps/s.1ns.1ps/s.1ns
G10 FF 61043 001400  780 358 2992    +5794670    +34         -81     +2   49  20  139  -20  217   -5  217   -5  34  0  0 L3P 1B
G15 FF 61043 001400  780 421 1155    -3730737    -80        -111    -45   35  58  121   +8  197  +59  197   59  25  0  0 L3P 4F
G16 FF 61043 001400  780 222 2463    -1800657    -20         -87    +57   37   6  213   -5  225  -38  225  -38  27  0  0 L3P 2D
G18 FF 61043 001400  780 623 1630    +4609159   -119         -96    -21   22  92   92   +0  139  +17  139   17  15  0  0 L3P 33
G23 FF 61043 001400  780 744 2513    -5943034    -46         -94     +5   25  85   84   -1  133   -4  133   -4  19  0  0 L3P F5
G29 FF 61043 001400  780 378  361    +3994852    -19        -109    +45   53  70  132  +22  248  +29  248   29  39  0  0 L3P 5D
G10 FF 61043 003000  780 416 2918    +5794701    +50         -80    +19   35  20  123  -14  192  -41  192  -41  29  0  0 L3P 41
G15 FF 61043 003000  780 383 1229    -3730763    -29        -102     +6   36  58  131  +13  207   +9  207    9  26  0  0 L3P 18
G16 FF 61043 003000  780 222 2539    -1800732   -147         -87    -70   33   6  213   +5  230  +58  230   58  26  0  0 L3P 26
G18 FF 61043 003000  780 619 1470    +4609061    -83        -100    +14   28  92   92   +1  146   -9  146   -9  19  0  0 L3P 1A
G23 FF 61043 003000  780 743 2205    -5943082    -32         -93    +19   13  85   84   +1  133   -8  133   -8  11  0  0 L3P FD
G27 FF 61043 003000  780 185 2222     +112749   +129         -18    +59   48  43  256  -81  211  -87  211  -87  38  0  0 L3P 5B
G29 FF 61043 003000  780 307  324    +3994801   -191         -99   -127   59  70  158  +33  299 +161  299  161  40  0  0 L3P 96
G10 FF 61043 004600  780 469 2830    +5794714    +15         -98    -17   25  20  111  -10  176  -15  176  -15  18  0  0 L3P 53
G15 FF 61043 004600  780 337 1287    -3730807    -65        -113    -30   39  58  146  +19  219  +41  219   41  27  0  0 L3P 60
G16 FF 61043 004600  780 212 2615    -1800812    -24         -93    +53   34   6  223  +16  237  -41  237  -41  25  0  0 L3P 2C
G18 FF 61043 004600  780 606 1316    +4608973    -87         -94    +10   25  92   93   +2  146   -1  146   -1  18  0  0 L3P 11
G23 FF 61043 004600  780 712 1953    -5943133    -44         -95     +8   18  85   86   +2  134   -8  134   -8  15  0  0 L3P 07
G27 FF 61043 004600  780 243 2239     +112772    +93         -63    +24   27  43  197  -46  210  -51  210  -51  21  0  0 L3P 2F
G10 FF 61043 010200  780 518 2727    +5794737    +17        -105    -15   24  20  104   -7  157   -7  157   -7  18  0  0 L3P 2D
G15 FF 61043 010200  780 285 1328    -3730852    -91        -124    -56   57  58  169  +30  238  +58  238   58  40  0  0 L3P 6B
G16 FF 61043 010200  780 192 2689    -1800898    -98        -106    -21   29   6  245  +30  262  +50  262   50  21  0  0 L3P 45
G18 FF 61043 010200  780 583 1172    +4608886    -86         -87    +12   25  92   95   +3  149   -1  149   -1  19  0  0 L3P 1E
G23 FF 61043 010200  780 665 1778    -5943176    -63         -89    -12   17  85   89   +3  134   +5  134    5  12  0  0 L3P 0F
G27 FF 61043 010200  780 300 2268     +112829    +74         -72     +4   41  43  162  -28  193  -17  193  -17  29  0  0 L3P 28
G10 FF 61043 011800  780 559 2606    +5794773    +38        -101     +7   19  20   98   -5  152   -6  152   -6  15  0  0 L3P 12
G15 FF 61043 011800  780 230 1356    -3730861   -125         -99    -89   40  58  206  +49  260 +107  260  107  29  0  0 L3P 85
G18 FF 61043 011800  780 552 1043    +4608792    -63         -87    +35   24  92   99   +4  165   -7  165   -7  17  0  0 L3P 24
G23 FF 61043 011800  780 613 1652    -5943216    -40         -79    +11   22  85   93   +5  141   +8  141    8  15  0  0 L3P F6
G27 FF 61043 011800  780 354 2312     +112895   +112         -72    +43   36  43  140  -18  184  -46  184  -46  25  0  0 L3P 4C
G10 FF 61043 013400  780 592 2466    +5794810    +53         -94    +21   20  20   95   -3  151   -7  151   -7  14  0  0 L3P FF
G15 FF 61043 013400  780 173 1373    -3730899    -84        -104    -49   38  58  270  +88  309 +101  309  101  24  0  0 L3P 88
G18 FF 61043 013400  780 514  929    +4608703   -108         -83    -10   24  92  104   +6  175  +28  175   28  18  0  0 L3P 3A
G23 FF 61043 013400  780 559 1552    -5943261    -57         -75     -6   15  85   98   +6  149  +22  149   22  10  0  0 L3P 21
G27 FF 61043 013400  780 402 2374     +112969    +51         -64    -19   22  43  126  -12  172  +13  172   13  17  0  0 L3P 1F
G32 FF 61043 013400  780 350 3467    +1802181   -203         -84    -36   62 104  142  -28  261  -15  261  -15  51  0  0 L3P 62
G08 FF 61043 015000  780 186 2247    -5084489    +74         -71    +34   38   3  254  -66  259  -56  259  -56  28  0  0 L3P 67
G10 FF 61043 015000  780 613 2309    +5794839    +21         -95    -11   16  20   93   -1  149   +1  149    1  11  0  0 L3P EC
G18 FF 61043 015000  780 470  830    +4608599    -78         -93    +19   35  92  111   +9  195   -2  195   -2  26  0  0 L3P 20
G23 FF 61043 015000  780 507 1468    -5943313    -48         -78     +3   23  85  105   +8  159   -1  159   -1  16  0  0 L3P 11
G27 FF 61043 015000  780 441 2455     +113021    +77         -80     +8   24  43  117   -7  176  -15  176  -15  18  0  0 L3P 10
G08 FF 61043 020600  780 232 2292    -5084461    +33         -78     -7   36  16  206  -37  242  -26  242  -26  30  0  0 L3P 3B
G10 FF 61043 020600  780 623 2142    +5794862    +44        -107    +13   19  21   92   +0  145  -12  145  -12  12  0  0 L3P 21
G18 FF 61043 020600  780 421  744    +4608504    -79         -95    +19   41  93  121  +12  217  +23  217   23  30  0  0 L3P 28
G23 FF 61043 020600  780 456 1392    -5943371    -47         -93     +4   24  86  114  +10  173  +10  173   10  16  0  0 L3P 27
G27 FF 61043 020600  780 466 2554     +113088    +71         -78     +2   29  53  112   -3  166   -7  166   -7  22  0  0 L3P F9
G08 FF 61043 022200  780 271 2350    -5084431    +35         -86     -4   42  16  178  -22  222  -30  222  -30  30  0  0 L3P 23
G10 FF 61043 022200  780 621 1974    +5794883    +34        -117     +2   18  21   92   +1  146   -8  146   -8  12  0  0 L3P 06
G18 FF 61043 022200  780 369  669    +4608410   -102         -95     -4   28  93  135  +17  241  +33  241   33  26  0  0 L3P 32
G23 FF 61043 022200  780 407 1321    -5943428    -99        -100    -48   37  86  124  +12  186  +42  186   42  27  0  0 L3P 5D
G27 FF 61043 022200  780 474 2666     +113132    +39        -100    -31   26  53  110   +0  171  +18  171   18  20  0  0 L3P 0B
G32 FF 61043 022200  780 591 3417    +1801678   -221        -107    -54   24 105   95   -9  174  +10  174   10  18  0  0 L3P 4D
G08 FF 61043 023800  780 302 2420    -5084406    +79         -99    +39   47  16  161  -13  202  -42  202  -42  37  0  0 L3P 4D
G10 FF 61043 023800  780 608 1814    +5794905    +39        -125     +7   17  21   93   +2  146   -5  146   -5  13  0  0 L3P 0B
G18 FF 61043 023800  780 315  604    +4608293   -137        -118    -39   33  93  155  +25  282  +51  282   51  23  0  0 L3P 5E
G23 FF 61043 023800  780 360 1253    -5943490    -42        -113     +9   25  86  138  +16  198   -2  198   -2  17  0  0 L3P 3A
G27 FF 61043 023800  780 464 2780     +113191    +71        -108     +2   28  53  112   +4  176   +4  176    4  22  0  0 L3P ED
G32 FF 61043 023800  780 674 3386    +1801501   -147        -123    +20   16 105   88   -6  158  -34  158  -34  10  0  0 L3P 5F
G02 FF 61043 025400  780 145 2245      -82959    -59         -96    +24   47  11  323 -137  269  -67  269  -67  33  0  0 L3P 62
G08 FF 61043 025400  780 321 2500    -5084375    +17        -106    -23   39  16  153   -6  199   +7  199    7  31  0  0 L3P 27
G10 FF 61043 025400  780 588 1668    +5794936    +45        -125    +13   18  21   95   +2  149   -6  149   -6  14  0  0 L3P 31
G23 FF 61043 025400  780 315 1187    -5943545    -45        -120     +7   35  86  155  +20  218  +18  218   18  27  0  0 L3P 4B
G27 FF 61043 025400  780 437 2886     +113247    +44        -118    -25   34  53  117   +7  197  +31  197   31  25  0  0 L3P 3A
G32 FF 61043 025400  780 758 3336    +1801352   -177        -112    -10   17 105   84   -3  138   -5  138   -5  12  0  0 L3P 35
G02 FF 61043 031000  780 208 2234      -83051   -115        -109    -32   41  11  229  -70  237   +2  237    2  26  0  0 L3P FC
G08 FF 61043 031000  780 327 2586    -5084355   +104        -125    +64   32  16  150   +0  206  -27  206  -27  22  0  0 L3P 4E
G10 FF 61043 031000  780 561 1536    +5794966    +34        -125     +2   24  21   98   +3  150  +16  150   16  18  0  0 L3P 12
G27 FF 61043 031000  780 398 2979     +113316    +83        -116    +14   28  53  127  +12  216  +35  216   35  21  0  0 L3P 3A
G32 FF 61043 031000  780 840 3196    +1801190   -136        -114    +31   14 105   82   -1  131  -17  131  -17  11  0  0 L3P 38
G02 FF 61043 032600  780 274 2232      -83161    -99        -139    -16   24  11  177  -41  232   -8  232   -8  16  0  0 L3P 17
G08 FF 61043 032600  780 320 2674    -5084314    +34        -122     -6   41  16  153   +6  218  +25  218   25  30  0  0 L3P 1F
G10 FF 61043 032600  780 531 1417    +5794999    +29        -123     -2   25  21  101   +4  159  +20  159   20  19  0  0 L3P 2A
G27 FF 61043 032600  780 349 3058     +113390    +66        -109     -4   29  53  142  +19  243  +30  243   30  22  0  0 L3P 24
G32 FF 61043 032600  780 866 1939    +1801028   -155        -115    +12   17 105   81   +1  132   -5  132   -5  12  0  0 L3P 28
G02 FF 61043 034200  780 341 2241      -83221    -54        -119    +29   21  11  145  -26  199  -30  199  -30  15  0  0 L3P 2C
G08 FF 61043 034200  780 301 2760    -5084247    +35         -93     -5   49  16  161  +12  228  +40  228   40  40  0  0 L3P 25
G10 FF 61043 034200  780 498 1308    +5795042    +59        -110    +27   26  21  106   +6  164   +3  164    3  19  0  0 L3P 15
G28 FF 61043 034200  780 320  237    +6162108    -79        -131    -33   32 156  154  -30  292  -28  292  -28  24  0  0 L3P 61
G32 FF 61043 034200  780 789 1649    +1800869   -161        -114     +6   11 105   83   +2  137   +2  137    2   9  0  0 L3P 0B
G02 FF 61043 035800  780 410 2265      -83298    -95        -117    -12   31  11  124  -18  186  -13  186  -13  22  0  0 L3P 38
G08 FF 61043 035800  780 272 2840    -5084213    +35         -97     -5   37  16  177  +20  264  +30  264   30  30  0  0 L3P 2F
G10 FF 61043 035800  780 463 1209    +5795069    +22        -114    -10   28  21  112   +7  184  +20  184   20  21  0  0 L3P 2C
G28 FF 61043 035800  780 388  280    +6162065    -81        -129    -34   35 156  130  -20  246  -20  246  -20  28  0  0 L3P 65
G32 FF 61043 035800  780 711 1574    +1800711   -169        -111     -2   17 105   86   +4  139   -4  139   -4  13  0  0 L3P 22
G01 FF 61043 041400  780 186 2227    -3472922    -60        -117    -91   35  38  255  -85  274  +27  274   27  21  0  0 L3P 62
G02 FF 61043 041400  780 476 2309      -83387   -103        -127    -20   20  17  110  -12  171   -1  171   -1  15  0  0 L3P 0A
G10 FF 61043 041400  780 426 1116    +5795104    +27        -108     -5   22  22  120   +9  197  +20  197   20  16  0  0 L3P 1B
G28 FF 61043 041400  780 457  335    +6162008    -46        -137     +1   35 157  114  -14  222  -38  222  -38  25  0  0 L3P 4A
G32 FF 61043 041400  780 636 1523    +1800562   -171        -102     -4   20 107   91   +6  144  +16  144   16  15  0  0 L3P 25
G01 FF 61043 043000  780 248 2233    -3472884    +18        -109    -13   26  38  194  -48  237  -28  237  -28  20  0  0 L3P 6E
G02 FF 61043 043000  780 537 2384      -83464    -83        -125     +0   18  17  101   -8  161  -10  161  -10  13  0  0 L3P FE
G10 FF 61043 043000  780 387 1030    +5795135     +8        -108    -24   37  22  130  +12  213  +31  213   31  26  0  0 L3P 1E
G28 FF 61043 043000  780 522  408    +6161964    -70        -136    -23   24 157  103   -9  199  -14  199  -14  18  0  0 L3P 5E
G31 FF 61043 043000  780 316   76    +1746631    +27        -115    +48   42  64  155  -33  292 -113  292 -113  33  0  0 L3P 59
G32 FF 61043 043000  780 564 1478    +1800401   -176        -103     -9   11 107   97   +8  150   +7  150    7  10  0  0 L3P 0C
G01 FF 61043 044600  780 311 2249    -3472863     -1        -117    -31   21  38  157  -30  212   -2  212   -2  17  0  0 L3P 12
G02 FF 61043 044600  780 586 2497      -83553    -70        -134    +13   16  17   95   -4  161   -9  161   -9  12  0  0 L3P 02
G10 FF 61043 044600  780 346  950    +5795160    +99        -113    +67   36  22  143  +15  229  -29  229  -29  25  0  0 L3P 63
G28 FF 61043 044600  780 580  510    +6161917    -34        -139    +12   18 157   96   -6  179  -29  179  -29  14  0  0 L3P 5F
G31 FF 61043 044600  780 390   98    +1746599    -32        -128    -12   28  64  129  -22  250  -49  250  -49  21  0  0 L3P 52
G32 FF 61043 044600  780 496 1435    +1800222   -139        -121    +28   25 107  107  +11  165  -14  165  -14  17  0  0 L3P 74
G01 FF 61043 050200  780 373 2281    -3472827    +43        -110    +13   28  38  134  -19  192  -17  192  -17  20  0  0 L3P 57
G02 FF 61043 050200  780 614 2653      -83615    -70        -116    +13   19  17   93   -1  157   +0  157    0  15  0  0 L3P D6
G10 FF 61043 050200  780 304  876    +5795201   +105        -102    +73   43  22  160  +21  251  -14  251  -14  30  0  0 L3P 38
G28 FF 61043 050200  780 622  651    +6161884    -38        -127     +9   11 157   92   -3  166   -4  166   -4  10  0  0 L3P 0D
G31 FF 61043 050200  780 465  125    +1746589     +0        -118    +21   24  64  112  -15  214  -31  214  -31  17  0  0 L3P 23
G32 FF 61043 050200  780 431 1390    +1800067   -139        -115    +28   27 107  119  +14  178  +11  178   11  20  0  0 L3P 61
G01 FF 61043 051800  780 431 2331    -3472791    +20        -104    -11   24  38  119  -13  180   -4  180   -4  17  0  0 L3P 24
G02 FF 61043 051800  780 615 2829      -83686    -98        -107    -15   17  17   93   +1  161  +20  161   20  12  0  0 L3P 0C
G03 FF 61043 051800  780 181 2342    -6084037   +108        -102    +13   49  20  260  -72  290  -39  290  -39  41  0  0 L3P 6B
G28 FF 61043 051800  780 641  827    +6161838    -31        -128    +16   23 157   90   +0  168   -9  168   -9  16  0  0 L3P 31
G31 FF 61043 051800  780 542  162    +1746574    -32        -113    -12   25  64  100  -10  192   -7  192   -7  19  0  0 L3P 20
G32 FF 61043 051800  780 370 1345    +1799907   -188        -115    -21   32 107  135  +19  206  +57  206   57  24  0  0 L3P 84
G01 FF 61043 053400  780 482 2404    -3472767    +15        -109    -16   26  38  109   -8  174   -5  174   -5  20  0  0 L3P 31
G02 FF 61043 053400  780 586 2990      -83769   -110        -110    -27   18  17   95   +4  169  +17  169   17  13  0  0 L3P 33
G03 FF 61043 053400  780 233 2299    -6083937   +138         -94    +42   32  20  205  -46  253  -67  253  -67  26  0  0 L3P 74
G28 FF 61043 053400  780 631 1007    +6161792    -50        -129     -4   20 157   91   +2  169   +1  169    1  16  0  0 L3P 08
G31 FF 61043 053400  780 616  220    +1746551    -32        -117    -11   31  64   92   -7  176  -10  176  -10  21  0  0 L3P 17
G32 FF 61043 053400  780 313 1298    +1799746   -158        -116     +9   30 107  156  +26  241  +32  241   32  22  0  0 L3P 66
G01 FF 61043 060200  780 540 2596    -3472720    +47        -111    +16   23  39  100   -2  165   -4  165   -4  19  0  0 L3P 1A
G02 FF 61043 060200  780 492 3186      -83912    -73        -116    +10   27  43  107  +11  194  +36  194   36  20  0  0 L3P 26
G03 FF 61043 060200  780 332 2231    -6083776   +117         -95    +21   37  32  148  -24  210  -30  210  -30  27  0  0 L3P 47
G04 FF 61043 060200  780 231 2753     -357640    -16        -109     +9   40  81  207  -40  266  -44  266  -44  30  0  0 L3P 37
G28 FF 61043 060200  780 556 1229    +6161717    -42        -122     +4   25 158   98   +7  181  +22  181   22  17  0  0 L3P 32
G31 FF 61043 060200  780 729  452    +1746525    -22        -111     -1   19  65   85   -2  157   +0  157    0  14  0  0 L3P DB
G01 FF 61043 061800  780 545 2731    -3472685     +6        -106    -24   21  39  100   +1  166  +18  166   18  17  0  0 L3P 2D
G02 FF 61043 061800  780 426 3258      -83977    -79        -101     +4   31  43  120  +16  214  +20  214   20  24  0  0 L3P 0B
G03 FF 61043 061800  780 394 2198    -6083677    +81         -88    -15   22  32  128  -18  192  -18  192  -18  19  0  0 L3P 73
G04 FF 61043 061800  780 276 2687     -357682    -71        -127    -46   45  81  175  -27  251  +10  251   10  35  0  0 L3P 51
G28 FF 61043 061800  780 496 1298    +6161681    -77        -113    -31   24 158  107  +10  192  +39  192   39  17  0  0 L3P 80
G31 FF 61043 061800  780 760  732    +1746509    -26        -108     -6   25  65   84   +0  155   +0  155    0  16  0  0 L3P E5
G01 FF 61043 063400  780 529 2864    -3472669    +43        -120    +12   20  39  102   +4  182   +6  182    6  15  0  0 L3P 16
G03 FF 61043 063400  780 459 2169    -6083592    +78         -95    -17   15  32  113  -13  183  +10  183   10  10  0  0 L3P 42
G04 FF 61043 063400  780 319 2617     -357705    -32        -127     -7   23  81  153  -19  231   -6  231   -6  17  0  0 L3P 1A
G28 FF 61043 063400  780 431 1339    +6161635    -52        -114     -6   24 158  119  +15  210  +30  210   30  19  0  0 L3P 40
G31 FF 61043 063400  780 744 1038    +1746480    -20        -117     +0   14  65   84   +2  162  +10  162   10  10  0  0 L3P FD
G01 FF 61043 065000  780 494 2980    -3472640    +19        -120    -12   26  39  107   +7  195  +24  195   24  20  0  0 L3P 40
G03 FF 61043 065000  780 528 2147    -6083503   +101         -97     +6   14  32  102  -10  177  -11  177  -11  10  0  0 L3P 33
G04 FF 61043 065000  780 362 2543     -357720     -5        -118    +20   19  81  137  -14  214  -19  214  -19  14  0  0 L3P 33
G26 FF 61043 065000  780 347  633    +3051913    +84        -115    +22   41  52  143  -15  264  -30  264  -30  33  0  0 L3P 3C
G28 FF 61043 065000  780 364 1359    +6161579    -89        -125    -42   26 158  136  +22  245  +62  245   62  20  0  0 L3P 79
G31 FF 61043 065000  780 694 1226    +1746468     -9        -110    +12   18  65   87   +4  163   +1  163    1  13  0  0 L3P F5
G01 FF 61043 070600  780 446 3075    -3472612    +17        -121    -13   27  39  116  +11  213  +26  213   26  22  0  0 L3P 3A
G03 FF 61043 070600  780 601 2133    -6083399   +102         -85     +6   14  32   94   -7  163  -12  163  -12   9  0  0 L3P 13
G04 FF 61043 070600  780 404 2465     -357738    -63        -112    -38   24  81  125  -11  201  +14  201   14  19  0  0 L3P 31
G26 FF 61043 070600  780 384  714    +3051974    +61        -113     +0   46  52  131  -10  248  -28  248  -28  34  0  0 L3P 3B
G28 FF 61043 070600  780 298 1365    +6161550    -34        -109    +12   29 158  163  +33  270  +14  270   14  22  0  0 L3P 63
G31 FF 61043 070600  780 630 1319    +1746450    -28        -107     -8   21  65   91   +6  174  +11  174   11  17  0  0 L3P 16
G01 FF 61043 072200  780 390 3150    -3472569    +77        -108    +46   47  39  129  +17  224   +1  224    1  37  0  0 L3P 32
G03 FF 61043 072200  780 676 2137    -6083300    +79         -77    -16   19  32   88   -5  154   +8  154    8  14  0  0 L3P 0D
G04 FF 61043 072200  780 445 2381     -357753    -11        -102    +14   22  81  116   -9  188  -12  188  -12  15  0  0 L3P 36
G26 FF 61043 072200  780 412  804    +3052021    +71        -125     +9   42  52  123   -6  246   -8  246   -8  31  0  0 L3P F5
G28 FF 61043 072200  780 234 1361    +6161531    -19         -84    +27   37 158  203  +53  300  +47  300   47  29  0  0 L3P 50
G31 FF 61043 072200  780 561 1361    +1746433    -15        -105     +6   22  65   98   +8  185  +14  185   14  16  0  0 L3P 1E
G01 FF 61043 073800  780 330 3212    -3472553    +36        -121     +5   41  39  149  +25  259  +29  259   29  30  0  0 L3P 44
G03 FF 61043 073800  780 753 2180    -6083216   +121         -86    +26   11  32   84   -3  154  -24  154  -24   9  0  0 L3P 28
G04 FF 61043 073800  780 486 2292     -357786     -5        -111    +20   21  81  108   -7  180  -25  180  -25  15  0  0 L3P 2F
G09 FF 61043 073800  780 193 2510    -7696355    +63         -77    +72   49  18  244  -55  270  -86  270  -86  35  0  0 L3P 7F
G26 FF 61043 073800  780 427  902    +3052093    +56        -112     -6   31  52  120   -2  226   -4  226   -4  22  0  0 L3P F3
G28 FF 61043 073800  780 172 1348    +6161470    -71        -100    -25   33 158  271  +94  363  +78  363   78  23  0  0 L3P 7C
G31 FF 61043 073800  780 492 1375    +1746418    -58        -101    -38   26  65  107  +11  191  +42  191   42  19  0  0 L3P 5E
G01 FF 61043 075400  780 269 3263    -3472505    +75        -102    +44   44  39  179  +38  282   -2  282   -2  31  0  0 L3P 45
G03 FF 61043 075400  780 825 2377    -6083115    +85         -76    -11   11  32   82   -1  145   +8  145    8   9  0  0 L3P F1
G04 FF 61043 075400  780 525 2195     -357813     -2        -114    +23   16  81  102   -6  174  -29  174  -29  13  0  0 L3P 2C
G09 FF 61043 075400  780 239 2454    -7696364    -62         -77    -53   56  18  200  -37  242   +9  242    9  41  0  0 L3P 3F
G16 FF 61043 075400  780 391  533    -1802794    -71         -99     +6   20   9  129  -15  237  -34  237  -34  16  0  0 L3P 30
G26 FF 61043 075400  780 427 1001    +3052156    +39        -107    -22   24  52  120   +2  218   +6  218    6  17  0  0 L3P 06
G31 FF 61043 075400  780 425 1374    +1746391    -31        -108    -10   21  65  120  +16  214  +30  214   30  15  0  0 L3P 34
G03 FF 61043 081000  780 842 3141    -6083022   +106         -92    +10   17  77   82   +1  146   +4  146    4  12  0  0 L3P F2
G04 FF 61043 081000  780 563 2088     -357818    -14         -93    +11   14  82   98   -4  162   -2  162   -2   9  0  0 L3P EB
G09 FF 61043 081000  780 285 2397    -7696392    +48         -96    +57   44  19  170  -27  238  -56  238  -56  33  0  0 L3P 86
G16 FF 61043 081000  780 440  614    -1802871    -25        -104    +53   38  34  117  -10  214  -57  214  -57  27  0  0 L3P 45
G26 FF 61043 081000  780 412 1095    +3052216    +66        -107     +4   37  53  123   +6  218   +2  218    2  24  0  0 L3P F3
G31 FF 61043 081000  780 360 1361    +1746386    +49         -97    +69   33  67  138  +22  227   -9  227   -9  26  0  0 L3P 45
G03 FF 61043 082600  780 774 3483    -6082920   +108         -83    +11   20  77   83   +3  145   +0  145    0  14  0  0 L3P 04
G04 FF 61043 082600  780 598 1966     -357844    -11         -95    +14   17  82   94   -3  161  -13  161  -13  13  0  0 L3P 2A
G06 FF 61043 082600  780 137 2344    +5981838    -10         -88    -56   45 110  337  -25  284  +44  284   44  34  0  0 L3P 6F
G09 FF 61043 082600  780 334 2341    -7696378     +7         -74    +16   32  19  147  -20  209  -40  209  -40  26  0  0 L3P 4D
G16 FF 61043 082600  780 479  710    -1802941   -110        -100    -33   27  34  110   -6  195  +10  195   10  19  0  0 L3P 32
G26 FF 61043 082600  780 384 1177    +3052283   +103         -99    +42   51  53  131  +10  222  -15  222  -15  38  0  0 L3P 53
G31 FF 61043 082600  780 297 1341    +1746364    +36         -98    +56   49  67  163  +31  258   -3  258   -3  33  0  0 L3P 47
G03 FF 61043 084200  780 692 3562    -6082826    +91         -82     -5   22  77   87   +5  151   +2  151    2  17  0  0 L3P F2
G04 FF 61043 084200  780 629 1827     -357880    -66        -107    -41   18  82   91   -2  161  +13  161   13  14  0  0 L3P 24
G06 FF 61043 084200  780 142 2414    +5981878    +28         -92    -18   48 110  325   +0  283   +0  283    0  35  0  0 L3P 21
G09 FF 61043 084200  780 386 2284    -7696389    -27         -76    -18   38  19  130  -16  191  -16  191  -16  28  0  0 L3P 7F
G16 FF 61043 084200  780 504  821    -1803016    -75        -101     +2   38  34  105   -3  180  -20  180  -20  27  0  0 L3P 0E
G26 FF 61043 084200  780 344 1244    +3052342    +44         -99    -17   50  53  143  +17  235  +16  235   16  36  0  0 L3P 3E
G31 FF 61043 084200  780 238 1315    +1746348   -102         -95    -82   56  67  200  +47  293  +70  293   70  42  0  0 L3P 61
G03 FF 61043 085800  780 607 3589    -6082740   +114         -89    +17   19  77   93   +8  160   +7  160    7  15  0  0 L3P 2B
G04 FF 61043 085800  780 653 1665     -357919     -3        -122    +22   14  82   89   -1  156  -19  156  -19  11  0  0 L3P 2E
G06 FF 61043 085800  780 137 2485    +5981930    +71         -83    +25   53 110  336  +23  274  -11  274  -11  40  0  0 L3P 65
G07 FF 61043 085800  780 244 2895    +1300604    +43        -122     -9   52  81  197  -41  258  -40  258  -40  38  0  0 L3P 5E
G09 FF 61043 085800  780 440 2227    -7696424     -3        -102     +6   21  19  117  -12  183  -23  183  -23  15  0  0 L3P 3E
G16 FF 61043 085800  780 512  941    -1803104    -54        -114    +24   27  34  104   +0  174  -20  174  -20  20  0  0 L3P 21
G26 FF 61043 085800  780 296 1296    +3052408    +41         -92    -20   48  53  164  +26  245  +35  245   35  36  0  0 L3P 53
G31 FF 61043 085800  780 181 1284    +1746338     +3         -85    +23   47  67  258  +77  320  +26  320   26  36  0  0 L3P 42
G03 FF 61043 091400  780 523    1    -6082647   +114         -89    +18   27  77  103  +12  173   +8  173    8  21  0  0 L3P F9
G04 FF 61043 091400  780 665 1482     -357941    -13        -121    +12   18  82   89   +0  148  -14  148  -14  13  0  0 L3P 2C
G07 FF 61043 091400  780 295 2832    +1300667    +63        -110    +11   47  81  165  -27  217  -40  217  -40  35  0  0 L3P 59
G09 FF 61043 091400  780 496 2168    -7696433    -14        -103     -4   19  19  107  -10  168  -16  168  -16  14  0  0 L3P 66
G16 FF 61043 091400  780 501 1057    -1803170    -91        -106    -14   28  34  106   +3  166  +10  166   10  22  0  0 L3P 26
G26 FF 61043 091400  780 244 1334    +3052459    +76        -100    +14   56  53  196  +42  275   +5  275    5  44  0  0 L3P 34
G03 FF 61043 093000  780 440    8    -6082543    +62         -77    -35   37  77  117  +18  185  +50  185   50  27  0  0 L3P 19
G04 FF 61043 093000  780 663 1289     -357958    -19        -113     +6   15  82   89   +1  146   -2  146   -2  11  0  0 L3P 01
G07 FF 61043 093000  780 346 2763    +1300714    +25        -112    -27   36  81  143  -19  196   +4  196    4  29  0  0 L3P 34
G09 FF 61043 093000  780 556 2105    -7696439     -7        -100     +2   11  19   99   -7  154  -11  154  -11   8  0  0 L3P 10
G16 FF 61043 093000  780 472 1158    -1803241    -31        -103    +47   26  34  111   +7  167  -26  167  -26  20  0  0 L3P 42
G26 FF 61043 093000  780 188 1359    +3052528    +33         -89    -29   30  53  250  +74  311  +74  311   74  21  0  0 L3P 47
G03 FF 61043 094600  780 360   13    -6082433   +175         -60    +78   63  77  138  +27  199  -43  199  -43  49  0  0 L3P 60
G04 FF 61043 094600  780 646 1105     -357972    -38        -103    -13   15  82   90   +2  143  +13  143   13  11  0  0 L3P 10
G07 FF 61043 094600  780 395 2685    +1300779    +77         -98    +24   29  81  128  -13  168  -36  168  -36  20  0  0 L3P 79
G09 FF 61043 094600  780 618 2034    -7696439    -15         -91     -6   18  19   92   -6  142   -6  142   -6  12  0  0 L3P 11
G16 FF 61043 094600  780 431 1237    -1803308   -101         -96    -24   33  34  119  +11  170  +23  170   23  22  0  0 L3P 3E
G04 FF 61043 100200  780 614  944     -358009     -2        -119    +23   22  83   92   +3  153  -13  153  -13  15  0  0 L3P F1
G07 FF 61043 100200  780 441 2600    +1300817    +74        -116    +22   21  91  117  -10  161  -14  161  -14  16  0  0 L3P 32
G09 FF 61043 100200  780 681 1946    -7696438    -10         -79     -2   14  20   88   -4  131   -7  131   -7  10  0  0 L3P FB
G16 FF 61043 100200  780 380 1296    -1803380    -73        -101     +4   28  38  132  +16  175  +16  175   16  20  0  0 L3P 31
G03 FF 61043 101800  780 209   27    -6082248   +117         -93    +20   42   0  226  +76  297  +75  297   75  29  0  0 L3P 2F
G04 FF 61043 101800  780 571  812     -358023    -28        -110     -2   25  83   97   +5  150   +9  150    9  18  0  0 L3P D0
G07 FF 61043 101800  780 485 2504    +1300882    +49        -100     -3   26  91  109   -7  149  -12  149  -12  20  0  0 L3P 31
G09 FF 61043 101800  780 745 1813    -7696451    -20         -84    -12   17  20   84   -3  126   -5  126   -5  13  0  0 L3P 0A
G16 FF 61043 101800  780 324 1336    -1803448   -134         -95    -57   30  38  151  +25  187  +63  187   63  20  0  0 L3P 5E
G30 FF 61043 101800  780 233 2692     -757527    -61         -63    +61   54  12  204  -39  200  -72  200  -72  42  0  0 L3P 32
G04 FF 61043 103400  780 520  705     -358051    -23        -113     +2   23  83  103   +8  163  +10  163   10  19  0  0 L3P E4
G07 FF 61043 103400  780 525 2398    +1300928    +42        -104    -11   19  91  102   -5  145   +9  145    9  14  0  0 L3P 13
G08 FF 61043 103400  780 287  634    -5083272    +35        -101     -5   55  41  169  -24  234  -18  234  -18  42  0  0 L3P 3F
G09 FF 61043 103400  780 800 1556    -7696471    -11         -96     -3   14  20   83   -1  126   -2  126   -2  12  0  0 L3P EC
G16 FF 61043 103400  780 265 1362    -1803527    -59        -100    +18   28  38  181  +39  212  +18  212   18  20  0  0 L3P 4A
G20 FF 61043 103400  780 147 2265    -3618359    +77         -63    +76   34   4  316  -71  254  -76  254  -76  26  0  0 L3P 57
G21 FF 61043 103400  780 150 2225    -3720535    -94         -52     -5   44  57  311  -94  261  -23  261  -23  33  0  0 L3P 30
G27 FF 61043 103400  780 246  982     +115202    +14         -80    -56   39   1  194  -10  220  +22  220   22  27  0  0 L3P EF
G30 FF 61043 103400  780 279 2629     -757664    -28         -83    +94   39  12  173  -27  192  -98  192  -98  30  0  0 L3P 6D
G04 FF 61043 105000  780 464  618     -358068    +15        -107    +40   27  83  112  +11  173   -8  173   -8  21  0  0 L3P 0E
G07 FF 61043 105000  780 561 2278    +1300977    +28        -106    -25   23  91   98   -4  141  +13  141   13  16  0  0 L3P 25
G08 FF 61043 105000  780 327  707    -5083230    +11         -97    -29   57  41  150  -16  212   +4  212    4  39  0  0 L3P FF
G09 FF 61043 105000  780 817 1048    -7696473    +17         -90    +25   26  20   82   +0  120  -13  120  -13  18  0  0 L3P 1D
G16 FF 61043 105000  780 205 1375    -1803572    +32         -70   +109   25  38  230  +66  221  -52  221  -52  18  0  0 L3P 4C
G20 FF 61043 105000  780 176 2326    -3618375    -55         -80    -56   25   4  266  -36  245  +18  245   18  20  0  0 L3P 38
G21 FF 61043 105000  780 192 2275    -3720642    -28         -74    +61   31  57  245  -49  248  -79  248  -79  26  0  0 L3P 6D
G30 FF 61043 105000  780 325 2563     -757790   -123         -92     -1   42  12  151  -20  183  -18  183  -18  33  0  0 L3P 34
G04 FF 61043 110600  780 404  546     -358101    -42        -116    -17   37  83  125  +16  199  +38  199   38  28  0  0 L3P 3E
G07 FF 61043 110600  780 591 2144    +1301025    +82        -108    +30   16  91   95   -3  135  -33  135  -33  12  0  0 L3P 22
G08 FF 61043 110600  780 360  787    -5083182    +35         -87     -5   40  41  138  -10  195   -6  195   -6  30  0  0 L3P 11
G09 FF 61043 110600  780 776  643    -7696485    -14         -95     -7   20  20   83   +2  124  +10  124   10  14  0  0 L3P F8
G20 FF 61043 110600  780 195 2393    -3618359    +26         -65    +25   31   4  241  -17  213  -51  213  -51  22  0  0 L3P 30
G21 FF 61043 110600  780 227 2334    -3720727    -52         -74    +37   31  57  210  -27  225  -49  225  -49  24  0  0 L3P 50
G30 FF 61043 110600  780 371 2493     -757900   -162         -86    -40   42  12  135  -15  166  +11  166   11  31  0  0 L3P 34
G07 FF 61043 112200  780 614 1994    +1301067    +40        -116    -12   18  91   93   -2  131   +2  131    2  13  0  0 L3P EA
G08 FF 61043 112200  780 382  876    -5083148     +8         -91    -32   30  41  131   -5  185  +10  185   10  24  0  0 L3P 03
G09 FF 61043 112200  780 709  462    -7696498    -35        -101    -27   31  20   86   +4  130  +20  130   20  22  0  0 L3P 10
G20 FF 61043 112200  780 204 2466    -3618349     -1         -56     -3   27   4  232   -3  197  -13  197  -13  21  0  0 L3P FF
G21 FF 61043 112200  780 252 2404    -3720812    -95         -74     -6   27  57  190  -14  202   -8  202   -8  21  0  0 L3P 0B
G30 FF 61043 112200  780 417 2420     -758027   -154         -96    -33   40  12  122  -11  153   +6  153    6  32  0  0 L3P 05
G07 FF 61043 113800  780 629 1831    +1301113    +67        -120    +15   20  91   91   -1  130  -12  130  -12  14  0  0 L3P 10
G08 FF 61043 113800  780 391  969    -5083112    +24         -94    -16   43  41  129   -1  176   +6  176    6  29  0  0 L3P 0D
G09 FF 61043 113800  780 634  367    -7696522    -26        -117    -18   24  20   91   +6  141  +13  141   13  18  0  0 L3P 20
G14 FF 61043 113800  780 322 3106    -7263879   -100        -112    -75   44  51  152  -28  207  +27  207   27  33  0  0 L3P 63
G20 FF 61043 113800  780 201 2541    -3618369    -17         -78    -18   39   4  234   +9  205  +12  205   12  30  0  0 L3P 14
G21 FF 61043 113800  780 266 2480    -3720912   -113         -89    -25   36  57  181   -5  199   +8  199    8  29  0  0 L3P 41
G27 FF 61043 113800  780 215 1271     +115463    +77         -85     +8   49   1  220  +28  226   -4  226   -4  36  0  0 L3P F3
G30 FF 61043 113800  780 463 2342     -758151   -139        -103    -17   27  12  112   -9  143   -5  143   -5  19  0  0 L3P 23
G05 FF 61043 115400  780 122 2286    +2266265    +31         -85    +24   43  20  377  -58  260  -41  260  -41  33  0  0 L3P 46
G07 FF 61043 115400  780 632 1661    +1301172    +64        -111    +11   31  91   91   +0  120   -6  120   -6  22  0  0 L3P E9
G08 FF 61043 115400  780 387 1062    -5083081    +53        -101    +13   65  41  130   +3  177  -10  177  -10  49  0  0 L3P 3D
G09 FF 61043 115400  780 558  307    -7696544    -29        -131    -21   28  20   98   +9  154  +16  154   16  18  0  0 L3P 36
G14 FF 61043 115400  780 386 3051    -7263909    -48        -118    -23   50  51  130  -19  187   +1  187    1  38  0  0 L3P 3A
G20 FF 61043 115400  780 189 2615    -3618378    +19         -87    +17   45   4  249  +22  216  -10  216  -10  38  0  0 L3P 45
G21 FF 61043 115400  780 267 2560    -3720995    -50         -87    +39   30  57  180   +3  191  -24  191  -24  22  0  0 L3P 44
G30 FF 61043 115400  780 509 2257     -758262    -92         -97    +30   23  12  105   -7  129  -35  129  -35  18  0  0 L3P 36
G05 FF 61043 121000  780 136 2351    +2266295    +19         -65    +12   55  21  339  -23  235  -10  235  -10  42  0  0 L3P 37
G07 FF 61043 121000  780 625 1492    +1301207    +45        -132     -7   28 102   92   +1  132   -1  132   -1  19  0  0 L3P F1
G08 FF 61043 121000  780 368 1148    -5083040    +31         -96     -9   40  44  135   +8  175  +13  175   13  30  0  0 L3P 14
G09 FF 61043 121000  780 481  265    -7696542    +31        -118    +39   40  21  109  +14  159   -6  159   -6  28  0  0 L3P 36
G14 FF 61043 121000  780 448 2985    -7263921    +14        -104    +39   34  52  115  -13  164  -46  164  -46  23  0  0 L3P 63
G20 FF 61043 121000  780 167 2687    -3618365    +62         -77    +61   52  48  278  +41  220  -31  220  -31  37  0  0 L3P 4F
G21 FF 61043 121000  780 257 2641    -3721070    -49         -77    +40   60  58  186  +11  187  -21  187  -21  45  0  0 L3P 4E
G30 FF 61043 121000  780 555 2164     -758369   -134         -83    -12   25  13   99   -6  115   +0  115    0  18  0  0 L3P F4
G05 FF 61043 122600  780 140 2419    +2266292    -24         -74    -30   51  21  329   +1  223   +9  223    9  41  0  0 L3P FA
G07 FF 61043 122600  780 607 1333    +1301270    +73        -120    +20   25 102   93   +2  120  -11  120  -11  18  0  0 L3P 13
G08 FF 61043 122600  780 337 1222    -5083001    +42         -95     +2   55  44  146  +14  181  +15  181   15  40  0  0 L3P 19
G09 FF 61043 122600  780 404  235    -7696585    -50        -154    -42   29  21  125  +20  198  +43  198   43  22  0  0 L3P 50
G14 FF 61043 122600  780 508 2905    -7263945    -34        -105     -9   34  52  105   -9  147   +1  147    1  25  0  0 L3P 10
G21 FF 61043 122600  780 237 2719    -3721174    -79         -96     +9   46  58  201  +20  205   -4  205   -4  38  0  0 L3P 21
G22 FF 61043 122600  780 324 3017     +628694    +13        -117    +54   37  41  152  -25  207  -44  207  -44  26  0  0 L3P 48
G30 FF 61043 122600  780 600 2056     -758509   -123        -106     -1   17  13   94   -4  120   +1  120    1  12  0  0 L3P D4
G05 FF 61043 124200  780 135 2489    +2266310    +60         -62    +54   55  21  341  +25  221  -35  221  -35  40  0  0 L3P 35
G07 FF 61043 124200  780 580 1190    +1301334    +37        -106    -16   43 102   96   +3  125  +15  125   15  28  0  0 L3P 26
G08 FF 61043 124200  780 295 1283    -5082938    +88         -70    +49   53  44  164  +23  185  -10  185  -10  36  0  0 L3P 61
G09 FF 61043 124200  780 329  212    -7696564     +2        -124    +10   58  21  149  +31  206  +39  206   39  43  0  0 L3P 30
G13 FF 61043 124200  780 163 2209    -6906373    +29         -74    +18   81  55  288 -106  223  -10  223  -10  55  0  0 L3P 61
G14 FF 61043 124200  780 562 2805    -7263963    -15         -98    +10   34  52   98   -6  141  -12  141  -12  25  0  0 L3P 2C
G21 FF 61043 124200  780 208 2792    -3721241     -3         -87    +86   47  59  226  +34  211  -41  211  -41  31  0  0 L3P 34
G22 FF 61043 124200  780 380 2954     +628680    -49         -91     -8   49  41  132  -17  170   -7  170   -7  33  0  0 L3P 15
G30 FF 61043 124200  780 642 1928     -758613   -126         -94     -5   20  13   90   -3  112   +1  112    1  15  0  0 L3P D2
G07 FF 61043 125800  780 545 1064    +1301392    +33         -98    -20   43 102  100   +5  133  +20  133   20  29  0  0 L3P 1E
G08 FF 61043 125800  780 247 1330    -5082879    +39         -49     -1   52  44  193  +38  190  +13  190   13  42  0  0 L3P 3D
G13 FF 61043 125800  780 224 2216    -6906346     +3         -57     -7   43  55  213  -57  185  -38  185  -38  30  0  0 L3P 3F
G14 FF 61043 125800  780 610 2681    -7263974    -55         -85    -30   32  52   93   -4  127  +10  127   10  24  0  0 L3P 20
G22 FF 61043 125800  780 434 2880     +628636    -23         -96    +18   54  41  118  -12  161  -38  161  -38  41  0  0 L3P 49
G30 FF 61043 125800  780 678 1768     -758726   -145         -90    -24   25  13   88   -2  111  +15  111   15  16  0  0 L3P 2B
G07 FF 61043 131400  780 505  954    +1301446    +70         -94    +18   43 102  105   +7  139   +9  139    9  31  0  0 L3P 06
G08 FF 61043 131400  780 194 1365    -5082852    +72         -60    +32   42  44  243  +67  220  +16  220   16  28  0  0 L3P 39
G13 FF 61043 131400  780 285 2233    -6906343    +24         -64    +14   26  55  170  -34  162  -38  162  -38  19  0  0 L3P 53
G14 FF 61043 131400  780 648 2526    -7263997    -36         -85    -11   19  52   90   -2  118   +2  118    2  15  0  0 L3P 07
G17 FF 61043 131400  780 309 3544     +211123   +279         -99   +159   55  29  158  -35  199 -168  199 -168  45  0  0 L3P B6
G22 FF 61043 131400  780 485 2794     +628607    -34         -85     +7   31  41  109   -9  141   -5  141   -5  23  0  0 L3P F9
G30 FF 61043 131400  780 703 1569     -758844   -100         -91    +21   22  13   86   -1  108  -14  108  -14  16  0  0 L3P 1F
G07 FF 61043 133000  780 460  858    +1301505    +25         -85    -27   43 102  113   +9  144  +36  144   36  31  0  0 L3P 1E
G13 FF 61043 133000  780 345 2264    -6906349    +12         -80     +2   36  55  144  -22  153   -9  153   -9  27  0  0 L3P 1A
G14 FF 61043 133000  780 672 2342    -7264019    -15         -82    +10   22  52   88   -1  114   -4  114   -4  17  0  0 L3P F4
G17 FF 61043 133000  780 384 3546     +211232    -17        -105   -136   52  29  131  -23  171 +107  171  107  37  0  0 L3P 64
G22 FF 61043 133000  780 531 2693     +628562    -14         -91    +27   24  41  102   -6  130  -24  130  -24  20  0  0 L3P 0D
G30 FF 61043 133000  780 711 1337     -758963   -114         -93     +8   24  13   86   +0  107   +2  107    2  16  0  0 L3P DB
G07 FF 61043 134600  780 411  774    +1301567    +71         -73    +19   50 102  123  +13  151  -14  151  -14  36  0  0 L3P 35
G13 FF 61043 134600  780 401 2313    -6906333    +23         -73    +13   41  55  126  -15  137  -16  137  -16  31  0  0 L3P 3D
G14 FF 61043 134600  780 679 2140    -7264038    -31         -77     -6   17  52   88   +0  113   +7  113    7  14  0  0 L3P EB
G22 FF 61043 134600  780 572 2575     +628535    -52         -79    -12   27  41   97   -4  115   -3  115   -3  19  0  0 L3P 02
G30 FF 61043 134600  780 697 1108     -759076   -123         -90     -1   25  13   87   +1  112   +1  112    1  17  0  0 L3P D9
G07 FF 61043 140200  780 360  701    +1301604    +19         -87    -33   46 103  138  +18  167  +53  167   53  35  0  0 L3P 39
G13 FF 61043 140200  780 450 2383    -6906316    +18         -63     +8   44  60  115   -9  126  -17  126  -17  29  0  0 L3P 2E
G14 FF 61043 140200  780 670 1943    -7264052     -4         -65    +21   15  53   88   +1  109  -10  109  -10  12  0  0 L3P 04
G15 FF 61043 140200  780 178 2271    -3732435    -87         -55    -52   63  72  265  -56  182   +3  182    3  44  0  0 L3P 2D
G17 FF 61043 140200  780 542 3547     +211468    +79         -96    -41   41  31  100  -11  146   -1  146   -1  30  0  0 L3P 04
G22 FF 61043 140200  780 604 2438     +628492    -40         -84     +1   29  42   93   -3  116   -1  116   -1  23  0  0 L3P D3
G30 FF 61043 140200  780 663  917     -759195   -128         -90     -6   24  14   89   +3  115  +12  115   12  16  0  0 L3P FB
G07 FF 61043 141800  780 307  638    +1301679    +27         -62    -26   59 103  158  +26  173  +23  173   23  43  0  0 L3P 48
G13 FF 61043 141800  780 488 2476    -6906308    -11         -65    -21   36  60  108   -5  119   +5  119    5  24  0  0 L3P 17
G14 FF 61043 141800  780 648 1768    -7264070    -27         -72     -2   27  54   90   +2  108   -1  108   -1  17  0  0 L3P FA
G15 FF 61043 141800  780 212 2326    -3732476    -82         -62    -47   52  72  224  -31  170  +25  170   25  42  0  0 L3P 3E
G17 FF 61043 141800  780 624 3552     +211574    +94        -104    -25   24  31   92   -7  129   -1  129   -1  18  0  0 L3P 03
G19 FF 61043 141800  780 419 3433    -6837868     +7         -59    +27   51  71  122  -20  136  -34  136  -34  44  0  0 L3P 54
G22 FF 61043 141800  780 627 2282     +628461    -43         -76     -2   27  42   91   -2  107  -12  107  -12  19  0  0 L3P 03
G30 FF 61043 141800  780 616  771     -759315   -134         -93    -12   31  14   92   +5  123   +9  123    9  21  0  0 L3P E5
G13 FF 61043 143400  780 510 2590    -6906299    +11         -65     +0   44  60  105   -2  120   +6  120    6  32  0  0 L3P E0
G14 FF 61043 143400  780 617 1620    -7264093    +12         -72    +37   25  54   92   +3  109  -16  109  -16  18  0  0 L3P 2A
G15 FF 61043 143400  780 237 2389    -3732509    -90         -62    -55   61  72  201  -17  162  +34  162   34  44  0  0 L3P 4A
G17 FF 61043 143400  780 707 3569     +211692   +134        -101    +15   20  31   86   -5  122   -6  122   -6  13  0  0 L3P 05
G19 FF 61043 143400  780 500 3415    -6837913    -33         -85    -14   38  71  106  -13  146   -4  146   -4  28  0  0 L3P 35
G22 FF 61043 143400  780 639 2112     +628422    -27         -75    +14   18  42   91   +0  106   +0  106    0  14  0  0 L3P CB
G30 FF 61043 143400  780 561  661     -759432   -161         -93    -40   31  14   98   +7  135  +43  135   43  24  0  0 L3P 0E
G13 FF 61043 145000  780 513 2715    -6906281     -3         -57    -13   23  60  104   +1  121  +13  121   13  17  0  0 L3P FB
G14 FF 61043 145000  780 581 1494    -7264118    -17         -73     +8   20  54   96   +4  117   -2  117   -2  15  0  0 L3P F6
G15 FF 61043 145000  780 253 2459    -3732553    -66         -71    -31   55  72  189   -8  171  +17  171   17  49  0  0 L3P 49
G17 FF 61043 145000  780 789   33     +211816   +131         -92    +12   24  31   83   -2  120  -10  120  -10  17  0  0 L3P E1
G19 FF 61043 145000  780 583 3390    -6837915    -37         -69    -18   28  71   96   -9  122   +7  122    7  21  0  0 L3P 1C
G22 FF 61043 145000  780 638 1939     +628391    -14         -67    +27   25  42   91   +0  105  -21  105  -21  18  0  0 L3P 13
G30 FF 61043 145000  780 501  576     -759541    -66         -85    +56   34  14  106  +10  143  -31  143  -31  24  0  0 L3P 20
G13 FF 61043 150600  780 495 2838    -6906270    -15         -56    -26   32  60  107   +4  127  +29  127   29  23  0  0 L3P 3D
G14 FF 61043 150600  780 543 1385    -7264135    -21         -65     +4   24  54  100   +5  112   +4  112    4  17  0  0 L3P E0
G15 FF 61043 150600  780 258 2535    -3732579    -23         -64    +12   62  72  186   +0  167  -13  167  -13  50  0  0 L3P 45
G17 FF 61043 150600  780 859  428     +211946   +143         -76    +23   22  31   82   +0  110  -16  110  -16  16  0  0 L3P 06
G19 FF 61043 150600  780 666 3354    -6837929    -29         -64    -10   23  71   89   -6  112   +1  112    1  16  0  0 L3P 09
G22 FF 61043 150600  780 627 1772     +628352    -44         -67     -3   23  42   91   +1  106   +7  106    7  16  0  0 L3P D2
G30 FF 61043 150600  780 438  508     -759653    -80         -80    +41   45  14  117  +14  151  -19  151  -19  31  0  0 L3P 2B
G13 FF 61043 152200  780 460 2947    -6906262    +14         -57     +4   34  60  113   +8  133   -9  133   -9  23  0  0 L3P 05
G14 FF 61043 152200  780 502 1287    -7264147    -47         -54    -22   32  54  106   +6  106  +22  106   22  24  0  0 L3P 1F
G15 FF 61043 152200  780 252 2612    -3732599    +14         -50    +50  104  72  190   +8  157  -32  157  -32  74  0  0 L3P 4C
G17 FF 61043 152200  780 827 1304     +212059   +120         -78     +0   20  31   82   +1  105  -15  105  -15  13  0  0 L3P EF
G19 FF 61043 152200  780 749 3294    -6837942    -22         -59     -3   20  71   84   -3  100  -10  100  -10  14  0  0 L3P 12
G22 FF 61043 152200  780 606 1619     +628307    -47         -72     -6   26  42   93   +2  106   -6  106   -6  18  0  0 L3P E4
G24 FF 61043 152200  780 149 2243    +1772118   -186         -49    -39   61  55  313 -120  151   -7  151   -7  53  0  0 L3P 53
G13 FF 61043 153800  780 412 3038    -6906254    +20         -59     +9   45  60  123  +13  140   -9  140   -9  34  0  0 L3P 13
G14 FF 61043 153800  780 461 1199    -7264178    -56         -60    -31   37  54  113   +8  114  +20  114   20  27  0  0 L3P 2F
G15 FF 61043 153800  780 236 2688    -3732653    -48         -70    -13   95  72  201  +17  176  +14  176   14  69  0  0 L3P 5E
G17 FF 61043 153800  780 750 1435     +212163    +82         -88    -37   25  31   84   +3  105  +14  105   14  19  0  0 L3P 04
G19 FF 61043 153800  780 829 3137    -6837955    -13         -54     +6   27  71   82   -1   87  -14   87  -14  19  0  0 L3P 20
G22 FF 61043 153800  780 579 1481     +628275    -26         -65    +15   24  42   96   +3   91  -29   91  -29  18  0  0 L3P 14
G24 FF 61043 153800  780 208 2244    +1771971   -244         -55    -97   49  55  229  -64  139  +41  139   41  35  0  0 L3P 75
G06 FF 61043 155400  780 328  245    +5983059    +53         -99     +8   39 114  150  -29  174  -27  174  -27  30  0  0 L3P 5A
G13 FF 61043 155400  780 357 3112    -6906260    -14         -75    -25   30  60  139  +20  158  +20  158   20  21  0  0 L3P 32
G14 FF 61043 155400  780 419 1117    -7264211    -29         -69     -4   39  54  121  +10  124   -7  124   -7  28  0  0 L3P 19
G15 FF 61043 155400  780 212 2761    -3732688     -4         -71    +32   53  72  223  +29  175  -39  175  -39  41  0  0 L3P 50
G17 FF 61043 155400  780 671 1454     +212268    +93         -98    -26   18  31   88   +5  103   +8  103    8  13  0  0 L3P F0
G19 FF 61043 155400  780 865 2148    -6837976    -32         -56    -13   20  71   81   +0   79   -8   79   -8  15  0  0 L3P 0E
G22 FF 61043 155400  780 547 1358     +628218    -45         -83     -4   24  42  100   +4   96   -2   96   -2  19  0  0 L3P DA
G24 FF 61043 155400  780 266 2254    +1771811   -120         -75    +26   46  55  181  -38  128  -42  128  -42  33  0  0 L3P 68
G06 FF 61043 161000  780 398  287    +5983088    +66        -117    +21   42 115  127  -20  148  -54  148  -54  33  0  0 L3P 73
G13 FF 61043 161000  780 298 3174    -6906277    +51         -98    +41   98 101  163  +30  193  -23  193  -23  69  0  0 L3P 76
G14 FF 61043 161000  780 377 1041    -7264257    -77         -91    -52   58  55  133  +13  141  +33  141   33  41  0  0 L3P 3C
G17 FF 61043 161000  780 594 1446     +212394   +106         -89    -13   31  32   94   +8   93   -2   93   -2  21  0  0 L3P E3
G19 FF 61043 161000  780 798 1700    -6838000    -25         -65     -6   29  87   83   +2   73  -11   73  -11  20  0  0 L3P FC
G22 FF 61043 161000  780 510 1248     +628190   -109         -68    -69   33  24  104   +6   90  +48   90   48  24  0  0 L3P 10
G24 FF 61043 161000  780 325 2276    +1771656   -179         -87    -32   40  56  151  -25  117   +3  117    3  25  0  0 L3P 34
G06 FF 61043 162600  780 468  342    +5983128     +9        -121    -36   30 115  112  -13  131   +4  131    4  24  0  0 L3P 0B
G12 FF 61043 162600  780 162 2474    +6060844    +17         -86    +12   67  10  289  -80  143  -15  143  -15  51  0  0 L3P 50
G14 FF 61043 162600  780 334  969    -7264272    -49         -82    -24   44  55  147  +18  149  +50  149   50  33  0  0 L3P 4D
G17 FF 61043 162600  780 521 1425     +212502   +125         -96     +6   34  32  103  +10   96   -4   96   -4  25  0  0 L3P E4
G19 FF 61043 162600  780 723 1598    -6838029     -8         -76    +12   23  87   85   +4   77  -11   77  -11  17  0  0 L3P 1B
G22 FF 61043 162600  780 471 1147     +628135    -10         -83    +31   41  24  111   +8  111  -22  111  -22  31  0  0 L3P 01
G24 FF 61043 162600  780 381 2312    +1771512   -159         -91    -12   27  56  132  -17  104   -9  104   -9  22  0  0 L3P 37
G06 FF 61043 164200  780 535  416    +5983177    +61        -115    +16   30 115  101   -9  121  -12  121  -12  20  0  0 L3P 31
G12 FF 61043 164200  780 208 2423    +6060837    -36         -97    -41   53  10  228  -51  137  +15  137   15  40  0  0 L3P 3B
G14 FF 61043 164200  780 290  902    -7264295   +115         -82   +140   49  55  167  +24  171  -88  171  -88  34  0  0 L3P 79
G17 FF 61043 164200  780 451 1397     +212613   +162         -99    +42   31  32  115  +14  100  -19  100  -19  22  0  0 L3P 34
G19 FF 61043 164200  780 650 1537    -6838050     -9         -79    +10   26  87   90   +5   77   +3   77    3  18  0  0 L3P E1
G22 FF 61043 164200  780 429 1056     +628077    -71        -102    -30   30  24  119  +10  131  +24  131   24  23  0  0 L3P 1F
G24 FF 61043 164200  780 433 2367    +1771367   -133         -95    +13   31  56  118  -11   97  -17   97  -17  19  0  0 L3P 53
G06 FF 61043 165800  780 593  522    +5983236    +80        -100    +34   29 115   95   -5  110  -24  110  -24  20  0  0 L3P 33
G11 FF 61043 165800  780 318 3592    +4869930   -148        -103    -15   59 135  155  -34  190  -25  190  -25  47  0  0 L3P A1
G12 FF 61043 165800  780 256 2374    +6060844    -25         -96    -30   49  10  188  -35  130  +21  130   21  36  0  0 L3P 40
G17 FF 61043 165800  780 384 1365     +212738   +104         -88    -16   30  32  130  +19   97  +22   97   22  22  0  0 L3P 24
G19 FF 61043 165800  780 580 1486    -6838070    -13         -80     +7   34  87   96   +7   83   +4   83    4  25  0  0 L3P E9
G22 FF 61043 165800  780 385  972     +628034    -56        -105    -15   32  24  130  +13  147  +27  147   27  21  0  0 L3P 2F
G24 FF 61043 165800  780 477 2444    +1771230   -145         -91     +2   36  56  110   -7   94  +12   94   12  25  0  0 L3P 10
G06 FF 61043 171400  780 636  672    +5983289    +62         -91    +16   30 115   91   -3  103  -17  103  -17  22  0  0 L3P 2D
G12 FF 61043 171400  780 307 2326    +6060852     -5         -91    -10   45  10  159  -25  113   -6  113   -6  34  0  0 L3P 07
G17 FF 61043 171400  780 321 1328     +212850    +99         -91    -20   49  32  152  +27  120  +40  120   40  33  0  0 L3P 15
G19 FF 61043 171400  780 515 1440    -6838074    +13         -65    +32   21  87  104  +10   85  -12   85  -12  16  0  0 L3P 26
G22 FF 61043 171400  780 339  896     +628018    -12         -83    +28   41  24  145  +18  147   -9  147   -9  29  0  0 L3P 1F
G24 FF 61043 171400  780 510 2544    +1771101   -145         -79     +2   36  56  105   -4   89   +0   89    0  29  0  0 L3P E8
G06 FF 61043 173000  780 653  860    +5983335    +64         -89    +19   33 115   89   +0   99  -15   99  -15  22  0  0 L3P 2A
G11 FF 61043 173000  780 474   13    +4869689   -123         -88    +10   45 135  111  -15  139  -18  139  -18  31  0  0 L3P 5A
G12 FF 61043 173000  780 360 2279    +6060865    -15         -83    -19   28  10  138  -19  101  +20  101   20  22  0  0 L3P 2B
G17 FF 61043 173000  780 261 1288     +212972   +101         -84    -18   57  32  183  +39  139  +36  139   36  39  0  0 L3P 53
G19 FF 61043 173000  780 452 1394    -6838087    +17         -60    +37   36  87  114  +12   89  -11   89  -11  26  0  0 L3P 44
G24 FF 61043 173000  780 525 2663    +1770955   -141         -84     +6   55  56  102   -1   97   +5   97    5  41  0  0 L3P F7
G06 FF 61043 174600  780 638 1047    +5983390    +59         -77    +13   28 115   91   +2   89  -10   89  -10  20  0  0 L3P 2F
G11 FF 61043 174600  780 555   29    +4869563    -72         -87    +61   35 135   99  -10  124  -63  124  -63  26  0  0 L3P 48
G12 FF 61043 174600  780 417 2233    +6060876    +42         -77    +37   27  10  122  -14   96  -25   96  -25  19  0  0 L3P 38
G17 FF 61043 174600  780 205 1245     +213088   +168         -82    +48   67  32  230  +59  173  -24  173  -24  46  0  0 L3P 5B
G19 FF 61043 174600  780 394 1347    -6838100    +25         -54    +44   37  87  128  +16  104  -16  104  -16  29  0  0 L3P 5F
G24 FF 61043 174600  780 521 2789    +1770817   -152         -82     -5   40  56  103   +2  103  +14  103   14  28  0  0 L3P 28
G06 FF 61043 180200  780 597 1191    +5983444    +62         -70    +17   25 116   94   +5   86   -3   86   -3  18  0  0 L3P 0C
G11 FF 61043 180200  780 637   58    +4869441   -137         -75     -4   23 136   91   -7  100   -3  100   -3  16  0  0 L3P F0
G12 FF 61043 180200  780 476 2190    +6060875     +0         -86     -4   22  11  110  -11   90   -2   90   -2  14  0  0 L3P C8
G19 FF 61043 180200  780 339 1300    -6838120     -1         -59    +18   38  88  145  +21  116   -3  116   -3  27  0  0 L3P 19
G24 FF 61043 180200  780 498 2908    +1770671   -161         -86    -15   27  71  106   +5  108  +16  108   16  21  0  0 L3P 49
G06 FF 61043 181800  780 540 1285    +5983499    +74         -59    +28   31 116  100   +8   90   +1   90    1  21  0  0 L3P 02
G11 FF 61043 181800  780 718  120    +4869321   -131         -67     +2   24 136   86   -4   92   +5   92    5  18  0  0 L3P DE
G12 FF 61043 181800  780 539 2147    +6060890     +9         -75     +5   20  11  101   -9   83   +3   83    3  15  0  0 L3P C1
G19 FF 61043 181800  780 287 1251    -6838139    -93         -60    -74   39  88  168  +28  141  +93  141   93  29  0  0 L3P 76
G24 FF 61043 181800  780 459 3012    +1770539   -158         -77    -11   42  71  113   +9  113  +28  113   28  30  0  0 L3P 42
G06 FF 61043 183400  780 475 1341    +5983543    +20         -58    -25   35 116  110  +12   97  +39   97   39  27  0  0 L3P 45
G11 FF 61043 183400  780 791  291    +4869196   -134         -65     -1   25 136   83   -2   85   +0   85    0  18  0  0 L3P E8
G12 FF 61043 183400  780 606 2104    +6060895    +34         -75    +30   22  11   93   -7   83  -12   83  -12  17  0  0 L3P FF
G24 FF 61043 183400  780 409 3098    +1770399   -114         -76    +33   31  71  124  +14  121  -14  121  -14  22  0  0 L3P 56
G25 FF 61043 183400  780 235 2268    -4522102     +9         -69    -14   30  43  204  -50  103   -1  103   -1  23  0  0 L3P FC
G06 FF 61043 185000  780 407 1372    +5983588    +65         -57    +19   40 116  124  +18  110   -4  110   -4  29  0  0 L3P 40
G11 FF 61043 185000  780 826  791    +4869080   -124         -53     +9   30 136   82   +0   78  -10   78  -10  21  0  0 L3P 0A
G12 FF 61043 185000  780 676 2060    +6060910     +5         -64     +1   26  11   88   -5   77   -7   77   -7  19  0  0 L3P C9
G24 FF 61043 185000  780 354 3168    +1770255    -62         -79    +85   45  71  140  +20  144  -37  144  -37  33  0  0 L3P 5A
G25 FF 61043 185000  780 295 2252    -4522072    -22         -61    -45   46  43  165  -32   98  +23   98   23  34  0  0 L3P 2A
G06 FF 61043 190600  780 339 1384    +5983619    -12         -70    -57   31 116  145  +26  128  +61  128   61  24  0  0 L3P 63
G11 FF 61043 190600  780 783 1232    +4868932   -149         -74    -16   28 136   83   +2   84   +7   84    7  22  0  0 L3P 16
G12 FF 61043 190600  780 749 2007    +6060912    +14         -66    +10   24  11   84   -3   74   -5   74   -5  17  0  0 L3P DD
G20 FF 61043 190600  780 419  478    -3618314    -52         -57    -53   37  70  122  -14  129  +27  129   27  29  0  0 L3P 43
G25 FF 61043 190600  780 357 2244    -4522039     +9         -49    -13   34  43  139  -22   80   +7   80    7  26  0  0 L3P F3
G29 FF 61043 190600  780 213 2619    +3990593   -128         -67    -64   80  85  223  -45  131  +34  131   34  60  0  0 L3P 67
G06 FF 61043 192200  780 272 1384    +5983683    -17         -50    -62   48 116  177  +40  143 +100  143  100  34  0  0 L3P 75
G11 FF 61043 192200  780 712 1369    +4868804   -136         -74     -3   26 136   86   +4   87  +11   87   11  19  0  0 L3P 22
G12 FF 61043 192200  780 824 1912    +6060926     +9         -57     +4   22  11   82   -2   73   +8   73    8  16  0  0 L3P B4
G20 FF 61043 192200  780 473  562    -3618318    +33         -62    +32   46  70  111   -9  122  -21  122  -21  30  0  0 L3P 12
G21 FF 61043 192200  780 358  564    -3723356    -31         -78    +57   49  62  139  -17  159  -53  159  -53  37  0  0 L3P 66
G25 FF 61043 192200  780 422 2247    -4522020    +33         -52    +10   27  43  121  -16   83   -7   83   -7  19  0  0 L3P F8
G29 FF 61043 192200  780 256 2556    +3990544    -37         -55    +27   82  85  187  -31  114  -32  114  -32  61  0  0 L3P 65
G05 FF 61043 193800  780 339  262    +2266431    -41        -109    -48   48  30  146  -27  180  +15  180   15  32  0  0 L3P 45
G06 FF 61043 193800  780 208 1374    +5983719    +27         -57    -19   45 116  227  +67  187  +68  187   68  31  0  0 L3P 8B
G11 FF 61043 193800  780 636 1410    +4868658   -142         -92     -9   28 136   91   +6  101  +11  101   11  19  0  0 L3P 31
G12 FF 61043 193800  780 882  978    +6060931    +17         -57    +12   25  11   81   +0   75   +3   75    3  19  0  0 L3P CF
G20 FF 61043 193800  780 516  668    -3618315    +21         -60    +20   38  70  104   -5  115  -15  115  -15  28  0  0 L3P 23
G21 FF 61043 193800  780 405  644    -3723445   -122         -83    -34   48  62  125  -11  149  +29  149   29  32  0  0 L3P 52
G25 FF 61043 193800  780 488 2264    -4522006    +21         -60     -2   37  43  108  -11   82   +1   82    1  27  0  0 L3P E0
G29 FF 61043 193800  780 300 2492    +3990455     +1         -83    +65   61  85  162  -22  122  -37  122  -37  47  0  0 L3P 4C
G05 FF 61043 195400  780 409  308    +2266464    +28         -82    +21   35  30  124  -18  148  -44  148  -44  26  0  0 L3P 46
G11 FF 61043 195400  780 562 1417    +4868543   -149         -80    -16   31 136   98   +9  102  +15  102   15  23  0  0 L3P 48
G12 FF 61043 195400  780 814  309    +6060929    -23         -63    -28   19  11   82   +2   87  +25   87   25  14  0  0 L3P F7
G20 FF 61043 195400  780 543  795    -3618325    -27         -71    -28   37  70  100   -2  119  +17  119   17  27  0  0 L3P 2B
G21 FF 61043 195400  780 443  738    -3723524    -74         -78    +14   34  62  116   -7  142  -20  142  -20  25  0  0 L3P 2B
G25 FF 61043 195400  780 554 2303    -4521981    +34         -57    +11   27  43   99   -8   81  -15   81  -15  20  0  0 L3P 13
G29 FF 61043 195400  780 345 2427    +3990399    -49         -77    +14   40  85  143  -17  112  -18  112  -18  28  0  0 L3P 6E
G05 FF 61043 201000  780 477  368    +2266481     -9         -69    -16   33  31  110  -12  133  +13  133   13  25  0  0 L3P 0C
G11 FF 61043 201000  780 490 1407    +4868410   -144         -83    -11   30 137  107  +12  118  +18  118   18  20  0  0 L3P 4B
G12 FF 61043 201000  780 733  232    +6060928     -8         -73    -13   18  15   85   +4   99  +25   99   25  13  0  0 L3P DC
G20 FF 61043 201000  780 549  933    -3618315     -7         -64     -8   46  71   99   +1  117   +5  117    5  35  0  0 L3P CC
G21 FF 61043 201000  780 466  846    -3723616    -67         -83    +21   37  63  112   -3  142  -13  142  -13  28  0  0 L3P 21
G25 FF 61043 201000  780 615 2377    -4521966    +29         -68     +6   22  75   93   -5   85   -4   85   -4  14  0  0 L3P E7
G29 FF 61043 201000  780 391 2359    +3990318    -22         -99    +42   33 101  129  -13  116  -44  116  -44  22  0  0 L3P 5D
G05 FF 61043 202600  780 541  449    +2266474     -6         -82    -13   31  31  100   -8  138   -4  138   -4  22  0  0 L3P EA
G11 FF 61043 202600  780 422 1388    +4868277   -163         -88    -30   35 137  121  +16  137  +35  137   35  24  0  0 L3P 70
G12 FF 61043 202600  780 651  194    +6060931     +5         -74     +1   35  15   90   +6  112   +3  112    3  26  0  0 L3P A7
G20 FF 61043 202600  780 533 1065    -3618320    -33         -70    -34   51  71  101   +4  122  +20  122   20  36  0  0 L3P 02
G21 FF 61043 202600  780 473  960    -3723700   -115         -83    -27   34  63  110   +0  143  +17  143   17  21  0  0 L3P 19
G25 FF 61043 202600  780 666 2506    -4521942     -1         -66    -24   17  75   89   -3   84  +13   84   13  14  0  0 L3P F6
G28 FF 61043 202600  780 131 2406    +6159340     -9         -72    +39   42 166  352   -7  163  -24  163  -24  34  0  0 L3P 40
G29 FF 61043 202600  780 438 2288    +3990273    +14         -84    +77   28 101  117  -11  112  -58  112  -58  21  0  0 L3P 68
G05 FF 61043 204200  780 596  563    +2266470     -6         -93    -12   22  31   94   -5  130   +5  130    5  16  0  0 L3P CB
G11 FF 61043 204200  780 357 1361    +4868164   -189         -73    -56   37 137  139  +22  143  +76  143   76  26  0  0 L3P 7F
G12 FF 61043 204200  780 569  169    +6060929     -2         -81     -7   21  15   97   +9  131  +20  131   20  13  0  0 L3P DC
G20 FF 61043 204200  780 497 1174    -3618327     -2         -78     -3   37  71  106   +7  131  +12  131   12  27  0  0 L3P FF
G21 FF 61043 204200  780 462 1070    -3723786    -92         -86     -5   46  63  113   +4  147   +9  147    9  34  0  0 L3P 07
G25 FF 61043 204200  780 695 2701    -4521925    +32         -70     +9   27  75   87   -1   88   -2   88   -2  19  0  0 L3P E7
G29 FF 61043 204200  780 486 2213    +3990193     +5        -102    +69   21 101  108   -8  117  -59  117  -59  13  0  0 L3P 52
G05 FF 61043 205800  780 632  718    +2266474    -28         -96    -35   22  31   91   -2  128  +18  128   18  17  0  0 L3P 1C
G11 FF 61043 205800  780 296 1330    +4868013   -194         -96    -61   41 137  164  +31  201  +91  201   91  29  0  0 L3P 66
G12 FF 61043 205800  780 488  151    +6060921    -18         -92    -23   44  15  108  +14  153  +48  153   48  30  0  0 L3P 2E
G20 FF 61043 205800  780 448 1255    -3618326    -13         -78    -14   31  71  115  +11  146  +17  146   17  22  0  0 L3P 3B
G21 FF 61043 205800  780 433 1167    -3723866    -87         -81     +1   31  63  118   +8  152  +13  152   13  23  0  0 L3P 1A
G25 FF 61043 205800  780 690 2929    -4521906    +14         -73     -9   26  75   87   +1   95   +9   95    9  18  0  0 L3P F0
G29 FF 61043 205800  780 535 2131    +3990125    -97        -110    -33   25 101  101   -7  118  +15  118   15  19  0  0 L3P 48
G05 FF 61043 211400  780 642  901    +2266496    +34         -80    +28   28  31   90   +0  122   +0  122    0  20  0  0 L3P C5
G11 FF 61043 211400  780 238 1294    +4867907   -138         -75     -5   44 137  200  +46  237  +73  237   73  33  0  0 L3P 65
G12 FF 61043 211400  780 409  137    +6060932    +48         -86    +43   34  15  124  +20  183  +12  183   12  23  0  0 L3P 1A
G18 FF 61043 211400  780 274 2844    +4601805    -99         -66     -2   55 102  176  -30  166  -13  166  -13  42  0  0 L3P 56
G20 FF 61043 211400  780 390 1310    -3618325    +26         -79    +25   42  71  129  +17  164  +24  164   24  31  0  0 L3P 33
G21 FF 61043 211400  780 392 1246    -3723949    -97         -80     -9   45  63  128  +13  165  +26  165   26  37  0  0 L3P 48
G25 FF 61043 211400  780 653 3117    -4521879     +6         -69    -16   24  75   89   +4  102  +27  102   27  17  0  0 L3P 17
G29 FF 61043 211400  780 585 2039    +3990073    -50        -101    +14   21 101   95   -5  110   -3  110   -3  16  0  0 L3P 0D
G05 FF 61043 213000  780 622 1073    +2266496    -24         -87    -31   33  31   92   +3  132  +29  132   29  25  0  0 L3P 14
G12 FF 61043 213000  780 332  128    +6060939    +29         -83    +25   52  15  148  +31  214  +15  214   15  38  0  0 L3P 20
G18 FF 61043 213000  780 323 2776    +4601720   -134         -58    -37   55 102  152  -21  152  +18  152   18  43  0  0 L3P 5A
G20 FF 61043 213000  780 328 1346    -3618311    +62         -65    +61   34  71  149  +26  186   -1  186   -1  25  0  0 L3P 24
G21 FF 61043 213000  780 341 1304    -3724027    -57         -74    +31   47  63  145  +21  185   +8  185    8  34  0  0 L3P 18
G25 FF 61043 213000  780 594 3244    -4521850    +25         -61     +2   22  75   94   +6  113  +15  113   15  16  0  0 L3P FA
G29 FF 61043 213000  780 635 1929    +3990007    -69        -105     -5   18 101   91   -4  114   -2  114   -2  13  0  0 L3P 0F
G05 FF 61043 214600  780 580 1202    +2266520    +19         -69    +12   31  31   96   +6  132  +11  132   11  23  0  0 L3P FC
G18 FF 61043 214600  780 369 2701    +4601634    -66         -50    +31   42 102  135  -15  138  -21  138  -21  34  0  0 L3P 52
G20 FF 61043 214600  780 264 1366    -3618309    +27         -64    +26   31  71  182  +42  219  +30  219   30  28  0  0 L3P 3E
G21 FF 61043 214600  780 284 1346    -3724115    -89         -78     -2   45  63  170  +33  215  +34  215   34  32  0  0 L3P 31
G25 FF 61043 214600  780 526 3326    -4521827    +46         -60    +23   40  75  102  +10  134  +15  134   15  28  0  0 L3P 30
G29 FF 61043 214600  780 682 1788    +3989938    -73        -113     -9   21 101   88   -3  124  +22  124   22  15  0  0 L3P 46
G05 FF 61043 220200  780 523 1287    +2266516    -15         -77    -22   29  32  103   +9  154  +29  154   29  21  0  0 L3P 2C
G18 FF 61043 220200  780 413 2618    +4601537   -119         -62    -21   22 103  123  -11  143  +22  143   22  17  0  0 L3P 41
G20 FF 61043 220200  780 201 1374    -3618293    -75         -50    -76   35  73  235  +72  254  +97  254   97  28  0  0 L3P 56
G21 FF 61043 220200  780 224 1372    -3724195   -164         -71    -76   44  64  211  +55  248  +93  248   93  34  0  0 L3P 61
G23 FF 61043 220200  780 233 3331    -5946967    -11         -59    +40   60  97  206  -61  244  -27  244  -27  48  0  0 L3P 5E
G26 FF 61043 220200  780 176 2270    +3055362    +74         -51    +13   59  47  266  -63  210  -22  210  -22  41  0  0 L3P 3B
G29 FF 61043 220200  780 720 1594    +3989881    -60        -111     +4   23 127   85   -2  132   +6  132    6  16  0  0 L3P 0C
G05 FF 61043 221800  780 460 1339    +2266532    +14         -68     +7   33  32  113  +13  168  +17  168   17  22  0  0 L3P 29
G18 FF 61043 221800  780 454 2529    +4601457   -156         -47    -58   30 103  114   -8  143  +47  143   47  22  0  0 L3P 5C
G21 FF 61043 221800  780 163 1387    -3724266   -104         -58    -17   46  64  285 +105  283  +67  283   67  37  0  0 L3P 85
G26 FF 61043 221800  780 215 2322    +3055412    +26         -61    -35   48  47  220  -35  214  +25  214   25  34  0  0 L3P 2E
G29 FF 61043 221800  780 741 1336    +3989824    -69        -107     -5   24 127   85   +0  136  +14  136   14  18  0  0 L3P 43
G05 FF 61043 223400  780 394 1367    +2266542     -1         -65     -8   36  32  128  +19  193  +34  193   34  25  0  0 L3P 29
G15 FF 61043 223400  780 351  584    -3733546    -54         -74    -18   54  14  141  -17  229   +6  229    6  39  0  0 L3P 20
G18 FF 61043 223400  780 492 2431    +4601352   -132         -58    -34   20 103  107   -6  146  +25  146   25  15  0  0 L3P 43
G26 FF 61043 223400  780 246 2385    +3055478     +2         -54    -60   46  47  194  -20  206  +40  206   40  34  0  0 L3P 2D
G29 FF 61043 223400  780 733 1053    +3989755    -83        -115    -20   15 127   85   +1  148  +21  148   21  11  0  0 L3P 45
G05 FF 61043 225000  780 328 1378    +2266555    +46         -58    +40   37  32  150  +27  225   +6  225    6  26  0  0 L3P 1F
G15 FF 61043 225000  780 394  664    -3733578    -61         -72    -25   44  14  128  -11  222   +5  222    5  31  0  0 L3P 09
G18 FF 61043 225000  780 527 2323    +4601245   -113         -71    -15   22 103  102   -5  155   +8  155    8  18  0  0 L3P 1B
G23 FF 61043 225000  780 451 3223    -5947128    -80         -73    -29   35  97  115  -15  196   -4  196   -4  29  0  0 L3P 45
G26 FF 61043 225000  780 267 2456    +3055528    +36         -62    -25   52  47  180  -10  221  +22  221   22  41  0  0 L3P 2F
G29 FF 61043 225000  780 698  822    +3989690    -64        -118     +0   28 127   87   +3  162  +14  162   14  20  0  0 L3P 30
G05 FF 61043 230600  780 263 1377    +2266571    -61         -48    -67   42  32  182  +42  251 +113  251  113  30  0  0 L3P 5A
G15 FF 61043 230600  780 428  755    -3733613    -39         -74     -4   31  14  119   -7  219  +10  219   10  22  0  0 L3P 09
G18 FF 61043 230600  780 558 2206    +4601144   -122         -79    -24   15 103   98   -3  160  +17  160   17  12  0  0 L3P 37
G23 FF 61043 230600  780 524 3161    -5947186    -64         -82    -13   27  97  103  -10  189   +2  189    2  19  0  0 L3P 31
G26 FF 61043 230600  780 278 2533    +3055590    +55         -60     -6   41  47  174   -3  229  +26  229   26  34  0  0 L3P 29
G29 FF 61043 230600  780 646  661    +3989629    -50        -118    +14   17 127   90   +4  181  +10  181   10  14  0  0 L3P 34
G05 FF 61043 232200  780 200 1367    +2266562    -79         -64    -85   36  32  235  +70  319 +119  319  119  28  0  0 L3P 75
G15 FF 61043 232200  780 450  856    -3733641    -52         -67    -16   30  14  115   -3  224  +17  224   17  22  0  0 L3P 12
G16 FF 61043 232200  780 161 2267    -1807023    -23         -57    +54   43  73  290  -61  282  -17  282  -17  35  0  0 L3P 53
G18 FF 61043 232200  780 584 2078    +4601056    -89         -74     +9   19 103   95   -3  165   +5  165    5  13  0  0 L3P 0B
G23 FF 61043 232200  780 594 3078    -5947232    -30         -79    +21   25  97   94   -7  184  -16  184  -16  19  0  0 L3P 4D
G26 FF 61043 232200  780 276 2614    +3055640    +38         -68    -24   76  47  175   +4  266  +43  266   43  59  0  0 L3P 49
G29 FF 61043 232200  780 584  549    +3989568    -65        -119     -2   28 127   95   +7  207  +27  207   27  19  0  0 L3P 4D
G15 FF 61043 233800  780 456  962    -3733674    -45         -67    -10   32  14  114   +0  226   +5  226    5  22  0  0 L3P F9
G16 FF 61043 233800  780 191 2325    -1807094    -72         -54     +6   35  73  246  -33  283   +4  283    4  26  0  0 L3P 1A
G18 FF 61043 233800  780 604 1938    +4600970    -97         -66     +1   14 103   93   -2  171  +13  171   13  10  0  0 L3P 18
G23 FF 61043 233800  780 659 2958    -5947285    -41         -83    +10   21  97   89   -4  189   -5  189   -5  14  0  0 L3P 3D
G26 FF 61043 233800  780 263 2694    +3055713    +45         -54    -16   54  47  182  +12  292  +56  292   56  40  0  0 L3P 54
G29 FF 61043 233800  780 517  468    +3989522    -57        -103     +7   30 127  103  +10  230  +37  230   37  22  0  0 L3P 40
