CGGTTS     GENERIC DATA FORMAT VERSION = 2E
REV DATE = 2024-12-02                    
RCVR = Septentrio PolaRx2 S/N 3252   R2CGGTTS v8.8    
CH = 20 
IMS = Septentrio PolaRx2 S/N 3252   
LAB = NMI Australia                 
X = -4648241.00 m 
Y = +2560636.48 m 
Z = -3526317.74 m 
FRAME = ITRF
COMMENTS =           IGS antenna SYDN              
INT DLY =  211.7 ns (GPS P1),  213.3 ns (GPS P2)     CAL_ID = 1015-2021           
CAB DLY = 2484.6 ns 
REF DLY =  338.6 ns
REF = UTC(AUS)                      
CKSUM = 82

SAT CL  MJD  STTIME TRKL ELV AZTH   REFSV      SRSV     REFSYS    SRSYS  DSG IOE MDTR SMDT MDIO SMDI MSIO SMSI ISG FR HC FRC CK
             hhmmss  s  .1dg .1dg    .1ns     .1ps/s     .1ns    .1ps/s .1ns     .1ns.1ps/s.1ns.1ps/s.1ns.1ps/s.1ns
G08 FF 61074 000200  780 240 2303    -4966877    +78         320    +30   56  37  199  -34  217  -31  217  -31  43  0  0 L3P 5D
G10 FF 61074 000200  780 624 2106    +5864324    +19         301     -1   30  14   92   +0  141   +5  141    5  22  0  0 L3P C0
G18 FF 61074 000200  780 409  729    +4349550   -159         304    -62   51  14  124  +13  220  +60  220   60  37  0  0 L3P 38
G23 FF 61074 000200  780 451 1383    -6076067    -62         300    -14   40 237  115  +10  157   +8  157    8  27  0  0 L3P 2B
G27 FF 61074 000200  780 469 2575     +323476    +79         320    -10   30   1  111   -3  161  +23  161   23  26  0  0 L3P FA
G32 FF 61074 000200  780 515 3432    +1110286   -160         318    +15   56  30  104  -12  198  -36  198  -36  41  0  0 L3P 58
G08 FF 61074 001800  780 278 2363    -4966837    +39         314     -8   55  37  174  -20  213   -4  213   -4  38  0  0 L3P 37
G10 FF 61074 001800  780 619 1938    +5864338    +23         297     +4   28  14   92   +1  143   +0  143    0  19  0  0 L3P EE
G18 FF 61074 001800  780 357  656    +4349468   -101         315     -5   37  14  139  +19  253  +60  253   60  33  0  0 L3P 42
G23 FF 61074 001800  780 402 1312    -6076140    -65         274    -16   40 237  126  +13  190  +26  190   26  30  0  0 L3P 46
G27 FF 61074 001800  780 474 2688     +323557    +78         316    -11   45   1  110   +1  175  +25  175   25  32  0  0 L3P 13
G32 FF 61074 001800  780 598 3408    +1110110   -173         310     +2   29  30   94   -8  183  -20  183  -20  21  0  0 L3P 18
G10 FF 61074 003400  780 604 1782    +5864350    +37         290    +18   28  14   93   +2  152   -4  152   -4  19  0  0 L3P 09
G18 FF 61074 003400  780 302  593    +4349387    +29         326   +126   56  14  161  +28  306   -6  306   -6  49  0  0 L3P 41
G23 FF 61074 003400  780 356 1244    -6076175    -60         286    -11   37 237  139  +16  203  +28  203   28  26  0  0 L3P 5D
G27 FF 61074 003400  780 460 2801     +323635   +100         308    +11   59   1  113   +4  198  +12  198   12  43  0  0 L3P 0C
G32 FF 61074 003400  780 681 3373    +1109934   -180         302     -5   21  30   88   -5  174   -3  174   -3  16  0  0 L3P 08
G02 FF 61074 005000  780 164 2242     -302009   -139         329    -58   47   3  287 -109  265  +20  265   20  38  0  0 L3P 46
G08 FF 61074 005000  780 323 2516    -4966744    +39         315     -9   48  37  152   -5  218   +9  218    9  34  0  0 L3P 1B
G10 FF 61074 005000  780 582 1639    +5864369    +18         291     -1   19  14   96   +3  163  +10  163   10  14  0  0 L3P 0F
G23 FF 61074 005000  780 311 1179    -6076206    -92         302    -43   39 237  157  +21  224  +71  224   71  30  0  0 L3P 4E
G27 FF 61074 005000  780 431 2905     +323717    +98         305     +9   45   1  119   +8  227  +25  227   25  39  0  0 L3P 06
G32 FF 61074 005000  780 765 3315    +1109764   -159         300    +16   33  30   84   -3  168  -19  168  -19  24  0  0 L3P 4A
G02 FF 61074 010600  780 228 2233     -302102     -7         314    +73   37   3  210  -59  246  -76  246  -76  27  0  0 L3P 18
G08 FF 61074 010600  780 327 2603    -4966714     +9         299    -39   51  37  150   +1  238  +37  238   37  40  0  0 L3P 3B
G10 FF 61074 010600  780 555 1510    +5864396    +22         299     +3   29  14   99   +4  163   +1  163    1  22  0  0 L3P EC
G23 FF 61074 010600  780 267 1114    -6076236    -26         319    +23   56 237  180  +27  246  +39  246   39  44  0  0 L3P 69
G27 FF 61074 010600  780 389 2996     +323805   +118         308    +30   37   1  129  +13  258  +12  258   12  27  0  0 L3P 3D
G32 FF 61074 010600  780 846 3136    +1109602   -190         306    -15   28  30   82   -1  156   -1  156   -1  21  0  0 L3P 0B
G02 FF 61074 012200  780 294 2233     -302203    -93         289    -12   32   3  166  -36  234  -12  234  -12  24  0  0 L3P 19
G08 FF 61074 012200  780 317 2690    -4966673    +60         295    +12   56  37  154   +7  260  +24  260   24  45  0  0 L3P 42
G10 FF 61074 012200  780 524 1393    +5864406    +24         291     +4   23  14  102   +5  180   +9  180    9  17  0  0 L3P F0
G27 FF 61074 012200  780 340 3072     +323891    +55         309    -34   53   1  145  +20  301  +77  301   77  36  0  0 L3P 16
G32 FF 61074 012200  780 859 1909    +1109433   -152         305    +23   26  30   82   +1  151  -12  151  -12  18  0  0 L3P 2B
G02 FF 61074 013800  780 362 2245     -302266    -59         305    +21   34   3  138  -23  202  -29  202  -29  27  0  0 L3P 23
G08 FF 61074 013800  780 296 2775    -4966611    +96         311    +48   69  37  164  +13  283   +5  283    5  51  0  0 L3P 49
G10 FF 61074 013800  780 490 1287    +5864430     -5         296    -25   35  14  108   +6  191  +40  191   40  23  0  0 L3P 24
G28 FF 61074 013800  780 324  231    +6018961    -18         290    +42   46  69  152  -30  351  -71  351  -71  34  0  0 L3P 48
G32 FF 61074 013800  780 782 1652    +1109261   -177         301     -2   20  30   83   +2  154   +5  154    5  16  0  0 L3P EE
G02 FF 61074 015400  780 430 2273     -302348   -111         300    -31   32   3  119  -16  192   +0  192    0  23  0  0 L3P E8
G08 FF 61074 015400  780 266 2854    -4966585    +75         291    +28   60  37  181  +22  347  +30  347   30  49  0  0 L3P 69
G10 FF 61074 015400  780 454 1189    +5864459    +88         307    +68   49  14  114   +7  196  -34  196  -34  35  0  0 L3P 6A
G28 FF 61074 015400  780 393  273    +6018898    -88         284    -28   47  69  129  -20  296  -32  296  -32  33  0  0 L3P 78
G31 FF 61074 015400  780 180   30    +1691609    +90         319   +112   77  28  262  -96  530 -263  530 -263  59  0  0 L3P 74
G32 FF 61074 015400  780 705 1575    +1109087   -189         296    -14   28  30   86   +4  159   +4  159    4  20  0  0 L3P 24
G01 FF 61074 021000  780 202 2228    -3369616    +99         304    +53   43 193  235  -72  273  -44  273  -44  30  0  0 L3P 68
G02 FF 61074 021000  780 496 2325     -302424   -100         305    -19   35  26  107  -10  181   +4  181    4  22  0  0 L3P 01
G10 FF 61074 021000  780 416 1099    +5864464    +27         292     +7   39  15  122  +10  223   +8  223    8  30  0  0 L3P 07
G28 FF 61074 021000  780 461  328    +6018818    -33         267    +27   27  70  113  -13  269  -65  269  -65  18  0  0 L3P 5A
G32 FF 61074 021000  780 630 1523    +1108905   -199         282    -24   26  31   91   +6  171  +14  171   14  17  0  0 L3P 27
G01 FF 61074 022600  780 265 2236    -3369555    +39         322     -8   27 193  182  -42  244  -26  244  -26  20  0  0 L3P 60
G02 FF 61074 022600  780 555 2408     -302514    -88         293     -7   24  26   99   -7  187   +3  187    3  18  0  0 L3P F5
G10 FF 61074 022600  780 377 1014    +5864476    +36         286    +16   44  15  132  +12  254  +28  254   28  33  0  0 L3P 4B
G28 FF 61074 022600  780 527  400    +6018765    -52         271     +8   30  70  102   -9  238  -30  238  -30  23  0  0 L3P 18
G31 FF 61074 022600  780 320   70    +1691540    +33         285    +54   74  31  154  -32  362  -86  362  -86  48  0  0 L3P 39
G32 FF 61074 022600  780 558 1476    +1108747   -176         293     -1   24  31   98   +8  173  +23  173   23  17  0  0 L3P 35
G01 FF 61074 024200  780 327 2255    -3369512    +29         319    -18   34 193  150  -26  222   -6  222   -6  23  0  0 L3P 3F
G02 FF 61074 024200  780 599 2534     -302592    -88         293     -7   27  26   94   -3  187  +19  187   19  21  0  0 L3P 23
G10 FF 61074 024200  780 336  935    +5864509    +63         300    +44   43  15  146  +17  278  +14  278   14  30  0  0 L3P 38
G28 FF 61074 024200  780 586  503    +6018719    -79         283    -19   32  70   95   -6  217   +4  217    4  23  0  0 L3P 05
G31 FF 61074 024200  780 393   91    +1691514    +29         280    +50   47  31  128  -21  315  -73  315  -73  35  0  0 L3P 30
G32 FF 61074 024200  780 490 1432    +1108586   -185         300    -10   34  31  107  +11  185  +29  185   29  23  0  0 L3P 4D
G01 FF 61074 025800  780 389 2290    -3369464    +37         322     -9   26 193  130  -17  206   -3  206   -3  22  0  0 L3P 38
G02 FF 61074 025800  780 621 2700     -302661    -81         301     +0   25  26   92   -1  190   +9  190    9  19  0  0 L3P CD
G10 FF 61074 025800  780 294  862    +5864534    -55         307    -75   81  15  165  +23  318  +99  318   99  61  0  0 L3P 63
G28 FF 61074 025800  780 629  647    +6018669    -26         291    +34   36  70   91   -3  207  -32  207  -32  28  0  0 L3P 3A
G31 FF 61074 025800  780 469  117    +1691505     +3         291    +24   29  31  111  -14  274  -55  274  -55  20  0  0 L3P 31
G32 FF 61074 025800  780 426 1386    +1108416   -199         298    -24   36  31  120  +15  207  +34  207   34  26  0  0 L3P 5F
G01 FF 61074 031400  780 446 2345    -3369426    +65         316    +18   27 193  116  -12  199  -22  199  -22  17  0  0 L3P 78
G02 FF 61074 031400  780 613 2879     -302735    -70         304    +11   31  26   93   +2  199   +9  199    9  25  0  0 L3P F9
G03 FF 61074 031400  780 192 2333    -5807578   +107         297     -4   45  71  246  -65  299  -33  299  -33  36  0  0 L3P 7C
G28 FF 61074 031400  780 648  827    +6018613    -62         293     -1   22  70   90   +0  201   -1  201   -1  14  0  0 L3P D3
G31 FF 61074 031400  780 546  152    +1691496    -17         303     +5   28  31  100  -10  237  -30  237  -30  21  0  0 L3P 18
G32 FF 61074 031400  780 366 1340    +1108257   -222         307    -47   46  31  136  +19  223  +58  223   58  35  0  0 L3P 57
G01 FF 61074 033000  780 495 2425    -3369392    +42         305     -4   33 193  107   -7  204   -1  204   -1  24  0  0 L3P 10
G02 FF 61074 033000  780 578 3032     -302810    -76         307     +5   28  26   96   +5  215  +17  215   17  21  0  0 L3P F5
G03 FF 61074 033000  780 245 2291    -5807449    +85         321    -26   53  71  196  -42  249   -7  249   -7  42  0  0 L3P 49
G28 FF 61074 033000  780 636 1011    +6018556    -53         293     +7   20  70   91   +2  199   -6  199   -6  18  0  0 L3P 09
G31 FF 61074 033000  780 621  209    +1691477    -35         304    -13   25  31   92   -7  218   -7  218   -7  18  0  0 L3P FD
G32 FF 61074 033000  780 309 1293    +1108089   -183         307     -8   43  31  158  +26  245  +36  245   36  30  0  0 L3P 49
G01 FF 61074 035800  780 545 2628    -3369303    +55         316     +9   29 193  100   -2  199   -2  199   -2  20  0  0 L3P 2D
G02 FF 61074 035800  780 477 3213     -302950    -69         302    +12   41  26  110  +12  254  +12  254   12  33  0  0 L3P 19
G03 FF 61074 035800  780 345 2224    -5807300   +107         284     -3   35  71  143  -23  231  -21  231  -21  26  0  0 L3P 3F
G04 FF 61074 035800  780 228 2747     -419381    -27         330     -5   61   3  209  -41  362  -81  362  -81  44  0  0 L3P 2D
G28 FF 61074 035800  780 560 1234    +6018460    -58         299     +2   24  70   98   +7  192   -4  192   -4  19  0  0 L3P 15
G31 FF 61074 035800  780 735  442    +1691432    -12         296     +9   25  31   85   -2  192  -22  192  -22  19  0  0 L3P 15
G01 FF 61074 041400  780 546 2765    -3369268    +42         301     -5   43 194  100   +1  206   +9  206    9  32  0  0 L3P 0D
G02 FF 61074 041400  780 410 3279     -303024    -53         312    +27   38  30  124  +18  286  +42  286   42  31  0  0 L3P 24
G03 FF 61074 041400  780 408 2191    -5807186   +109         294     -1   32  89  125  -17  205  -14  205  -14  24  0  0 L3P 55
G04 FF 61074 041400  780 273 2681     -419403     -1         327    +21   39   4  177  -27  307  -64  307  -64  31  0  0 L3P 22
G28 FF 61074 041400  780 499 1302    +6018414    -37         315    +24   35  71  106  +10  199   -5  199   -5  25  0  0 L3P 3A
G31 FF 61074 041400  780 766  734    +1691424    -21         307     +1   28  32   84   +0  176   -2  176   -2  19  0  0 L3P E7
G01 FF 61074 043000  780 525 2895    -3369221    +31         304    -15   42 194  102   +4  211  +22  211   22  32  0  0 L3P 25
G02 FF 61074 043000  780 341 3331     -303104     +2         309    +82   40  30  144  +26  326  -19  326  -19  29  0  0 L3P 16
G03 FF 61074 043000  780 474 2163    -5807077    +94         297    -16   23  89  111  -13  183   -8  183   -8  18  0  0 L3P 4A
G04 FF 61074 043000  780 317 2612     -419427    -59         324    -37   40   4  155  -20  262   -2  262   -2  35  0  0 L3P 03
G26 FF 61074 043000  780 311  573    +3212911    +41         325    -18   45 118  157  -22  320  -42  320  -42  39  0  0 L3P 41
G28 FF 61074 043000  780 433 1342    +6018370    -52         329     +8   35  71  118  +15  194   -3  194   -3  25  0  0 L3P 1F
G31 FF 61074 043000  780 749 1050    +1691406     +7         309    +28   30  32   84   +2  168  -27  168  -27  20  0  0 L3P 1E
G01 FF 61074 044600  780 486 3007    -3369173    +83         307    +37   31 194  108   +8  228   -2  228   -2  23  0  0 L3P 39
G02 FF 61074 044600  780 273 3373     -303188    +25         302   +106   88  30  176  +41  385   +0  385    0  66  0  0 L3P 24
G03 FF 61074 044600  780 543 2142    -5806981   +100         288    -11   21  89  100   -9  179   +7  179    7  17  0  0 L3P 36
G04 FF 61074 044600  780 359 2538     -419455     +8         317    +30   35   4  138  -15  242  -38  242  -38  26  0  0 L3P 30
G26 FF 61074 044600  780 355  645    +3212967     +9         324    -50   55 118  140  -14  288   +9  288    9  42  0  0 L3P 2F
G28 FF 61074 044600  780 366 1361    +6018306    -70         322     -9   38  71  136  +22  215  +25  215   25  28  0  0 L3P 38
G31 FF 61074 044600  780 697 1238    +1691389    -10         314    +12   22  32   87   +4  166   -7  166   -7  16  0  0 L3P 1D
G01 FF 61074 050200  780 435 3097    -3369105    +27         331    -20   32 194  118  +12  238  +37  238   37  24  0  0 L3P 56
G03 FF 61074 050200  780 616 2131    -5806853   +106         310     -5   22  89   92   -7  159   +0  159    0  16  0  0 L3P FD
G04 FF 61074 050200  780 401 2461     -419450    -28         342     -6   36   4  126  -11  205   +3  205    3  29  0  0 L3P D6
G26 FF 61074 050200  780 391  728    +3213031    +36         331    -23   53 118  129   -9  255   -8  255   -8  37  0  0 L3P 25
G28 FF 61074 050200  780 300 1366    +6018263    -46         337    +14   26  71  162  +33  230  +28  230   28  19  0  0 L3P 3D
G31 FF 61074 050200  780 631 1327    +1691374    +10         320    +31   25  32   91   +6  167   -9  167   -9  19  0  0 L3P 08
G01 FF 61074 051800  780 378 3169    -3369038    +60         353    +13   55 194  132  +18  253  +33  253   33  44  0  0 L3P 64
G03 FF 61074 051800  780 692 2138    -5806746   +114         311     +4   21  89   87   -5  155   +1  155    1  15  0  0 L3P 07
G04 FF 61074 051800  780 443 2378     -419472     +9         341    +30   31   4  116   -9  194  -29  194  -29  23  0  0 L3P 1D
G26 FF 61074 051800  780 416  820    +3213090    +70         334    +11   51 118  122   -5  235  -17  235  -17  37  0  0 L3P 33
G28 FF 61074 051800  780 236 1360    +6018205    -77         337    -16   32  71  202  +52  267  +56  267   56  26  0  0 L3P 57
G31 FF 61074 051800  780 562 1366    +1691355    +16         321    +37   27  32   98   +8  174   -6  174   -6  19  0  0 L3P 22
G01 FF 61074 053400  780 317 3227    -3368998    +77         348    +30   46 194  154  +27  293  +22  293   22  32  0  0 L3P 74
G03 FF 61074 053400  780 769 2195    -5806637    +78         314    -33   17  89   83   -3  154  +25  154   25  11  0  0 L3P 41
G04 FF 61074 053400  780 483 2290     -419484    -32         350    -11   26   4  109   -7  179   -8  179   -8  19  0  0 L3P 13
G09 FF 61074 053400  780 213 2494    -7702813     +8         337     +5   72  56  223  -46  293  -51  293  -51  54  0  0 L3P 47
G26 FF 61074 053400  780 429  918    +3213155    +65         342     +6   39 118  119   -1  215  -12  215  -12  28  0  0 L3P 30
G28 FF 61074 053400  780 174 1346    +6018180    -64         370     -4   44  71  268  +92  284  +58  284   58  32  0  0 L3P 54
G31 FF 61074 053400  780 493 1378    +1691342     -9         329    +12   27  32  107  +11  181  +11  181   11  20  0  0 L3P 25
G03 FF 61074 055000  780 838 2473    -5806525   +119         321     +9   16  89   82   -1  151   -8  151   -8  11  0  0 L3P 19
G04 FF 61074 055000  780 523 2194     -419498    -34         356    -13   19   4  103   -6  167   -7  167   -7  13  0  0 L3P 0B
G09 FF 61074 055000  780 259 2437    -7702787     -9         360    -12   53  56  186  -32  244  -22  244  -22  41  0  0 L3P 57
G16 FF 61074 055000  780 402  557    -2005341   -118         341    -43   36  44  126  -14  239   +3  239    3  29  0  0 L3P 1E
G26 FF 61074 055000  780 426 1017    +3213205    +56         335     -3   31 118  120   +2  210   -2  210   -2  23  0  0 L3P ED
G31 FF 61074 055000  780 426 1375    +1691325    -17         333     +4   24  32  120  +16  198  +22  198   22  16  0  0 L3P 2E
G03 FF 61074 060600  780 832 3274    -5806428    +86         333    -23   25   0   82   +1  154  +18  154   18  17  0  0 L3P 17
G04 FF 61074 060600  780 562 2087     -419534     +6         344    +28   23   5   98   -4  169  -31  169  -31  19  0  0 L3P 11
G09 FF 61074 060600  780 306 2380    -7702806     +2         334     -1   37  57  159  -24  232  -22  232  -22  25  0  0 L3P 2D
G16 FF 61074 060600  780 448  641    -2005411    -72         343     +3   42  54  115   -9  210  -15  210  -15  32  0  0 L3P 06
G26 FF 61074 060600  780 409 1109    +3213273    +60         344     +1   29 119  124   +6  199   -4  199   -4  22  0  0 L3P 21
G31 FF 61074 060600  780 361 1362    +1691289    -18         315     +4   37  33  138  +22  223   +7  223    7  29  0  0 L3P 13
G03 FF 61074 062200  780 758 3514    -5806316   +110         340     +1   18   0   84   +3  157   -1  157   -1  12  0  0 L3P E7
G04 FF 61074 062200  780 598 1967     -419550    -42         349    -21   21   5   94   -3  158   +0  158    0  16  0  0 L3P E9
G06 FF 61074 062200  780 142 2363    +6079060     +6         349    -21   52  19  326  -18  307   -6  307   -6  36  0  0 L3P 25
G09 FF 61074 062200  780 355 2323    -7702798    -18         339    -21   33  57  140  -18  213  -11  213  -11  26  0  0 L3P 56
G16 FF 61074 062200  780 483  741    -2005480    -72         345     +3   38  54  109   -5  193  -30  193  -30  26  0  0 L3P 21
G26 FF 61074 062200  780 378 1189    +3213320    +75         334    +15   43 119  132  +11  211  -13  211  -13  31  0  0 L3P 48
G31 FF 61074 062200  780 299 1340    +1691270    -33         317    -12   42  33  162  +31  245  +28  245   28  28  0  0 L3P 43
G03 FF 61074 063800  780 674 3574    -5806214    +97         337    -12   24   0   88   +6  166  +24  166   24  18  0  0 L3P 2B
G04 FF 61074 063800  780 630 1828     -419583    -15         337     +7   16   5   91   -2  157  -12  157  -12  12  0  0 L3P 03
G06 FF 61074 063800  780 145 2434    +6079083     +2         347    -24   37  19  320   +5  302  +19  302   19  26  0  0 L3P 25
G09 FF 61074 063800  780 407 2265    -7702804    -57         329    -60   31  57  125  -14  198  +29  198   29  18  0  0 L3P 72
G16 FF 61074 063800  780 504  855    -2005563   -106         335    -31   28  54  105   -2  184  +16  184   16  21  0  0 L3P 36
G26 FF 61074 063800  780 337 1254    +3213372    +33         329    -26   43 119  146  +18  221  +37  221   37  32  0  0 L3P 58
G31 FF 61074 063800  780 239 1313    +1691277    +41         345    +62   48  33  199  +46  254   +2  254    2  36  0  0 L3P 31
G03 FF 61074 065400  780 590 3595    -5806112    +73         334    -36   24   0   95   +9  181  +42  181   42  16  0  0 L3P 1C
G04 FF 61074 065400  780 655 1666     -419614    -29         327     -7   18   5   89   -1  155   -3  155   -3  14  0  0 L3P EF
G06 FF 61074 065400  780 138 2505    +6079105     +2         343    -24   56  19  335  +29  320  +39  320   39  40  0  0 L3P 38
G07 FF 61074 065400  780 258 2883    +1439418    +25         320    -25   59  11  186  -36  303  -39  303  -39  43  0  0 L3P 6B
G09 FF 61074 065400  780 462 2206    -7702795    -34         335    -37   27  57  113  -11  178  +17  178   17  18  0  0 L3P 66
G16 FF 61074 065400  780 507  974    -2005638    -54         332    +21   40  54  105   +1  179  -25  179  -25  33  0  0 L3P 39
G26 FF 61074 065400  780 289 1303    +3213430    +44         330    -15   48 119  168  +28  236  +39  236   39  36  0  0 L3P 68
G31 FF 61074 065400  780 183 1282    +1691234   +114         323   +135   55  33  256  +75  306  -66  306  -66  44  0  0 L3P 81
G03 FF 61074 071000  780 506    5    -5806007   +106         334     -3   28   0  105  +13  198  +24  198   24  22  0  0 L3P EF
G04 FF 61074 071000  780 668 1481     -419639    -10         322    +12   28   5   88   +0  151  -16  151  -16  21  0  0 L3P 04
G07 FF 61074 071000  780 310 2818    +1439473    +89         328    +39   57  11  158  -24  256  -58  256  -58  45  0  0 L3P 79
G09 FF 61074 071000  780 519 2144    -7702808     -3         319     -6   21  57  103   -9  174  -12  174  -12  15  0  0 L3P 22
G16 FF 61074 071000  780 491 1086    -2005712    -89         329    -14   41  54  107   +4  177   -1  177   -1  31  0  0 L3P 1E
G26 FF 61074 071000  780 235 1339    +3213473    +74         317    +15   43 119  202  +46  268  +12  268   12  34  0  0 L3P 54
G03 FF 61074 072600  780 424   11    -5805915   +115         322     +6   52   0  120  +19  234  +26  234   26  36  0  0 L3P FE
G04 FF 61074 072600  780 667 1285     -419665    -22         317     -1   22   5   88   +1  152   +0  152    0  16  0  0 L3P C6
G07 FF 61074 072600  780 360 2746    +1439534    +22         340    -28   38  11  138  -17  218   -5  218   -5  30  0  0 L3P 35
G09 FF 61074 072600  780 579 2077    -7702795    +25         328    +22   17  57   96   -7  154  -21  154  -21  13  0  0 L3P 4F
G16 FF 61074 072600  780 459 1181    -2005788    -78         326     -3   40  54  113   +8  182   +5  182    5  31  0  0 L3P 0C
G04 FF 61074 074200  780 650 1098     -419687    -67         315    -45   28   5   90   +2  153  +27  153   27  19  0  0 L3P 18
G07 FF 61074 074200  780 408 2667    +1439579    +22         338    -28   35  11  124  -12  194   -6  194   -6  28  0  0 L3P 4A
G09 FF 61074 074200  780 641 1998    -7702796     -5         324     -8   19  57   90   -5  145  -12  145  -12  13  0  0 L3P 2B
G16 FF 61074 074200  780 415 1255    -2005866    -29         320    +46   29  54  122  +12  192  -19  192  -19  22  0  0 L3P 59
G03 FF 61074 075800  780 267   22    -5805704   +194         324    +85   73   0  180  +48  310  -28  310  -28  57  0  0 L3P 3D
G04 FF 61074 075800  780 617  936     -419713     -2         310    +20   24   5   92   +3  160   -2  160   -2  17  0  0 L3P B9
G07 FF 61074 075800  780 454 2578    +1439616    +45         326     -5   35  11  114   -9  175   -9  175   -9  27  0  0 L3P 30
G09 FF 61074 075800  780 703 1894    -7702796    +14         321    +11   18  57   86   -4  141  -10  141  -10  12  0  0 L3P 35
G16 FF 61074 075800  780 363 1308    -2005923    -51         335    +24   30  54  137  +18  192   +4  192    4  21  0  0 L3P 20
G04 FF 61074 081400  780 574  802     -419735    -30         308     -8   28   6   96   +5  167  +15  167   15  20  0  0 L3P EC
G07 FF 61074 081400  780 497 2480    +1439687    +47         346     -3   31  12  107   -7  160   +0  160    0  23  0  0 L3P FE
G09 FF 61074 081400  780 764 1726    -7702782     +1         333     -2   20  58   84   -2  130   -3  130   -3  15  0  0 L3P E4
G16 FF 61074 081400  780 306 1344    -2005983    -52         347    +23   31  55  159  +28  203   +4  203    4  25  0  0 L3P 1C
G30 FF 61074 081400  780 227 2687    -1087855    -89         335    +36   63  86  209  -41  262  -70  262  -70  47  0  0 L3P 7C
G04 FF 61074 083000  780 523  695     -419749    -16         314     +5   27   6  103   +8  176  +22  176   22  21  0  0 L3P F3
G07 FF 61074 083000  780 536 2369    +1439737    +51         348     +1   27  12  101   -5  151  -13  151  -13  18  0  0 L3P 29
G08 FF 61074 083000  780 295  648    -4965399     +5         330    -42   74  57  165  -22  258  +18  258   18  61  0  0 L3P 51
G09 FF 61074 083000  780 808 1387    -7702776    +10         336     +7   25  58   82   -1  128   -1  128   -1  21  0  0 L3P 06
G16 FF 61074 083000  780 247 1366    -2006057     -8         345    +67   48  55  193  +45  227  -17  227  -17  32  0  0 L3P 58
G21 FF 61074 083000  780 150 2227    -3922145    -15         353    +48   40 221  311  -93  260  -57  260  -57  28  0  0 L3P 63
G27 FF 61074 083000  780 248  997     +326220    +33         346    -55   46  36  193   -9  245  +27  245   27  36  0  0 L3P 2F
G30 FF 61074 083000  780 273 2625    -1087952    -31         359    +94   50  86  177  -28  214  -92  214  -92  38  0  0 L3P 75
G04 FF 61074 084600  780 466  608     -419782    -42         302    -21   42   6  112  +11  196  +31  196   31  32  0  0 L3P 10
G07 FF 61074 084600  780 570 2245    +1439764    +34         327    -16   22  12   97   -4  150   -8  150   -8  16  0  0 L3P 19
G08 FF 61074 084600  780 333  722    -4965358    +18         325    -29   67  57  148  -14  233   -1  233   -1  51  0  0 L3P 36
G09 FF 61074 084600  780 802  886    -7702782     -4         326     -8   24  58   82   +1  132   +4  132    4  17  0  0 L3P DD
G16 FF 61074 084600  780 187 1377    -2006101     +5         373    +80   55  55  251  +79  228  -44  228  -44  49  0  0 L3P 5B
G21 FF 61074 084600  780 192 2277    -3922222    -10         336    +52   39 221  246  -48  248  -60  248  -60  30  0  0 L3P 70
G30 FF 61074 084600  780 319 2559    -1088082   -170         349    -45   47  86  154  -20  199   -2  199   -2  36  0  0 L3P 6C
G04 FF 61074 090200  780 405  538     -419794    -16         311     +6   38   6  125  +16  205   +3  205    3  33  0  0 L3P D4
G07 FF 61074 090200  780 598 2106    +1439809    +20         324    -30   16  12   94   -2  138  +10  138   10  11  0  0 L3P 14
G08 FF 61074 090200  780 364  804    -4965305    +58         333    +11   44  57  137   -9  208  -23  208  -23  34  0  0 L3P 3E
G09 FF 61074 090200  780 750  585    -7702782     -9         324    -12   29  58   84   +3  137  +16  137   16  22  0  0 L3P 17
G21 FF 61074 090200  780 225 2338    -3922279     -5         339    +57   33 221  211  -27  230  -56  230  -56  23  0  0 L3P 55
G30 FF 61074 090200  780 365 2491    -1088198   -126         353     -1   32  86  137  -15  176  -19  176  -19  25  0  0 L3P 70
G07 FF 61074 091800  780 619 1953    +1439848    +24         315    -26   28  12   92   -1  136  +10  136   10  20  0  0 L3P 26
G08 FF 61074 091800  780 384  894    -4965261    +60         331    +12   42  57  131   -4  194  -23  194  -23  32  0  0 L3P 42
G09 FF 61074 091800  780 680  441    -7702781     +2         321     -1   26  58   88   +5  144   +9  144    9  19  0  0 L3P E1
G21 FF 61074 091800  780 249 2407    -3922326    -67         352     -5   28 221  192  -14  212   +1  212    1  24  0  0 L3P 1C
G30 FF 61074 091800  780 411 2418    -1088322   -134         349     -9   50  86  124  -12  158  -15  158  -15  36  0  0 L3P 62
G07 FF 61074 093400  780 630 1787    +1439885    +28         304    -22   21  12   91   -1  140  +10  140   10  16  0  0 L3P 14
G08 FF 61074 093400  780 391  987    -4965221    +19         324    -29   40  57  129   +0  185  +10  185   10  30  0  0 L3P 33
G09 FF 61074 093400  780 606  358    -7702790    -10         309    -13   22  58   93   +7  157  +26  157   26  16  0  0 L3P 2B
G14 FF 61074 093400  780 339 3096    -7325857    -18         311     +3   41 213  146  -25  234  -36  234  -36  27  0  0 L3P 65
G21 FF 61074 093400  780 262 2484    -3922395    -52         342    +11   32 221  183   -5  212  -15  212  -15  27  0  0 L3P 4B
G27 FF 61074 093400  780 209 1282     +326550   +114         335    +25   44  36  226  +32  233   -1  233   -1  32  0  0 L3P 1E
G30 FF 61074 093400  780 457 2342    -1088458   -155         333    -30   23  86  113   -9  154   +4  154    4  17  0  0 L3P 2E
G05 FF 61074 095000  780 125 2296    +2283689     +8         325     +2   36  24  369  -51  254   -9  254   -9  24  0  0 L3P 28
G07 FF 61074 095000  780 630 1617    +1439938    +22         309    -28   19  12   91   +0  134  +19  134   19  12  0  0 L3P 26
G08 FF 61074 095000  780 383 1079    -4965178    +30         322    -18   67  57  131   +4  178  +12  178   12  51  0  0 L3P 4C
G09 FF 61074 095000  780 529  303    -7702788    +25         307    +21   35  58  102  +11  169  -15  169  -15  26  0  0 L3P 51
G14 FF 61074 095000  780 403 3039    -7325870    -34         319    -12   43 213  126  -17  194  -29  194  -29  29  0  0 L3P 7C
G21 FF 61074 095000  780 263 2564    -3922474   -102         324    -40   38 221  183   +3  223  +24  223   24  29  0  0 L3P 50
G30 FF 61074 095000  780 504 2259    -1088583   -140         328    -15   28  86  105   -7  143   +0  143    0  20  0  0 L3P 1E
G05 FF 61074 100600  780 137 2361    +2283705    -35         334    -40   62  25  337  -19  243  +13  243   13  42  0  0 L3P 3A
G07 FF 61074 100600  780 620 1450    +1439982    +44         302     -6   23  28   92   +1  133   -5  133   -5  17  0  0 L3P ED
G08 FF 61074 100600  780 362 1163    -4965136    +24         312    -24   53  58  137   +9  178  +17  178   17  40  0  0 L3P 44
G09 FF 61074 100600  780 453  264    -7702797     -4         292     -7   32  65  114  +16  188  +16  188   16  22  0  0 L3P 28
G14 FF 61074 100600  780 465 2970    -7325902    -17         306     +5   38 214  112  -12  176  -32  176  -32  27  0  0 L3P 56
G21 FF 61074 100600  780 252 2644    -3922529    -41         335    +22   55 222  190  +12  218  -19  218  -19  39  0  0 L3P 67
G30 FF 61074 100600  780 551 2167    -1088711   -144         316    -19   21   9   99   -6  138  +11  138   11  17  0  0 L3P 26
G05 FF 61074 102200  780 140 2430    +2283685    -27         309    -33   74  25  331   +5  247  +19  247   19  56  0  0 L3P 3A
G07 FF 61074 102200  780 599 1296    +1440019    -15         292    -65   21  28   94   +2  130  +46  130   46  16  0  0 L3P 23
G08 FF 61074 102200  780 329 1235    -4965092    +93         311    +45   42  58  149  +16  180  -17  180  -17  33  0  0 L3P 5E
G09 FF 61074 102200  780 377  235    -7702802    -83         283    -87   52  65  133  +23  203  +68  203   68  39  0  0 L3P 4A
G14 FF 61074 102200  780 523 2885    -7325915    -23         313     -1   39 214  103   -8  151  -15  151  -15  30  0  0 L3P 35
G21 FF 61074 102200  780 231 2721    -3922593   -109         331    -46   49 222  206  +22  227  +46  227   46  34  0  0 L3P 66
G22 FF 61074 102200  780 342 3004     +511962   -138         304    -91   36  86  145  -22  203  +30  203   30  29  0  0 L3P 2E
G30 FF 61074 102200  780 597 2062    -1088829   -143         317    -17   23   9   94   -5  127   -3  127   -3  15  0  0 L3P 17
G05 FF 61074 103800  780 133 2500    +2283706    +39         325    +33   67  25  347  +29  243  -19  243  -19  49  0  0 L3P 60
G07 FF 61074 103800  780 570 1158    +1440084    +49         308     -1   39  28   97   +4  118   +7  118    7  28  0  0 L3P FE
G08 FF 61074 103800  780 286 1293    -4965037    +44         319     -3   48  58  169  +26  187  +19  187   19  35  0  0 L3P 68
G09 FF 61074 103800  780 303  214    -7702785    +92         297    +89   61  65  161  +36  211  -36  211  -36  45  0  0 L3P 55
G13 FF 61074 103800  780 173 2209    -6878031    -54         326    -65   55  71  272  -95  211  +32  211   32  41  0  0 L3P 4C
G14 FF 61074 103800  780 577 2780    -7325948    -52         301    -30   23 214   96   -6  143  +14  143   14  17  0  0 L3P 3E
G21 FF 61074 103800  780 202 2793    -3922658   -129         326    -66   79 222  233  +37  238  +56  238   56  55  0  0 L3P 90
G22 FF 61074 103800  780 398 2939     +511907     +9         294    +56   50  86  127  -15  176  -65  176  -65  34  0  0 L3P 5C
G30 FF 61074 103800  780 640 1937    -1088950   -143         316    -18   19   9   90   -3  114   +6  114    6  13  0  0 L3P 04
G07 FF 61074 105400  780 533 1037    +1440129    +81         305    +31   43  28  101   +5  130  -15  130  -15  29  0  0 L3P 21
G08 FF 61074 105400  780 237 1337    -4964989    +48         322     +0   58  58  201  +42  198  +27  198   27  49  0  0 L3P 62
G13 FF 61074 105400  780 234 2218    -6878029    +31         317    +20   34  71  204  -52  189  -37  189  -37  28  0  0 L3P 68
G14 FF 61074 105400  780 623 2648    -7325972    -34         299    -12   20 214   92   -4  135   +7  135    7  14  0  0 L3P 1E
G22 FF 61074 105400  780 451 2862     +511859    -53         290     -7   42  86  115  -11  167   -9  167   -9  31  0  0 L3P 1F
G30 FF 61074 105400  780 678 1780    -1089084   -114         303    +12   23   9   88   -2  112  -11  112  -11  16  0  0 L3P 21
G07 FF 61074 111000  780 492  931    +1440186     -9         314    -59   24  28  107   +7  135  +45  135   45  18  0  0 L3P 17
G13 FF 61074 111000  780 295 2237    -6878003     -3         332    -15   33  71  165  -32  160  -21  160  -21  25  0  0 L3P 31
G14 FF 61074 111000  780 657 2484    -7325997    -22         294     +0   24 214   89   -2  134  -17  134  -17  17  0  0 L3P 40
G22 FF 61074 111000  780 501 2772     +511817    -30         293    +17   34  86  106   -8  153  -36  153  -36  26  0  0 L3P 2C
G30 FF 61074 111000  780 706 1581    -1089205   -149         301    -24   20   9   86   -1  111   +7  111    7  16  0  0 L3P EA
G07 FF 61074 112600  780 446  839    +1440225    +48         305     -2   40  28  116  +10  153  +11  153   11  27  0  0 L3P 0D
G13 FF 61074 112600  780 355 2271    -6878007    +21         318    +10   30  71  140  -21  151   -2  151   -2  22  0  0 L3P 11
G14 FF 61074 112600  780 677 2292    -7326010     +6         302    +27   25 214   88   -1  116  -29  116  -29  17  0  0 L3P 33
G17 FF 61074 112600  780 411 3557     +518565   +169         325    +59   52  72  124  -20  183  -31  183  -31  38  0  0 L3P 61
G22 FF 61074 112600  780 546 2666     +511773    -31         294    +16   32  86  100   -5  146  -23  146  -23  23  0  0 L3P 2E
G30 FF 61074 112600  780 716 1346    -1089334   -131         293     -6   22   9   86   +0  114   +6  114    6  16  0  0 L3P E8
G07 FF 61074 114200  780 397  758    +1440273    +48         305     -2   43  28  127  +14  169  +26  169   26  29  0  0 L3P 38
G13 FF 61074 114200  780 410 2323    -6877995    +22         319    +11   29  71  124  -14  143  -22  143  -22  25  0  0 L3P 4C
G14 FF 61074 114200  780 680 2087    -7326033    -27         299     -5   21 214   88   +0  118  +13  118   13  15  0  0 L3P 22
G15 FF 61074 114200  780 144 2234    -3825401    +45         337    +80   41  41  323  -95  209  -99  209  -99  33  0  0 L3P 64
G22 FF 61074 114200  780 584 2541     +511735    -51         301     -4   25  86   95   -4  135   -5  135   -5  18  0  0 L3P E8
G30 FF 61074 114200  780 703 1110    -1089446    -96         301    +29   21   9   86   +1  114  -13  114  -13  14  0  0 L3P 07
G07 FF 61074 115800  780 345  688    +1440341    +15         325    -35   57  28  143  +20  174  +26  174   26  42  0  0 L3P 3B
G13 FF 61074 115800  780 457 2396    -6877981    +12         322     +0   51  71  113   -9  134   -2  134   -2  39  0  0 L3P 18
G14 FF 61074 115800  780 666 1894    -7326042    -23         311     -1   17 214   88   +1  111   -4  111   -4  13  0  0 L3P 00
G15 FF 61074 115800  780 184 2280    -3825443    +32         328    +66   58  41  256  -50  200  -72  200  -72  42  0  0 L3P 56
G17 FF 61074 115800  780 571 3565     +518753   +145         300    +35   25  72   97   -9  169  -69  169  -69  19  0  0 L3P 65
G22 FF 61074 115800  780 614 2397     +511702    -25         312    +22   31  86   93   -2  121  -21  121  -21  24  0  0 L3P 05
G30 FF 61074 115800  780 670  912    -1089558   -110         309    +15   24   9   88   +3  114  -16  114  -16  16  0  0 L3P 23
G07 FF 61074 121400  780 292  626    +1440442    +47         370     -3   74  30  166  +29  160  +34  160   34  56  0  0 L3P 1E
G13 FF 61074 121400  780 493 2493    -6877967     +3         328     -9   45  74  107   -5  127   -4  127   -4  32  0  0 L3P 1A
G14 FF 61074 121400  780 641 1726    -7326068    -17         304     +4   22 215   90   +2  110  -12  110  -12  17  0  0 L3P 11
G15 FF 61074 121400  780 217 2336    -3825471    -87         334    -53   51  42  219  -28  172  -18  172  -18  39  0  0 L3P 6A
G17 FF 61074 121400  780 653 3577     +518861   +118         301     +7   26  73   90   -6  138  -30  138  -30  19  0  0 L3P 2A
G19 FF 61074 121400  780 428 3428    -6884845    -96         279    -79   41  53  120  -19  226  +36  226   36  35  0  0 L3P 77
G22 FF 61074 121400  780 634 2235     +511650    -60         310    -13   28  98   91   -1  115   -1  115   -1  20  0  0 L3P DC
G30 FF 61074 121400  780 622  763    -1089684   -124         306     +1   27  10   92   +5  117   +5  117    5  18  0  0 L3P E7
G13 FF 61074 123000  780 512 2610    -6877965    +12         319     +1   27  74  104   -1  133  +11  133   11  19  0  0 L3P 10
G14 FF 61074 123000  780 608 1585    -7326093     -6         299    +16   28 215   93   +3  103  -12  103  -12  20  0  0 L3P 29
G15 FF 61074 123000  780 241 2401    -3825506    -43         332     -9   65  42  198  -15  154  +23  154   23  48  0  0 L3P 34
G17 FF 61074 123000  780 735   13     +518958   +117         292     +7   17  73   85   -4  121  -19  121  -19  13  0  0 L3P 00
G19 FF 61074 123000  780 509 3408    -6884855    -18         285     -1   45  53  105  -13  166  -54  166  -54  30  0  0 L3P 5D
G22 FF 61074 123000  780 641 2062     +511603    -29         308    +18   25  98   90   +0  104  -21  104  -21  17  0  0 L3P 02
G30 FF 61074 123000  780 567  651    -1089807   -155         303    -30   27  10   97   +7  120  +38  120   38  21  0  0 L3P 1C
G13 FF 61074 124600  780 511 2736    -6877963    +14         310     +3   38  74  104   +2  148  +15  148   15  26  0  0 L3P 2B
G14 FF 61074 124600  780 571 1464    -7326120    -46         294    -24   17 215   97   +4  103  +19  103   19  11  0  0 L3P 34
G15 FF 61074 124600  780 255 2472    -3825552     -3         318    +31   66  42  188   -6  173   +3  173    3  51  0  0 L3P 0A
G17 FF 61074 124600  780 814  147     +519062   +124         290    +13   26  73   82   -2  110  -18  110  -18  21  0  0 L3P 0D
G19 FF 61074 124600  780 592 3382    -6884876    -17         281     +0   25  53   95   -9  139  -23  139  -23  19  0  0 L3P 4C
G22 FF 61074 124600  780 637 1889     +511560    -28         309    +19   28  98   91   +1   92  -15   92  -15  19  0  0 L3P 1A
G30 FF 61074 124600  780 506  566    -1089934    -75         296    +50   37  10  105  +10  133  -26  133  -26  25  0  0 L3P 44
G13 FF 61074 130200  780 490 2858    -6877955    -20         307    -31   24  74  108   +5  161  +23  161   23  17  0  0 L3P 3E
G14 FF 61074 130200  780 532 1359    -7326142     -2         293    +20   30 215  101   +6  104  -20  104  -20  22  0  0 L3P 14
G15 FF 61074 130200  780 258 2548    -3825596    -58         308    -24   87  42  186   +2  193  +27  193   27  65  0  0 L3P 5F
G17 FF 61074 130200  780 855  861     +519168    +96         290    -14   26  73   82   +0   99   +8   99    8  20  0  0 L3P DA
G19 FF 61074 130200  780 675 3343    -6884887    -17         287     +0   25  53   88   -6  111  -25  111  -25  18  0  0 L3P 3A
G22 FF 61074 130200  780 622 1726     +511507    -35         300    +11   21  98   92   +2   96  -14   96  -14  15  0  0 L3P EE
G30 FF 61074 130200  780 442  499    -1090064    -79         286    +46   36  10  116  +14  152  -39  152  -39  27  0  0 L3P 4C
G13 FF 61074 131800  780 452 2963    -6877943    +27         308    +15   39  74  114   +9  159  -29  159  -29  28  0  0 L3P 75
G14 FF 61074 131800  780 491 1265    -7326166    -22         289     +0   28 215  107   +7  107   -6  107   -6  20  0  0 L3P 20
G15 FF 61074 131800  780 250 2625    -3825619    -55         317    -21   78  42  191   +9  191  +24  191   24  58  0  0 L3P 4B
G17 FF 61074 131800  780 796 1348     +519263   +110         279     -1   21  73   83   +2  101  -12  101  -12  15  0  0 L3P 0F
G19 FF 61074 131800  780 758 3275    -6884904    -26         285     -9   22  53   84   -3   93  -11   93  -11  17  0  0 L3P 23
G22 FF 61074 131800  780 599 1577     +511463    -56         301     -9   20  98   94   +3   92   +7   92    7  15  0  0 L3P D3
G24 FF 61074 131800  780 163 2242    +1368716   -200         316    -45   66  54  288 -102  181   -9  181   -9  50  0  0 L3P 60
G13 FF 61074 133400  780 403 3051    -6877942    -15         298    -26   42  74  125  +14  171  +34  171   34  30  0  0 L3P 4C
G14 FF 61074 133400  780 449 1179    -7326209    -53         267    -31   39 215  115   +9  126  +29  126   29  30  0  0 L3P 5A
G15 FF 61074 133400  780 232 2701    -3825670    -63         299    -29   74  42  205  +19  222  +47  222   47  48  0  0 L3P 59
G17 FF 61074 133400  780 718 1430     +519366   +101         276     -9   27  73   86   +4   96   +6   96    6  20  0  0 L3P E0
G19 FF 61074 133400  780 836 3085    -6884918    -13         289     +4   20  53   82   -1   81   -7   81   -7  13  0  0 L3P F5
G22 FF 61074 133400  780 569 1445     +511406    -77         289    -30   26  98   97   +4   95  +24   95   24  18  0  0 L3P 12
G24 FF 61074 133400  780 221 2245    +1368565   -232         314    -77   51  54  215  -56  147  +27  147   27  37  0  0 L3P 68
G06 FF 61074 135000  780 344  261    +6079700    +44         283    +18   40  39  144  -26  177  -54  177  -54  32  0  0 L3P 4F
G13 FF 61074 135000  780 348 3123    -6877921    -41         308    -52   38  74  142  +21  184  +83  184   83  28  0  0 L3P 5E
G14 FF 61074 135000  780 407 1099    -7326219    -66         277    -44   46 215  124  +11  130  +34  130   34  36  0  0 L3P 58
G15 FF 61074 135000  780 206 2773    -3825684    +10         317    +44   58  42  228  +32  229   -5  229   -5  44  0  0 L3P 3D
G17 FF 61074 135000  780 640 1443     +519471   +116         275     +5   30  73   90   +6  101   +9  101    9  21  0  0 L3P DC
G19 FF 61074 135000  780 859 2057    -6884926    -15         296     +2   26  53   82   +1   76   -3   76   -3  18  0  0 L3P FC
G22 FF 61074 135000  780 535 1326     +511362     -4         290    +43   26  98  101   +5   97  -26   97  -26  19  0  0 L3P 03
G24 FF 61074 135000  780 280 2257    +1368410   -140         309    +16   57  54  173  -35  129  -21  129  -21  40  0  0 L3P 5F
G06 FF 61074 140600  780 414  306    +6079725     +1         280    -25   37  40  123  -18  148   +5  148    5  25  0  0 L3P FF
G14 FF 61074 140600  780 364 1024    -7326243   -110         277    -89   44 216  136  +14  141  +82  141   82  33  0  0 L3P 68
G17 FF 61074 140600  780 565 1433     +519584   +120         280    +10   28  74   97   +9  100   -1  100   -1  22  0  0 L3P FB
G19 FF 61074 140600  780 790 1692    -6884940    -11         297     +6   20  60   83   +2   73   +0   73    0  14  0  0 L3P D4
G22 FF 61074 140600  780 497 1220     +511316    +20         288    +67   30 112  106   +6  104  -40  104  -40  22  0  0 L3P 1D
G24 FF 61074 140600  780 338 2282    +1368261   -192         311    -36   37  61  146  -23  117  +12  117   12  26  0  0 L3P 53
G06 FF 61074 142200  780 483  365    +6079750    +12         280    -15   37  40  109  -12  129   -7  129   -7  27  0  0 L3P 28
G12 FF 61074 142200  780 180 2460    +6072097   -130         307   -133   72   8  261  -65  181  +95  181   95  51  0  0 L3P 60
G14 FF 61074 142200  780 321  954    -7326248     -6         293    +15   42 216  152  +19  146   -9  146   -9  30  0  0 L3P 29
G17 FF 61074 142200  780 492 1412     +519693    +75         283    -36   36  74  107  +12  102  +34  102   34  28  0  0 L3P 34
G19 FF 61074 142200  780 715 1593    -6884959    -20         295     -3   24  60   86   +4   77   -1   77   -1  16  0  0 L3P FA
G22 FF 61074 142200  780 457 1123     +511267    -39         284     +8   35 112  113   +8  114   -1  114   -1  25  0  0 L3P F5
G24 FF 61074 142200  780 394 2322    +1368102   -173         301    -18   41  61  128  -15  113   +8  113    8  31  0  0 L3P 20
G06 FF 61074 143800  780 548  447    +6079780    +53         285    +27   29  40   99   -8  116  -32  116  -32  21  0  0 L3P 3C
G12 FF 61074 143800  780 227 2410    +6072128    +15         334    +11   62   8  210  -43  138  -13  138  -13  43  0  0 L3P 2D
G17 FF 61074 143800  780 423 1384     +519825    +45         309    -65   34  74  120  +16   98  +61   98   61  25  0  0 L3P 2E
G19 FF 61074 143800  780 643 1532    -6884973    -37         297    -20   23  60   90   +6   82  +22   82   22  16  0  0 L3P 1A
G22 FF 61074 143800  780 414 1035     +511221    -52         282     -5   39 112  122  +11  125  +25  125   25  27  0  0 L3P 16
G24 FF 61074 143800  780 445 2381    +1367958   -121         306    +34   34  61  116  -10  105  -24  105  -24  27  0  0 L3P 61
G06 FF 61074 145400  780 603  563    +6079830    +36         309    +10   28  40   94   -5   98   -2   98   -2  20  0  0 L3P E5
G11 FF 61074 145400  780 328 3591    +4516065   -255         308   -123   75  56  150  -32  172  +86  172   86  69  0  0 L3P 88
G12 FF 61074 145400  780 276 2360    +6072138    -56         341    -59   56   8  175  -30  114  +19  114   19  36  0  0 L3P 43
G17 FF 61074 145400  780 357 1351     +519914    +72         292    -38   44  74  139  +22  126  +51  126   51  32  0  0 L3P 40
G19 FF 61074 145400  780 574 1482    -6884970    +20         316    +37   35  60   96   +7   74  -15   74  -15  25  0  0 L3P 2F
G22 FF 61074 145400  780 370  953     +511190    -27         296    +19   44 112  135  +15  129   -3  129   -3  31  0  0 L3P 1A
G24 FF 61074 145400  780 487 2463    +1367819   -141         317    +15   40  61  108   -6  101   -6  101   -6  31  0  0 L3P 2B
G06 FF 61074 151000  780 640  724    +6079863    +40         317    +14   33  40   90   -2   89  -15   89  -15  25  0  0 L3P 04
G12 FF 61074 151000  780 327 2311    +6072123    -43         323    -46   33   8  150  -22  120  +22  120   22  23  0  0 L3P 06
G17 FF 61074 151000  780 295 1314     +520049   +117         321     +7   58  74  164  +31  119   +6  119    6  41  0  0 L3P 0A
G19 FF 61074 151000  780 509 1434    -6884983    -19         320     -2   27  60  105  +10   78   +9   78    9  19  0  0 L3P 0A
G22 FF 61074 151000  780 323  879     +511151    -64         302    -18   56 112  151  +20  143  +18  143   18  43  0  0 L3P 20
G24 FF 61074 151000  780 516 2568    +1367678   -160         326     -4   42  61  104   -3   93   +1   93    1  30  0  0 L3P EC
G06 FF 61074 152600  780 648  914    +6079893    +45         322    +19   36  40   90   +1   85  -15   85  -15  25  0  0 L3P 15
G11 FF 61074 152600  780 484   11    +4515804   -113         300    +19   38  56  109  -14  133  -38  133  -38  26  0  0 L3P 3D
G12 FF 61074 152600  780 381 2264    +6072138    +48         334    +45   40   8  132  -17   99  -34   99  -34  31  0  0 L3P 30
G17 FF 61074 152600  780 237 1274     +520130   +202         297    +92   46  74  201  +46  154  -37  154  -37  33  0  0 L3P 55
G19 FF 61074 152600  780 447 1388    -6884984    -10         335     +7   29  60  115  +13   77  +15   77   15  19  0  0 L3P 39
G24 FF 61074 152600  780 528 2691    +1367533   -141         330    +15   31  61  102   +0   91   -9   91   -9  21  0  0 L3P 05
G06 FF 61074 154200  780 626 1090    +6079920    +29         324     +3   18  40   92   +3   79   -5   79   -5  13  0  0 L3P E4
G11 FF 61074 154200  780 566   28    +4515681   -139         303     -8   24  56   97  -10  112   -8  112   -8  17  0  0 L3P 03
G12 FF 61074 154200  780 438 2219    +6072131    +33         324    +30   27   8  117  -13   94  -36   94  -36  19  0  0 L3P 21
G19 FF 61074 154200  780 389 1341    -6885016    -61         319    -44   35  60  129  +16   98  +37   98   37  24  0  0 L3P 4E
G24 FF 61074 154200  780 519 2817    +1367373   -182         320    -27   43  61  103   +3   97  +21   97   21  32  0  0 L3P 28
G06 FF 61074 155800  780 580 1219    +6079952    +33         332     +7   28  40   96   +6   72   -8   72   -8  21  0  0 L3P EF
G11 FF 61074 155800  780 648   58    +4515556   -148         305    -16   22  56   90   -6  101   +1  101    1  15  0  0 L3P E9
G12 FF 61074 155800  780 499 2174    +6072131    +17         321    +14   22   8  106  -10   86  -17   86  -17  16  0  0 L3P 23
G19 FF 61074 155800  780 334 1293    -6885020    -38         332    -21   47  60  147  +21   99  +34   99   34  34  0  0 L3P 42
G24 FF 61074 155800  780 492 2934    +1367218   -179         314    -23   39  61  107   +6  105  +23  105   23  31  0  0 L3P 4D
G06 FF 61074 161400  780 521 1302    +6079973     +3         329    -23   27  51  103   +9   75  +13   75   13  20  0  0 L3P F9
G11 FF 61074 161400  780 729  126    +4515421   -153         292    -21   25  57   85   -4   91   -1   91   -1  19  0  0 L3P EB
G12 FF 61074 161400  780 563 2129    +6072135     -8         323    -11   25  12   98   -8   79   -5   79   -5  19  0  0 L3P EB
G19 FF 61074 161400  780 283 1244    -6885029    +21         333    +38   52  64  171  +29  102  -12  102  -12  37  0  0 L3P 51
G24 FF 61074 161400  780 450 3034    +1367070   -184         317    -28   49  77  115  +10  112  +27  112   27  33  0  0 L3P 50
G25 FF 61074 161400  780 179 2287    -4458425   +101         312    +77   52  62  263  -82  112  -72  112  -72  36  0  0 L3P 71
G06 FF 61074 163000  780 455 1350    +6080004    +40         335    +14   31  51  114  +14   76   +3   76    3  23  0  0 L3P E1
G11 FF 61074 163000  780 800  323    +4515297   -115         295    +16   30  57   83   -2   81  -10   81  -10  23  0  0 L3P FD
G12 FF 61074 163000  780 630 2084    +6072139    +26         323    +23   32  12   91   -6   74  -16   74  -16  23  0  0 L3P 01
G24 FF 61074 163000  780 399 3116    +1366922   -143         318    +13   39  77  126  +15  117   +6  117    6  30  0  0 L3P 3B
G25 FF 61074 163000  780 237 2266    -4458389    +31         326     +7   58  62  202  -49   88   -3   88   -3  40  0  0 L3P 19
G06 FF 61074 164600  780 387 1376    +6080034    +72         339    +46   34  51  130  +20   85  -27   85  -27  25  0  0 L3P 40
G11 FF 61074 164600  780 826  873    +4515188   -130         312     +2   23  57   82   +0   73   +4   73    4  16  0  0 L3P CB
G12 FF 61074 164600  780 700 2034    +6072157    +29         339    +26   22  12   87   -4   64  -13   64  -13  15  0  0 L3P 09
G24 FF 61074 164600  780 342 3184    +1366742   -212         287    -56   69  77  144  +22  158  +66  158   66  51  0  0 L3P 80
G25 FF 61074 164600  780 297 2251    -4458358    +72         334    +48   39  62  164  -32   82  -38   82  -38  27  0  0 L3P 5C
G06 FF 61074 170200  780 319 1385    +6080054    +31         335     +5   52  51  153  +30   92  -10   92  -10  36  0  0 L3P 0C
G11 FF 61074 170200  780 776 1266    +4515061   -136         312     -5   24  57   83   +2   69   -8   69   -8  18  0  0 L3P FD
G12 FF 61074 170200  780 773 1965    +6072156    -36         334    -40   18  12   83   -3   61  +15   61   15  13  0  0 L3P FD
G25 FF 61074 170200  780 360 2244    -4458336    +23         333     -1   32  62  138  -22   70  -14   70  -14  25  0  0 L3P 11
G29 FF 61074 170200  780 206 2616    +3818598   -110         350    -44   82  32  230  -48  122   -4  122   -4  56  0  0 L3P 44
G06 FF 61074 171800  780 253 1382    +6080090     +8         345    -18   37  51  189  +47   79  +10   79   10  27  0  0 L3P 27
G11 FF 61074 171800  780 703 1381    +4514923   -133         301     -1   28  57   86   +4   69   -6   69   -6  20  0  0 L3P F3
G12 FF 61074 171800  780 847 1789    +6072153     +8         328     +5   21  12   82   -1   58   -5   58   -5  16  0  0 L3P D9
G21 FF 61074 171800  780 366  564    -3924177    -74         308    -11   55 226  136  -17  123   -7  123   -7  39  0  0 L3P 48
G25 FF 61074 171800  780 425 2248    -4458316    +51         329    +27   30  62  120  -16   60  -26   60  -26  21  0  0 L3P 30
G29 FF 61074 171800  780 250 2554    +3818508    -31         324    +35   82  32  192  -33  109  -35  109  -35  59  0  0 L3P 69
G05 FF 61074 173400  780 351  267    +2283824    -36         288    -41   44  78  142  -25  133   -8  133   -8  31  0  0 L3P 2F
G11 FF 61074 173400  780 628 1415    +4514788   -135         292     -3   26  57   91   +6   64   -1   64   -1  18  0  0 L3P FA
G12 FF 61074 173400  780 862  574    +6072149    +10         321     +6   22  12   81   +1   57   -1   57   -1  16  0  0 L3P B7
G21 FF 61074 173400  780 412  645    -3924241    -58         304     +4   54 226  123  -11  104  -16  104  -16  40  0  0 L3P 2F
G25 FF 61074 173400  780 491 2268    -4458305    +29         318     +5   38  62  108  -11   56  -11   56  -11  30  0  0 L3P 27
G29 FF 61074 173400  780 294 2491    +3818431    -78         309    -12   58  32  165  -24   96  -14   96  -14  41  0  0 L3P 53
G05 FF 61074 175000  780 420  316    +2283850    +28         309    +22   40  78  122  -17  106   -5  106   -5  28  0  0 L3P 15
G11 FF 61074 175000  780 553 1418    +4514664   -133         295     -1   27  57   99   +9   63   +7   63    7  20  0  0 L3P F0
G12 FF 61074 175000  780 786  304    +6072151     +9         320     +5   22  12   83   +2   63  +10   63   10  16  0  0 L3P AE
G21 FF 61074 175000  780 449  741    -3924289    -22         315    +41   48 226  115   -6   88  -29   88  -29  36  0  0 L3P 45
G25 FF 61074 175000  780 556 2310    -4458277    +34         323    +10   28  62   99   -8   51   +4   51    4  22  0  0 L3P E1
G29 FF 61074 175000  780 339 2426    +3818398    -17         339    +49   46  32  146  -18   72  -32   72  -32  36  0  0 L3P 56
G05 FF 61074 180600  780 488  378    +2283865    +13         312     +7   33  82  108  -11   88  -18   88  -18  24  0  0 L3P 2B
G11 FF 61074 180600  780 482 1406    +4514544   -127         302     +5   37  58  109  +12   63   +3   63    3  28  0  0 L3P FB
G12 FF 61074 180600  780 706  236    +6072153    -15         319    -18   29  13   86   +4   70  +15   70   15  20  0  0 L3P E9
G21 FF 61074 180600  780 472  850    -3924359    -34         302    +28   42 227  111   -3   89  -27   89  -27  29  0  0 L3P 3A
G25 FF 61074 180600  780 616 2388    -4458255    +10         316    -14   24  63   92   -5   51   +4   51    4  16  0  0 L3P E3
G29 FF 61074 180600  780 385 2359    +3818326   -101         331    -35   34  33  130  -14   67  +13   67   13  25  0  0 L3P 3C
G05 FF 61074 182200  780 551  464    +2283863    -10         305    -16   37  82   99   -7   83   +4   83    4  27  0  0 L3P DF
G11 FF 61074 182200  780 414 1385    +4514426   -104         310    +28   37  58  123  +17   69   +1   69    1  27  0  0 L3P 10
G12 FF 61074 182200  780 624  199    +6072152    +13         316     +9   21  13   92   +7   81   +1   81    1  15  0  0 L3P AA
G21 FF 61074 182200  780 478  965    -3924407    -18         314    +45   48 227  110   +1   81  -38   81  -38  37  0  0 L3P 37
G25 FF 61074 182200  780 665 2520    -4458230    +33         319    +10   18  63   89   -3   49   -3   49   -3  14  0  0 L3P F4
G29 FF 61074 182200  780 432 2290    +3818264   -102         333    -36   33  33  119  -11   64  +31   64   31  23  0  0 L3P 2D
G05 FF 61074 183800  780 604  584    +2283867    -31         304    -37   26  82   94   -4   75   +8   75    8  18  0  0 L3P F1
G11 FF 61074 183800  780 350 1358    +4514288   -211         299    -79   39  58  141  +23   76  +54   76   54  27  0  0 L3P 5E
G12 FF 61074 183800  780 543  173    +6072151     +4         311     +1   29  13  100  +10   89   +5   89    5  18  0  0 L3P BE
G21 FF 61074 183800  780 465 1076    -3924470    -94         312    -31   33 227  112   +4   78  +10   78   10  25  0  0 L3P 28
G25 FF 61074 183800  780 692 2717    -4458213    +11         313    -12   29  63   87   -1   52   +2   52    2  20  0  0 L3P DC
G29 FF 61074 183800  780 481 2217    +3818191    -81         323    -15   24  33  109   -9   62   -4   62   -4  18  0  0 L3P 0D
G05 FF 61074 185400  780 637  745    +2283875    +17         306    +12   28  82   91   -2   72  -14   72  -14  19  0  0 L3P 0F
G11 FF 61074 185400  780 289 1325    +4514150   -147         287    -15   50  58  167  +32  109  +38  109   38  37  0  0 L3P 70
G12 FF 61074 185400  780 463  155    +6072168     +2         324     -2   27  13  112  +15   95  +11   95   11  23  0  0 L3P E0
G21 FF 61074 185400  780 435 1173    -3924523    -65         318     -3   37 227  118   +8   79  +10   79   10  27  0  0 L3P 25
G25 FF 61074 185400  780 684 2940    -4458189    +30         314     +6   30  63   87   +2   57   +0   57    0  21  0  0 L3P D6
G29 FF 61074 185400  780 531 2138    +3818124    -78         320    -12   22  33  102   -7   67  +14   67   14  17  0  0 L3P 16
G05 FF 61074 191000  780 642  930    +2283889    +32         315    +26   29  82   90   +1   74  -12   74  -12  20  0  0 L3P FC
G11 FF 61074 191000  780 231 1289    +4514007   -212         271    -80   44  58  205  +48  159  +90  159   90  35  0  0 L3P 61
G12 FF 61074 191000  780 384  142    +6072177    +32         331    +28   28  13  130  +23  114   +1  114    1  21  0  0 L3P EA
G18 FF 61074 191000  780 286 2832    +4342929   -125         327    -28   48  24  170  -28  105  +29  105   29  37  0  0 L3P 72
G21 FF 61074 191000  780 393 1250    -3924581    -49         321    +14   46 227  128  +13   91   +6   91    6  32  0  0 L3P 14
G25 FF 61074 191000  780 645 3121    -4458167     +3         313    -21   16  63   90   +4   69  +29   69   29  13  0  0 L3P FB
G29 FF 61074 191000  780 583 2048    +3818058    -69         316     -4   16  33   96   -6   74   +5   74    5  12  0  0 L3P E7
G05 FF 61074 192600  780 618 1097    +2283893     +6         313     +1   31  82   92   +3   81   +8   81    8  21  0  0 L3P C3
G18 FF 61074 192600  780 334 2761    +4342831    -66         321    +31   51  24  148  -19  104  -27  104  -27  41  0  0 L3P 55
G21 FF 61074 192600  780 341 1308    -3924642    -57         320     +5   41 227  145  +21  106  +17  106   17  30  0  0 L3P 39
G25 FF 61074 192600  780 587 3243    -4458143    +31         314     +7   34  63   95   +7   79   +7   79    7  25  0  0 L3P EF
G29 FF 61074 192600  780 634 1942    +3817988    -78         310    -12   26  33   91   -4   80  +14   80   14  19  0  0 L3P 1C
G05 FF 61074 194200  780 572 1219    +2283905     +1         319     -5   34  82   97   +6   84  +18   84   18  25  0  0 L3P F4
G18 FF 61074 194200  780 380 2685    +4342731    -57         314    +40   55  24  132  -14  105  -38  105  -38  41  0  0 L3P 58
G21 FF 61074 194200  780 284 1348    -3924711   -110         311    -47   54 227  170  +33  141  +80  141   80  36  0  0 L3P 65
G23 FF 61074 194200  780 171 3347    -6079490    -42         332     +6   82   6  277 -112  182   +7  182    7  60  0  0 L3P 24
G25 FF 61074 194200  780 518 3324    -4458121    +12         313    -12   32  63  103  +10   95  +38   95   38  24  0  0 L3P 20
G29 FF 61074 194200  780 682 1805    +3817935    -51         320    +15   26  33   88   -3   79   +1   79    1  18  0  0 L3P F8
G05 FF 61074 195800  780 514 1298    +2283924    +15         334     +9   28  82  104   +9   95   +8   95    8  19  0  0 L3P 03
G18 FF 61074 195800  780 423 2601    +4342645    -64         321    +33   33  24  121  -10  104  -24  104  -24  25  0  0 L3P 3F
G21 FF 61074 195800  780 223 1373    -3924761   -137         321    -75   30 227  212  +56  181 +115  181  115  22  0  0 L3P 90
G26 FF 61074 195800  780 183 2278    +3216191    +42         336    -17   53  33  258  -57  135  +11  135   11  38  0  0 L3P 57
G29 FF 61074 195800  780 723 1615    +3817882    -56         331    +10   25  33   85   -2   82   +4   82    4  18  0  0 L3P F2
G05 FF 61074 201400  780 450 1345    +2283933    -27         336    -33   24  83  115  +14  109  +39  109   39  20  0  0 L3P 44
G18 FF 61074 201400  780 464 2509    +4342551   -101         317     -4   29  25  112   -8   97   -1   97   -1  21  0  0 L3P F9
G21 FF 61074 201400  780 162 1387    -3924830     +6         313    +68   65 228  287 +106  225  -15  225  -15  49  0  0 L3P 73
G23 FF 61074 201400  780 313 3298    -6079586   -174         328   -125   66   7  157  -34  160  +65  160   65  48  0  0 L3P 7C
G26 FF 61074 201400  780 220 2332    +3216238    +50         327     -9   48  35  216  -32  136   +7  136    7  36  0  0 L3P 0B
G29 FF 61074 201400  780 747 1352    +3817822    -62         334     +4   25  34   84   +0   89   +5   89    5  18  0  0 L3P DF
G05 FF 61074 203000  780 384 1370    +2283940     +7         337     +1   32  83  131  +20  129  +34  129   34  23  0  0 L3P 11
G15 FF 61074 203000  780 359  597    -3826523    -31         312     +3   65   2  138  -16  182   -5  182   -5  46  0  0 L3P 04
G18 FF 61074 203000  780 501 2409    +4342462    -76         321    +21   33  25  106   -6   94   +0   94    0  26  0  0 L3P DC
G23 FF 61074 203000  780 386 3261    -6079654    -51         307     -2   56   7  131  -22  149   +4  149    4  42  0  0 L3P 05
G26 FF 61074 203000  780 250 2396    +3216295     +2         329    -57   60  35  192  -18  135  +56  135   56  48  0  0 L3P 45
G29 FF 61074 203000  780 741 1056    +3817766    -56         341    +10   25  34   85   +1   94  +11   94   11  19  0  0 L3P 02
G05 FF 61074 204600  780 318 1379    +2283931    +13         323     +8   47  83  154  +29  169  +32  169   32  37  0  0 L3P 4A
G15 FF 61074 204600  780 401  678    -3826539    -39         328     -5   44   2  126  -10  165   -3  165   -3  33  0  0 L3P 07
G18 FF 61074 204600  780 535 2299    +4342378    -93         331     +3   21  25  101   -4   98  +13   98   13  15  0  0 L3P 0B
G23 FF 61074 204600  780 459 3213    -6079686    -67         321    -18   42   7  113  -15  133   +0  133    0  34  0  0 L3P 11
G26 FF 61074 204600  780 269 2468    +3216345    +61         321     +2   64  35  179   -9  147  +17  147   17  51  0  0 L3P 36
G29 FF 61074 204600  780 706  815    +3817694    -71         332     -5   29  34   86   +2  114  +12  114   12  22  0  0 L3P 03
G05 FF 61074 210200  780 253 1376    +2283946    +64         333    +58   34  83  189  +45  198  +22  198   22  27  0  0 L3P 63
G15 FF 61074 210200  780 434  771    -3826575    -44         326    -10   42   2  118   -6  163   -6  163   -6  32  0  0 L3P FB
G18 FF 61074 210200  780 564 2179    +4342284    -79         329    +18   28  25   97   -3  109   -8  109   -8  20  0  0 L3P 29
G23 FF 61074 210200  780 531 3149    -6079743    -66         311    -17   37   7  102  -10  133   +8  133    8  28  0  0 L3P 10
G26 FF 61074 210200  780 277 2546    +3216401    +82         320    +23   64  35  174   -1  160   -9  160   -9  52  0  0 L3P 14
G29 FF 61074 210200  780 653  650    +3817633   -101         335    -35   28  34   89   +4  127  +43  127   43  21  0  0 L3P 26
G05 FF 61074 211800  780 191 1365    +2283941    +74         322    +69   52  83  246  +77  259  +25  259   25  36  0  0 L3P 66
G15 FF 61074 211800  780 453  874    -3826596    -52         337    -18   54   2  114   -2  156  +23  156   23  38  0  0 L3P 27
G16 FF 61074 211800  780 172 2282    -2009512   -147         347    -72   34  76  272  -51  195  +64  195   64  23  0  0 L3P 6F
G18 FF 61074 211800  780 589 2048    +4342197    -79         335    +18   18  25   95   -2  111   -5  111   -5  12  0  0 L3P 1B
G23 FF 61074 211800  780 601 3062    -6079790    -45         311     +3   33   7   94   -7  129   +3  129    3  24  0  0 L3P DF
G26 FF 61074 211800  780 274 2627    +3216462    +43         325    -16   50  35  176   +5  172  +38  172   38  34  0  0 L3P 3F
G29 FF 61074 211800  780 590  537    +3817564    -52         330    +14   27  34   95   +7  149  +21  149   21  19  0  0 L3P 25
G15 FF 61074 213400  780 456  980    -3826627    -32         339     +2   32   2  114   +1  161   +4  161    4  22  0  0 L3P D0
G16 FF 61074 213400  780 200 2343    -2009566    -92         365    -17   23  76  236  -27  184  +18  184   18  20  0  0 L3P 52
G18 FF 61074 213400  780 608 1905    +4342103   -118         333    -21   19  25   93   -1  122  +19  122   19  14  0  0 L3P 28
G23 FF 61074 213400  780 665 2936    -6079832    -63         316    -14   21   7   89   -4  125   +9  125    9  14  0  0 L3P 07
G26 FF 61074 213400  780 259 2707    +3216518    +91         324    +32   61  35  185  +13  191  -11  191  -11  47  0  0 L3P 53
G29 FF 61074 213400  780 523  457    +3817504    -78         333    -13   35  34  103  +10  172  +27  172   27  24  0  0 L3P 35
G10 FF 61074 215000  780 313 3043    +5865883   -157         347   -177   39  20  157  -28  200 +119  200  119  27  0  0 L3P 97
G13 FF 61074 215000  780 210 1267    -6877551     +8         343     -4   40   2  225  +25  250  +26  250   26  32  0  0 L3P 03
G15 FF 61074 215000  780 443 1081    -3826666    -39         333     -5   32   2  116   +4  176  +18  176   18  22  0  0 L3P 17
G16 FF 61074 215000  780 219 2411    -2009663    -71         340     +4   29  76  217  -13  207   +2  207    2  22  0  0 L3P 00
G18 FF 61074 215000  780 619 1752    +4342002    -88         326     +8   22  25   92   -1  132  +13  132   13  17  0  0 L3P 03
G23 FF 61074 215000  780 716 2747    -6079884    -31         311    +18   33   7   86   -2  129   -5  129   -5  24  0  0 L3P 0F
G26 FF 61074 215000  780 236 2784    +3216573    +69         322    +10   78  35  202  +23  220  +20  220   20  54  0  0 L3P 31
G29 FF 61074 215000  780 453  397    +3817455    -12         347    +54   40  34  114  +14  190   +5  190    5  29  0  0 L3P 18
G10 FF 61074 220600  780 372 2978    +5865886    +35         331    +15   43  21  135  -19  194  -31  194  -31  31  0  0 L3P 64
G15 FF 61074 220600  780 415 1169    -3826689    -45         348    -11   28  50  122   +8  176  +18  176   18  23  0  0 L3P 4E
G16 FF 61074 220600  780 227 2485    -2009728    -62         347    +13   31  77  210   -2  209   -3  209   -3  25  0  0 L3P 1E
G18 FF 61074 220600  780 622 1593    +4341911   -101         325     -5   19  26   92   +0  141  +11  141   11  14  0  0 L3P 07
G23 FF 61074 220600  780 744 2475    -6079926    -33         318    +16   18   8   84   -1  128   -8  128   -8  14  0  0 L3P 18
G29 FF 61074 220600  780 382  351    +3817370    -33         325    +33   59  37  131  +21  246   +9  246    9  41  0  0 L3P 19
G10 FF 61074 222200  780 428 2902    +5865920    +45         346    +26   36  21  120  -13  171  -18  171  -18  28  0  0 L3P 51
G15 FF 61074 222200  780 376 1241    -3826728    -38         341     -4   33  50  133  +14  199  +28  199   28  25  0  0 L3P 49
G16 FF 61074 222200  780 224 2561    -2009794    -82         353     -7   32  77  212   +7  217  +33  217   33  25  0  0 L3P 26
G18 FF 61074 222200  780 616 1435    +4341831   -107         337    -11   19  26   92   +1  141  +16  141   16  14  0  0 L3P 25
G23 FF 61074 222200  780 739 2173    -6079969    -43         322     +6   16   8   85   +1  132   +0  132    0  10  0  0 L3P D7
G27 FF 61074 222200  780 197 2226     +330700    +75         361    -15   47   3  241  -71  223   -6  223   -6  35  0  0 L3P 03
G10 FF 61074 223800  780 481 2811    +5865923    +13         331     -6   33  21  109   -9  177   -9  177   -9  24  0  0 L3P 1F
G15 FF 61074 223800  780 329 1295    -3826740    -26         362     +8   29  50  149  +21  209  +20  209   20  22  0  0 L3P 3A
G16 FF 61074 223800  780 210 2637    -2009849    -50         370    +25   24  77  225  +19  227   +2  227    2  21  0  0 L3P 23
G18 FF 61074 223800  780 600 1283    +4341729    -69         328    +28   23  26   94   +2  157   -8  157   -8  17  0  0 L3P 29
G23 FF 61074 223800  780 706 1932    -6080014    -37         324    +12   19   8   86   +2  137   -1  137   -1  13  0  0 L3P F4
G27 FF 61074 223800  780 255 2245     +330779    +43         354    -47   37   3  189  -41  214  +22  214   22  26  0  0 L3P 2C
G10 FF 61074 225400  780 528 2704    +5865948     -6         337    -25   23  21  102   -6  163   +6  163    6  17  0  0 L3P 0A
G15 FF 61074 225400  780 276 1334    -3826780    -19         355    +15   36  50  175  +33  234  +26  234   26  26  0  0 L3P 55
G16 FF 61074 225400  780 188 2711    -2009958   -167         334    -92   49  77  249  +34  282 +104  282  104  37  0  0 L3P A1
G18 FF 61074 225400  780 575 1143    +4341637   -122         330    -26   25  26   96   +3  164  +26  164   26  19  0  0 L3P 3E
G23 FF 61074 225400  780 659 1763    -6080070    -52         315     -4   22   8   89   +4  146   +7  146    7  17  0  0 L3P ED
G27 FF 61074 225400  780 312 2276     +330863    +70         352    -20   48   3  157  -26  201   -2  201   -2  37  0  0 L3P FC
G10 FF 61074 231000  780 568 2579    +5865959    +22         330     +3   19  21   97   -4  162   -5  162   -5  14  0  0 L3P 0A
G15 FF 61074 231000  780 220 1360    -3826820    -92         347    -58   36  50  215  +54  274  +76  274   76  28  0  0 L3P 5A
G18 FF 61074 231000  780 542 1018    +4341539   -108         324    -11   27  26  100   +5  182  +24  182   24  21  0  0 L3P 2F
G23 FF 61074 231000  780 606 1640    -6080129    -41         303     +8   21   8   93   +5  160   +0  160    0  17  0  0 L3P BF
G27 FF 61074 231000  780 365 2324     +330951   +118         353    +28   37   3  137  -17  190  -26  190  -26  27  0  0 L3P 44
G08 FF 61074 232600  780 145 2219    -4962780     +2         345    -47   50  16  322 -114  299   +6  299    6  35  0  0 L3P 3F
G10 FF 61074 232600  780 598 2434    +5865976    +17         328     -2   19  21   94   -2  163   +8  163    8  15  0  0 L3P 0A
G18 FF 61074 232600  780 503  908    +4341441    -59         319    +37   31  26  105   +7  201   -5  201   -5  23  0  0 L3P 02
G23 FF 61074 232600  780 553 1543    -6080170    -39         309    +10   26   8   99   +7  166  +11  166   11  19  0  0 L3P 1A
G27 FF 61074 232600  780 411 2389     +331033    +98         349     +8   33   3  124  -11  188  -14  188  -14  27  0  0 L3P 2A
G32 FF 61074 232600  780 357 3461    +1095508   -179         334     -3   68  80  140  -27  270  -42  270  -42  51  0  0 L3P 60
G08 FF 61074 234200  780 195 2255    -4962740    +96         339    +47   42  16  242  -59  285  -57  285  -57  30  0  0 L3P 82
G10 FF 61074 234200  780 617 2273    +5865992    +21         326     +2   19  21   92   -1  167   -1  167   -1  14  0  0 L3P FB
G18 FF 61074 234200  780 458  812    +4341358   -107         328    -10   26  26  113   +9  220  +32  220   32  19  0  0 L3P 2A
G23 FF 61074 234200  780 501 1459    -6080218    -81         308    -32   25   8  106   +8  185  +37  185   37  19  0  0 L3P 33
G27 FF 61074 234200  780 447 2474     +331126    +99         356     +9   23   3  116   -6  182   -9  182   -9  19  0  0 L3P 00
